1	0.2702015657665025
2	0.5125037953852041
5	0.015245196913098572
6	0.26385316582720847
11	0.028198108812147085
12	0.029157583990690537
13	0.4682807252901355
14	0.4553642340101902
15	0.03632793751930412
16	0.03918752763676967
19	0.06180731730412854
21	0.11840873328649601
22	0.023079929528425136
23	0.5154393743510375
24	0.04265467591971006
25	0.3081419915669073
26	0.29913421068487633
28	0.04259866278242288
29	0.012407186156050534
30	0.06521206763616784
33	0.016990164352806238
34	0.264265221161491
35	0.5279649836268003
36	0.023013815647675524
37	0.28325673351739766
38	0.2482694554055298
39	0.29382868634852105
40	0.23531474422613763
41	0.017500701397878914
42	0.043919161180561
44	0.02706352175141939
48	0.2610638551605569
49	0.0009981361030754199
53	0.015848592380296303
54	0.02879961173483689
55	0.027748882142343445
57	0.010357279113700862
60	0.2569243021100354
61	0.2632211449789561
62	0.03228027585496258
63	0.20560767288270493
65	0.038637096358278424
67	0.029557774706669995
69	0.025161475862912654
70	0.25577181407642924
71	0.03154067276727626
72	0.5308984946361758
74	0.4786335297420007
77	0.3176712801790943
79	0.01594795145591177
82	0.2288558957730056
83	0.2939353809139849
84	0.006148520033046577
85	0.5100814055527747
87	0.008385365790834737
88	0.006281810441396394
89	0.04073580190004966
90	0.0027584882652661943
91	0.03202819713684181
92	0.2510077945954758
93	0.34599887325630363
95	0.2760621973243102
96	0.017497234056815886
97	0.2584776863437437
99	0.04075811498840588
100	0.30151289735864606
105	0.26348457461674646
106	0.07437228869632144
108	0.006747796992248305
110	0.5004042336979349
111	0.5176627818723483
112	0.2706670810651424
113	0.029714520717155718
114	0.02426528112390984
115	0.0017124129363838558
120	0.0295127899749287
121	0.2933345906826478
122	0.018035939742605124
123	0.07235216507823229
124	0.02429643216694425
128	0.027630886705429736
129	0.2062157664312645
130	0.29559747379050594
131	0.09523360223603895
132	0.2438727944395289
134	0.3092446830650574
136	0.017905375865256486
137	0.24217294138909917
140	0.2408285280779
141	0.33609276073789063
143	0.023442562173277184
144	0.04140882415289494
146	0.06437468324149288
147	0.04128995701236251
148	0.2682074336851005
149	0.04624298298600492
150	0.2970857300878325
151	0.013156780564371022
152	0.028246319814034422
153	0.12297383509387466
158	0.046354541823982444
159	0.05332142816355703
161	0.223603267967112
162	0.31697269013738316
164	0.01283844034451083
166	0.258290991115841
167	0.23228892980023388
168	0.0372419596437452
169	0.04244736833823833
170	0.06842694205797156
172	0.23939162226883004
173	0.502252589749863
174	0.22091915661993283
176	0.27522372011265406
177	0.013271015593555646
182	0.5135425615414133
184	0.5095425593899316
185	0.061623820165989954
186	0.2650884165186099
187	0.0638180195846399
188	0.023754620369051065
193	0.2902436147883141
194	0.020186083855616023
199	0.2596330520461554
200	0.031344176825713985
201	0.2624275008665778
202	0.27589887272085034
203	0.021420780623886027
205	0.19519775725298824
206	0.3411287055893839
207	0.0007490754936272034
209	0.11672893437184648
210	0.2638611690077769
212	0.052477245284758445
213	0.019964849115148182
214	0.25700818722285595
215	0.048065298667923674
216	0.004327366663048074
217	0.020445247855356556
218	0.45063945352683715
219	0.03619509173375267
221	0.26857507326388874
223	0.2928358038405559
224	0.0348800812380436
226	0.04705157563175155
227	0.2055980856103316
228	0.10034661393070447
229	0.010309331494637967
230	0.024000337074637692
232	0.5098942588650288
233	0.035613921788236025
234	0.2688098892991562
235	0.029268147538135364
236	0.2764985271772048
237	0.03823643741341135
238	0.02092322062866502
239	0.020589704325687887
240	0.023944105532029438
241	0.04710519715847524
242	0.5084213765419227
243	0.32852372417121023
244	0.047828718325462705
245	0.05810378285301837
248	0.03198150781830687
249	0.0037349213302509884
250	0.07151554799878364
251	0.041317666365098704
252	0.5397038026546502
253	0.5049357576045334
254	0.03200889641904095
255	0.24427727397082769
256	0.5247692729276928
257	0.05244733903892389
261	0.06248849397981428
262	0.029374254411820677
265	0.3177104645847545
267	0.2579834675746491
268	0.0029635418592267385
269	0.44945967818298954
271	0.25758739237115613
272	0.2549038153522811
273	0.03837021272534018
276	0.2750671432877449
277	0.04860619295930216
278	0.04200071629464851
279	0.018816312467362706
280	0.4903046827494068
281	0.04256062394558835
285	0.2916150213036546
286	0.004821737852598984
287	0.0034228224140797
288	0.0526144291756391
290	0.29999751639245464
291	0.2933901675802374
292	0.056853624013460446
293	0.0035047903042316857
294	0.31256262953875263
295	0.2580437544145732
296	0.2804223265876352
297	0.25835490906879904
298	0.025063736040068604
299	0.00981629557939713
303	0.26805498990541377
304	0.24913835631915238
307	0.06407652746867584
308	0.254769896376772
309	0.025503660431881715
311	0.007449771773021571
312	0.24461883130787554
313	0.26340767794135594
314	0.0551985987598405
316	0.2944905737892245
317	0.024238300339659492
318	0.03539342847892122
319	0.26320177076311196
320	0.23389943026588658
321	0.4966489873569456
322	0.23451021635805716
323	0.02571969410030201
324	0.03303578499505113
325	0.26584261802476195
327	0.05617532575210351
328	0.2450782437254368
329	0.2886360816903501
331	0.5271773189022486
335	0.005746634124980214
338	0.516300017092782
339	0.24504476958310112
340	0.29933738362946305
341	0.044937121185556504
342	0.2498039862797392
344	0.26754272402119716
346	0.257313861844022
350	0.28221046178124287
351	0.01675267348622899
352	0.21507391020608949
353	0.03487311869695113
354	0.2416885481805799
357	0.2536736670867555
358	0.31132413190708763
359	0.03409654946393245
362	0.01142758502345706
363	0.2769580641320998
364	0.49326094159801204
365	0.28200157063414133
367	0.029513409172249115
368	0.017570594449257067
370	0.2085030050148233
371	0.015688892030232857
372	0.2918230717855625
373	0.27571064404599893
375	0.023612749813136394
378	0.03210790085654071
379	0.24805427810599057
380	0.2625405148049266
381	0.0219872558974022
382	0.04531583619826291
383	0.03579802469552309
384	0.2514661117871471
385	0.506772148930021
387	0.028332515213099183
388	0.26680562917505946
389	0.017476960485618306
390	0.5018827514166215
392	0.2482459282574307
394	0.2627992038767902
397	0.003970614221614946
399	0.011439960590113131
401	0.22052254196995819
402	0.047407461810092415
403	0.02257294294449639
404	0.5234356819452901
406	0.2708652198770479
407	0.25571046795185887
408	0.019119288038647375
410	0.021229859242683606
411	0.02714019329035932
414	0.014766184710495164
415	0.028998799467058627
419	0.0343380526433347
420	0.013264175408882774
422	0.04440310477127067
423	0.027126254228289952
424	0.06793004005060338
425	0.03303547131261454
426	0.4997206673986988
428	0.7522171761010822
429	0.010908960432512577
430	0.5164823290311977
431	0.02389965128581315
433	0.07267279036536156
434	0.2792143915828003
435	0.026354562723813348
437	0.2794432552460129
438	0.028192876418916768
439	0.043494567634928934
441	0.29224957156971
444	0.011952026131106692
445	0.6496198701262925
446	0.210629408487112
450	0.28166782818898334
451	0.08046141420062355
456	0.24289731957934962
458	0.5052257968350802
460	0.004406348571808317
462	0.2725743423967347
463	0.09501797942251154
465	0.03662830397431199
467	0.4767394731230745
468	0.05571977091029033
469	0.2487484488877374
471	0.025410122088823726
473	0.03622026020314851
474	0.005757872707969812
475	0.2476295640751247
477	0.01940308514429981
478	0.0393300330872938
480	0.5307685983848485
481	0.019966662764352522
482	0.03878875753688231
484	0.23214616955897363
485	0.4827053676944053
486	0.1978296695316774
487	0.042571070241131
490	0.029475490159491535
491	0.518171265037273
496	0.02770479906711354
497	0.2775929220750237
499	0.5045337317695465
500	0.27979167224427964
501	0.03245922092866978
502	0.2622931329563655
503	0.057462664345900964
504	0.024321168568494117
505	0.2734609547316893
508	0.321261874601094
509	0.06637763350119572
510	0.2653399152592998
511	0.02484547582344881
513	0.03597628747435066
514	0.03304807718420957
516	0.5581630753131366
525	0.3165354354410701
526	0.09322715577112065
529	0.03647603285856977
530	0.2695323057992564
531	0.26255961254289745
532	0.025421137150746335
534	0.03464922110264115
536	0.25618257262710875
537	0.015584886653235597
538	0.00595160119210876
539	0.055894388446415054
542	0.019455823943287237
543	0.5109612620862233
544	0.10137082996277186
545	0.2703989965691673
547	0.03978203245464093
548	0.2277420775641242
549	0.06079612953100795
551	0.031170765078937596
553	0.2616035005321022
555	0.08030959441841656
557	0.2628294502759589
558	0.048543733856569814
559	0.05761211730108015
560	0.2344194489443495
561	0.027533169136286437
562	0.04193625395418317
565	0.03755532143053319
566	0.4903657456861691
569	0.26120533860140804
570	0.2543761527523146
571	0.25959635476002296
572	0.2959566960780135
573	0.006616480526609049
574	0.009569310929524621
575	0.08300937384509417
577	0.008038674569930473
578	0.020482363283759998
579	0.4795626571777676
581	0.07171056324743796
583	0.02823766378598091
584	0.30981325056486797
585	0.014902778638132039
586	0.5189622181407911
588	0.002892771124256611
589	0.10166570605776429
590	0.016164138036170353
591	0.027643324820682748
596	0.2793827353786283
597	0.008687146141229618
598	0.018205624720997196
599	0.2797294949399428
600	0.009871866140608768
601	0.0005568770909430906
602	0.013417545208330557
603	0.32801053609374975
605	0.05118566711973231
606	0.03195914613939448
607	0.009736844810032348
608	0.21897120299183875
609	0.06574206061009627
610	0.027528553974253918
611	0.024468475024187822
612	0.28143865375725724
613	0.013819781526327957
614	0.1511916337903837
616	0.017125277136312612
617	0.21218446854477702
619	0.0008773112071833455
621	0.00805411469182056
622	0.009945018010234806
624	0.24190823385150934
625	0.020927007027132204
626	0.24948455261697075
628	0.24503333853082057
629	0.032721021158931676
630	0.033141518288663276
633	0.26454464061251826
635	0.5038139763417792
637	0.5058710846026536
638	0.21300940400814936
639	0.2661759676762297
640	0.049710208786924184
641	0.48439941703882483
642	0.03249296846690441
643	0.2595811234540926
645	0.24173338598756164
648	0.2634616059379549
649	0.3451771556846398
650	0.016149437284624948
651	0.4747798560667088
652	0.051300058672512694
653	0.05025710155859898
654	0.27095136860558916
657	0.04013605002162795
658	0.5284921629969342
659	0.01924283569213145
660	0.04400399397251334
661	0.009723865155622
664	0.26068098579996996
665	0.5165709020212648
666	0.2588001812451791
667	0.014470709649038446
668	0.5477901713024448
669	0.5284974757140375
670	0.2354852118718188
674	0.26267110987283
675	0.023362036270922606
676	0.5230337322115957
677	0.29405782210972176
678	0.3378330639387333
679	0.010392549177985506
680	0.0683033636071995
682	0.018283789987540315
683	0.2641949064834504
686	0.0029795443997091414
688	0.010063690446402686
689	0.020940189526316363
690	0.038527680156872086
691	0.2911706713927279
692	0.03455212070814718
693	0.24751647478007874
696	0.026699499016051627
697	0.28386792884490575
700	0.04141067469694916
701	0.025371871435494613
702	0.334030647671884
704	0.5303742619289408
705	0.27368031891742545
706	0.31772901146034116
707	0.23825318609263857
708	0.0313930240223787
710	0.24063312525509345
711	0.2775353407132183
712	0.03515080249842462
713	0.2757049707762713
714	0.01609696988826282
715	0.528905870325916
716	0.014029792441802746
717	0.018986013109959066
718	0.2988667250911674
719	0.015323382644525659
720	0.24524658626131238
722	0.29046075347667993
724	0.3411287055893839
725	0.015166138826411494
726	0.09350378746316242
727	0.2921782052287394
729	0.2947427142352168
730	0.07477038911740472
731	0.05149808863442725
733	0.022218417069715897
734	0.028441086116616658
735	0.2821338092809918
736	0.10038816019929722
738	0.2900487703198154
740	0.2555072663846129
741	0.02041959715478918
742	0.5085039473795322
743	0.49835084742028984
744	0.7581470120456023
745	0.31170802863273034
746	0.2578707520879198
747	0.018748536594534376
748	0.26036881302896875
749	0.27637465874191985
750	0.03816081343523026
751	0.021411304655898036
752	0.25959100603009894
753	0.08025748988433191
754	0.01859242277247434
755	0.5325475144074251
756	0.2845068111434307
757	0.5022172562826361
759	0.3095341219317047
760	0.29203961581345994
761	0.024548885676320693
762	0.02372064369086316
763	0.24688529490434152
764	0.25873228752491234
765	0.03315921744548578
766	0.021053390454690527
767	0.28208977476657593
768	0.5382177519962436
769	0.31164249855930193
770	0.025266193908069827
771	0.2959600027279351
772	0.02466994803984675
773	0.015048672055458734
775	0.03334999962592939
777	0.01635621976425894
778	0.004157500451309262
779	0.03552082227304608
782	0.26640177278679056
784	0.25515263129971194
787	0.02442937598096843
788	0.23935846323574483
789	0.009959028225963305
790	0.04201954059576094
792	0.03647679210265775
793	0.05439756819836331
795	0.2689867817384538
796	0.5045566017736627
800	0.27642604455019626
801	0.3251019878762162
804	0.02188435651723069
806	0.29714096383724076
807	0.013881608811706088
808	0.26999310539791954
809	0.22738014746929464
812	0.2864251568252354
814	0.24194616734685723
816	0.039928205680026065
817	0.30148856265436186
818	0.01924867335168726
819	0.26226032511844344
820	0.2262993759573642
822	0.5171353245426668
824	0.06457464469942624
825	0.034585718418458686
826	0.036660382581381185
827	0.2653310722168576
828	0.04160231846385501
829	0.030992161125986493
830	0.28766209450017627
831	0.0658471062380235
833	0.28254072708740663
837	0.05335183766036619
838	0.2755987192428094
839	0.057969929463954656
840	0.4858758422070563
841	0.2384601863045295
842	0.26170960617980077
843	0.009892748990057099
845	0.027683578688866915
846	0.24909546539812255
847	0.27128962771154264
848	0.2793977608302025
849	0.04145639646577835
850	0.040160292352314345
852	0.277003011824835
853	0.5215826424749993
855	0.2713108044704054
856	0.25337205358618997
857	0.003938238796396432
859	0.06146659137072505
860	0.029573999204108692
861	0.06296491325739557
862	0.2570626054813646
865	0.0835159754338135
867	0.02892557234806794
868	0.036187392599347924
869	0.030453173259537315
870	0.2711593333959298
873	0.05028263170320244
874	0.04226760388738206
877	0.040548890313931135
878	0.023367174644845994
880	0.023982739329469118
881	0.24928326167608625
882	0.015718810365736108
883	0.5015948913550674
885	0.027383930941284162
886	0.044392909465376953
887	0.49805188620199703
888	0.05772051318779296
890	0.21728024108996652
892	0.25840947108590806
893	0.2803781964750429
894	0.04433442997510851
895	0.026387224918108146
896	0.25175162159581443
899	0.23204185925962617
901	0.4892384877659529
902	0.019694347689651125
903	0.004972238646874929
905	0.2673438274005615
906	0.05696189511997609
909	0.07279102486860646
910	0.3312625869791722
911	0.026163328906146074
912	0.03247843911360663
913	0.24087313766897983
914	0.11874623532808928
915	0.04382486805711919
918	0.24328357195678743
919	0.005678674546750598
920	0.02653499986972499
921	0.029829143412936517
922	0.31937451649496024
923	0.027976316365062148
924	0.0759798895142791
925	0.039779958421973446
927	0.034586024321070566
928	0.044448108801449754
930	0.26707254389912116
931	0.4946275288410126
932	0.27725063729327265
933	0.2410518015065531
934	0.02127418030387978
935	0.2809683924863913
936	0.2682402617864284
937	0.30542952346699725
938	0.004167324983943378
940	0.5260135289607328
941	0.5445992907378624
942	0.025645743871652478
943	0.016929711904761932
0	0.0
0	0.0
0	0.0
0	0.0
0	0.0
0	0.0
0	0.0
0	0.0
0	0.0
0	0.0
0	0.0
0	0.0
0	0.0
0	0.0
0	0.0
0	0.0
0	0.0
0	0.0
0	0.0
0	0.0
0	0.0
0	0.0
0	0.0
0	0.0
0	0.0
0	0.0
0	0.0
0	0.0
0	0.0
0	0.0
0	0.0
0	0.0
0	0.0
0	0.0
0	0.0
0	0.0
0	0.0
0	0.0
0	0.0
0	0.0
0	0.0
0	0.0
0	0.0
0	0.0
0	0.0
0	0.0
0	0.0
0	0.0
0	0.0
0	0.0
0	0.0
0	0.0
0	0.0
0	0.0
0	0.0
0	0.0
0	0.0
0	0.0
0	0.0
0	0.0
0	0.0
0	0.0
0	0.0
0	0.0
0	0.0
0	0.0
0	0.0
0	0.0
0	0.0
0	0.0
0	0.0
0	0.0
0	0.0
0	0.0
0	0.0
0	0.0
0	0.0
0	0.0
0	0.0
0	0.0
0	0.0
0	0.0
0	0.0
0	0.0
0	0.0
0	0.0
0	0.0
0	0.0
0	0.0
0	0.0
0	0.0
0	0.0
0	0.0
0	0.0
0	0.0
0	0.0
0	0.0
0	0.0
0	0.0
0	0.0
0	0.0
0	0.0
0	0.0
0	0.0
0	0.0
0	0.0
0	0.0
0	0.0
0	0.0
0	0.0
0	0.0
0	0.0
0	0.0
0	0.0
0	0.0
0	0.0
0	0.0
0	0.0
0	0.0
0	0.0
0	0.0
0	0.0
0	0.0
0	0.0
0	0.0
0	0.0
0	0.0
0	0.0
0	0.0
0	0.0
0	0.0
0	0.0
0	0.0
0	0.0
0	0.0
0	0.0
0	0.0
0	0.0
0	0.0
0	0.0
0	0.0
0	0.0
0	0.0
0	0.0
0	0.0
0	0.0
0	0.0
0	0.0
0	0.0
0	0.0
0	0.0
0	0.0
0	0.0
0	0.0
0	0.0
0	0.0
0	0.0
0	0.0
0	0.0
0	0.0
0	0.0
0	0.0
0	0.0
0	0.0
0	0.0
0	0.0
0	0.0
0	0.0
0	0.0
0	0.0
0	0.0
0	0.0
0	0.0
0	0.0
0	0.0
0	0.0
0	0.0
0	0.0
0	0.0
0	0.0
0	0.0
0	0.0
0	0.0
0	0.0
0	0.0
0	0.0
0	0.0
0	0.0
0	0.0
0	0.0
0	0.0
0	0.0
0	0.0
0	0.0
0	0.0
0	0.0
0	0.0
0	0.0
0	0.0
0	0.0
0	0.0
0	0.0
0	0.0
0	0.0
0	0.0
0	0.0
0	0.0
0	0.0
0	0.0
0	0.0
0	0.0
0	0.0
0	0.0
0	0.0
0	0.0
0	0.0
0	0.0
0	0.0
0	0.0
0	0.0
0	0.0
0	0.0
0	0.0
0	0.0
0	0.0
0	0.0
0	0.0
0	0.0
0	0.0
0	0.0
0	0.0
0	0.0
0	0.0
0	0.0
0	0.0
0	0.0
0	0.0
0	0.0
0	0.0
0	0.0
0	0.0
0	0.0
0	0.0
0	0.0
0	0.0
0	0.0
0	0.0
0	0.0
0	0.0
0	0.0
0	0.0
0	0.0
0	0.0
0	0.0
0	0.0
0	0.0
0	0.0
0	0.0
0	0.0
0	0.0
0	0.0
0	0.0
0	0.0
0	0.0
0	0.0
0	0.0
0	0.0
0	0.0
0	0.0
0	0.0
0	0.0
0	0.0
0	0.0
0	0.0
0	0.0
0	0.0
0	0.0
0	0.0
0	0.0
0	0.0
0	0.0
0	0.0
0	0.0
0	0.0
0	0.0
0	0.0
0	0.0
0	0.0
0	0.0
0	0.0
0	0.0
0	0.0
