1	0.29043416959467766
2	0.08001457890409211
5	0.2843972071166016
6	0.04390943614217371
7	0.535156412720284
10	0.24777861963683837
11	0.08147544046311345
13	0.08019363379712353
14	0.5176774581482672
15	0.043320506907719866
16	0.04708463038192117
18	0.017373565302375903
21	0.3487381860637265
22	0.06373782741966616
23	0.04397068413071406
24	0.032485978961488624
25	0.02179283470554425
26	0.09950726846358124
28	0.00999122608811508
30	0.011632570905614328
31	0.2915842262134432
32	0.0019961024321250645
37	0.01680036155587642
38	0.06224750035570356
39	0.06450812434553743
41	0.2817015439240039
42	0.04730198857422529
43	0.024790467118994734
44	0.5416895121488523
45	0.28561251903601736
49	0.04560473488143852
51	0.040632450938392836
52	0.011821883104814187
54	0.26134310791985665
56	0.28134917190034087
57	0.04653160082984967
59	0.011889564400850178
60	0.26209755674913404
62	0.22842267613064202
63	0.2620171577047632
64	0.03732089249824669
69	0.24779575855274522
73	0.00018812514352902626
75	0.021295405380445186
76	0.0014746863915766836
78	0.02451166275844297
79	0.2697462300732193
81	0.033190818699611935
85	0.27912374551692726
86	0.06879920261554857
87	0.47101303292094937
89	0.2452116170218679
90	0.2820229195835335
92	0.28246579322794446
93	0.12645922749919622
94	0.051858488246363535
95	0.017784659551463324
96	0.29325916748798964
97	0.28661021740520454
99	0.029828081515821205
101	0.013942778190681609
104	0.10135534469603684
109	0.2742391829615423
111	0.07560562023152816
113	0.061610989695372105
114	0.3262740249794461
116	0.053849297379050434
117	0.020773652369712015
118	0.4879950188531311
119	0.003044074476958352
120	0.2773378505015768
121	0.2313643825229234
123	0.026742414694169186
124	0.01533852601801634
125	0.5295257770260281
129	0.05616756306222444
130	0.06026692092424969
133	0.05039588349249691
134	0.0681058324835448
136	0.040150426888683206
137	0.04493723381423923
142	0.008327697454679553
144	0.29677344510548676
148	0.051360055612526
149	0.051338992766388425
151	0.013842858412688862
152	0.26778139143945545
158	0.04178603813180734
160	0.2596482265574752
165	0.05196913540983899
167	0.012123095172964664
169	0.017400599746086893
174	0.004653426499249019
177	0.024187152716607686
178	0.271984364356456
179	0.03304807718420957
182	0.016745281710899618
184	0.2891626234894008
188	0.03907361619171751
189	0.7418481985300853
193	0.05725532721521343
196	0.3060608369120114
197	0.006498396220085828
198	0.054134206648588944
199	0.031079430204653764
200	0.3078088256015707
201	0.28881043065081585
207	0.28737516112679995
209	0.09355537981450462
211	0.32930438206701734
212	0.028568874042447272
214	0.046435460562767594
216	0.28065340653838305
218	0.05939106459926909
221	0.03155137622311981
222	0.5044796393449791
223	0.08706394934573736
224	0.04715489577357454
226	0.5416557109859159
230	0.03857306113626712
231	0.034525376602600216
232	0.05814977889288825
233	0.019838121927070393
234	0.2926318078024516
235	0.25400061682563746
236	0.2906757349797893
237	0.07574040746802302
238	0.27393114099073973
239	0.2886722476831679
240	0.04924217187366692
243	0.022236654131415484
245	0.07341437976958526
246	0.2508709482358535
247	0.21850459027245156
248	0.06695782813028761
249	0.005773045797094117
250	0.058350973635019836
252	0.03267615214170701
253	0.047157798590915165
254	0.03640064183101482
256	0.31869873581279823
264	0.019423318346808948
267	0.29017212089648403
268	0.2846963524827542
269	0.32963345018954915
271	0.5229761918334845
274	0.03879357918111971
275	0.011870882867837478
276	0.30630811259793783
279	0.3240240089070042
280	0.05541490856354328
281	0.014329239480950134
289	0.08414761405087616
290	0.30516889844685186
292	0.22942346203505207
293	0.3264219919119099
294	0.2625087028749088
295	0.08869060299839633
296	0.03279676728954498
297	0.0353994442336136
299	0.28165186426773897
301	0.011493334414178637
302	0.08306918613547926
303	0.0604755760018268
305	0.30315508607359914
307	0.04177805300576301
308	0.30792338271337577
310	0.17630630523313412
311	0.5370298756481563
312	0.03184133980931052
313	0.25524513243917296
314	0.28225982307409375
320	0.012417978132027739
321	0.048918434593288145
322	0.036459332822665655
323	0.25743221921413884
324	0.3061810718053727
325	0.2962296012613875
326	0.5036767594655409
327	0.0035716636991760184
328	0.5173245012937041
329	0.2914132396021497
330	0.262011061448791
331	0.055108422143415894
332	0.04216275510338395
334	0.5559446769240151
336	0.04358297242452325
338	0.032540012133309565
339	0.28988298476681496
342	0.31605464078361173
343	0.27787523890601684
344	0.3338389246713607
348	0.25829511978158054
352	0.26805702886751215
354	0.04441195089809622
356	0.06003863446314404
358	0.3178964571612927
359	0.2738946142403392
360	0.23900052016042816
361	0.23676882603567148
362	0.07990225566565398
363	0.526120206095024
367	0.2831513360974809
369	0.027479144781109226
371	0.029931383959732286
373	0.28756033171660034
374	0.2758925855640473
375	0.007210130652877116
376	0.015763375878567694
378	0.29974262921235323
379	0.016785770024388403
380	0.31123474483998703
381	0.2706468490885472
385	0.29133042220674066
387	0.7468457152065651
388	0.07784459564669188
389	0.49043795931342826
390	0.2896594317993894
394	0.2931498064869079
395	0.5061360775445688
396	0.3227646685369551
397	0.3194692055458975
398	0.027110909213045577
399	0.2918072700602751
402	0.030816356078075403
406	0.4969420912314144
407	0.317096865384229
408	0.0549324600068256
409	0.2648117074826926
410	0.03840791443867736
411	0.016244768505970432
413	0.006387175950892478
414	0.042485651677328776
416	0.3021576093857118
417	0.050071410927925726
420	0.046238674324913964
421	0.2684633856683864
422	0.022147988919453365
423	0.01834924505968466
425	0.0676631892452483
426	0.04307559882536712
428	0.06229444493261267
429	0.048199438636157804
435	0.006166086289311222
436	0.06827241574008623
437	0.04040112662892445
438	0.0361934297895696
441	0.281616882732472
442	0.026915624838214372
445	0.027666972398333208
446	0.0876285769567374
447	0.5071911563015241
448	0.2963541427804667
449	0.28588262925182184
450	0.025188869955290374
452	0.5344754896525066
453	0.2812567024194771
454	0.5148962428620864
455	0.5121136844027003
456	0.25548460271750567
457	0.5033930884306889
458	0.30842308158542797
459	0.241141862996759
460	0.022271721583712795
461	0.009350003234546354
463	0.2825928906133805
465	0.02923710800071832
466	0.2799069016198876
467	0.0412525960543232
468	0.25463377211370314
469	0.021758379054378274
472	0.004199896425436642
474	0.024423479895670695
479	0.27687925592695584
480	0.04910118276984396
483	0.018633441967124364
484	0.2607361967943663
485	0.10974714166979763
486	0.5137149814570218
487	0.017516081069208884
488	0.2561036623336419
489	0.030959612011732463
490	0.5045214343362752
491	0.09239688344884012
492	0.010737141980859868
493	0.20538266783467918
495	0.2726340660258413
496	0.07627657950174249
497	0.039034039498213796
498	0.013417466510591475
500	0.08283892024796763
501	0.03613378248618981
502	0.0032587384659160355
503	0.31154308696663163
506	0.5037087890446701
507	0.2893941677426747
508	0.08433032254519257
509	0.33951067395323437
513	0.005595765239951221
516	0.039342383806085866
517	0.27813380565443574
518	0.044165706142497416
519	0.2882428981092849
521	0.2591898049092869
523	0.25602956079448086
524	0.2721459809212382
525	0.04663856284026066
526	0.40007266084660786
528	0.03278143707937418
531	0.05835776867845679
532	0.28969517378398923
533	0.23241841295065188
534	0.016170428974511347
535	0.5234394289498392
536	0.5177897563884725
537	0.2707874504279274
538	0.01186656200645006
540	0.003529201766983077
542	0.29244438846112997
543	0.05199994504536969
544	0.11625698485436015
545	0.2673434130603598
546	0.24853956310881342
547	0.06685637540661349
548	0.03924629619586459
549	0.07892607000216599
550	0.032751515463810124
552	0.009088116550743104
553	0.03304172039152493
554	0.034163097378627424
557	0.030850641197964292
560	0.04345554147244074
561	0.04463982469636207
563	0.04471607892911164
564	0.26255257856143677
565	0.018126883663723583
567	0.03805545676097279
568	0.5273513811011942
569	0.27605927725856144
571	0.29898159604013547
573	0.01793323597801398
574	0.0017036912579369394
576	0.27051276214055814
577	0.27201818359525737
580	0.00694457779636749
581	0.007757809660292929
582	0.2231100723450579
584	0.500542915474487
586	0.008723871201996278
587	0.06626966988362232
588	0.276115324639211
589	0.0863079109952701
590	0.019939576812216534
592	0.2597285063567902
593	0.28236303016924064
595	0.03249982355795626
598	0.23721441685943676
600	0.07325082258045647
601	0.28020051742559066
602	0.019793758168924667
603	0.33154586682068515
604	0.32079525168812717
605	0.008275630252695291
606	0.5160786658764402
608	0.02995974182212273
610	0.03545999814935312
613	0.25991607184773335
614	0.25600030597691004
615	0.017981070714730436
616	0.26162993722067235
617	0.2681066052263067
618	0.032586949695528306
619	0.29534320421909366
620	0.27074824302331996
622	0.04195588231205062
624	0.07120303340911613
625	0.5272641264773742
626	0.07930063252486112
627	0.27009024929105135
628	0.03465653415886435
629	0.031005167017359555
632	0.2669731477366214
633	0.05653144879231711
634	0.5314398556932614
635	0.05640990215299874
636	0.002891437632959855
637	0.30769603642409354
639	0.05816642232644362
640	0.03680525560662498
641	0.3085576208825494
642	0.014348599148558433
643	0.49208411374121247
644	0.02510105701396412
645	0.24934594108715125
646	0.046352555458306376
647	0.26578566401620274
648	0.29352998012218384
650	0.47374550335765275
651	0.0641623586126396
653	0.05703613687002064
654	0.3068379331352221
655	0.26636833670815946
656	0.2426387805164615
658	0.07580463535285155
659	0.0268136860203861
661	0.26896349016813575
663	0.005246916038743447
664	0.06386562056088031
665	0.31401046675940064
666	0.28766395144985235
668	0.10914128043732273
669	0.08714270396256199
671	0.0789915873810218
676	0.08937905026640508
678	0.023072516141500892
679	0.023216938721171542
680	0.26341982929986985
682	0.5305749098899832
683	0.2762565124079809
684	0.4923717264547155
689	0.018815868118130408
691	0.042576862723110426
692	0.2989249703887736
693	0.27625969978426107
694	0.27320764729149194
695	0.008306530934804227
696	0.046565508084377705
697	0.2802982200777405
698	0.004076640946262394
700	0.22195328784052198
701	0.25112194478237637
702	0.06446103301649404
704	0.11311583883043005
705	0.03901531752897827
706	0.03115758736340844
708	0.020884932241044752
709	0.036833192963130416
711	0.02712947025159632
714	0.009430328836560423
715	0.05090373393359736
716	0.025379898092268014
717	0.06491512765264523
720	0.06767973363487141
721	0.7533210394978507
722	0.02137772266803527
723	0.007241925444935321
726	0.31747036943825796
727	0.3385191217388762
730	0.06752797134724312
733	0.2968595972331124
734	0.2722156071618281
735	0.4879950188531311
736	0.046256595260078484
737	0.2348332547439992
738	0.3162256865208558
741	0.24336804287988492
743	0.08124766407977296
744	0.06467968228436397
746	0.2775569326330484
747	0.5103160213595901
748	0.5183483707878412
749	0.017974472773249456
751	0.04884024897103472
755	0.06862026828838418
756	0.016131812078019784
757	0.29675376766901324
758	0.2621386026530314
759	0.04101315280015783
760	0.02612675265129374
762	0.22382503012725488
763	0.05447457146570907
764	0.26942235885599125
766	0.2837128914675681
769	0.04986256885401403
771	0.07276104112079401
772	0.2821626079666255
773	0.5344434728563423
774	0.44789018218406296
780	0.025632286756427633
781	0.2659482901239378
782	0.30292229450577474
783	0.07166713075749026
785	0.23439025201278635
786	0.05162505955217736
787	0.2423848261502523
788	0.3079181110929286
791	0.0377219021743174
792	0.2639815553099302
793	0.26257837625307806
794	0.01769333335037077
795	0.07545483900551482
796	0.04171455366492731
797	0.07777379755527912
800	0.03465653415886436
802	0.259503767918662
803	0.04161161376685639
805	0.04566896742819819
806	0.28503308993264403
807	0.24360791103118454
811	0.0349402950408674
815	0.02489613475870109
818	0.2754158434862118
819	0.03874771605077233
820	0.05133430901775123
821	0.04442985953863089
823	0.4989557463786919
825	0.0007375131786665629
826	0.2833110324612341
828	0.26209863584256277
829	0.021056379618036365
830	0.05032743259386027
831	0.27109347767099945
833	0.2986717201421245
834	0.01928807732380737
835	0.011298582010751727
836	0.03303476198662205
839	0.261068519913498
840	0.3187457410447384
841	0.27376607663622815
842	0.07330951518342625
843	0.5346327606559801
845	0.10397350103758692
846	0.2768468039039548
848	0.28599618593138276
849	0.26132577650599775
850	0.023538311642634348
851	0.4907320763890633
852	0.04969193735205718
857	0.08309539318144754
860	0.2845940574141874
862	0.5172238831980667
863	0.029123463729747008
864	0.03211705110722826
865	0.21169542401091485
867	0.48623394502331924
868	0.5244271780470362
869	0.2740712094679007
870	0.5428679016829874
871	0.09270811522498686
872	0.039182590696806505
874	0.06844853780556327
875	0.5076287685227097
876	0.03190253365943405
877	0.2651476641015765
880	0.027575883525229702
881	0.2760941456924317
882	0.046204067898268746
883	0.07956154162610551
886	0.7618756678305302
887	0.5087667604072311
889	0.01815197744113594
890	0.06409776808527476
892	0.05810073861018772
893	0.047141184694029545
894	0.28025443829635915
895	0.2676271525988014
896	0.5041943051338149
897	0.27223447706896947
899	0.5249563926737565
902	0.05365873497636445
903	0.01033041194247137
905	0.09883688186067366
907	0.03231342170684927
908	0.5183217628217347
912	0.07584486654001937
915	0.07320078405262301
916	0.30069958431477667
918	0.06049256921682086
919	0.29837966139817124
922	0.31703771806482184
924	0.43384055354680595
926	0.278197168648685
928	0.02392638940765227
929	0.009224085777278554
932	0.5000315532644809
933	0.2517227112154699
936	0.26101567066346176
937	0.29194700342415375
938	0.29124123628410775
939	0.005475931130994614
940	0.06097913756567799
941	0.03071867440745043
942	0.2930792967874538
0	0.0
0	0.0
0	0.0
0	0.0
0	0.0
0	0.0
0	0.0
0	0.0
0	0.0
0	0.0
0	0.0
0	0.0
0	0.0
0	0.0
0	0.0
0	0.0
0	0.0
0	0.0
0	0.0
0	0.0
0	0.0
0	0.0
0	0.0
0	0.0
0	0.0
0	0.0
0	0.0
0	0.0
0	0.0
0	0.0
0	0.0
0	0.0
0	0.0
0	0.0
0	0.0
0	0.0
0	0.0
0	0.0
0	0.0
0	0.0
0	0.0
0	0.0
0	0.0
0	0.0
0	0.0
0	0.0
0	0.0
0	0.0
0	0.0
0	0.0
0	0.0
0	0.0
0	0.0
0	0.0
0	0.0
0	0.0
0	0.0
0	0.0
0	0.0
0	0.0
0	0.0
0	0.0
0	0.0
0	0.0
0	0.0
0	0.0
0	0.0
0	0.0
0	0.0
0	0.0
0	0.0
0	0.0
0	0.0
0	0.0
0	0.0
0	0.0
0	0.0
0	0.0
0	0.0
0	0.0
0	0.0
0	0.0
0	0.0
0	0.0
0	0.0
0	0.0
0	0.0
0	0.0
0	0.0
0	0.0
0	0.0
0	0.0
0	0.0
0	0.0
0	0.0
0	0.0
0	0.0
0	0.0
0	0.0
0	0.0
0	0.0
0	0.0
0	0.0
0	0.0
0	0.0
0	0.0
0	0.0
0	0.0
0	0.0
0	0.0
0	0.0
0	0.0
0	0.0
0	0.0
0	0.0
0	0.0
0	0.0
0	0.0
0	0.0
0	0.0
0	0.0
0	0.0
0	0.0
0	0.0
0	0.0
0	0.0
0	0.0
0	0.0
0	0.0
0	0.0
0	0.0
0	0.0
0	0.0
0	0.0
0	0.0
0	0.0
0	0.0
0	0.0
0	0.0
0	0.0
0	0.0
0	0.0
0	0.0
0	0.0
0	0.0
0	0.0
0	0.0
0	0.0
0	0.0
0	0.0
0	0.0
0	0.0
0	0.0
0	0.0
0	0.0
0	0.0
0	0.0
0	0.0
0	0.0
0	0.0
0	0.0
0	0.0
0	0.0
0	0.0
0	0.0
0	0.0
0	0.0
0	0.0
0	0.0
0	0.0
0	0.0
0	0.0
0	0.0
0	0.0
0	0.0
0	0.0
0	0.0
0	0.0
0	0.0
0	0.0
0	0.0
0	0.0
0	0.0
0	0.0
0	0.0
0	0.0
0	0.0
0	0.0
0	0.0
0	0.0
0	0.0
0	0.0
0	0.0
0	0.0
0	0.0
0	0.0
0	0.0
0	0.0
0	0.0
0	0.0
0	0.0
0	0.0
0	0.0
0	0.0
0	0.0
0	0.0
0	0.0
0	0.0
0	0.0
0	0.0
0	0.0
0	0.0
0	0.0
0	0.0
0	0.0
0	0.0
0	0.0
0	0.0
0	0.0
0	0.0
0	0.0
0	0.0
0	0.0
0	0.0
0	0.0
0	0.0
0	0.0
0	0.0
0	0.0
0	0.0
0	0.0
0	0.0
0	0.0
0	0.0
0	0.0
0	0.0
0	0.0
0	0.0
0	0.0
0	0.0
0	0.0
0	0.0
0	0.0
0	0.0
0	0.0
0	0.0
0	0.0
0	0.0
0	0.0
0	0.0
0	0.0
0	0.0
0	0.0
0	0.0
0	0.0
0	0.0
0	0.0
0	0.0
0	0.0
0	0.0
0	0.0
0	0.0
0	0.0
0	0.0
0	0.0
0	0.0
0	0.0
0	0.0
0	0.0
0	0.0
0	0.0
0	0.0
0	0.0
0	0.0
0	0.0
0	0.0
0	0.0
0	0.0
0	0.0
0	0.0
0	0.0
0	0.0
0	0.0
0	0.0
0	0.0
0	0.0
0	0.0
0	0.0
0	0.0
0	0.0
0	0.0
0	0.0
0	0.0
0	0.0
0	0.0
0	0.0
0	0.0
0	0.0
0	0.0
0	0.0
0	0.0
0	0.0
0	0.0
0	0.0
0	0.0
0	0.0
0	0.0
0	0.0
0	0.0
0	0.0
0	0.0
0	0.0
0	0.0
0	0.0
0	0.0
0	0.0
0	0.0
0	0.0
0	0.0
0	0.0
0	0.0
0	0.0
0	0.0
0	0.0
0	0.0
0	0.0
0	0.0
0	0.0
0	0.0
0	0.0
0	0.0
0	0.0
0	0.0
0	0.0
0	0.0
0	0.0
0	0.0
0	0.0
0	0.0
0	0.0
0	0.0
0	0.0
0	0.0
0	0.0
0	0.0
0	0.0
0	0.0
0	0.0
0	0.0
0	0.0
0	0.0
0	0.0
0	0.0
0	0.0
0	0.0
0	0.0
0	0.0
0	0.0
0	0.0
