2	0.022495804681342782
3	0.2048457249993728
4	0.2802093549394914
5	0.04467274823484098
6	0.029758280750024877
8	0.22328329097545435
9	0.185249789665843
11	0.37491026679090433
12	0.26979072965143097
15	0.03612697363716501
17	0.7044387856888167
18	0.05965064388512417
19	0.21680833191633
20	0.04943132496074997
22	0.24199481311929819
23	0.2793550770846186
24	0.04137577332378872
25	0.459554274916864
26	0.20756139416131136
27	0.4479387877427211
28	0.48485069504366174
29	0.4778878148267204
31	0.26054654171494407
32	0.24301259004599216
33	0.30223136559191943
34	0.44312074193159107
35	0.053787682629676294
37	0.01728006183584002
39	0.2467908300416518
40	0.26286345933752264
43	0.027198396048955298
46	0.7248408588016522
47	0.5159790325092701
48	0.27706449849242637
50	0.42598682921385916
53	0.3436563854651046
54	0.2140148708551976
55	0.26016951922213016
56	0.24262291285645685
57	0.20475218841757536
58	0.22285519661571213
59	0.045094345088327346
60	0.24363240418623713
61	0.21220628884541892
62	0.03141991621931796
64	0.26215731126172953
65	0.01824475126073151
66	0.7750948235157351
67	0.5263265889145056
68	0.4513236385513864
69	0.01531200290590315
70	0.2550007880653538
71	0.7329232253207871
72	0.3153562233281608
73	0.027678174101745296
74	0.5274783342220312
75	0.2727205850794346
76	0.40886323125944735
77	0.18566592131941095
78	0.006009527903345836
80	0.7037558343715544
82	0.03925787827874051
83	0.2578737641382835
84	0.2302735480615233
86	0.5080564997964452
88	0.4917382388468308
89	0.052401591151570406
91	0.03024396954962317
92	0.26048261318728405
93	0.15213233234782464
94	0.021814961902910414
95	0.043249877796774694
98	0.0681652650727258
100	0.5112881018978777
103	0.7424339726582697
105	0.4687736332956164
106	0.021238145591686033
107	0.5281419182264792
108	0.24755788883271165
110	0.005160563400541936
111	0.23071490030492697
112	0.5553965780371651
113	0.4607242857831137
115	0.264434681278779
117	0.2736630278817588
120	0.26921859753942173
122	0.22509217379679508
124	0.5384676243331912
126	0.21019649834494353
127	0.20020427477202113
128	0.2540277817923826
129	0.23227862645326247
131	0.23632175967817515
132	0.5323273304456536
135	0.5174579107060124
136	0.24774687618668356
137	0.23199054917172168
138	0.04160998486558319
139	0.5178743628918566
140	0.053939628724488486
141	0.24178698742529167
142	0.48729992560828234
143	0.06395830606665598
145	0.06592867771775744
146	0.2652986803096227
147	0.17613047949107014
148	0.48200418172156245
149	0.27980298390229935
150	0.05046695450026388
152	0.2582555428020955
153	0.4819205601454131
154	0.262031150834645
155	0.17851839348525816
156	0.2715422114466298
159	0.05058343325198271
160	0.006324251142934487
161	0.744624576394306
162	0.28702118831142304
163	0.7300346961953318
164	0.29623394675526993
166	0.47111255446130496
167	0.279826636063481
168	0.04002994448122961
169	0.29083600349320216
170	0.01306053353507896
171	0.8014906534525544
172	0.24613469475343774
173	0.5167765431258532
174	0.30317401682092593
176	0.7558366888075045
177	0.08850147321581645
179	0.04860619295930216
180	0.2767283863038035
182	0.04628364204299549
183	0.6836184930315151
186	0.20335915051708114
187	0.23118075865993823
190	0.17443513652398704
191	0.34432090400258397
192	0.5383322998856409
194	0.25760974093051503
195	0.25756114414479087
196	0.3695108001867593
198	0.009525724642914048
199	0.5289802514587975
202	0.2790654647011514
203	0.37242106276641485
204	0.493023893714798
205	0.26161369736705054
208	0.5069834527133792
210	0.2992810326870101
212	0.2332913917280701
213	0.5319559463012216
214	0.0483855269371698
215	0.2500556057644062
216	0.30818734649356716
217	0.3727104219377604
218	0.013727091873333985
220	0.45388015870911597
221	0.5299437130113394
222	0.2584316036148205
225	0.4930079883440952
227	0.5269282100057934
229	0.2480352687496357
233	0.22759491440615837
235	0.03921743494888563
237	0.2610092808278304
239	0.23661722069057348
240	0.24779399878705394
241	0.44539595455335573
242	0.29728474258218973
244	0.27261513286633976
245	0.05681029239381093
246	0.16804823916411102
247	0.45581479107949613
248	0.23618354556582644
249	0.2585160973002538
254	0.1885420582219281
255	0.18730158029075805
258	0.4172176237402865
259	0.01842319189109847
260	0.24972206087740176
261	0.5058992732259934
262	0.516930906836442
263	0.2551204514071074
265	0.08721501496023518
266	0.7359243339722098
270	0.04334744095168
272	0.08965863658400158
273	0.29497965723146996
274	0.3191539623111368
275	0.20844719532749031
276	0.2364972137339668
278	1.1761077901118605e-05
279	0.24888377995212058
281	0.29354570635814503
282	0.23005481508595788
283	0.23470046644884293
284	0.2572117518441625
285	0.06208026461748241
286	0.027637436973331132
287	0.2937095810088132
288	0.3247402265293755
289	0.37177531074461523
290	0.24403694300715595
291	0.267178402283171
292	0.035898009877014775
294	0.1583574777865931
296	0.045152311059442465
297	0.06660533059795838
300	0.31681269675216395
301	0.25231893297988317
303	0.018167222000322558
304	0.49849176489012514
305	0.00039703572490171896
306	0.16161738092261613
309	0.34181105151138075
313	0.012930122174107744
315	0.26746236905687115
317	0.050466954500263894
318	0.526717531498997
319	0.5482758370040831
320	0.2988129794186113
322	0.02582203282245485
323	0.024270321078780212
324	0.25748694354342977
331	0.23014369339545365
333	0.02788982134461107
335	0.32121269392193696
336	0.2664045708553765
337	0.19665007978453639
338	0.4699199501744073
339	0.019598958890310804
341	0.46404766492031607
343	0.03538190903959791
345	0.23893527429616768
346	0.29121976347521933
347	0.048051048084161746
349	0.5403197682213071
350	0.2538329805412493
351	0.3156143899461061
352	0.2038687178532657
353	0.7881963627919188
354	0.30810580450962893
355	0.21598389254888697
356	0.2627993312512321
357	0.541606681576077
359	0.4372869852112611
360	0.022265291084131528
362	0.059843811166880465
364	0.5253698027441874
365	0.01848721599191446
366	0.5156185368461821
367	0.24349276433030845
368	0.05610521919523817
369	0.22754260752568944
371	0.01572104425078612
372	0.2579745711647447
375	0.26113396542990736
376	0.5277479371666183
377	0.3178868785375616
379	0.09399686483509555
381	0.21661221765201827
382	0.2566163204486181
384	0.208223757091063
386	0.05889221687081353
389	0.02671447240017573
391	0.03192235676825524
392	0.2381687032558819
400	0.2275941441028896
401	0.21994597348632314
404	0.22747235159271373
408	0.20671312513101614
410	0.2100315066804981
412	0.2657826812866906
413	0.21842849425589414
414	0.2785952929310706
415	0.48882267675792923
417	0.027657034859152302
418	0.3163560844220092
419	0.5592552132917389
420	0.03812630142182989
421	0.2851642986449703
422	0.0024138729647334434
423	0.03794444920863413
424	0.2589813405816507
425	0.2597334969134612
426	0.24615800206659696
427	0.050062737343390416
429	0.00818214239016888
430	0.2700476236302959
431	0.2719220778112268
432	0.26721752483774847
433	0.43244196303173743
434	0.2407459193917933
435	0.25127455976654345
436	0.04950395201408806
438	0.2749835429453107
439	0.26758634186195607
440	0.27025414978189227
441	0.0004029996224994281
442	0.024721493669086367
443	0.26771680655260155
444	0.5637016229751797
446	0.0836325035719494
449	0.4572064318972249
450	0.2656470527320077
451	0.30911929520596126
453	0.2320294434027677
460	0.03808372949892337
461	0.31273813351141305
462	0.2203077736880134
463	0.15859674697140425
464	0.25930457181035205
465	0.2579231964590973
466	0.5192066308216147
469	0.0932247949867833
471	0.2358069111850412
472	0.2744228115292978
473	0.30177648933196155
474	0.03332688363541848
475	0.302956063494374
476	0.061376652667135864
477	0.4808384144700345
479	0.0067233138637660395
482	0.2927008226881546
483	0.43802018944275445
484	0.22782260071258376
487	0.26408162826310777
489	0.0373043980374647
490	0.013589207601157342
491	0.04894478813838041
492	0.0739131689872927
494	0.2502735282173547
496	0.23309230111726523
497	0.5218825842035835
499	0.24308966428096646
501	0.03301827343130668
502	0.21452335026952604
504	0.04682320844403039
505	0.03354156736209989
507	0.035203109501297465
510	0.5385575263883837
511	0.21150870348031772
513	0.2460947325538283
515	0.03651095032484997
516	0.5246563600535267
518	0.2822452787595058
520	0.19700193259340293
521	0.24954065479811785
522	0.26615332008750636
530	0.4894309454822555
531	0.23868197529086596
534	0.10323889139039308
537	0.24313906724991732
540	0.2619649930139249
543	0.020943379380877133
544	0.20226435651784452
545	0.24227451143542011
546	0.057339108958378994
547	0.21359617790412827
548	0.00812900488576554
549	0.012589747835457042
551	0.03489739177098764
552	0.4943674722694623
553	0.08334079402783323
554	0.19736185101995976
555	0.19421120299106198
556	0.057254606247145304
558	0.8036598054342391
559	0.04254332903408198
560	0.03883740778572538
561	0.040287949734102595
563	0.23736792578871088
564	0.20148406451866432
565	0.26312437598985616
566	0.5158108003385202
568	0.295098949849923
570	0.2606157062757187
572	0.21701964793824308
573	0.03942960576130872
574	0.02855049035722145
575	0.2553846552321902
578	0.29146469052920737
579	0.008478626534210262
581	0.31815040009941103
582	0.3116462957196948
583	0.02276727946135595
585	0.23245213375005003
586	0.31919944040821707
587	0.522662576683031
590	0.22073330091876892
591	0.3139155009344494
594	0.3314754674989725
596	0.023061938611778344
598	0.3060622041845572
599	0.26422345646744666
600	0.0018922625673616633
601	0.196572748501793
602	0.0730038962528451
603	0.4143269676357926
605	0.017677509983695622
607	0.3452372921526082
608	0.06280112736877147
609	0.5523458238897042
610	0.30643622341045024
611	0.3175830717615246
612	0.24842214028562593
614	0.18501302669515618
616	0.20091284535562265
619	0.031428839769322175
621	0.2263668744927328
622	0.256606881324381
624	0.260180332348339
626	0.23244102524331317
627	0.02349037012968079
628	0.30962700055775716
630	0.32178071947300413
631	0.5114961186238374
633	0.024307395794902438
634	0.017586598767750743
635	0.043283058933333486
636	0.034117781792554966
638	0.007414352107350475
639	0.061850604438095924
644	0.2553855265292352
645	0.008304749183683676
648	0.02013092165633835
649	0.0008255726156082069
652	0.043072299995660264
656	0.41430649634690975
657	0.21099625393347526
658	0.015104283803270842
662	0.798897905375564
663	0.5454540118297906
664	0.046799404979881325
666	0.032245373307135616
667	0.3096821404138462
670	0.08554204609574186
671	0.2125979189916457
672	0.2973028732857173
673	0.268871154085454
674	0.30999204670374225
675	0.22235429656737357
676	0.02012745044629892
677	0.08163846573015701
678	0.08432894788922235
681	0.022012170735415757
682	0.029511510459774994
686	0.2791287389911697
687	0.2303437406422983
688	0.0011468617650645524
691	0.5171932101495516
695	0.436494031510987
696	0.016458899355230743
697	0.1925434812749759
699	0.2781852247154456
701	0.23223632240911093
703	0.04352711702030905
704	0.22772318927867055
705	0.29863245306015795
706	0.012395828741959498
707	0.029534056605419745
708	0.011185204199213448
709	0.02114724762277189
710	0.3134407200701301
712	0.3092681691498317
713	0.020748100928618673
714	0.033500541679199594
715	0.23032700742270706
716	0.24212904580648822
717	0.25770449199971796
718	0.43448758939918053
719	0.024455141323893086
720	0.27891163280426456
722	0.18783617020161839
723	0.22808650274569406
725	0.2897777233020867
728	0.3645709198229978
729	0.21378158500867714
730	0.20012668498875963
731	0.21123683874246965
733	0.0033829014323787376
736	0.2184174014311449
737	0.2885092999877459
739	0.03317125170920426
740	0.2692160022026895
742	0.2776879410671865
743	0.25011028955695797
745	0.2800948183186781
748	0.030798379575109718
754	0.27838540674185075
755	0.007491750024597649
756	0.02624771160409744
760	0.14628499162707384
761	0.24954295754937594
763	0.07925027095946319
765	0.2505295357966824
768	0.02018643861807399
769	0.18390657392343213
770	0.23927766286507238
776	0.04347139353694485
778	0.3437610570679559
781	0.036065814404645735
782	0.027013897076343822
783	0.044850565769844225
784	0.0314954703290795
787	0.26219420528084725
789	0.5353215704372479
791	0.2688275988898051
792	0.24294955012990985
794	0.6958794871032229
795	0.02564761521302654
796	0.2524634817919453
797	0.21060990445213915
798	0.07845057114516689
799	0.229053422605476
800	0.30962700055775716
801	0.49608351335035294
802	0.043651491672304116
803	0.010866326996576369
804	0.032717459375726836
805	0.005726344790279239
806	0.0034057183064561403
807	0.2680229343290707
808	0.46618288795915797
809	0.0382499192483071
810	0.04909898507728246
811	0.03364888322021125
812	0.2507897016579931
813	0.547616759037244
814	0.568791131173758
816	0.5540671259720074
817	0.29352857992817505
818	0.185442738362576
819	0.09717350706528832
820	0.07927469574467208
822	0.5471018432615671
824	0.25243661099921827
825	0.028595934258303583
826	0.18513515181520016
827	0.24188210623166134
828	0.2395737496128042
832	0.26551125815429016
835	0.01660157167304422
836	0.046148048917221005
841	0.020465885785423407
842	0.41126799663347247
843	0.04484874259198691
844	0.3023863826867833
845	0.12678055688518922
846	0.041086383310455166
847	0.48441404291505014
848	0.20187987009984154
851	0.25487216556782494
852	0.03237788809544407
853	0.06645384830999157
854	0.03326518557359833
855	0.2279065056522965
856	0.46959671764252714
857	0.5069538629864141
858	0.2922677520564302
859	0.7944230545803066
860	0.4615031749931915
861	0.4288043539341612
862	0.2136312311489008
863	0.04499550473572814
865	0.057609742090666854
866	0.36459737846479073
868	0.23226217801444943
871	0.026343118444795442
872	0.25669375152377105
873	0.227410124625391
874	0.005932016629086715
878	0.2873656255335796
879	0.7334029559609969
880	0.030407485652280537
881	0.21930430110154253
884	0.4584426916177742
888	0.21343069116714666
889	0.031584060370890225
890	0.014286156039982227
891	0.4755737057869903
892	0.2762302014512041
893	0.018068963873260277
898	0.02299149239786817
900	0.19409557603535058
901	0.015750648298473613
902	0.24221776039617354
904	0.1956341886297694
905	0.460177989361458
906	0.2616248682423916
907	0.029363889502105188
909	0.2286656761335305
910	0.4318996227395581
911	0.02819625524806616
913	0.28470651373325023
914	0.5319176846140683
915	0.21225352547279933
916	0.20471533877437104
917	0.5411459419917575
918	0.031979225560026046
919	0.03481829437893576
920	0.48826440033338886
923	0.2694449505035923
925	0.32293934130314317
926	0.4941334231440027
927	0.3098725660085159
928	0.2704496003275604
929	0.24525874875253864
930	0.5101562814253936
931	0.26171817659687074
933	0.051869227810540014
934	0.02323630179067053
935	0.26723672950334354
937	0.01653141949960952
938	0.035785515133824775
939	0.694730195183495
940	0.02059734388940679
943	0.3425119143285192
0	0.0
0	0.0
0	0.0
0	0.0
0	0.0
0	0.0
0	0.0
0	0.0
0	0.0
0	0.0
0	0.0
0	0.0
0	0.0
0	0.0
0	0.0
0	0.0
0	0.0
0	0.0
0	0.0
0	0.0
0	0.0
0	0.0
0	0.0
0	0.0
0	0.0
0	0.0
0	0.0
0	0.0
0	0.0
0	0.0
0	0.0
0	0.0
0	0.0
0	0.0
0	0.0
0	0.0
0	0.0
0	0.0
0	0.0
0	0.0
0	0.0
0	0.0
0	0.0
0	0.0
0	0.0
0	0.0
0	0.0
0	0.0
0	0.0
0	0.0
0	0.0
0	0.0
0	0.0
0	0.0
0	0.0
0	0.0
0	0.0
0	0.0
0	0.0
0	0.0
0	0.0
0	0.0
0	0.0
0	0.0
0	0.0
0	0.0
0	0.0
0	0.0
0	0.0
0	0.0
0	0.0
0	0.0
0	0.0
0	0.0
0	0.0
0	0.0
0	0.0
0	0.0
0	0.0
0	0.0
0	0.0
0	0.0
0	0.0
0	0.0
0	0.0
0	0.0
0	0.0
0	0.0
0	0.0
0	0.0
0	0.0
0	0.0
0	0.0
0	0.0
0	0.0
0	0.0
0	0.0
0	0.0
0	0.0
0	0.0
0	0.0
0	0.0
0	0.0
0	0.0
0	0.0
0	0.0
0	0.0
0	0.0
0	0.0
0	0.0
0	0.0
0	0.0
0	0.0
0	0.0
0	0.0
0	0.0
0	0.0
0	0.0
0	0.0
0	0.0
0	0.0
0	0.0
0	0.0
0	0.0
0	0.0
0	0.0
0	0.0
0	0.0
0	0.0
0	0.0
0	0.0
0	0.0
0	0.0
0	0.0
0	0.0
0	0.0
0	0.0
0	0.0
0	0.0
0	0.0
0	0.0
0	0.0
0	0.0
0	0.0
0	0.0
0	0.0
0	0.0
0	0.0
0	0.0
0	0.0
0	0.0
0	0.0
0	0.0
0	0.0
0	0.0
0	0.0
0	0.0
0	0.0
0	0.0
0	0.0
0	0.0
0	0.0
0	0.0
0	0.0
0	0.0
0	0.0
0	0.0
0	0.0
0	0.0
0	0.0
0	0.0
0	0.0
0	0.0
0	0.0
0	0.0
0	0.0
0	0.0
0	0.0
0	0.0
0	0.0
0	0.0
0	0.0
0	0.0
0	0.0
0	0.0
0	0.0
0	0.0
0	0.0
0	0.0
0	0.0
0	0.0
0	0.0
0	0.0
0	0.0
0	0.0
0	0.0
0	0.0
0	0.0
0	0.0
0	0.0
0	0.0
0	0.0
0	0.0
0	0.0
0	0.0
0	0.0
0	0.0
0	0.0
0	0.0
0	0.0
0	0.0
0	0.0
0	0.0
0	0.0
0	0.0
0	0.0
0	0.0
0	0.0
0	0.0
0	0.0
0	0.0
0	0.0
0	0.0
0	0.0
0	0.0
0	0.0
0	0.0
0	0.0
0	0.0
0	0.0
0	0.0
0	0.0
0	0.0
0	0.0
0	0.0
0	0.0
0	0.0
0	0.0
0	0.0
0	0.0
0	0.0
0	0.0
0	0.0
0	0.0
0	0.0
0	0.0
0	0.0
0	0.0
0	0.0
0	0.0
0	0.0
0	0.0
0	0.0
0	0.0
0	0.0
0	0.0
0	0.0
0	0.0
0	0.0
0	0.0
0	0.0
0	0.0
0	0.0
0	0.0
0	0.0
0	0.0
0	0.0
0	0.0
0	0.0
0	0.0
0	0.0
0	0.0
0	0.0
0	0.0
0	0.0
0	0.0
0	0.0
0	0.0
0	0.0
0	0.0
0	0.0
0	0.0
0	0.0
0	0.0
0	0.0
0	0.0
0	0.0
0	0.0
0	0.0
0	0.0
0	0.0
0	0.0
0	0.0
0	0.0
0	0.0
0	0.0
0	0.0
0	0.0
0	0.0
0	0.0
0	0.0
0	0.0
0	0.0
0	0.0
0	0.0
0	0.0
0	0.0
0	0.0
0	0.0
0	0.0
0	0.0
0	0.0
0	0.0
0	0.0
0	0.0
0	0.0
0	0.0
0	0.0
0	0.0
0	0.0
0	0.0
0	0.0
