5	0.06165403676879294
6	0.26479208557389217
7	0.5222470658078252
9	0.0597730197358886
10	0.04499550666491281
12	0.015468941585853806
14	0.015536227907053255
15	0.04947725745188626
16	0.5252757203373236
18	0.01378595172445506
19	0.012150868723102358
20	0.26013991987979146
21	0.21174200397884585
22	0.0022207267688448135
24	0.25413008675162646
27	0.02830369176571095
28	0.04092867546731963
30	0.003104791119602969
35	0.01497222831647712
38	0.0183950470913549
41	0.26298410556025936
42	0.5100117057346734
43	0.019098960068845518
44	0.24399902715239785
45	0.04450861215265908
48	0.01785113786717534
49	0.25526107190504815
50	0.08998916374904445
51	0.05667266164772802
52	0.008172480794264116
54	0.27574571837758827
55	0.017402555534995014
56	0.30561433630476087
57	0.05418891624944234
59	0.0383271154013665
64	0.28810070116196745
65	0.035519869274474196
70	0.06240659132598998
73	0.044080829309646186
75	0.00904605110933675
77	0.08930408611676142
78	0.2684731901143868
79	0.22567963448252704
81	0.2536324674111597
84	0.05852354746427779
85	0.015324430131622144
89	0.22673900329700408
90	0.0257790807876744
91	0.2772068273528032
92	0.028095970159157026
93	0.09726223142275885
95	0.27567972320067546
97	0.29579947650322047
98	0.013927325451226963
99	0.26531915774128945
101	0.3338803548242489
102	0.028028763231542568
108	0.06840676744434014
109	0.04925935648781246
110	0.04092715274592238
115	0.08821229599654978
116	0.07001558280106167
117	0.02942047826567596
118	0.26589420509864736
119	0.2800687536335598
120	0.01950802531320912
121	0.016301754959136654
123	0.24631268569010173
125	0.49811572092345846
126	0.025193413002126692
127	0.0525902862515356
128	0.038983903461663805
130	0.28425786859058083
133	0.27414078304347556
134	0.29558953271935534
139	0.06621731127222377
142	0.020110879223469543
143	0.05862437695699819
144	0.03303074079739317
145	0.2507853332869827
150	0.02857467614488513
151	0.015261947543824837
152	0.26669671327300026
154	0.2833667387824642
156	0.010524694219109655
157	0.27294142766621166
158	0.5476912016378845
160	0.05120216474441218
162	0.01843857483004255
165	0.3056504648380783
168	0.018184646860558252
169	0.006198556552276479
170	0.0023027257725049544
175	0.28969838650705787
177	0.02992716988541187
178	0.26053334090203856
180	0.009737882319267362
182	0.2619859165826448
185	0.03710791956800178
189	0.03146560185083051
190	0.31736578862370185
193	0.05289758176993309
194	0.03782039778588134
195	0.06212037193069865
197	0.025471402142438357
198	0.23559811773770073
200	0.26130406309547816
201	0.2856793148382595
202	0.032198710903818296
204	0.015391354236591749
207	0.2990308592380274
209	0.012628929118719226
211	0.3056802779956719
212	0.038397838378684934
213	0.04358285553792225
214	0.0105935133461545
215	0.017309732522344242
216	0.020358900855482562
217	0.010007492565960136
219	0.27219385135637625
220	0.0886091868821372
223	0.5294497368408447
224	0.021223546900483958
229	0.2911999066318488
230	0.2828656209138954
231	0.2540103900240291
233	0.01685484641312409
234	0.2546005384052918
235	0.029740176040907725
236	0.2928679955321464
238	0.5005734073120756
241	0.04878642003326098
243	0.017390529206669607
244	0.03461782295020916
245	0.24199206398495307
246	0.32388446948620797
250	0.29184433625469225
251	0.2909812639008499
252	0.02768989046875978
253	0.2920280111800897
254	0.03860979205835605
256	0.27153973332492537
258	0.08802326402267022
260	0.053923447469949315
261	0.006298816806371302
263	0.06421343230894402
264	0.01742816894591536
265	0.22747181458026944
267	0.008810867576577501
270	0.2625749991345172
271	0.01978612586958213
274	0.26182572725702236
275	0.022316468174147192
276	0.01608127515793233
278	0.5045860104152594
279	0.05399543139228816
280	0.03902163113430116
282	0.05315216370938851
283	0.04962903631028961
289	0.08789718139047796
290	0.2777114330016841
292	0.006562614296171571
293	0.20760838438680074
294	0.036329259807310894
295	0.035727000922746666
296	0.027142862109420022
300	0.15856272593185478
301	0.024380249429495432
302	0.060382081287213445
305	0.02727030113952051
306	0.0605127741649105
307	0.03472483026662579
308	0.007478990458181567
310	0.05001953735656679
311	0.24201900715574706
313	0.03296821676608377
314	0.27124982541050724
317	0.02818311141967893
318	0.03863937347520209
321	0.023482112425315164
323	0.030339993827462882
324	0.03454876507061634
325	0.24757321648899272
326	0.03437980433405902
327	0.001857044084776667
328	0.27032761413975326
329	0.016628441557474553
330	0.258966573443782
332	0.009431037841076205
333	0.012020761542479708
334	0.047952457859251466
335	0.047999641761976575
336	0.01031021360068448
340	0.2544896294695838
342	0.061942431970479404
343	0.26595795261074673
345	0.005323541224978197
348	0.533120986946276
351	0.002710879419507803
355	0.06493942784236088
356	0.02927365550456506
358	0.04243153506635886
359	0.02659750145507046
363	0.008439871159660349
365	0.06365522118165048
369	0.018482927638585302
370	0.07141715636809338
371	0.2947489507851494
372	0.03151572868058551
373	0.24942581417312337
375	0.05127451333427424
377	0.005778883824258535
378	0.24960644497313833
379	0.0036394892796720833
383	0.27522471697145684
387	0.0298167469674721
388	0.26595331675875833
390	0.013340016400105827
391	0.009975523825872822
393	0.020029978421358646
394	0.2374746499271818
396	0.3016184554023518
397	0.04904330390317035
398	0.530730984502048
399	0.2627776634392226
402	0.053229032157616325
403	0.024663924312104738
405	0.33495610158392297
406	0.008536043131357147
407	0.2624018982677401
408	0.0516244518404716
410	0.2669736280670248
411	0.4952912777318904
412	0.26872102360594813
413	0.007622292770177876
417	0.03126030034695802
420	0.006330708815974126
421	0.04762711419737162
422	0.028463327887356324
427	0.5063810898713864
431	0.013352464070417389
432	0.04929267743903325
436	0.03251460072748283
438	0.0062144935095564124
441	0.25331467565978577
442	0.020209270406090253
443	0.0645805898126251
445	0.004491131984972613
448	0.025770068084723076
449	0.05656511437902825
450	0.020364209727864218
452	0.05179466658611069
453	0.05363914589079618
454	0.260906395162268
455	0.5134042726818631
457	0.004578034410329675
459	0.5197096270132717
460	0.017411585226815525
462	0.0536141017978928
464	0.04730774440560692
465	0.008354317396786
468	0.28611342192345535
470	0.2958970634030966
472	0.2627958686519377
476	0.24973601844969512
477	0.026207060186234914
478	0.053494999942941115
479	0.04186967777297866
482	0.014886529139994373
487	0.012322132842604035
489	0.003136237223591052
491	0.01882935027497538
492	0.009040372268551474
493	0.4998741948916501
494	0.057013502037879325
495	0.26251023380129124
496	0.04931199378864643
497	0.03420462358218182
500	0.01006014439336271
502	0.06885726574218673
503	0.7644777079672366
506	0.26201005769122465
507	0.2846442914741053
508	0.2844363456589785
511	0.06869256190356465
512	0.26984238330627436
514	0.27223447706896947
515	0.03452843210476829
517	0.49771235807250913
519	0.2783293249688699
520	0.31605168117470506
523	0.28107537232798413
524	0.25773947862638047
525	0.2595285202532683
527	0.013163358939386562
528	0.05103560072835434
529	0.04059724895430704
532	0.23635813778523676
533	0.017758068684958318
534	0.49832184738661595
535	0.09776987364161484
536	0.012370909130949306
538	0.019825244269784284
540	0.04077263364525063
541	0.2747128979436977
543	0.027762007952784603
545	0.03533882347580283
546	0.24190699573121852
549	0.31382810099987435
550	0.29742518706253557
552	0.012985120339658686
554	0.03720161210218656
555	0.0530866149438349
556	0.01074119968156111
557	0.028439577414792326
562	0.298740690661227
563	0.026018890921583847
564	0.2852574455936209
565	0.012665721013056103
568	0.05174286800151261
569	0.2539398320461879
574	0.28410527216697823
575	3.040750952504681e-05
576	0.2442758210694146
577	0.22633153570572165
578	0.03819457935814885
580	0.3252032971291507
582	0.0007506348373590641
583	0.046307757093878174
584	0.2697101503333263
586	0.0038042788328774
588	0.4792949063152787
589	0.5137941143710457
592	0.2502418014912894
593	0.2851673559758194
594	0.009898579055576343
596	0.025448847368515284
597	0.04186072433858201
598	0.22829879500974176
599	0.0399675487390343
600	0.0516718495520208
602	0.23612898458385492
604	0.028871362227160288
605	0.29413085232825814
606	0.22206612498761039
608	0.08926663123042337
610	0.2916068915074349
611	0.01874793553912041
612	0.012305024810849673
614	0.04388800150367027
618	0.7571310980923772
619	0.018033003753212155
620	0.28066332268714456
622	0.012629137200719898
625	0.2751452679730118
629	0.2703039186224189
630	0.2736607410633018
631	0.052894567038873005
632	0.27443215338099
633	0.042518700601957074
634	0.04894841841380522
636	0.010766811391523499
637	0.08825220256713878
638	0.3150273474429492
640	0.5222301053025035
641	0.2760268451899354
642	0.26015909111560426
643	0.01870722811462692
644	0.029759901532821625
646	0.00095251922484944
647	0.48948767541899363
650	0.014288137879321913
651	0.02754966950816109
652	0.24099513301243153
653	0.28003302405254477
654	0.22690996296876914
655	0.5351322050150938
661	0.2273249267364846
663	0.010455434676541517
664	0.004072000949115792
665	0.27074579876468635
666	0.0041938459098501794
667	0.026153645966880745
668	0.22077295568820374
669	0.011672920518493085
671	0.058837049909746024
672	0.03210893188198348
673	0.03490485610264943
677	0.2804984174851201
678	0.21702354160292164
679	0.020089058833369103
680	0.025072966665802734
681	0.2653217485063498
682	0.027552499992752763
683	0.2720813303934068
684	0.02559195136421907
687	0.26712328943404323
689	0.000762004962248302
690	0.027984342147921663
691	0.035756826596983315
692	0.27307125024296586
694	0.27114580233771557
696	0.035489279137198945
698	0.2710279288432932
699	0.02802298613690299
702	0.01412498542960252
703	0.2429776817728306
705	0.2659756206382502
708	0.013417447088660647
709	0.25889184866629633
712	0.011380395423435646
714	0.022739807839131206
715	0.04575868862002481
717	0.011086689867149918
719	0.060383723675157014
721	0.25550665101161013
723	0.030109136918320786
726	0.2886670778824029
727	0.20499387181096979
729	0.0519868239114013
732	0.21128874911611523
734	0.7628080417779906
735	0.016170602466530286
736	0.038964124282367424
738	0.0014788121922707509
739	0.014142202585155427
746	0.5083867290705377
747	0.25240174410462274
749	0.24902290901434146
750	0.05698175878463461
751	0.5421402312967137
753	0.0769225737208686
755	0.0624349170584565
756	0.2518740221617547
757	0.008807071871804083
760	0.07090677040876331
762	0.016554733867501666
764	0.5184746104737441
766	0.033605762742870735
767	0.03249989170003049
768	0.07296874268987957
769	0.04473088621565957
771	0.2683058270659111
773	0.24226147218159702
774	0.07303589152491194
775	0.03460086649601125
776	0.006153691184820884
777	0.009639132141686102
778	0.03599502393113194
779	0.267423429271378
780	0.03189751026979393
782	0.30471803521938545
783	0.013535144913260109
784	0.036736350914543504
785	0.4783469032501656
786	0.5375812914141729
788	0.04819137284141725
790	0.01472237696190088
791	0.011124761592555977
792	0.038328695359347055
795	0.01097039125867583
797	0.0023191918080432035
798	0.2665049220608227
800	0.013340016400105806
802	0.021463669159047197
803	0.5336200732809036
804	0.03377991154043539
806	0.008972153726561582
809	0.03778394322166102
810	0.24821591964065132
811	0.259107745910264
812	0.04469107496318951
813	0.031086068822557985
815	0.019286067639381968
816	0.018050117606066104
817	0.007863933047900888
818	0.06460429003230975
821	0.03457801908711049
823	0.018294426688377205
825	0.020919641092640648
826	0.029592729227119696
827	0.0198928921783393
829	0.2539398320461879
831	0.24368775848315638
832	0.028319189849034497
834	0.278389818334683
835	0.009511524808290324
837	0.028418761059006894
839	0.2419956839373295
840	0.29368670447100176
845	0.11530036446157066
849	0.2539398320461879
850	0.5177362982563184
852	0.30029474057135436
854	0.0317529775562326
858	0.0019870205486789833
862	0.021525158920143696
863	0.2800338003498297
864	0.006703108130143562
868	0.02004853278479318
869	0.48136982851963306
870	0.2574927748265932
872	0.28136753250032215
873	0.035733205598790785
874	0.007978312858739539
875	0.2831144510182464
876	0.005214710086634256
877	0.02076787269300464
880	0.023233557808319618
882	0.008211079269432577
885	0.21723148703450307
886	0.23220955482516675
889	0.031291430241155604
891	0.04038589664493465
893	0.04304864508098735
894	0.02744798530635327
895	0.029515583226256577
896	0.24824221847659575
898	0.07161277035075111
899	0.26488624113883363
901	0.010857743468770248
902	0.061653498579311475
903	0.04489521019736706
904	0.06244968067282065
906	0.018666156692935434
907	0.02490728610840858
908	0.037431154046541126
912	0.286591318414094
915	0.003207010358897814
921	0.2688389135761257
922	0.20492446162754227
923	0.035442084347746525
924	0.2310157790996667
925	0.020656217549742232
927	0.013454579587197469
929	0.0816118665664402
932	0.003478056968545997
935	0.021069226354462813
936	0.025215065197253087
938	0.0459041696817197
941	0.026882690886685726
942	0.01759784430625501
943	0.019793703955021013
0	0.0
0	0.0
0	0.0
0	0.0
0	0.0
0	0.0
0	0.0
0	0.0
0	0.0
0	0.0
0	0.0
0	0.0
0	0.0
0	0.0
0	0.0
0	0.0
0	0.0
0	0.0
0	0.0
0	0.0
0	0.0
0	0.0
0	0.0
0	0.0
0	0.0
0	0.0
0	0.0
0	0.0
0	0.0
0	0.0
0	0.0
0	0.0
0	0.0
0	0.0
0	0.0
0	0.0
0	0.0
0	0.0
0	0.0
0	0.0
0	0.0
0	0.0
0	0.0
0	0.0
0	0.0
0	0.0
0	0.0
0	0.0
0	0.0
0	0.0
0	0.0
0	0.0
0	0.0
0	0.0
0	0.0
0	0.0
0	0.0
0	0.0
0	0.0
0	0.0
0	0.0
0	0.0
0	0.0
0	0.0
0	0.0
0	0.0
0	0.0
0	0.0
0	0.0
0	0.0
0	0.0
0	0.0
0	0.0
0	0.0
0	0.0
0	0.0
0	0.0
0	0.0
0	0.0
0	0.0
0	0.0
0	0.0
0	0.0
0	0.0
0	0.0
0	0.0
0	0.0
0	0.0
0	0.0
0	0.0
0	0.0
0	0.0
0	0.0
0	0.0
0	0.0
0	0.0
0	0.0
0	0.0
0	0.0
0	0.0
0	0.0
0	0.0
0	0.0
0	0.0
0	0.0
0	0.0
0	0.0
0	0.0
0	0.0
0	0.0
0	0.0
0	0.0
0	0.0
0	0.0
0	0.0
0	0.0
0	0.0
0	0.0
0	0.0
0	0.0
0	0.0
0	0.0
0	0.0
0	0.0
0	0.0
0	0.0
0	0.0
0	0.0
0	0.0
0	0.0
0	0.0
0	0.0
0	0.0
0	0.0
0	0.0
0	0.0
0	0.0
0	0.0
0	0.0
0	0.0
0	0.0
0	0.0
0	0.0
0	0.0
0	0.0
0	0.0
0	0.0
0	0.0
0	0.0
0	0.0
0	0.0
0	0.0
0	0.0
0	0.0
0	0.0
0	0.0
0	0.0
0	0.0
0	0.0
0	0.0
0	0.0
0	0.0
0	0.0
0	0.0
0	0.0
0	0.0
0	0.0
0	0.0
0	0.0
0	0.0
0	0.0
0	0.0
0	0.0
0	0.0
0	0.0
0	0.0
0	0.0
0	0.0
0	0.0
0	0.0
0	0.0
0	0.0
0	0.0
0	0.0
0	0.0
0	0.0
0	0.0
0	0.0
0	0.0
0	0.0
0	0.0
0	0.0
0	0.0
0	0.0
0	0.0
0	0.0
0	0.0
0	0.0
0	0.0
0	0.0
0	0.0
0	0.0
0	0.0
0	0.0
0	0.0
0	0.0
0	0.0
0	0.0
0	0.0
0	0.0
0	0.0
0	0.0
0	0.0
0	0.0
0	0.0
0	0.0
0	0.0
0	0.0
0	0.0
0	0.0
0	0.0
0	0.0
0	0.0
0	0.0
0	0.0
0	0.0
0	0.0
0	0.0
0	0.0
0	0.0
0	0.0
0	0.0
0	0.0
0	0.0
0	0.0
0	0.0
0	0.0
0	0.0
0	0.0
0	0.0
0	0.0
0	0.0
0	0.0
0	0.0
0	0.0
0	0.0
0	0.0
0	0.0
0	0.0
0	0.0
0	0.0
0	0.0
0	0.0
0	0.0
0	0.0
0	0.0
0	0.0
0	0.0
0	0.0
0	0.0
0	0.0
0	0.0
0	0.0
0	0.0
0	0.0
0	0.0
0	0.0
0	0.0
0	0.0
0	0.0
0	0.0
0	0.0
0	0.0
0	0.0
0	0.0
0	0.0
0	0.0
0	0.0
0	0.0
0	0.0
0	0.0
0	0.0
0	0.0
0	0.0
0	0.0
0	0.0
0	0.0
0	0.0
0	0.0
0	0.0
0	0.0
0	0.0
0	0.0
0	0.0
0	0.0
0	0.0
0	0.0
0	0.0
0	0.0
0	0.0
0	0.0
0	0.0
0	0.0
0	0.0
0	0.0
0	0.0
0	0.0
0	0.0
0	0.0
0	0.0
0	0.0
0	0.0
0	0.0
0	0.0
0	0.0
0	0.0
0	0.0
0	0.0
0	0.0
0	0.0
0	0.0
0	0.0
0	0.0
0	0.0
0	0.0
0	0.0
0	0.0
0	0.0
0	0.0
0	0.0
0	0.0
0	0.0
0	0.0
0	0.0
0	0.0
0	0.0
0	0.0
0	0.0
0	0.0
0	0.0
0	0.0
0	0.0
0	0.0
0	0.0
0	0.0
0	0.0
0	0.0
0	0.0
0	0.0
0	0.0
0	0.0
0	0.0
0	0.0
0	0.0
0	0.0
0	0.0
0	0.0
0	0.0
0	0.0
0	0.0
0	0.0
0	0.0
0	0.0
0	0.0
0	0.0
0	0.0
0	0.0
0	0.0
0	0.0
0	0.0
0	0.0
0	0.0
0	0.0
0	0.0
0	0.0
0	0.0
0	0.0
0	0.0
0	0.0
0	0.0
0	0.0
0	0.0
0	0.0
0	0.0
0	0.0
0	0.0
0	0.0
0	0.0
0	0.0
0	0.0
0	0.0
0	0.0
0	0.0
0	0.0
0	0.0
0	0.0
0	0.0
0	0.0
0	0.0
