1	0.007174681093165297
2	0.013256698398470438
3	0.20947858605980477
4	0.017288230193156378
5	0.2781878014286847
6	0.02145982812114381
7	0.26142913525682093
8	0.751368899555123
9	0.5024931488567761
10	0.016935745282533672
11	0.42472240796828764
12	0.5289058306197729
15	0.5110520198877262
17	0.7959674531678034
18	0.016223454246352926
19	0.22306477199378688
20	0.23823477914694038
22	0.23938816532525428
24	0.014274674107400031
25	0.22201028606444548
26	0.19230035237657245
27	0.6939990186003954
28	0.5199266058305064
29	0.23112079336851113
30	0.005838822245241657
31	0.2751585459686164
32	0.7708697811629095
33	0.04800279746830943
34	0.19647035107124336
35	0.06713373335954248
36	0.2807341242929208
37	0.2693113000737131
39	0.029791795236011425
40	0.26083316879870677
41	0.3117940540135113
43	0.24214994001976975
44	0.021818798968066853
45	0.5368171272791988
46	0.7594863883055181
47	0.26523702287429696
48	0.07909617177804748
50	0.23317870187470321
51	0.5486962968725999
52	0.5331521837697208
53	0.023729660005921856
54	0.5225667226705375
55	0.5230337328944635
56	0.2881813830783532
57	0.5250374572569008
59	0.04406450473518554
60	0.2513921223750522
62	0.02210259873147155
63	0.20825153322240544
64	0.006424000120644709
66	0.2497612163877652
67	0.28474860521727063
68	0.7591399167545672
69	0.32134779349370135
70	0.2872970081159005
71	0.7642656843510817
73	0.023094950708290363
74	0.01531381552985505
75	0.24509209437888915
76	0.7250591363003847
77	0.2091372354360134
78	0.30586598367085227
79	0.26599601516860294
80	0.473238203543785
81	0.2873227371970673
83	0.27199818230189327
84	0.5067493460428344
86	0.5537306361724887
87	0.5640475096793054
88	0.4819615780685679
89	0.035868415946440885
91	0.02351388241458868
92	0.25434176039457734
93	0.19599233298015273
95	0.02867781887275048
96	0.2588985342980106
99	0.26007477432780846
100	0.2579982497116093
101	0.5047770255875546
102	0.48542093591125657
103	0.6590272525543305
104	0.18694272683665203
106	0.22727935489236764
107	0.23172116852700045
109	0.27191809647118415
110	0.022822168646464955
111	0.25975832278661454
112	0.02692125428992624
113	0.49295623829779966
114	0.28070386971072925
117	0.5066640771426881
118	0.28579745151772856
119	0.27633241152443844
120	0.2924708065735652
121	0.034252342971500066
122	0.4919004699936041
124	0.28165474665933327
125	0.272214252679032
126	0.5366290246720425
127	0.5079451373754873
128	0.5072183433268762
129	0.25521524673975043
130	0.0010281029826004623
131	0.4831701895516687
133	0.48785972284957996
134	0.2129617146317431
135	0.4928869895133384
136	0.21845295307800217
137	0.2883585896848907
138	0.02554719894165316
139	0.2488863407215522
140	0.027758256039982172
141	0.205510013308629
142	0.5089339160940498
147	0.7269201208636621
148	0.5139017375948293
149	0.24704216903879656
150	0.05074717388425887
151	0.02215260019733618
152	0.2957755538590609
154	0.28008492206551894
155	0.48208427014633504
156	0.22630019093630738
157	0.5211897099587299
158	0.20807625175688155
159	0.24362688571923724
160	0.004946946376309134
161	0.4190541174021016
163	0.5649148456623311
165	0.4473594174776306
166	0.18984726675884442
167	0.06436306073473264
168	0.03394732337005074
169	0.25096516593296175
170	0.2237248088483967
171	0.4886402576091353
173	0.014690601059494643
174	0.27915313524403884
175	0.25643206073425584
176	0.22963794845435082
177	0.02640713188672786
178	0.2416028757872865
180	0.29067129246989565
182	0.037266924322713085
183	0.2066721560044132
185	0.2275938797445941
187	0.4904416536398069
188	0.23685669198703754
189	0.008234125337886623
190	0.4700556466708049
191	0.4859427884334493
193	0.2831264824926093
194	0.274575164576385
196	0.4170800924732885
197	0.47606484123961257
199	0.31463493252375574
203	0.42313264824867663
204	0.5485289458240139
208	0.43927098352165794
211	0.25194239946025565
212	0.5357659415642516
213	0.0013237300754876183
215	0.22030528243175823
216	0.020131486253472587
218	0.05915468748997306
219	0.23561429263573824
222	0.007411076596254829
224	0.04505514766200722
225	0.2387043043428038
226	0.003426549722380587
227	0.014552129981139656
228	0.5501474925061779
229	0.23953946858041417
230	0.027736335279981192
231	0.5435326539716249
233	0.7582750670954569
235	0.03353486246244142
237	0.2405618208216488
238	0.057940389238666096
239	0.003655976187689435
240	0.2195780074835506
241	0.565237444040678
242	0.2921299084761578
243	0.19608486100511485
244	0.008387131609007385
245	0.049543314002693475
246	0.4980252454905089
247	0.7526984822752536
248	0.04371234037072498
249	0.23436696647804156
251	0.2033280603455649
252	0.24065630006226021
253	0.016707025909681223
254	0.5237485986492939
257	0.5064717649935201
258	0.5148531529283932
260	0.28038285204660673
261	0.504709872036585
262	0.27122722046814385
264	0.05477106535824813
266	0.34698337500530635
268	0.2532209327153997
271	0.003895120645905803
273	0.543122959175058
274	0.07272714516576056
275	0.7741789058951164
276	0.23908330529304436
277	0.43802018944275445
278	0.25703557537429533
279	0.266613309764361
281	0.5822265371929486
282	0.4812770791695525
284	0.003708559025873911
287	0.24601543556864913
289	0.36853989869626996
290	0.0349298434533689
291	0.2585916410226445
294	0.46759198574112926
296	0.2665192669778449
298	0.028511816903625198
299	0.2474677577698391
300	0.09671710105613565
301	0.26323305750081644
302	0.5413524403408344
304	0.25029792150442837
306	0.720299927730008
307	0.2504636705935401
309	0.06321983228342264
310	0.4897869409861498
313	0.013691567421066413
314	0.2772803047479113
316	0.2182759281211637
317	0.05074717388425884
318	0.005056529805281696
319	0.025493288970820146
320	0.028331526190816768
322	0.2791105283427262
323	0.3009778907268639
324	0.028792410762546454
325	0.24857227404726615
326	0.29154417886710915
328	0.04424385440975473
329	0.22072063377801712
330	0.26866367015859555
331	0.2606553103455364
332	0.022236729719137475
333	0.03261558996094918
336	0.5528589319399544
337	0.7026267518840609
338	0.2271438891634169
341	0.2589196051183172
345	0.23248604863450179
346	0.2990964428449647
348	0.2733007432089153
349	0.5153256345345152
352	0.5382435086027645
353	0.49053419072378507
355	0.24012777389224477
356	0.0575324719137152
357	0.27338880438950264
358	0.010165956949232523
359	0.735204625652408
361	0.2740754386349849
363	0.2669733008632257
366	0.5165917196732175
367	0.5264123911979033
368	0.5577009758295953
369	0.7852479680858651
375	0.06960068455071365
376	0.5151118346517212
377	0.2566798617667168
381	0.2737136788539857
383	0.2629321018817486
384	0.2306121273777048
386	0.028945387096026426
387	0.016742844385257114
389	0.024454833064613272
393	0.25893659978852224
394	0.2384994902799265
395	0.24456605805559645
396	0.2791548194643034
398	0.025470790278930247
400	0.5170438464164013
403	0.04963328912904297
409	0.24818476637613546
410	0.5247926396067955
412	0.02895489503029925
413	0.7716536735344969
414	0.1904325948990963
415	0.5182665748682109
416	0.20921846897554391
417	0.025872827520771823
418	0.33929573440337
419	0.4868072373173389
420	0.005867113662037085
421	0.05619535454723742
422	0.2593838143741027
423	0.25177547196973565
426	0.24708473548767113
429	0.010014626974206346
431	0.2508842323650308
432	0.5169469350066745
433	0.23337613000961202
434	0.2557658057196392
435	0.2797575140745977
438	0.038431766133936285
439	0.5524764969068511
440	0.5091329686247407
441	0.3067695300104427
443	0.2682584942362451
444	0.03601713874357439
447	0.0045196070723109855
449	0.5252391275997668
450	0.26312766715953495
452	0.002676000844433226
453	0.24469702354802017
454	0.021841043553467953
455	0.007042563951477683
456	0.24468936436211688
457	3.162050273121386e-05
459	0.2768093353720328
461	0.31840258242773434
462	0.0020867198788274872
465	0.012543469337952577
466	0.2855419349373206
468	0.22330178715451598
469	0.0271612787037928
470	0.5099455438321644
471	0.5313278913439816
472	0.28778281621267754
473	0.02289050703742936
474	0.2553003397592179
475	0.05706683385631485
476	0.021118210897238227
477	0.25687542317788636
478	9.557838171071059e-05
481	0.49522442204519396
482	0.3081377014420693
484	0.5305675606254457
487	0.25419535224731565
488	0.507384111999512
489	0.029556811337935255
490	0.03239500627154541
492	0.2764977273229935
494	0.26458657978478956
495	0.24453170164390273
496	0.26318214261238654
497	0.25188068168045186
502	0.27544977662023834
504	0.011081236282918093
505	0.2870337826744659
506	0.03688693916832419
509	0.4295308481110261
510	0.03805694074306151
511	0.5322031450994872
512	0.047441447696834185
513	0.5347700065765266
514	0.018633441967124364
515	0.09260878039320153
516	0.03079610941414457
517	0.2944724522429561
518	0.02776309434096584
519	0.2498300978101468
520	0.2793122932127307
521	0.245654178107812
523	0.040876851114388865
525	0.021768442127462345
526	0.12038793764657288
528	0.305913666102813
529	0.2740458029548503
530	0.24873871123957064
531	0.24480617532715487
533	0.29026495737542934
536	0.5380411217285105
537	0.24055676854000385
539	0.215613930806592
540	0.5251350803813459
544	0.20789645480078695
545	0.2729166649193307
546	0.28926092271635134
549	0.011211458517215705
550	0.2788304729898934
551	0.003872105140608942
552	0.5100113700745132
554	0.7651794642515688
555	0.4583372628933499
556	0.26175474884166783
557	0.27713541164515426
558	0.22491414629779363
559	0.2439188329798396
563	0.7681766020836743
564	0.5087956685819061
565	0.263492477615715
566	0.009745174956362002
568	0.04499515818692233
570	0.1779432791919565
571	0.26176708167314455
574	0.010760787372603123
575	0.2100857627445177
576	0.29861753711734124
577	0.020295561291526487
578	0.27118034127337465
580	0.4712674541419396
582	0.4695350188990411
583	0.2510399540107706
584	0.2799902353103328
586	0.02309025384454303
587	0.04367418784476851
588	0.013416225870120275
590	0.24877971467931792
593	0.5374121424008014
594	0.23707521541601267
596	0.2828456273218466
597	0.0367067489210704
598	0.25491711832929315
599	0.005653195692906492
600	0.015491379455452356
601	0.2417379575543659
602	0.27888967883747084
603	0.2266774370897168
604	0.1959700051297936
607	0.012176874964142121
609	0.6640704153358081
610	0.02348067818766346
612	0.26208278760087705
613	0.25217187658714313
614	0.16649178352330085
615	0.0021758845312649655
616	0.7521448268104465
618	0.03448030184055652
619	0.30139591698665036
620	0.5308283592998398
621	0.2342868321305303
622	0.24678196888786608
623	0.26449043132861827
624	0.009755688381324921
625	0.03403057629220749
626	0.22182912054488885
627	0.06272590455386799
629	0.25885984775330395
631	0.012627525544615818
632	0.29838606096053955
634	0.03257596072790114
636	0.04028225039249529
637	0.035487466074994874
642	0.3062257462139595
644	0.537128097299137
645	0.002538906446671055
646	0.47107231509200476
648	0.024256477502640678
650	0.025029997448230756
653	0.03593991531551759
654	0.022252759245999298
655	0.002040498544617589
656	0.45399400624562486
657	0.4958309207860474
660	0.5059516769713263
661	0.016712876624848064
662	0.2342349747321839
663	0.26135223975227656
666	0.005188752875364324
667	0.03135609929984774
671	0.4919543205564984
672	0.45481050767518166
673	0.2844567544415106
674	0.23941528117057398
675	0.7716473651588173
676	0.006468282177840144
679	0.5233966066487831
680	0.49843175210091645
681	0.5267532290942704
682	0.044646387673634505
684	0.5146833606976926
686	0.00039644638093216944
687	0.2537469882008429
688	0.2520683375232107
689	0.5454223509081797
691	0.24892905198505172
692	0.05770434638976363
694	0.29384111291587256
695	0.5131249945132664
697	0.47260684250683577
698	0.530728053662924
699	0.026906962445595622
700	0.5595975949963972
701	0.7791306422480225
702	0.28994810456771214
703	0.3062411920976465
705	0.041317341744379094
706	0.3160705872216652
708	0.5623412740584032
709	0.012414367668921386
712	0.2897497406801971
714	0.2897125859266185
715	0.25684595570446495
716	0.23355887081747798
717	0.011337497678160894
718	0.2228429556432521
720	0.011588542485717068
721	0.01931643219812207
722	0.4859383117142856
723	0.5324535724227134
725	0.23235144365908533
727	0.010360379072569436
728	0.23303779874981417
730	0.4739857894478358
731	0.49259442546962506
732	0.058475515437033485
733	0.0014035094002802125
735	0.03820226493217886
736	0.20961740753908287
737	0.24860839851394265
738	0.2314774120133235
739	0.01721725642134118
742	0.0033863998744535426
746	0.060600992385327124
749	0.02968366464072577
750	0.5001172649347232
751	0.051525656966264856
754	0.26177234964858964
755	0.005671217257393234
756	0.020724382587914824
757	0.006042469528945087
759	0.25201450013271876
760	0.19201033195196432
761	0.2804643198054412
762	0.24789469016563948
765	0.4991823748512908
766	0.25122632178875715
769	0.4653816624057987
770	0.003436627967958031
772	0.48579733900475364
773	0.008891786338774972
774	0.07879203395008424
775	0.28026502606688397
776	0.24605738436967525
777	0.28892237744670496
779	0.0190291751333396
780	0.020179865562372272
781	0.26657882175663955
783	0.02318432894232358
785	0.3203623612692795
787	0.24130221286311634
788	0.2663636613452601
789	0.02727748650623582
791	0.2901563633054469
792	0.26304329673503046
793	0.20546949746441479
794	0.46570902678734954
796	0.04166113098195767
797	0.5916419815601045
798	0.04181282262590787
799	0.5312116224607889
801	0.24349595157309648
802	0.05251895069024634
803	0.03342071101897326
804	0.022811499953651275
807	0.27883194357450103
808	0.21180954333857455
811	0.334064543636971
812	0.00031695703451071686
813	0.23329624489105494
814	0.02818420908237898
815	0.2572932855966392
816	0.02632160075556017
817	0.028971873313585247
818	0.21378307785797562
825	0.2740618574251885
826	0.4669045610386342
827	0.02135785861816987
828	0.21044748331018262
829	0.0347815419596154
830	0.22916527692504263
831	0.2531314713359514
832	0.5195651045103968
834	0.5432270707551362
836	0.024372347574855936
837	0.21606359420717502
838	0.26349825451282793
842	0.46341377665063227
843	0.055786832385487706
844	0.506832966703709
845	0.46314224630335116
847	0.5183134525167153
848	0.2575712496216121
849	0.2888923913500479
850	0.2784924531323062
851	0.25870807043846505
852	0.049415784176038535
856	0.26131531413322867
857	0.5730042921658162
858	0.2430298320523382
859	0.25766873729487105
860	0.4895446783006383
861	0.20378166559427707
862	0.5195704692929674
863	0.06262319951741627
866	0.3883713701890364
867	0.2170920677422284
868	0.23577991950156388
871	0.03259101129060224
872	0.27948853202654567
875	0.25494803744537625
876	0.5056217911491023
877	0.2658153893567867
878	0.009280973680952903
879	0.6939764912676871
881	0.2575091675998372
882	0.0013384694843707884
884	0.5191851128066988
886	0.01592894552035064
888	0.4747625109858114
889	0.24292288105721027
891	0.4515443186927483
892	0.010561052018477773
893	0.29227079084455115
895	0.5278211989411948
896	0.015484330037482025
900	0.19178571973045327
902	0.2465407164584075
903	0.004366090396213936
904	0.21722528203107072
906	0.2693625000146476
908	0.003900069513232785
909	0.25231820727573134
910	0.217382752777915
911	0.005685868716628177
914	0.1709385506345038
915	0.5064116825766494
916	0.20100975514751712
917	0.48916343867132156
920	0.27457217893223956
921	0.25769247252145966
923	0.25019350947743263
924	0.008284619163215632
926	0.4881581828853492
927	0.02701865557128575
930	0.48692374549416173
933	0.012741546547835797
935	0.26894619923853913
936	0.26106674073024183
937	0.02344445601274665
938	0.03665412827614295
939	0.7574295438176205
941	0.2600980244835712
942	0.24697935091389336
0	0.0
0	0.0
0	0.0
0	0.0
0	0.0
0	0.0
0	0.0
0	0.0
0	0.0
0	0.0
0	0.0
0	0.0
0	0.0
0	0.0
0	0.0
0	0.0
0	0.0
0	0.0
0	0.0
0	0.0
0	0.0
0	0.0
0	0.0
0	0.0
0	0.0
0	0.0
0	0.0
0	0.0
0	0.0
0	0.0
0	0.0
0	0.0
0	0.0
0	0.0
0	0.0
0	0.0
0	0.0
0	0.0
0	0.0
0	0.0
0	0.0
0	0.0
0	0.0
0	0.0
0	0.0
0	0.0
0	0.0
0	0.0
0	0.0
0	0.0
0	0.0
0	0.0
0	0.0
0	0.0
0	0.0
0	0.0
0	0.0
0	0.0
0	0.0
0	0.0
0	0.0
0	0.0
0	0.0
0	0.0
0	0.0
0	0.0
0	0.0
0	0.0
0	0.0
0	0.0
0	0.0
0	0.0
0	0.0
0	0.0
0	0.0
0	0.0
0	0.0
0	0.0
0	0.0
0	0.0
0	0.0
0	0.0
0	0.0
0	0.0
0	0.0
0	0.0
0	0.0
0	0.0
0	0.0
0	0.0
0	0.0
0	0.0
0	0.0
0	0.0
0	0.0
0	0.0
0	0.0
0	0.0
0	0.0
0	0.0
0	0.0
0	0.0
0	0.0
0	0.0
0	0.0
0	0.0
0	0.0
0	0.0
0	0.0
0	0.0
0	0.0
0	0.0
0	0.0
0	0.0
0	0.0
0	0.0
0	0.0
0	0.0
0	0.0
0	0.0
0	0.0
0	0.0
0	0.0
0	0.0
0	0.0
0	0.0
0	0.0
0	0.0
0	0.0
0	0.0
0	0.0
0	0.0
0	0.0
0	0.0
0	0.0
0	0.0
0	0.0
0	0.0
0	0.0
0	0.0
0	0.0
0	0.0
0	0.0
0	0.0
0	0.0
0	0.0
0	0.0
0	0.0
0	0.0
0	0.0
0	0.0
0	0.0
0	0.0
0	0.0
0	0.0
0	0.0
0	0.0
0	0.0
0	0.0
0	0.0
0	0.0
0	0.0
0	0.0
0	0.0
0	0.0
0	0.0
0	0.0
0	0.0
0	0.0
0	0.0
0	0.0
0	0.0
0	0.0
0	0.0
0	0.0
0	0.0
0	0.0
0	0.0
0	0.0
0	0.0
0	0.0
0	0.0
0	0.0
0	0.0
0	0.0
0	0.0
0	0.0
0	0.0
0	0.0
0	0.0
0	0.0
0	0.0
0	0.0
0	0.0
0	0.0
0	0.0
0	0.0
0	0.0
0	0.0
0	0.0
0	0.0
0	0.0
0	0.0
0	0.0
0	0.0
0	0.0
0	0.0
0	0.0
0	0.0
0	0.0
0	0.0
0	0.0
0	0.0
0	0.0
0	0.0
0	0.0
0	0.0
0	0.0
0	0.0
0	0.0
0	0.0
0	0.0
0	0.0
0	0.0
0	0.0
0	0.0
0	0.0
0	0.0
0	0.0
0	0.0
0	0.0
0	0.0
0	0.0
0	0.0
0	0.0
0	0.0
0	0.0
0	0.0
0	0.0
0	0.0
0	0.0
0	0.0
0	0.0
0	0.0
0	0.0
0	0.0
0	0.0
0	0.0
0	0.0
0	0.0
0	0.0
0	0.0
0	0.0
0	0.0
0	0.0
0	0.0
0	0.0
0	0.0
0	0.0
0	0.0
0	0.0
0	0.0
0	0.0
0	0.0
0	0.0
0	0.0
0	0.0
0	0.0
0	0.0
0	0.0
0	0.0
0	0.0
0	0.0
0	0.0
0	0.0
0	0.0
0	0.0
0	0.0
0	0.0
0	0.0
0	0.0
0	0.0
0	0.0
0	0.0
0	0.0
0	0.0
0	0.0
0	0.0
0	0.0
0	0.0
0	0.0
0	0.0
