2	0.24549722747740096
5	0.05427834770227254
6	0.2549970782599873
7	0.29018853097225417
8	0.27556465770478955
9	0.2696761753435089
10	0.01379037978305047
11	0.2949613299268219
12	0.5008733534435931
14	0.022433649603617174
15	0.32109360801294484
17	0.2529507784367576
18	0.02593777860295292
20	0.302623995325537
22	0.00877981562441918
24	0.024049197987886368
25	0.007703334139076028
27	0.15377849348464231
28	0.5252715203215714
30	0.00685209229822949
32	0.5205937700540056
33	0.016490573362958207
35	0.5218876625051326
36	0.049582045192017005
37	0.24883017079550313
39	0.48150603207601067
41	0.3137934915928217
42	0.04114261328371036
44	0.25016032814823286
45	0.5392374531082291
46	0.04699793229707072
48	0.5111619033896552
51	0.5514697653842111
52	0.275632308047343
54	0.28005200425182714
55	0.5014461127490775
56	0.29942192540417495
57	0.30715558950680066
59	0.04076212477780691
60	0.2593510109732638
61	0.1393084878665324
62	0.019018862157891187
63	0.004261936950333372
64	0.03153756316278451
65	0.256961009933391
66	0.26248512944295066
67	0.2407646343723545
68	0.22872956289564486
69	0.06269693679937685
70	0.293242543462718
71	0.49278680243598244
76	0.2719293378802354
78	0.5266884296627788
79	0.26258372841928185
80	0.25222146279744084
81	0.2998634327000303
83	0.4988754949842345
84	0.2567171097875659
86	0.3045723527656092
87	0.30144892127313705
88	0.050107544986378025
89	0.26689671098594603
91	0.5028555372093138
92	0.023776437615102154
93	0.18816476056934892
95	0.5052358038400835
96	0.028938097507466995
97	0.04003766409961883
99	0.04167769084629061
100	0.4838550959952254
101	0.4925215853384561
102	0.029595234187878544
103	0.1941653363300806
106	0.23281777710784424
109	0.2869013535176565
110	0.23619623415518645
111	0.23762445966484158
112	0.25638756726913114
113	0.011125422735871852
114	0.48831274982100403
115	0.006040301977649185
117	0.26916153988411984
118	0.7640387072178848
119	0.04510289492340991
120	0.058559158757697856
122	0.03346010242431358
123	0.007334951757162866
124	0.2758793951580831
125	0.4828455327253743
126	0.23135505568197842
127	0.2475142976292108
128	0.5231090899141929
129	0.015408975209566418
130	0.012545750798497797
131	0.2569654419258885
133	0.5036414396968322
134	0.26289372381676845
137	0.48506236784837425
138	0.25467626441325686
139	0.049566762801143374
141	0.2428518288142739
142	0.29521166498900686
143	0.012199700429018863
145	0.2508911817164542
146	0.04295377655201245
147	0.02896797620657034
148	0.2595447827787622
149	0.24586001863612472
150	0.03164346984640578
153	0.08015688798944186
154	0.2752491678392955
156	0.022613973162864072
157	0.29170258523826054
159	0.2346391525299907
160	0.0024225593345819987
161	0.2032882476171322
163	0.48858784604701916
166	0.3356484471233809
167	0.2803750180827665
168	0.030360819398424686
169	0.3034197767645844
170	0.24110723060158243
171	0.03974509015512047
173	0.0062890673144362745
174	0.04616642166861119
175	0.019968091183665274
177	0.014625767037435376
178	0.01532993265510997
179	0.028246319814034422
180	0.25681976768217385
182	0.28090525022502655
185	0.2630546626631045
186	0.20860254720104904
187	0.029184688587870013
189	0.2657908826969469
190	0.45923742530116435
191	0.208421759964457
193	0.04952369681722145
194	0.2760119368063221
196	0.24730882195835824
197	0.4832860541152286
199	0.5423065247210248
202	0.34054240700903204
203	0.0017705666740870304
204	0.26649186076485826
205	0.15734747090401802
207	0.01373744083007242
211	0.3425419883589708
212	0.3125764955377686
213	0.003000690121424343
215	0.007152810273003983
216	0.24251339689826684
217	0.010062552218894228
218	0.2876960683062388
219	0.24213586604363144
220	0.07483054861739771
222	0.22307908392260759
223	0.2430389989289671
224	0.26799229911145095
228	0.08880187040065834
229	0.4280781256331807
230	0.2704822884539932
231	0.2783060069670488
233	0.0522008959588057
238	0.29368254330574
241	0.5390603229177872
242	0.04762762837165237
245	0.2762141411304467
246	0.2829131413594719
247	0.2932190672450275
249	0.010807415216294226
252	0.024087055716562895
253	0.01442489318946993
254	0.529525747631882
256	0.002422912740045167
257	0.23491602872433465
258	0.5112143166375196
260	0.06700977888533394
261	0.5228088695173577
263	0.03768202145829123
264	0.03628761556966238
265	0.0067285529428697255
268	0.03594944862923706
273	0.02361952284428111
274	0.5232881128273507
275	0.5315431692184645
276	0.021156157064905676
277	0.2582555428020955
278	0.29048710520359666
279	0.2837426140273233
281	0.5226689274594869
288	0.034458839341129845
289	0.6082483607928618
290	0.5068841760730264
294	0.2581580043613382
295	0.03287506424058935
296	0.023231432303432227
299	0.03920405874878206
300	0.07787771695363119
301	0.2855058593966307
302	0.11710003467135478
304	0.2826495021349102
306	0.28886608188848484
309	0.3230883544140456
310	0.4773135622242523
311	0.24862139397478886
313	0.23770421372318926
314	0.039160093433261656
317	0.03985719893021517
318	0.26963162213227354
319	0.016433763869200375
320	0.2523894561265234
322	0.0016260623662605507
323	0.040622920887564765
324	0.05456769417274395
325	0.020000712572469763
326	0.04036254873401533
328	0.04170129579500533
330	0.5111266766105755
331	0.2389236988706919
332	0.021470530902324036
334	0.04330361137355863
336	0.5144700253194959
337	0.0026452636996004662
338	0.25656254450651406
340	0.012349599626531805
343	0.03272937562437188
345	0.022709526089642138
346	0.28033959274148607
348	0.2861166899529575
349	0.06104646330201191
352	0.29849602528475444
353	0.23732298822036857
354	0.000173629337739796
356	0.29607008752223235
357	0.2417304998379961
358	0.021321930528770357
359	0.26025894915175696
362	0.0019714929172790115
363	0.027775601231600507
367	0.28782637428877866
368	0.2487468616165246
369	0.5319768055693541
371	0.2523265341890522
372	0.2554581031328157
375	0.3091493484027408
376	0.2767587215374599
379	0.01000805395787159
381	0.03326218708876587
383	0.0032764685522449176
387	0.2584445245310527
389	0.021536244497083207
393	0.03234602010357795
394	0.02071190086645201
395	0.24277863850243853
396	0.5508455932099305
397	0.045839313836160044
399	0.02367389616218727
400	0.05453139253537857
403	0.0370636118861305
409	0.025695275368638817
410	0.317455283756859
412	0.04773785373368095
413	0.28977388895165274
418	0.1584057651498731
419	0.25434645056793803
420	0.018261741442213587
421	0.5309586800457325
422	0.28988212021414655
426	0.2519190151253713
428	0.012981802596129188
431	0.255264189553333
432	0.04867267112839839
434	0.2790639747876621
435	0.2730945921027442
436	0.02965753348193737
437	0.025566009805702006
438	0.040730424842233166
439	0.02725454430634936
440	0.023604658340881345
441	0.5295371315138256
443	0.02114210480720873
446	0.30032618914750353
447	0.0016369661219963125
448	0.00775892529578167
449	0.5198226613865143
450	0.03377363498443886
451	0.27366528134349116
452	0.4828665215127924
453	0.28067328602424413
454	0.5003655229686524
455	0.29576842217932486
456	0.021444855836531034
459	0.021483809071477022
466	0.2857247633926642
468	0.007209528697711784
469	0.019111069654187515
470	0.27180836961315624
471	0.26784226538929745
472	0.520147588429397
473	0.2911359900332088
476	0.23548883971251802
477	0.2241540397033883
481	0.24526839892801888
482	0.5088917774640538
483	0.2957755538590609
484	0.2891508083443507
487	0.02473765893518466
488	0.03479130053839196
489	0.2484232644220078
490	0.02917121156756457
492	0.27531976849637324
494	0.019925734485396602
495	0.032403358037596024
496	0.06523638698074988
497	0.2590787745220324
501	0.0311202853148492
502	0.48348429045026764
503	0.038402806876054796
504	0.01758688344053916
505	0.2760883622019508
506	0.033953389545535236
507	0.26993428165656513
509	0.21435092682416654
510	0.28616928793153684
511	0.0963928998055095
512	0.016587059102435915
513	0.5138317508045642
514	0.26778139143945545
515	0.2463129805067674
516	0.2748645060320427
517	0.3106966760674616
518	0.2682454073809472
519	0.03431077235411994
520	0.29536978390951324
521	0.026227969390040146
523	0.02297956137237401
524	0.003473959221001542
525	0.019412013226575032
528	0.047632937190823496
530	0.007727087908467593
531	0.03476428121204089
533	0.2781620505033264
534	0.24626029361514593
535	0.05385839135993989
536	0.2787796546339102
537	0.012671411836084716
538	0.0179038788830643
540	0.26999680151558625
541	0.015382272983635085
544	0.22012259704051398
545	0.7439478356554372
546	0.5009333659377001
547	0.024156403464017852
548	0.22838901566943876
550	0.28663653859560034
552	0.5096290211704926
553	0.02011413489257348
554	0.5299522998672324
557	0.060165680833079625
558	0.03042780525323898
559	0.2513823591147974
563	0.5643551749174327
564	0.5270952747850772
565	0.5223208478099156
568	0.5379551847203368
574	0.007878917376532218
575	0.4995769034848705
576	0.2799285207182637
577	0.01779858207085893
578	0.5151997187489378
580	0.2439757159846946
582	0.010127524341809701
584	0.5156105928246073
585	0.23352931464267299
586	0.248278003584168
587	0.024298492883257732
588	0.010973265933292366
590	0.015269724363393168
593	0.5334062809811027
594	0.25026742369420263
596	0.5044497208737344
597	0.028380654772163116
598	0.24711047315163806
600	0.003181205592807289
601	0.23547279794068698
602	0.03933148092102236
603	0.005580155904419137
604	0.2527807104773362
607	0.005316645734901156
609	0.28958935620014326
610	0.5097198815165449
611	0.26853251497924924
612	0.21762463776130248
613	0.024925408628303024
615	0.02188746744565881
616	0.2653584688126581
618	0.03382530024555917
619	0.5136941703575021
620	0.7728328078217355
621	0.22865213295726927
622	0.019358255374278835
623	0.23552486897098684
624	0.030697228227036747
625	0.2788665366059319
627	0.059633481165453375
628	0.02429812067739998
629	0.2639393941673102
630	0.013212055471873613
632	0.28310684671441483
633	0.5130890729534731
634	0.2805166802958441
636	0.0192735618145222
637	0.03337235382580042
638	0.21711470486760318
642	0.5361720139757028
644	0.5229741777975643
646	0.2434335567304669
647	0.01939235325241563
648	0.47325610156970477
650	0.02211131607152029
651	0.4645750308534227
653	0.03391012233664452
654	0.016956935166274688
655	0.04451975200544313
657	0.06015907978662186
660	0.04734492808380155
662	0.187606248564849
663	0.49774311446907893
667	0.030068598490583295
671	0.31481064393265373
672	0.04468841841623984
673	0.27084360183844364
674	0.023826572521024672
675	0.019217840422506592
677	0.024164758431115235
678	0.17267137439005628
679	0.28278633595406055
680	0.01786907262938647
681	0.29984518933134846
682	0.041443315723588864
684	0.0429204325800078
689	0.5153725035996654
691	0.2422005816505344
692	0.04344684556928608
694	0.5238798248292844
697	0.25193861637445536
698	0.49491665656261885
700	0.29020268289840706
701	0.2885355267369668
702	0.24889647448351376
703	0.2536281992406741
705	0.5021292869801209
706	0.2807675205075889
708	0.5445275068756712
709	0.03214105569328374
712	0.5024648245616252
714	0.519480786297251
715	0.2522627959293113
716	0.01671973956103547
717	0.005528557398245464
718	0.45587782973034774
720	0.0364800322082722
721	0.26765086406520244
722	0.27720872048325035
723	0.7394105114111383
725	0.23484921849896812
726	0.23331606726711604
727	0.007925495579914912
729	0.26909986914117445
734	0.023555601427654404
735	0.03501264213245864
738	0.016512706043602166
746	0.05775936493938448
749	0.026988788109449095
750	0.2429613631064665
754	0.021016070042968467
755	0.02661250737369344
756	0.018064933871696977
761	0.25840996299432767
762	0.2383426333683395
765	0.005704808884211973
766	0.030379692661338324
769	0.03365151226461792
772	0.021589212974787775
774	0.0802473852224955
775	0.025453211429096095
776	0.01799400590354923
778	0.2371262348838938
780	0.028589427868831847
781	0.24006694125145545
782	0.2641481894371648
783	0.01957855463503588
784	0.007635585842108408
785	0.25937713883528973
786	0.05383187730959065
787	0.013738637241075373
788	0.2817783450552744
789	0.28987861634858014
790	3.88029007021215e-05
791	0.30997659427296204
792	0.04588906825476463
794	0.004613316452023914
796	0.4957081810469021
797	0.3287877010704472
798	0.28219523665860236
799	0.03779847620874874
800	0.0242981206774
801	0.2762110717908476
802	0.5285269977185477
804	0.27915735119629215
807	0.04958029246484553
810	0.011600407513673527
811	0.5102366159420709
812	0.25646002548185876
813	0.2808364684971492
814	0.014822127753975262
815	0.027898931046261274
816	0.25754970899369
818	0.20752836456849885
819	0.24372274535727403
822	0.01191378245013602
823	0.01610108553082005
825	0.5107369213673593
826	0.24770686355255803
827	0.21507381115892157
830	0.024803430499995824
831	0.2638118707005525
832	0.2813610011747306
834	0.5144851560233512
839	0.009418017373018409
842	0.002354714709249188
843	0.26786416757970144
844	0.037788202044610406
845	0.32823786168830216
847	0.26451618173218205
848	0.2550798868708992
849	0.03501264213245865
850	0.027658294135825254
851	0.036048275349813155
852	0.04679840272341411
855	0.25776047045245326
856	0.25210525898927116
857	0.32590602405077007
858	0.013874222899191744
859	0.04312963382336872
860	0.2626690977897864
862	0.2913229391412792
863	0.28308131305345263
864	0.018609810423564258
867	0.0020643179406470286
868	0.01359458328777123
869	0.26936778959092983
870	0.022447563499418625
871	0.033311503268243885
872	0.5341653228976422
873	0.02869662940777501
875	0.272632061893752
876	0.25176297410441256
877	0.039706411436902324
878	0.012885021774153696
879	0.25043042858676545
881	0.26186018685949064
884	0.013731482379624106
886	0.013001555085035886
888	0.23826148916278617
890	0.029036692752314908
891	0.0011956721995151597
892	0.012264878534675741
893	0.03982112971770869
895	0.06691318144388328
896	0.01282015658381699
897	0.26669671327300026
901	0.23327958418510325
902	0.2809955331624662
906	0.043978487020049584
907	0.018663311954080997
908	0.03462814158750708
909	0.02073144948561181
914	0.3024740943576185
915	0.26676561132790044
920	0.2791750453202279
921	0.48928257951243526
923	0.021265989670283505
924	0.005222052956994294
925	0.021585439970158687
926	0.25111282518197514
927	0.5037858839833437
929	0.004464719847639152
930	0.2551256720311022
935	0.5223890078440683
936	0.02817157907700567
937	0.004840903351385564
939	0.29118744262468926
941	0.056963903838608235
0	0.0
0	0.0
0	0.0
0	0.0
0	0.0
0	0.0
0	0.0
0	0.0
0	0.0
0	0.0
0	0.0
0	0.0
0	0.0
0	0.0
0	0.0
0	0.0
0	0.0
0	0.0
0	0.0
0	0.0
0	0.0
0	0.0
0	0.0
0	0.0
0	0.0
0	0.0
0	0.0
0	0.0
0	0.0
0	0.0
0	0.0
0	0.0
0	0.0
0	0.0
0	0.0
0	0.0
0	0.0
0	0.0
0	0.0
0	0.0
0	0.0
0	0.0
0	0.0
0	0.0
0	0.0
0	0.0
0	0.0
0	0.0
0	0.0
0	0.0
0	0.0
0	0.0
0	0.0
0	0.0
0	0.0
0	0.0
0	0.0
0	0.0
0	0.0
0	0.0
0	0.0
0	0.0
0	0.0
0	0.0
0	0.0
0	0.0
0	0.0
0	0.0
0	0.0
0	0.0
0	0.0
0	0.0
0	0.0
0	0.0
0	0.0
0	0.0
0	0.0
0	0.0
0	0.0
0	0.0
0	0.0
0	0.0
0	0.0
0	0.0
0	0.0
0	0.0
0	0.0
0	0.0
0	0.0
0	0.0
0	0.0
0	0.0
0	0.0
0	0.0
0	0.0
0	0.0
0	0.0
0	0.0
0	0.0
0	0.0
0	0.0
0	0.0
0	0.0
0	0.0
0	0.0
0	0.0
0	0.0
0	0.0
0	0.0
0	0.0
0	0.0
0	0.0
0	0.0
0	0.0
0	0.0
0	0.0
0	0.0
0	0.0
0	0.0
0	0.0
0	0.0
0	0.0
0	0.0
0	0.0
0	0.0
0	0.0
0	0.0
0	0.0
0	0.0
0	0.0
0	0.0
0	0.0
0	0.0
0	0.0
0	0.0
0	0.0
0	0.0
0	0.0
0	0.0
0	0.0
0	0.0
0	0.0
0	0.0
0	0.0
0	0.0
0	0.0
0	0.0
0	0.0
0	0.0
0	0.0
0	0.0
0	0.0
0	0.0
0	0.0
0	0.0
0	0.0
0	0.0
0	0.0
0	0.0
0	0.0
0	0.0
0	0.0
0	0.0
0	0.0
0	0.0
0	0.0
0	0.0
0	0.0
0	0.0
0	0.0
0	0.0
0	0.0
0	0.0
0	0.0
0	0.0
0	0.0
0	0.0
0	0.0
0	0.0
0	0.0
0	0.0
0	0.0
0	0.0
0	0.0
0	0.0
0	0.0
0	0.0
0	0.0
0	0.0
0	0.0
0	0.0
0	0.0
0	0.0
0	0.0
0	0.0
0	0.0
0	0.0
0	0.0
0	0.0
0	0.0
0	0.0
0	0.0
0	0.0
0	0.0
0	0.0
0	0.0
0	0.0
0	0.0
0	0.0
0	0.0
0	0.0
0	0.0
0	0.0
0	0.0
0	0.0
0	0.0
0	0.0
0	0.0
0	0.0
0	0.0
0	0.0
0	0.0
0	0.0
0	0.0
0	0.0
0	0.0
0	0.0
0	0.0
0	0.0
0	0.0
0	0.0
0	0.0
0	0.0
0	0.0
0	0.0
0	0.0
0	0.0
0	0.0
0	0.0
0	0.0
0	0.0
0	0.0
0	0.0
0	0.0
0	0.0
0	0.0
0	0.0
0	0.0
0	0.0
0	0.0
0	0.0
0	0.0
0	0.0
0	0.0
0	0.0
0	0.0
0	0.0
0	0.0
0	0.0
0	0.0
0	0.0
0	0.0
0	0.0
0	0.0
0	0.0
0	0.0
0	0.0
0	0.0
0	0.0
0	0.0
0	0.0
0	0.0
0	0.0
0	0.0
0	0.0
0	0.0
0	0.0
0	0.0
0	0.0
0	0.0
0	0.0
0	0.0
0	0.0
0	0.0
0	0.0
0	0.0
0	0.0
0	0.0
0	0.0
0	0.0
0	0.0
0	0.0
0	0.0
0	0.0
0	0.0
0	0.0
0	0.0
0	0.0
0	0.0
0	0.0
0	0.0
0	0.0
0	0.0
0	0.0
0	0.0
0	0.0
0	0.0
0	0.0
0	0.0
0	0.0
0	0.0
0	0.0
0	0.0
0	0.0
0	0.0
0	0.0
0	0.0
0	0.0
0	0.0
0	0.0
0	0.0
0	0.0
0	0.0
0	0.0
0	0.0
0	0.0
0	0.0
0	0.0
0	0.0
0	0.0
0	0.0
0	0.0
0	0.0
0	0.0
0	0.0
0	0.0
0	0.0
0	0.0
0	0.0
0	0.0
0	0.0
0	0.0
0	0.0
0	0.0
0	0.0
0	0.0
0	0.0
