1	0.02252124055127557
2	0.2766024871499938
4	0.029903782235144342
5	0.3520155209150681
6	0.26948319370099605
7	0.29979615323087455
8	0.2681442427451692
10	0.01824909312547024
12	0.02292986328870285
13	0.48906889158567113
14	0.27593514995548785
15	0.2990238384217505
17	0.024383853313829598
18	0.5307604762738379
19	0.013477261530154359
20	0.02165155975630335
21	0.5566430258359789
22	0.7635192521732322
23	0.4892082360985467
24	0.30088658736266527
25	0.018843128422140924
26	0.7506724269397865
27	0.1766812516070244
28	0.2783411725698913
29	0.4782821694665059
31	8.892307478018668e-05
32	0.28456217883937374
34	0.44223970633491405
35	0.05514916042566999
37	0.5219201851905421
38	0.038791796577696804
39	0.0547525590797946
40	0.028596871386430536
41	0.04789142937341373
42	0.29265533798775695
43	0.28156446459234896
44	0.07115649587351851
45	0.27758308111223895
46	0.282843004549458
47	0.05115793867875122
50	0.14063847167815935
51	0.038869334321881846
52	0.032623023047382974
53	0.0691034088092518
54	0.5280011740945328
55	0.2771165335507403
56	0.2895274191905504
57	0.2602985932958771
59	0.035483366109135224
60	0.2734615756157594
62	0.02882614046275046
63	0.4101178760750619
64	0.03289094492247245
66	0.02819577552066355
67	0.2527265362765021
68	0.47140090912377264
69	0.021644428029650598
70	0.2957524616825636
71	0.26699389948392116
72	0.27232242989788424
73	0.2935262421251124
74	0.5136070127421042
75	0.31699071307483645
76	0.28605476368299854
77	0.26441675970905276
79	0.5009139792595612
80	0.6086133842410165
81	0.04240897054596257
82	0.4632307546084151
84	0.27417939953966836
85	0.2558419249405293
86	0.05179167443648703
87	0.2675638736068764
88	0.5545797419454308
89	0.27750726572018425
93	0.339875782269988
94	0.24885399794826382
95	0.017785389529767655
96	0.01523184106892514
98	0.05555757369606535
99	0.274433280132015
100	0.2503505538350366
101	0.024624677769920097
102	0.2622949471276172
103	0.5498556042658497
104	0.07381057264554941
105	0.32335284270953446
106	0.025966699827112246
107	0.0561255803803128
108	0.27166130189121723
110	0.012492090602835237
111	0.047194773169024665
112	0.28696593627781475
113	0.2749595968046306
114	0.27228310488075663
115	0.012869503495638014
116	0.2297266860187502
117	0.5315641870355182
118	0.020458639016396486
119	0.2853306068765955
120	0.2807402310891861
121	0.037586641303512996
122	0.010874839267646975
123	0.26313318053210505
124	0.00813763409643805
125	0.06189038362577588
128	0.27583925943944904
129	0.49687731610527147
130	0.2720517846193349
131	0.24820449367466485
132	0.2886779024709427
133	0.24591967822447774
134	0.4922275626395107
135	0.2741176687846457
136	0.5349169898514862
137	0.010477682890981891
138	0.03725213438348406
139	0.31195650720465684
140	0.2781870673085167
142	0.5328913747586699
144	0.012201971543172305
145	0.041599663975184456
147	0.24007031082707675
148	0.030192995231616317
149	0.7838078124290297
152	0.023776437615102154
153	0.14637904875631877
154	0.2682245034553841
155	0.2046544517687235
156	0.27974472032098974
157	0.29110392482962894
158	0.49371938344397714
159	0.022186279227266157
160	0.4655008048345439
161	0.18738145056284328
162	0.2822974389771112
163	0.03547712644379545
164	0.02407145115239283
165	0.29029196524277695
167	0.4864004448483567
168	0.06116066913112285
169	0.014368114203102508
170	0.003985580665500605
171	0.05789816400973449
172	0.2643248374249767
173	0.4982441120429719
174	0.7692609186769716
176	0.2791564219939202
177	0.27387864994071304
178	0.2730593986734824
179	0.2510077945954758
182	0.26127838236157924
183	0.21831806431103934
184	0.27902418301287313
187	0.025213603040164716
188	0.27574121210685987
190	0.26198968092473196
192	0.08649808314877983
193	0.5539879573538831
194	0.28482448387898696
195	0.2452811049592373
197	0.015264345568781437
198	0.24086419547504653
199	0.24222706307283998
200	0.2820095684829937
204	0.5674057929254283
207	0.27660878107846265
208	0.281153206094892
209	0.033888001182655184
210	0.2654747442432622
211	0.028586317586367177
212	0.3293388082325484
213	0.2651054121003237
214	0.5205635333975263
215	0.4826148236271171
216	0.5441575201233695
217	0.07005832468212392
218	0.2790880809402763
219	0.24430500877082484
221	0.519278358518506
222	0.22169037969806088
223	0.03595959041943236
225	0.2522083455854728
226	0.06721699901607425
227	0.2847367299833457
228	0.2518583500603487
229	0.24920365809537298
231	0.06485703771609679
233	0.525946952687172
234	0.5152429931560272
235	0.540597389201267
236	0.2882374481276013
237	0.5190096731391554
238	0.05809169413521256
239	0.27640427948017887
240	0.5425791293111755
241	0.3883640909959484
242	0.239512423409398
243	0.25393180560067363
244	0.5228241895096037
246	0.48477277375820643
247	0.2792834064785135
248	0.0459899991563484
249	0.7240784048230015
250	0.051021382837969344
251	0.24248926799916237
252	0.5041475661347269
253	0.26987918975881575
254	0.2879032147121822
255	0.16535428386384193
256	0.3167387706849684
257	0.24333472481050977
258	0.2950254101356337
259	0.23444647318653622
260	0.31428319624397344
261	0.28440244325661057
262	0.5119203027075494
263	0.24934190611134333
265	0.01621021379858187
266	0.5309993244458766
267	0.5189202182882686
268	0.2990624399320867
269	0.2206549786305104
270	0.264885520459622
271	0.5301195274719446
272	0.041081226680297143
273	0.06902602413273617
274	0.04110137828768318
275	0.031191620674006586
276	0.9966779940754013
277	0.26048261318728405
278	0.482831623278895
280	0.49138804384653234
281	0.02371821187802392
282	0.012515700431699691
284	0.28087568185957923
285	0.04643808572838686
286	0.014155348184386119
287	0.28338141106227765
288	0.017861295307937793
289	0.14449571688106463
290	0.043757670654039196
291	0.5109583886089439
292	0.5103503286590952
293	0.04458660016266919
294	0.4907137944877167
295	0.25446101191441356
296	0.5316783899868417
297	0.02113913894445446
298	0.039510519319641384
299	0.2906415338595294
301	0.2757545895331918
302	0.0785641939109836
303	0.5017408351626792
304	0.0056414505349194205
305	0.28016210011305864
306	0.23198211995777834
308	0.26883812703804405
310	0.053875733826708766
313	0.03375312739560975
314	0.058794704278051085
315	0.2582357963120342
316	0.2276778724371483
317	0.26382595993940583
318	0.24891367260555894
319	0.286255415357484
320	0.4926995466487731
321	0.027388712900226028
322	0.03988612974028506
323	0.29973753447274615
324	0.016726559125441732
325	0.7623526310853571
326	0.03570299498158741
327	0.02017024227168753
328	0.5123923836818087
329	0.5258594657926572
330	0.01628711104783042
331	0.054401657916772705
332	0.29339046691283743
333	0.016015999922397314
334	0.22950451026433283
336	0.04686952054266073
337	0.042069039947894446
338	0.23344228555901156
339	0.48469374554713984
341	0.5432650951521579
342	0.2691406257853872
343	0.49415498386975915
344	0.48771072434340296
345	0.24599367151975898
346	0.28363559041240705
347	0.5065165440856584
348	0.27312558479774646
349	0.5588027266289519
350	0.011294892554678915
351	0.04979868820321168
352	0.5336016719671153
353	0.5559727938958744
354	0.2707293715765626
355	0.0006676305469196508
357	0.5397198924880743
358	0.05169568985398061
359	0.5027602221274741
360	0.5069173723858875
361	0.25343036075190206
362	0.5784002030004589
363	0.29797876747260904
364	0.482283864387204
365	0.008679867765340833
366	0.27506149499859467
367	0.5319373067322584
368	0.24502320125251664
369	0.31164735217974515
370	0.022574050496228928
371	0.008337379564078411
372	0.0014040547835336356
373	0.2588992755588394
374	0.21947690810898368
375	0.24041759831442963
376	0.27343066851690767
377	0.04592713501227333
378	0.5326567222655233
379	0.27749283121306595
380	0.30610528729558867
381	0.021724397554906447
382	0.02475343062262876
384	0.2630390434721757
385	0.060213163654658404
386	0.2813049617490416
387	0.05765987939340922
388	0.05309476728877023
389	0.3020362408047306
390	0.02646410250805273
392	0.4723311730522902
393	0.03522532664043948
394	0.7474712310375875
395	0.27020516430906394
397	0.2684413894786227
398	0.043545592591268834
399	0.2809254348828466
402	0.032983641364284604
403	0.050919060660877424
404	0.24935310826969934
406	0.5198108333122403
407	0.26674742484648656
408	0.039972244078206265
409	0.26568872781477215
410	0.520413757574686
411	0.2828835587020858
412	0.028001391035007407
413	0.266557405372546
414	0.549351000677042
415	0.2664960598090463
416	0.27038458910067564
417	0.5334308368337684
419	0.5329614203106123
420	0.5360768969887642
421	0.28210427508824076
422	0.02661213364822333
423	0.5118062137834951
424	0.2502486080926372
425	0.08711775726999144
426	0.5133743575606293
427	0.03717934174879708
428	0.03815104594496767
429	0.511198379032101
430	0.25078331074398014
431	0.03875437562784997
432	0.5201848766465534
433	0.4957788455870141
435	0.26803569609901035
436	0.26712901313123333
438	0.27774213810198284
439	0.05281949972755477
440	0.27404513755279314
441	0.2905677430695579
442	0.5000433328369387
443	0.5182444127412958
444	0.03420805717889602
445	0.020424012096335695
447	0.24751009643476157
449	0.5132327974129759
450	0.7651673422667464
453	0.49139600222030566
455	7.73002917987542e-05
456	0.4862733221530712
457	0.4900199197087931
458	0.2886145124742123
459	0.025325338999179797
460	0.511280960134128
461	0.2849631444160148
462	0.004305724945432399
463	0.25852313727864934
464	0.26585068441644744
465	0.26627340966983787
466	0.5213787396475076
468	0.2772161042542653
469	0.27567029891210326
470	0.2696062648184474
472	0.288609353684485
473	0.0026573232567743098
474	0.5121506308986459
476	0.031815760614662805
477	0.014745957507113317
478	0.004096119025461406
479	0.5073635644123313
480	0.2567875744141369
482	0.2578157806973727
483	0.25434176039457734
484	0.5097583341436673
485	0.34974748914433784
486	0.45865612188818083
487	0.7552054355093537
488	0.2614246440127033
490	0.2710660362694845
491	0.30132609820342493
492	0.0632555595596678
493	0.016075810716654357
495	0.2723007759364495
496	0.768479808720066
497	0.77025515356736
499	0.2511419128905712
500	0.29227573552586295
502	0.029573315470749543
503	0.05071863610985823
504	0.035139553445283155
505	0.032879813778658167
506	0.27610454564390347
507	0.024948860098943194
508	0.023106129871736464
509	0.28345929471641546
510	0.5025185915478313
511	0.3257380594967513
512	0.033925296042278945
513	0.04572257809034666
514	0.28246579322794446
516	0.2702739912200531
517	0.28087491751875
519	0.2593017392713108
520	0.5049324487179317
521	0.2548986064675173
522	0.030770168415250813
524	0.2843025221466188
525	0.49890369430420534
526	0.3070876637474981
528	0.2697758060065637
530	0.018361796527755256
531	0.7561507901016762
532	0.525353185261252
534	0.2939461076506861
536	0.502749711735988
537	0.7414347209335974
538	0.025462712815232824
540	0.26262452881378673
543	0.26636517430985673
544	0.7601453543009432
545	0.009342341342432968
546	0.03954160603341464
547	0.27249005087346656
549	0.5556363202596277
550	0.05561208232545676
551	0.2783972498135699
552	0.5272462409011966
553	0.27471841211543524
554	0.26726371834117013
555	0.2860428660275589
556	0.29842597386510145
557	0.5157400450928266
558	0.2556252753612525
559	0.019627569715871842
560	0.27388187013839743
561	0.5311175616509027
563	0.2854553134746824
564	0.033180024590518116
565	0.025897437003133652
566	0.5029570585761716
567	0.0208634366191569
568	0.2522753783795344
569	0.5216392275108945
570	0.5261273399357309
571	0.26259762800573333
573	0.5098416947460382
574	0.4724267887198871
576	0.03729946196836011
577	0.24203737290264574
578	0.2551357583869182
579	0.2149417562754146
581	0.276163621469347
582	0.5721248193323071
584	0.2861656394751258
586	0.5166573447717435
587	0.274630743231107
588	0.23400789795020338
590	0.48199192710676225
591	0.038400600872167415
592	0.25505955957990367
593	0.012759956804656712
594	0.2892270009463516
595	0.20518445905514365
596	0.03388823103560258
598	0.776267823899211
599	0.035366402780393165
600	0.3143918355819093
601	0.21663609971670222
602	0.5436259394993006
603	0.7710788518299619
605	0.48955623480224497
606	0.28531065331823896
607	0.057532652974901344
609	0.13349642669008457
610	0.2609152588843402
611	0.27542164575269873
612	0.26670217461567775
613	0.01579963747595548
614	0.3029133060030384
615	0.0053915195705778185
616	0.49867393305291785
618	0.049895049800113736
619	0.04970022289697523
620	0.029953391207107292
621	0.02201233559009355
622	0.7587479623548773
624	0.5043093288348703
625	0.04068185961491963
626	0.7636261086238331
627	0.26901185111722725
628	0.022518483982133682
630	0.03740028515247812
631	0.2559565666543467
634	0.287607372776163
635	0.5196409552955429
637	0.31434008962181603
638	0.21521306642693533
639	0.2961583353683424
640	0.2865650390424606
641	0.008919365938156884
642	0.047965857058835576
643	0.2721145065211163
645	0.2553378930386783
646	0.2519827239024315
647	0.2730335107105853
648	0.05459499173072785
649	0.04138245506018534
650	0.026662643806006844
651	0.2731068402452712
652	0.28818365047570965
653	0.3076176706608915
654	0.3043649235927286
655	0.02500414587014588
656	0.18818748676440888
657	0.27455630036502954
658	0.5160048372554568
659	0.006492060116716283
660	0.2814291873070475
661	0.5454216213285695
662	0.31038002328696485
663	0.30025904619565347
664	0.29771157557386435
665	0.26874376682613643
666	0.7672172936748455
667	0.2959033310946581
668	0.3030491603347575
669	0.06245896010524376
670	0.06525397474855214
672	0.32717217440850876
673	0.08332924765348595
674	0.7693985919613919
675	0.25131898728581
676	0.522118173036427
677	0.04265971480458516
678	0.29554807772436426
679	0.5066992650954193
680	0.047303364660589785
681	0.3332011358861359
682	0.5258919042641135
683	0.5026177875335566
684	0.29413985559200717
686	0.26645431005381504
687	0.03164992574486987
688	0.02256472169923435
689	0.0035478309663273984
691	0.7730096665107182
693	0.47262524664814515
695	0.23787960256022292
696	0.5126861400412814
697	0.5206716723835466
699	0.04385937099699591
700	0.031481558852644365
701	0.5019540529272586
702	0.06366796712581928
703	0.03259966851456787
704	0.31390558680999714
705	0.5321716585510384
706	0.0458397834976026
707	0.009580883881442528
708	0.04219210463878622
709	0.5243743676541248
710	0.271888167757853
711	0.255831938719582
712	0.2636634227725216
713	0.3061751869947442
715	0.5300528008122085
716	0.47920303201648423
717	0.5140990942149439
719	0.011717196014628
720	0.5357421894781171
721	0.016357043917884465
722	0.2277691345541379
725	0.5256121491136524
726	0.022776193141458758
727	0.7541333706057113
728	0.31246755871852094
730	0.03821680520959738
731	0.014669222266074058
732	0.05719040543414532
733	0.5231153511139022
734	0.035218183459014965
735	0.037807755770069965
736	0.5356140176220001
737	0.5385651348846937
738	0.7660880851681261
740	0.30543591051310603
741	0.2499270650578182
742	0.5176988167053945
743	0.7585193124305863
744	0.03992199649153107
745	0.24206542039348106
746	0.5218312035098659
747	0.2886769015921462
748	0.270890794907601
749	0.2627258705364671
750	0.002020633207637082
751	0.06870385701921822
752	0.08882768610228176
754	0.2740702590017153
755	0.3073783489227825
756	0.49782483431766295
757	0.5370137617493294
758	0.007845242695790969
760	0.22877402388216916
762	0.025745747874593165
763	0.038747809178348955
764	0.26965584369850637
765	0.2625170817974949
766	0.2969787442319803
767	0.2538852264836086
768	0.31816417985505635
769	0.5123025865487065
770	0.23668486625309293
772	0.283157359811879
773	0.5241586768680306
774	0.08423730579135696
776	0.2934159897520445
777	0.011722029212620982
780	0.036486268574267317
781	0.27095742326769057
783	0.06281853145668204
784	0.025123184072836865
785	0.025382598324282905
786	0.010423413807309764
787	0.514581617200755
788	0.5260580423769676
789	0.01626378836006597
790	0.2807263446238647
791	0.24708990733770073
792	0.5441937496233741
793	0.005886420234365062
794	0.25708392244216677
795	0.5239884693742147
796	0.01701045361624088
798	0.035178939033253975
800	0.033862137244150936
801	0.024860169911182523
802	0.013093833381964778
803	0.5217115490876023
804	0.046351634247419456
805	0.23060446659492184
806	0.27964660401314556
807	0.7563256118376565
808	0.5207103429424933
809	0.46289769701856937
810	0.27859950365876973
813	0.24604299548748892
814	0.512215094203701
815	0.4990681840420962
816	0.2943850832141162
817	0.2871013499209779
818	0.45841541183707757
819	0.2908412835502968
820	0.5335249133358313
821	0.025836802829402344
822	0.2556666005311641
823	0.24468370142687543
824	0.0034625681288947725
826	0.5072429204641463
827	0.04728549339181447
828	0.5239470530565129
829	0.2834225090085314
830	0.49711526294802055
831	0.2767531635977623
832	0.5250584500926755
833	0.25482159709467994
834	0.01991375683908333
835	0.48100662013621237
836	0.059590922963421764
838	0.018606285364893914
839	0.28427065215736375
840	0.014915387459677309
841	0.48826970499732464
842	0.2705508765689148
844	0.2949744238329998
845	0.2761614530015024
846	0.2471386170033636
847	0.013239598339098668
848	0.027532345833674803
849	0.03780775577006994
850	0.2701873755306557
851	0.523749896770001
852	0.5388971680878814
853	0.060609506090993304
854	0.01947023236746355
856	0.017005258425937392
857	0.03338166852987762
858	0.2464392851803395
859	0.2933533393191523
860	0.751713137129807
861	0.21595482034912114
862	0.7533580358487495
863	0.0525806713604304
864	0.02264304126782217
865	0.34446070828848524
866	0.11311892860781897
867	0.2576614081149446
868	0.7892597211945371
869	0.2824716137045024
870	0.5099577028256428
871	0.057292771277536916
872	0.03043122384175789
873	0.2237406209604273
874	0.5232769204661409
876	0.26354328691607787
877	0.2848480297056579
878	0.2701896435838094
879	0.5395029588073257
880	0.5108612720955316
881	0.2934580303531145
882	0.2870207458788541
883	0.2833706223331943
885	0.008287003399290935
886	0.30681238450098275
887	0.4789289418182101
888	0.25046990373872924
889	0.2686970156506265
891	0.49248996688854796
892	0.5297110716686094
893	0.5228523920386835
894	0.0282864584517701
895	0.28866920245304356
896	0.49387291150245355
897	0.028095970159157026
898	0.2508639822170464
899	0.015823656272581255
900	0.22430188115611022
901	0.010390000924505885
902	0.03639770032850334
903	0.027047458443931447
904	0.010705045774498642
905	0.3230809521686392
906	0.5090338640211882
907	0.0066605240531806414
908	0.2627154498546419
909	0.01328083315989938
910	0.47700910029828325
912	0.0020415971232992
913	0.2829263312346363
915	0.5480068402166486
916	0.6745656365093331
917	0.3113826694110461
918	0.03885556484611771
919	0.2710925307621853
920	0.24742556216242403
921	0.007986152696800378
922	0.3100802079168725
923	0.5099836707992951
924	0.007802377177136874
925	0.029078803587005448
926	0.4922746375353068
927	0.03946784780341818
928	0.28062849177469357
929	0.021923831459994304
930	0.2813273707734538
931	0.4896346500624132
932	0.5134602885634236
933	0.7520073482957029
934	0.2639859452411621
935	0.2761853539286691
936	0.5243729337725341
938	0.25929597771878826
939	0.5345126874055081
940	0.5032336287164489
941	0.5112224955656828
942	0.5221742845158428
943	0.053481117498345575
0	0.0
0	0.0
0	0.0
0	0.0
0	0.0
0	0.0
0	0.0
0	0.0
0	0.0
0	0.0
0	0.0
0	0.0
0	0.0
0	0.0
0	0.0
0	0.0
0	0.0
0	0.0
0	0.0
0	0.0
0	0.0
0	0.0
0	0.0
0	0.0
0	0.0
0	0.0
0	0.0
0	0.0
0	0.0
0	0.0
0	0.0
0	0.0
0	0.0
0	0.0
0	0.0
0	0.0
0	0.0
0	0.0
0	0.0
0	0.0
0	0.0
0	0.0
0	0.0
0	0.0
0	0.0
0	0.0
0	0.0
0	0.0
0	0.0
0	0.0
0	0.0
0	0.0
0	0.0
0	0.0
0	0.0
0	0.0
0	0.0
0	0.0
0	0.0
0	0.0
0	0.0
0	0.0
0	0.0
0	0.0
0	0.0
0	0.0
0	0.0
0	0.0
0	0.0
0	0.0
0	0.0
0	0.0
0	0.0
0	0.0
0	0.0
0	0.0
0	0.0
0	0.0
0	0.0
0	0.0
0	0.0
0	0.0
0	0.0
0	0.0
0	0.0
0	0.0
0	0.0
0	0.0
0	0.0
0	0.0
0	0.0
0	0.0
0	0.0
0	0.0
0	0.0
0	0.0
0	0.0
0	0.0
0	0.0
0	0.0
0	0.0
0	0.0
0	0.0
0	0.0
0	0.0
0	0.0
0	0.0
0	0.0
0	0.0
0	0.0
0	0.0
0	0.0
0	0.0
0	0.0
0	0.0
0	0.0
0	0.0
0	0.0
0	0.0
0	0.0
0	0.0
0	0.0
0	0.0
0	0.0
0	0.0
0	0.0
0	0.0
0	0.0
0	0.0
0	0.0
0	0.0
0	0.0
0	0.0
0	0.0
0	0.0
0	0.0
0	0.0
0	0.0
0	0.0
