1	0.062229586695458444
2	0.08443981443887595
4	0.2561600459095173
5	0.08264599071578696
6	0.5155404248668333
7	0.25416297107863606
8	0.2531772847492236
10	0.059742073782380334
12	0.007927888005923932
13	0.28798912194067106
14	0.0876142823002585
15	0.2830726011952837
17	0.014996496603096661
18	0.5603716915563153
19	0.23128378025801358
20	0.23007808050893666
21	0.525414900860155
23	0.2797506944230922
24	0.032912960669551725
26	0.788220329989817
27	0.165067690203645
28	0.26301448653233606
29	0.4991382498084356
31	0.034924065189038664
32	0.26940775995655275
34	0.4206869558220056
35	0.03905285759867888
37	0.5514413762539357
38	0.0539913835431966
39	0.3067003548124055
40	0.07483939063133421
42	0.2559462415902177
43	0.012761167559081889
44	0.33633813425203085
45	0.30571925142865725
46	0.2638225968532127
47	0.278471006150082
49	0.010418874386831905
50	0.39866254894962216
51	0.024011102311702878
52	0.02943837516914305
53	0.06166872502058571
54	0.2702391798064974
55	0.2621541791196168
56	0.27709133195615193
57	0.24575425426623307
59	0.023055484651961534
60	0.31483871196098784
62	0.016553053103888795
63	0.431943407530121
64	0.2510224398536149
66	0.021172555195637686
67	0.23473369292171772
68	0.44861474800916634
69	0.05268784370785551
70	0.28027323362012213
71	0.25206405107294105
72	0.01961020177340396
73	0.2806030495310351
74	0.5398624334459923
75	0.05045979443843975
76	0.27103834925266207
79	0.2597101310026891
80	0.583217227949639
81	0.2571491225550837
82	0.48289975684485853
84	0.5036158574590346
85	0.26596855270073483
86	0.04862948349476284
87	0.292837711853756
88	0.5296786005720023
89	0.028987529900275925
90	0.04940455540029014
92	0.7635192521732322
94	0.49721695810885225
95	0.24024544945950924
96	0.061613541152321566
98	0.28450604593758066
99	0.022032100214764434
100	0.22696423289659234
101	0.010524987691744554
102	0.47619170945626205
103	0.5252379502619107
104	0.3796071152450142
105	0.36845506961580077
106	0.022788107959815968
107	0.04759999659702653
108	0.29665723988353127
110	0.24164669511602402
111	0.09009494099592344
112	0.26777307228383995
113	0.30674690941195676
114	0.30971880028734344
115	0.006170217532805514
116	0.1700731303111753
117	0.5071256326774715
118	0.005540082851484485
119	0.4896508039391226
120	0.024972053612439694
122	0.0018729836660234256
128	0.26093034461319364
129	0.5183397341680482
130	0.23216773483358913
131	0.2325763338975865
132	0.32637982174076446
133	0.2322288072246495
134	0.20656604119983052
135	0.2556701788229391
136	0.5673367450947027
137	0.047389535379169054
138	0.024693920823687224
139	0.299233160214762
140	0.3144574042101732
142	0.7219446763968075
145	0.02926771571974647
147	0.22583029606964006
148	0.06754175672017582
149	0.8064478573235665
151	0.008109284287663738
152	0.00877981562441918
153	0.1380999930412157
154	0.2443555216040756
155	0.19087481505518694
156	0.2672935027996436
157	0.49167563760378996
158	0.45351780537066216
159	0.019422109657321187
160	0.48689153246267264
161	0.17733890637859637
162	0.0073860098767959785
163	0.02692961500404409
164	0.017373921142321305
165	0.26052400980546747
167	0.5014339566343685
168	0.04819385739106072
170	0.0009673806799016561
171	0.05009671787064598
172	0.303708568069964
173	0.5240517702349655
174	0.7838231981935792
175	0.004936600201468109
176	0.2610222057611201
177	0.30677781502260737
178	0.014023110659599283
179	0.023079929528425136
180	0.0381189010631676
182	0.2472095406296334
183	0.20072187271418057
184	0.08107754545570772
187	0.015533346191568168
188	0.31815735057488037
189	0.03534017659011202
190	0.24698509938309343
192	0.3038123437829903
193	0.277730569854857
194	0.4896664381996047
195	0.4893112465532131
197	0.0012985993869052276
198	0.44352773884429014
199	0.020278157705506204
200	0.30783249143407587
204	0.5428607521528958
207	0.32107952418519553
208	0.2614800232500646
210	0.3043285876956782
211	0.21500409779176768
212	0.3124440900715718
213	0.4797109629717756
214	0.532826739481538
215	0.6930822484933082
216	0.5775341228115399
217	0.061782764882035504
218	0.30599875240533037
219	0.23031520164782818
220	0.18133691368720325
221	0.2461951472416287
222	0.24992137834188238
225	0.4627073365282208
227	0.5175668399808767
228	0.23868256695080964
229	0.2355355288440752
230	0.008050346118235647
231	0.2855370609992285
233	0.27574385681592983
234	0.5316984834999762
235	0.2849929954218012
236	0.2712552345792448
237	0.2630824503565137
238	0.03050370955726154
239	0.31884124850404855
240	0.5786576178759812
241	0.37007859270023047
242	0.010349740937967124
243	0.003125219285623742
244	0.24825939717761492
246	0.2544909504895782
247	0.2635238799509693
248	0.09236756857987365
249	0.7439120401079824
250	0.01875501384023177
251	0.006095351689683462
252	0.23443778314853733
253	0.2306003745275963
254	0.27254698685251477
255	0.1446967928344002
256	0.09033778365500768
257	0.2290215958511508
258	0.28033538575094186
259	0.5395968354267526
260	0.3019242131846832
261	0.26836080840617793
262	0.4850158563365352
263	0.23127936184800552
264	0.030082814269628836
266	0.5066080035132579
267	0.3047712167844234
268	0.342948066031488
269	0.000930440544460516
270	0.489573804951682
271	0.3260603168673249
272	0.07891583335565595
273	0.05874092488850589
274	0.028679230543354667
275	0.015943014443150147
276	0.7758674552000998
277	0.24199481311929819
278	0.24612613121706495
280	0.521297892057249
281	0.007821487480207293
282	0.23581637776496484
284	0.32090262370348904
285	0.08893533085781145
286	0.23648460817578879
287	0.2642272562527401
289	0.14049912914109666
291	0.24407375454351168
292	0.2495854344374489
293	0.28776108850385135
294	0.22657878619683786
295	0.5085772633009445
296	0.24734970087380254
297	0.059236558260052405
298	0.026902431443926803
299	0.3333669911797648
301	0.26357747015926525
302	0.2822565806711483
303	0.3172386581585921
306	0.21813483698142427
308	0.07135229997876635
310	0.03804036817627235
313	0.07694272748598696
314	0.011877648782981306
315	0.5524160771937074
316	0.2145834913629105
317	0.28756665074624777
318	0.4578297786777299
319	0.2669757514357424
320	0.5108400781956384
321	0.0013005360884142808
322	0.08363906129271408
323	0.04552049001628963
325	0.76135988573963
326	0.07428469255460118
328	0.4990728426046843
329	0.306224201897895
330	0.0013376138609262449
331	0.09442363541367482
332	0.3282632973929856
333	0.22818624189466352
334	0.265239394568091
336	0.04344722434701921
337	0.03903314401774666
338	0.2697080794406929
339	0.2823231864702123
341	0.5786751939799551
342	0.027237168362072163
343	0.24032846642317007
344	0.29569960739273854
345	0.45621050695921805
346	0.2596653687764544
347	0.2674887928022388
348	0.04551401286543119
349	0.533088091154929
351	0.27181931385047675
352	0.5588958271876519
353	0.5310594575644484
354	0.3063407963805318
355	0.2467127005749233
357	0.5158248429272732
359	0.22770841444100226
360	0.5442974846679385
361	0.29371769986152657
362	0.6150398382046715
363	0.10910607447094117
364	0.5099968533987891
366	0.25643328369506174
367	0.5543127645587211
368	0.2698693942334904
369	0.29570858869258476
370	0.31219922270546774
371	0.25081857686809156
373	0.1935015189634695
375	0.26060956944615926
376	0.26098336730745453
377	0.026650550263939768
378	0.5387251325918231
379	0.5267123788360469
380	0.090800093691575
381	0.2767497925674659
382	0.017354209168987937
383	0.2122218189662432
384	0.5299605829668891
386	0.2703110300090801
387	0.10401459220836815
389	0.33747398582594296
390	0.04779837905441378
391	0.01364574655019793
392	0.7486358048554214
393	0.03187907518687235
394	0.7814813063568942
395	0.31483605548936294
397	0.3042783175692307
398	0.022589999655891792
399	0.54010796790986
402	0.0007664848686299297
403	0.038197140652706046
404	0.2790414664427549
405	0.30980890475454975
406	0.3064189256732426
407	0.2801512255873717
408	0.3497555682571077
409	0.30827866465305004
410	0.2823834115365782
411	0.26510874311858845
412	0.24072001488144337
413	0.4686645281214998
414	0.5861005151508906
415	0.24789996422789404
416	0.3169962560720979
417	0.7857452657427041
419	0.5077795128910217
420	0.5709295084870378
421	0.3113959484429324
422	0.011034238075381723
423	0.5429155225343127
424	0.4489527897720905
425	0.13011911086361394
426	0.5460263229896303
427	0.0058227373489502555
429	0.5447398346991844
430	0.2892578184929246
431	0.0355756782874012
432	0.49631067303897125
433	0.532085447754009
435	0.2442486491608601
436	0.3022405598536634
438	0.028423126421484035
439	0.04196186753714508
440	0.26153522722629163
441	0.018798846257211385
442	0.7827125128799374
443	0.4953485666730858
444	0.027222926760317553
446	0.024478847224455487
447	0.2805139946506199
448	0.11715189180177855
449	0.4908281736325004
450	0.49047346109685686
453	0.4683239295431304
456	0.5144758186696722
457	0.28959106912799937
458	0.07048337597709234
459	0.008522150437155884
460	0.7764877376117068
461	0.31599967112271665
462	0.24023411625905253
463	0.3065183878763892
464	0.5337114359237684
465	0.2417602985020077
466	0.5519948693072007
467	0.029693003052997886
468	0.2546459811531694
469	0.3073667623479132
470	0.2549675756748608
472	0.2639265790188078
474	0.5429354121720265
476	0.01925782562329739
477	0.2609514413836435
478	0.2571687840449568
479	0.5446995496681963
480	0.028407879549973244
482	0.2339733966584095
483	0.23938816532525428
484	0.5366695185797137
485	0.19700577532996894
486	0.25919879691395736
487	0.4815212903403122
488	0.30086884502339656
490	0.30795913203020087
491	0.0720484079039378
492	0.04984943494181678
493	0.010973396710340304
495	0.02920721675456584
496	0.791037291320365
497	0.4893518286730953
499	0.28779796457746026
500	0.08509497755112513
502	0.014674407904192107
504	0.032035620635819204
505	0.017850665232429647
506	0.08325019099082454
507	0.06166980641328273
509	0.3316667952311472
510	0.5248920658867731
511	0.30931291292764174
512	0.021672675785139532
513	0.02994485634349814
514	0.06373782741966616
517	0.2840258409026807
519	0.529165781267134
520	0.7071089248123782
521	0.453862384113246
522	0.02391771728324358
524	0.3186179460752231
525	0.42176728195442564
526	0.07148665299475376
528	0.29657604426511297
530	0.009170857568207607
531	0.7809383971300883
532	0.54464002694149
534	0.030689356486095113
536	0.2854109782048592
537	0.7657770628031809
538	0.013535127279444004
540	0.23888809534321975
541	0.008247186799477758
542	0.028847183260244526
543	0.06054301371443406
544	0.7986070136204816
546	0.026852262384157895
547	0.31730690648950777
549	0.2518682739899091
550	0.0516473477679214
551	0.016726742863088874
552	0.5031866130877405
553	0.30894440344380475
554	0.25289630457578677
555	0.22347267409021015
556	0.49950377083330044
557	0.7616439506312204
558	0.23707645578254868
559	0.016550462316843477
560	0.3032122449520633
561	0.5700913467977474
563	0.26987038606574426
564	0.2489351179501016
565	0.02256784031820364
566	0.5321194325277745
567	0.280336821928482
568	0.2819851765393938
569	0.5286038825188532
570	0.5584696759581254
571	0.05625925530435469
573	0.54187097743644
574	0.7453062905072989
577	0.20538093881808056
578	0.23166303224646842
580	0.22667157037300323
581	0.002958192190301856
582	0.3231061293944979
584	0.019685780679022248
586	0.24838327517853903
587	0.31430170849044814
588	0.21840029527436072
590	0.4602407237043544
591	0.03167602761611037
592	0.01918163747522545
594	0.27636116996597343
595	0.419921465503689
596	0.018524160968107068
598	0.5216560174453629
600	0.36130188355940746
601	0.19488708661868323
602	0.4962216654183537
603	0.5205883007267744
605	0.22487697381075544
606	0.29749855117982815
607	0.044220448949253144
608	0.03412080704652756
609	0.12368600540841246
610	0.23710855589855898
611	0.2630587223105747
613	0.05759122431488063
615	0.04957907455765823
616	0.5295293632690653
617	0.03598345953692201
618	0.013911753158085682
619	0.09156713869691346
620	0.01485523575387646
621	0.01902050179334011
622	0.9983849558755832
624	0.5316411969181425
626	0.7971102851256537
627	0.2977681248966743
628	0.05906725804186158
629	0.20032748592584954
631	0.5053871126456463
632	0.024921392700715285
634	0.3204672902813433
635	0.3036506003345911
636	0.0089640390191611
637	0.01277697213363458
638	0.5107691486016505
639	0.5536717896891996
640	0.24544012385618652
641	0.028290700422110737
642	0.2543230914131513
643	0.05966442954256044
645	0.29411746943957773
646	0.23781707183994813
647	0.23704569150046345
648	0.10271716229351661
650	0.28621688787601074
651	0.3115392804838814
652	0.2559544209788018
653	0.02299844266925617
654	0.11807179039390749
655	0.2432202039908366
656	0.24192627381441034
657	0.25878934945213866
658	0.2699557296742875
659	0.25155354678446107
660	0.266232249764342
661	0.5429241172143331
662	0.2911537396630296
663	0.2873516149561587
664	0.3030450656208877
665	0.27173624545346614
666	0.5646158588075674
667	0.5038443396408334
668	0.1017689521055645
669	0.060147203314581954
670	0.32485007072219063
672	0.31365460066744477
673	0.07950570083076368
674	0.509386741290978
675	0.23630652529371518
676	0.2893130865358445
678	0.00017923749276715917
679	0.533625887624228
681	0.5558118408577148
682	0.30016542539477864
683	0.5308755337398071
684	0.04986150643130874
686	0.301741248317555
687	0.25817069080239397
688	0.06828724994068244
691	0.47670147527512735
693	0.2615902980620258
695	0.2632179035984914
696	0.5485724177485933
697	0.5573596674532524
699	0.2576530528313278
700	0.016031059697973606
701	0.2555558655024372
703	0.02019307571007496
704	0.06227786176172199
705	0.25541810700095247
707	0.27340640629918106
708	0.026387356371658347
709	0.26025448696367803
710	0.3095309761777598
711	0.5035894196505233
712	0.2398289170698391
713	0.3541133478304043
715	0.25090049154465843
716	0.4562534393479353
717	0.7622620613720863
719	0.00882254875723723
720	0.5707569559082263
722	0.2138064802551561
725	0.5014477993136887
727	0.7763827775282175
728	0.29859644277655767
729	0.2116271032957302
731	0.23503415533102928
732	0.04410110025516952
733	0.5616427266336982
734	0.01480772127384846
736	0.24740906370227
737	0.5671144864866049
738	0.5679352131659754
740	0.3526398687800741
741	0.2903587731821683
742	0.2532045371466979
743	0.5572508697321561
745	0.28218733992332584
746	0.5247598817947248
747	0.0927100804819511
748	0.0674971342795464
749	0.22715464227360643
751	0.05341041557936907
752	0.13245144147710455
754	0.25589038136131115
755	0.024195730065398907
756	0.4561101356897542
757	0.33949174223024187
758	0.04819621662873181
760	0.22489980992704214
762	0.06823529895494367
764	0.2927311034880973
765	0.24845714618812964
766	0.3417523263344587
767	0.2200451969650606
769	0.23394335892926735
770	0.44963963937604073
772	0.32935457182936273
773	0.5332617813662734
774	0.07844389092449527
776	0.28084990794926656
780	0.023844716933528957
781	0.3081321269626247
783	0.10511985565451057
784	0.07157331428986917
786	0.2229956479925002
787	0.546051483235448
788	0.5570286485034931
789	0.009432544937581902
790	0.3234646566600478
791	0.23579686635788505
792	0.2882273700840368
794	0.2391752428656688
795	0.5528969815066519
796	0.052160406659080755
798	0.24508291069005012
800	0.0027228631046226325
801	0.014335236994090558
802	0.05057316900921844
803	0.45549112620823107
804	0.04275128890355637
805	0.26768215591375294
806	0.2921969333690319
807	0.7744351455675802
808	0.5528292764060897
809	0.48599175915279147
810	0.5016338659319527
813	0.2339750204960666
814	0.5358279290299648
815	0.7443897818552841
816	0.2743785365157201
817	0.015764760905057778
818	0.48943331422821895
819	0.32659509362153016
820	0.394479738215797
821	0.285925726481721
822	0.014312433922330062
823	0.2834330935149241
826	0.5438202970969144
827	0.08844245798747358
828	0.5618745612113639
829	0.24688190783265818
830	0.5304176853697641
831	0.012394072142655404
832	0.5018260156023736
833	0.0403650189761312
834	0.005307648853221835
835	0.7431181458528051
836	0.10049623554999089
837	0.24122736724597574
838	0.2434457461632584
839	0.014623038257681166
841	0.5128026549309893
842	0.31385173383885895
844	0.48493923094990626
845	0.26122320996083603
846	0.2824241603437369
847	0.004120420836528034
848	0.06431061555725624
849	0.010235449096254446
850	0.23105390765020295
851	0.5549790527521344
852	0.25671505799505956
853	0.10645872059125343
854	0.23375279584539485
856	0.007640892468720496
857	0.024124447579843514
858	0.23478512041584298
859	0.2740134429248745
860	0.7776369543003149
861	0.4537019482217303
862	0.5354294742175056
863	0.0398153929815194
864	0.010804775600110686
865	0.3926418577788851
866	0.4170332921023883
867	0.30093154704446534
868	0.5773477654949438
869	0.04229222980735668
870	0.30054804567567267
871	0.10300238568356715
872	0.026856985263885958
873	0.20681090007341185
874	0.7679036758269973
876	0.24895246991417969
877	0.032456877837892716
878	0.25823956902717005
879	0.5147604100791472
880	0.544885687644441
881	0.33496605730461665
882	0.5497265556405251
883	0.07354215692235
886	0.30721454905474976
887	0.2696365354615883
888	0.23635758799735437
889	0.2566174027890896
890	0.03977254991153363
891	0.7257775291541693
892	0.5671699739723696
893	0.2441877183398729
895	0.057705240948732535
896	0.5159076896762915
897	0.0022207267688448135
898	0.5718742876104251
899	0.06257351758149238
900	0.21303221565177077
902	0.03284180192107376
903	0.26785628748690393
904	0.24900860657489607
905	0.3730907091303546
906	0.7110419227529308
907	0.20768158342352855
908	0.3025745122674133
909	0.2049708775123237
910	0.18168869534209048
913	0.32531808795315753
914	0.19948737384560697
915	0.5802628257889321
916	0.6972171473590939
917	0.5104371665707789
918	0.08801819679221107
919	0.30981470299693026
920	0.22976384116088322
921	0.24884635124074547
922	0.10685702422451765
923	0.48636245358161834
925	0.022023259111043636
926	0.5157492254544064
927	0.026916100526525818
928	0.022789058792316283
929	0.014950651784313429
930	0.2673763922384018
931	0.5143760612528185
932	0.3190384898649067
933	0.5579142384827265
934	0.3036902620520072
935	0.2608092562569467
936	0.2556772702864813
938	0.05651500909301356
939	0.5102066742249937
940	0.2685314513890813
941	0.24996805426786503
942	0.3137149446613526
943	0.26698023474804355
0	0.0
0	0.0
0	0.0
0	0.0
0	0.0
0	0.0
0	0.0
0	0.0
0	0.0
0	0.0
0	0.0
0	0.0
0	0.0
0	0.0
0	0.0
0	0.0
0	0.0
0	0.0
0	0.0
0	0.0
0	0.0
0	0.0
0	0.0
0	0.0
0	0.0
0	0.0
0	0.0
0	0.0
0	0.0
0	0.0
0	0.0
0	0.0
0	0.0
0	0.0
0	0.0
0	0.0
0	0.0
0	0.0
0	0.0
0	0.0
0	0.0
0	0.0
0	0.0
0	0.0
0	0.0
0	0.0
0	0.0
0	0.0
0	0.0
0	0.0
0	0.0
0	0.0
0	0.0
0	0.0
0	0.0
0	0.0
0	0.0
0	0.0
0	0.0
0	0.0
0	0.0
0	0.0
0	0.0
0	0.0
0	0.0
0	0.0
0	0.0
0	0.0
0	0.0
0	0.0
0	0.0
0	0.0
0	0.0
0	0.0
0	0.0
0	0.0
0	0.0
0	0.0
0	0.0
0	0.0
0	0.0
0	0.0
0	0.0
0	0.0
0	0.0
0	0.0
0	0.0
0	0.0
0	0.0
0	0.0
0	0.0
0	0.0
0	0.0
0	0.0
0	0.0
0	0.0
0	0.0
0	0.0
0	0.0
0	0.0
0	0.0
0	0.0
0	0.0
0	0.0
0	0.0
0	0.0
0	0.0
0	0.0
0	0.0
0	0.0
0	0.0
0	0.0
0	0.0
0	0.0
0	0.0
0	0.0
0	0.0
0	0.0
0	0.0
0	0.0
0	0.0
0	0.0
0	0.0
0	0.0
0	0.0
0	0.0
0	0.0
0	0.0
0	0.0
0	0.0
0	0.0
0	0.0
0	0.0
0	0.0
0	0.0
0	0.0
0	0.0
0	0.0
0	0.0
0	0.0
0	0.0
0	0.0
0	0.0
0	0.0
0	0.0
0	0.0
0	0.0
0	0.0
0	0.0
0	0.0
0	0.0
0	0.0
0	0.0
0	0.0
0	0.0
0	0.0
0	0.0
0	0.0
0	0.0
0	0.0
0	0.0
0	0.0
0	0.0
0	0.0
0	0.0
0	0.0
0	0.0
0	0.0
0	0.0
0	0.0
0	0.0
0	0.0
0	0.0
0	0.0
0	0.0
0	0.0
0	0.0
0	0.0
0	0.0
