1	0.3252089506596674
2	0.1363513015293103
3	0.14273236920165144
4	0.20822571397091205
6	0.10806701128327918
8	0.273611029943547
9	0.010573791473483057
10	0.09096915067362675
11	0.2000760183479638
12	0.04153685727172834
13	0.5878046479871049
15	0.05835208285119358
17	0.2651932564206451
18	0.26475792151142696
21	0.3331534970892718
22	0.532085447754009
23	0.2372581750218714
26	0.5611180339204426
27	0.2913441149704101
28	0.017138059927852875
29	0.9804964837457628
31	0.24562920993703638
32	0.03885255545592259
34	0.39397419652408694
37	0.34534237504251125
38	0.09498451599192742
39	0.1494885851877443
40	0.3085777066966066
43	0.226848324932185
45	0.0818555685365564
46	0.46602962865963343
47	0.20683701550004033
50	0.3949122343528704
54	0.015979643534066536
55	0.019763201604317444
58	0.4295384903719479
60	0.06178722307137462
63	0.2533046383194653
66	0.2046897808739941
67	0.2030500474336521
68	0.198084441351521
69	0.10511841904542428
70	0.009123922345601346
71	0.2855564029013764
74	0.5219949794771226
76	0.49219846062491046
77	0.21308520999602512
79	0.006646817942684034
80	0.41936650092683014
82	0.5355512039711017
85	0.08941721270909284
87	0.0870913244227344
88	0.43255985956989834
90	0.09960351144060797
92	0.4957788455870141
94	0.4827975940117925
96	0.055256650803482035
98	0.23318237684877346
102	0.25809413090255495
103	0.4868369290240319
104	0.13844362180608727
105	0.5285976604301144
107	0.2422261717474594
108	0.17370721705432693
111	0.1422867571951499
112	0.23490806599373393
113	0.5495962925752593
114	0.3451665064268305
116	0.16221085746910396
117	0.21442348156223268
119	0.013788398734596863
122	0.2504840715284814
124	0.01831339737264385
126	0.0033014168598095237
127	0.005574889819186218
128	0.004556891687102611
129	0.4888145094200547
130	0.0012501591507315599
131	0.26661421845696154
132	0.5045994998672606
133	0.0016551821366125527
135	0.7199279265749442
136	0.47980102001198466
137	0.09704590956658649
138	0.0096565819215019
139	0.1715998753120949
140	0.26741050389346127
142	0.21966053254607218
145	0.015562595556126685
147	0.200927111940283
148	0.35663550305430736
149	0.5479681170094043
153	0.06742973764207572
154	0.22737887221566605
155	0.20646162281997735
156	0.44323649805126136
157	0.002943027671267459
160	0.2631198677345172
161	0.41876479449353365
163	0.2500051828882628
166	0.191889538343042
167	0.5258370655966358
171	0.21693096324497727
172	0.2619891566831633
173	0.5104411448828492
174	0.5149511621669531
176	0.44220882594892225
177	0.05269155249734268
178	0.008740896986245056
179	0.07267279036536156
183	0.7204155088419381
184	0.07525612131835843
185	0.011865763333180089
186	0.2459303293344576
187	0.2578833437547932
188	0.3010337875072446
190	0.00712564984184863
191	0.04389360298970156
192	0.20398446652558488
193	0.2218188540433663
194	0.22948961329896098
195	0.18851386625124678
196	0.19955624270534034
197	0.06795809506102038
199	0.026591380076095225
200	0.08599999791331447
203	0.2010507725449634
204	0.4455810639974789
207	0.0761827182378968
208	0.6760113811088186
210	0.2613837020184297
212	0.2620460253590044
213	0.21243573479129285
214	0.26237716755888146
215	0.19177669177682305
216	0.28077860817318895
218	0.2889655970220853
219	0.0009302753760827287
220	0.14409706806250552
221	0.21071080305985795
222	0.006591636166449637
225	0.6853834266985709
226	0.3545792390280076
227	0.22741502898173296
229	0.009279431150872847
233	0.2541530643813418
234	0.05587446607108522
236	0.056802001590728256
237	0.47009735496570176
239	0.27837844279770096
240	0.5035330254060711
241	0.2501897384700061
242	0.0163381110097267
244	0.448508660255047
247	0.2673981596088573
248	0.08279547913241875
249	0.7610185088857879
255	0.14170517390107204
257	0.010836430518117432
258	0.21856446456176087
259	0.4558475336387558
260	0.17961926580873563
261	0.26859710789701924
262	0.46981786195782516
263	0.4327264802578989
266	0.649763007332642
267	0.3305408252989582
268	0.3208484336722446
271	0.0716485252048738
272	0.06073200141431181
273	0.3225942883426266
275	0.02309337570607848
276	0.5184380678060222
277	0.43244196303173743
278	0.022944857179632898
280	0.29562761050003006
282	0.25765986921858103
283	0.4566183585963029
284	0.5036520256961177
285	0.07520481467026795
287	0.2247707293747267
288	0.23120388108970436
291	0.21328188577130458
295	0.315841295311652
297	0.04365097773178979
299	0.3052054072092173
300	0.09492851287757326
301	0.19456014763949783
303	0.5164804216577227
304	0.2530975823784823
305	0.16327632455498234
306	0.185339948692349
308	0.057570292605704995
315	0.4695635425591154
316	0.2121600398974096
317	0.3026751299294546
318	0.20022246832107124
319	0.2344001714649914
320	0.5362426217744575
321	0.07420931846359463
322	0.10003052415395393
325	0.3207270101993351
327	0.009622257427580924
328	0.0666936797954335
329	0.06908149504362529
331	0.14821659840745005
332	0.30311825699365447
334	0.040845471379428684
338	0.291839641962579
339	0.23989833374309638
341	0.7784867844957052
342	0.011695794577837614
343	0.1992634395403366
344	0.2598596985997743
347	0.23821937657665726
349	0.49334648882440874
350	0.45690570005328496
352	0.2935751368121123
353	0.4906278000002057
354	0.2595164515268642
355	0.24354437744632046
357	0.233800405051399
359	0.23862598626355314
360	0.5465346813100793
361	0.052538668542725986
362	0.31500400936056405
364	0.4916988724906159
366	0.4666277137149071
367	0.30947118793336514
368	0.3718757644765355
369	0.031298764715425455
370	0.03963051365307368
375	0.27926390570432996
377	0.2656587720599173
378	0.3084333906028538
379	0.051775139469840456
380	0.0739750335266261
381	0.34365096983356863
382	0.42265848662042504
384	0.5675627410452119
385	0.12190766722862273
386	0.2568383779824896
389	0.07565206388944674
391	0.23271208113074085
392	0.48398694999447145
393	0.00396922382181987
394	0.33500168182359114
395	0.33691114794069654
397	0.28432036053609777
399	0.05515049683999129
401	0.24943355526494915
404	0.5110423669251688
406	0.04975629523925819
407	0.04377532566877135
408	0.0888189089567052
409	0.3235517785360576
410	0.23721889645514505
413	0.01628419616417498
414	0.5352404758714286
415	0.4431176924294752
416	0.3033138865714175
417	0.4879606301534532
419	0.2382920413874198
420	0.2802420022674926
421	0.024278101876527597
422	0.03998715497684221
423	0.2538521481931133
424	0.39832547751511177
425	0.32625464479904287
426	0.3256811805513704
429	0.4874618551761909
430	0.247741138298424
431	0.004966552138435373
432	0.2184644295202568
434	0.0226322075566101
435	0.2306670425136938
436	0.2553668440001066
439	0.29716790406666466
442	0.5007636010515852
443	0.21262023726348994
444	0.23976027448242818
447	0.2651752257198593
449	0.18376500782138525
450	0.21187855485157903
453	0.17842396458127155
456	0.29590855292019647
457	0.2831787428207832
458	0.05600512605218234
460	0.26320057961812515
461	0.2631813618390206
462	0.0027076181306286626
463	0.2746230085339415
464	0.4875397990797029
466	0.2456394185380182
467	0.07940055230161197
469	0.04862915789418817
471	0.05270294780074565
472	0.009723129980682838
474	0.24816904211165206
477	0.25981943696281684
478	0.0001374008770162194
479	0.2663124500244083
480	0.012304918211300829
481	0.04970228896885957
483	0.23337613000961202
484	0.30735826756417806
485	0.18223317795186136
486	0.011011667999335985
487	0.45483761373392073
488	0.2993605698078838
490	0.05843649201749843
491	0.05782551701637422
495	0.01759798309390631
496	0.5018097171543235
497	0.20138808597152985
498	0.30863023115611543
499	0.3095855560902797
500	0.31042063165946043
505	0.02020193980847608
506	0.10587413206886212
507	0.044155850161336524
509	0.18018189395770784
510	0.5145528872726799
511	0.23842966793875617
513	0.05935022002638069
519	0.04694673095401932
520	0.14730554528200568
522	0.44934478989369875
524	0.3116406440418084
526	0.2569913204985635
528	0.3113513304729256
529	0.031659975939802985
530	0.2511057474126209
531	0.5173392832752202
532	0.3224968133385234
536	0.09212099899614892
537	0.512595363239442
538	0.016257708868084683
539	0.2687476595052795
542	0.22723797573699178
543	0.053579133917360335
544	0.5720625645284483
547	0.27989456742451196
548	0.13670238374549057
551	0.21081474729152808
552	0.21716619047844882
553	0.28665595257116694
555	0.22066173926812327
557	0.30595224677203486
558	0.44704273509054326
560	0.5495338749454397
561	0.5371199565987709
563	0.016883680469051067
564	0.02619616048467982
566	0.5161873457474465
567	0.29191244602620725
568	0.015193257810069749
569	0.04165629015722815
570	0.5394828457797076
571	0.050358624486678175
572	0.008162737301076438
573	0.5029159910640026
574	0.28385180426902124
577	0.019633587183737117
579	0.26352728192666425
581	0.19708174444932183
582	0.013563525661991892
585	0.29064071387865764
586	0.005241759031036387
587	0.27121703463389013
590	0.16952948492065623
591	0.21712322582252835
595	0.15841741373049953
598	0.23941000271802318
599	0.0050465897804630525
600	0.323885567986273
602	0.015775638727978922
603	0.5143565244838431
606	0.11801882165019462
607	0.007272701051964051
608	0.01840464645686129
609	0.12350084064517819
613	0.32424121600494116
615	0.30153865398940527
616	0.3145959681674909
617	0.1340855527195589
621	0.04171569680622647
622	0.5170644409901585
624	0.5171723603688295
626	0.5527400054124402
627	0.25168015570297386
628	0.04165629015722815
631	0.20224392876329095
634	0.050450222552247
635	0.2580356003083512
638	0.06275445255406178
639	0.0935160159995117
643	0.08133843262253967
645	0.04291312170094394
651	0.1288552809281398
656	0.5053945299175371
657	0.4926362098756607
658	0.2276917845636743
659	0.28582305058536267
660	0.245164635256914
661	0.07368179436159297
662	0.4822923710015704
664	0.29312062781947645
665	0.08881455430702835
666	0.2800903106172764
668	0.15447322938221056
669	0.09440591084676052
670	0.08555903606550877
671	0.029544551988534548
672	0.21237702147881538
673	0.008562332024771871
674	0.2434789136213828
675	0.25037354745777923
676	0.301925229633369
679	0.3025582117365653
681	0.04500515019790062
682	0.2683172878394007
683	0.041620033696264505
686	0.4928409059982539
687	0.25582817041697126
688	0.29931135505396306
690	0.001167825081087398
691	0.20340084537864517
693	0.5543358706769947
695	0.48942708091827275
696	0.2659993897370932
697	0.354637578841582
701	0.019588922144583368
704	0.2757030339056912
707	0.30486452459802665
709	0.19625584476798447
710	0.508607770099228
711	0.3155039038359699
713	0.3162012098621021
716	0.18939481211642162
717	0.528930878558334
720	0.26348889308872914
725	0.22154226181030803
727	0.3558537633932473
728	0.011980402070337515
731	0.23946477913774852
733	0.27304727157552366
736	0.14968915695054275
737	0.4932402936626086
738	0.5747607417931294
740	0.3140908711155066
741	0.2847433539166395
742	0.21583387305375792
743	0.5437265970878489
745	0.4525677206709391
746	0.09536531170899022
747	0.11324038524307792
748	0.05203908300282894
749	0.03358364374418822
752	0.11510918731227013
754	0.22069806158024535
757	0.09155308698285183
758	0.31628302057636487
761	0.05838012769093208
765	0.27551807734549916
766	0.08531322999973276
767	0.23903680283201809
769	0.20930208085524038
770	0.18817080055397228
772	0.09035098833008318
773	0.06263921155660279
775	0.033003695822925026
776	0.23238566640563554
781	0.07877520832687761
783	0.08913543700410592
784	0.06414156821256511
787	0.2661550988727142
788	0.3093494332615161
790	0.5787200709249755
794	0.43458871054898784
795	0.28332025278103923
796	0.10307597890215872
801	0.2467704692071359
802	0.06443391445674806
805	0.5049935536742611
806	0.056831588290500314
807	0.5062355069894312
808	0.7595233941196542
809	0.2950632944953034
812	0.010831091511834041
814	0.5145620802178009
815	0.5455012603213326
816	0.24260014377027822
817	0.25105196502034677
818	0.28938956265081306
819	0.07678379916267283
820	0.3487785947629697
821	0.06747331439787944
822	0.22527247923059637
823	0.2905565482946224
826	0.33758378319452936
827	0.3790042496839582
828	0.29595273361309943
830	0.5273969634557174
832	0.213915626500987
833	0.27252312191274464
835	0.5083605566125686
836	0.3091268225803069
838	0.01508005904714782
841	0.29492544313918617
842	0.579349691179972
844	0.2592905599509584
845	0.14999648727788387
846	0.04613066783770538
847	0.008924039814690539
848	0.34427544925036774
851	0.25746948963904803
853	0.09452033755067014
854	0.19690194041979459
855	0.20859089588573787
856	0.013299213930691244
857	0.23134460857187464
858	0.21906384269290302
859	0.4646349490877702
860	0.5260380418264179
861	0.3861727523279276
862	0.30523392181348297
865	0.3573639471660621
866	0.3903143758643187
867	0.06640924209867899
868	0.28740779495697594
870	0.05672026708930403
871	0.30879392493402374
873	0.17609952103075122
874	0.2710859071814922
878	0.19890072804039727
879	0.4565042112857625
880	0.26552219276458944
881	0.06184292678799422
882	0.321420429202891
883	0.3106019398833623
884	0.4372545352508206
885	0.080295795201562
887	0.0886775003439543
888	0.23827738597863088
890	0.2808678651306386
891	0.4232302789301316
892	0.2795917695186344
896	0.09508853584715365
898	0.2461117878744981
900	0.26359208190623734
901	0.059426008113911105
904	0.460725435624285
905	0.3356939418642514
906	0.21244629212174035
907	0.22757903227250695
908	0.05255185354961471
909	0.2551238551578277
910	0.391768739092968
911	0.026524632339267024
913	0.536305086048758
914	0.17303440500527503
915	0.5684653729200378
916	0.45535877505860434
917	0.48890244085699974
918	0.08189768293646904
919	0.2661077173236884
920	0.19756959638118643
923	0.21250174900710697
926	0.5294644251896901
928	0.19539869483850564
929	0.17896383418581882
930	0.2500187899834572
931	0.4961772438012092
932	0.07382890774790252
933	0.2687012403907738
934	0.5006773274518559
935	0.014752490512057306
936	0.011192834144757961
938	0.040416714162254244
939	0.45144509235562097
940	0.22513251241202542
941	0.002730026563999899
942	0.3016851867739323
0	0.0
0	0.0
0	0.0
0	0.0
0	0.0
0	0.0
0	0.0
0	0.0
0	0.0
0	0.0
0	0.0
0	0.0
0	0.0
0	0.0
0	0.0
0	0.0
0	0.0
0	0.0
0	0.0
0	0.0
0	0.0
0	0.0
0	0.0
0	0.0
0	0.0
0	0.0
0	0.0
0	0.0
0	0.0
0	0.0
0	0.0
0	0.0
0	0.0
0	0.0
0	0.0
0	0.0
0	0.0
0	0.0
0	0.0
0	0.0
0	0.0
0	0.0
0	0.0
0	0.0
0	0.0
0	0.0
0	0.0
0	0.0
0	0.0
0	0.0
0	0.0
0	0.0
0	0.0
0	0.0
0	0.0
0	0.0
0	0.0
0	0.0
0	0.0
0	0.0
0	0.0
0	0.0
0	0.0
0	0.0
0	0.0
0	0.0
0	0.0
0	0.0
0	0.0
0	0.0
0	0.0
0	0.0
0	0.0
0	0.0
0	0.0
0	0.0
0	0.0
0	0.0
0	0.0
0	0.0
0	0.0
0	0.0
0	0.0
0	0.0
0	0.0
0	0.0
0	0.0
0	0.0
0	0.0
0	0.0
0	0.0
0	0.0
0	0.0
0	0.0
0	0.0
0	0.0
0	0.0
0	0.0
0	0.0
0	0.0
0	0.0
0	0.0
0	0.0
0	0.0
0	0.0
0	0.0
0	0.0
0	0.0
0	0.0
0	0.0
0	0.0
0	0.0
0	0.0
0	0.0
0	0.0
0	0.0
0	0.0
0	0.0
0	0.0
0	0.0
0	0.0
0	0.0
0	0.0
0	0.0
0	0.0
0	0.0
0	0.0
0	0.0
0	0.0
0	0.0
0	0.0
0	0.0
0	0.0
0	0.0
0	0.0
0	0.0
0	0.0
0	0.0
0	0.0
0	0.0
0	0.0
0	0.0
0	0.0
0	0.0
0	0.0
0	0.0
0	0.0
0	0.0
0	0.0
0	0.0
0	0.0
0	0.0
0	0.0
0	0.0
0	0.0
0	0.0
0	0.0
0	0.0
0	0.0
0	0.0
0	0.0
0	0.0
0	0.0
0	0.0
0	0.0
0	0.0
0	0.0
0	0.0
0	0.0
0	0.0
0	0.0
0	0.0
0	0.0
0	0.0
0	0.0
0	0.0
0	0.0
0	0.0
0	0.0
0	0.0
0	0.0
0	0.0
0	0.0
0	0.0
0	0.0
0	0.0
0	0.0
0	0.0
0	0.0
0	0.0
0	0.0
0	0.0
0	0.0
0	0.0
0	0.0
0	0.0
0	0.0
0	0.0
0	0.0
0	0.0
0	0.0
0	0.0
0	0.0
0	0.0
0	0.0
0	0.0
0	0.0
0	0.0
0	0.0
0	0.0
0	0.0
0	0.0
0	0.0
0	0.0
0	0.0
0	0.0
0	0.0
0	0.0
0	0.0
0	0.0
0	0.0
0	0.0
0	0.0
0	0.0
0	0.0
0	0.0
0	0.0
0	0.0
0	0.0
0	0.0
0	0.0
0	0.0
0	0.0
0	0.0
0	0.0
0	0.0
0	0.0
0	0.0
0	0.0
0	0.0
0	0.0
0	0.0
0	0.0
0	0.0
0	0.0
0	0.0
0	0.0
0	0.0
0	0.0
0	0.0
0	0.0
0	0.0
0	0.0
0	0.0
0	0.0
0	0.0
0	0.0
0	0.0
0	0.0
0	0.0
0	0.0
0	0.0
0	0.0
0	0.0
0	0.0
0	0.0
0	0.0
0	0.0
0	0.0
0	0.0
0	0.0
0	0.0
0	0.0
0	0.0
0	0.0
0	0.0
0	0.0
0	0.0
0	0.0
0	0.0
0	0.0
0	0.0
0	0.0
0	0.0
0	0.0
0	0.0
0	0.0
0	0.0
0	0.0
0	0.0
0	0.0
0	0.0
0	0.0
0	0.0
0	0.0
0	0.0
0	0.0
0	0.0
0	0.0
0	0.0
0	0.0
0	0.0
0	0.0
0	0.0
0	0.0
0	0.0
0	0.0
0	0.0
0	0.0
0	0.0
0	0.0
0	0.0
0	0.0
0	0.0
0	0.0
0	0.0
0	0.0
0	0.0
0	0.0
0	0.0
0	0.0
0	0.0
0	0.0
0	0.0
0	0.0
0	0.0
0	0.0
0	0.0
0	0.0
0	0.0
0	0.0
0	0.0
0	0.0
0	0.0
0	0.0
0	0.0
0	0.0
0	0.0
0	0.0
0	0.0
0	0.0
0	0.0
0	0.0
0	0.0
0	0.0
0	0.0
0	0.0
0	0.0
0	0.0
0	0.0
0	0.0
0	0.0
0	0.0
0	0.0
0	0.0
0	0.0
0	0.0
0	0.0
