1	0.32933945589677754
2	0.07233549447644809
3	0.16807763489656077
4	0.22937273015999218
5	0.2507103917795652
8	0.025990501166159002
10	0.31397757605838794
13	0.7856547696611289
14	0.2712756351999256
18	0.5314821293517799
21	0.36563816240804037
22	0.3172386581585921
23	0.7632398665668723
24	0.26488490911175355
25	0.26944877749623736
26	0.3406446798125631
29	0.5162034293076124
30	0.07081204067037625
31	0.02330799863458423
33	0.03062522251121671
34	0.4405704735639731
37	0.32138835441063873
38	0.29854938381655644
40	0.3076090131517961
43	0.2656939149827636
44	0.10592695762893284
46	0.0020750064336555255
47	0.24237571271534383
53	0.03902129810737115
57	0.002575571852295011
58	0.5067486498729583
59	0.263504518803074
60	0.31102004255230253
62	0.04079620943695852
63	0.21095304101310594
64	0.005007086861178782
65	0.038063114674859684
66	0.0005969623385623096
70	0.0032005707443261214
72	0.4782244956321293
73	0.27204491105177564
74	0.5557646369277589
75	0.2588463384359053
76	0.03574886655003917
80	0.06958854321404627
82	0.5980712078231158
85	0.03838571386711505
88	0.024912168462534218
90	0.32528298011772794
92	0.5017408351626792
93	0.08690504958702182
94	0.502770423902388
96	0.03820869500149515
98	0.2818670701730694
100	0.056942165454876306
102	0.02774782575821713
103	0.08346519629191769
104	0.11146280491445507
105	0.606523519205926
106	0.0797642322560772
107	0.27371997403349985
108	0.2169615636912199
109	0.029819625600383412
112	0.26076583505450923
113	0.0839338700527204
114	0.09429319856721471
115	0.24643784578191943
116	0.4586602489035161
117	0.009080026571821082
121	0.04749930449970447
122	0.017641141444162456
123	0.24359590448031765
129	0.3094011298159889
131	0.03555369669033457
132	0.5582143034765439
135	0.2582036657402652
136	0.5495042026316626
138	0.29304102278862276
139	0.005306859352402868
140	0.5355264551630199
141	0.06567741664104815
143	0.02575788683465556
145	0.04952162011596381
149	0.30278416735171193
153	0.36406679135934455
156	0.26210771401985666
158	0.0022931196151221717
159	0.05829885358403687
160	0.03585041398522466
162	0.22549661210560906
164	0.2489580670750961
167	0.27060989072001884
168	0.032736508831259205
170	0.05655369834707427
171	0.028784382211493056
172	0.5513616652340096
173	0.5437704432487975
174	0.5068455996908142
176	0.03093228736032401
177	0.05700544465531799
178	0.24907174120730352
179	0.26805498990541377
183	0.2926482971694791
184	0.527452179979781
186	0.32021126619419416
188	0.5549013048868422
192	0.05608199340392021
193	0.22156040554532974
194	0.007552910080633468
195	0.2512873182551122
200	0.2819334508417516
201	0.0066725842913868474
204	0.005870083273709033
206	0.36933150409247073
207	0.2886160600656724
208	0.27499730172637893
210	0.5419780985521933
213	0.008992507851714848
214	0.5007148175259362
216	0.2971127739742119
217	0.27457818298101
218	0.2848837288076114
219	0.03904529110232304
221	0.2402842821777726
222	0.01159426964007737
225	0.24814826567370202
226	0.31959622421502776
227	0.2691313522430735
232	0.10857003135396442
234	0.5202409055448893
235	0.21642814661120494
236	0.2974931327532129
237	0.4939237605225253
238	0.0062692829905576924
239	0.5373098490878436
240	0.5593902109635083
243	0.281289484776458
244	0.4725055650554469
248	0.07921026918334334
249	0.5373970931749389
250	0.006297321509689369
252	0.24485791890268974
253	0.015074740363830885
254	0.01595058779185724
255	0.22417240176090103
256	0.07876004628578392
257	0.04156189168308779
259	0.7198864385534931
260	0.23307297270844393
262	0.21963997110557731
263	0.23621679802580844
264	0.05212586816883841
266	0.24445485024903874
267	0.7793880136253586
268	0.5420559835794515
269	0.46707302784188426
270	0.001143352058719356
271	0.5186070294704178
272	0.3298087455287938
276	0.5097302951469083
277	0.018167222000322558
280	0.2682593700946738
283	0.03832218954540903
284	0.5270707077676012
285	0.36271680710524196
286	0.234459304337411
287	0.27439225304929266
288	0.00825490525373862
291	0.47819482800785595
292	0.4972255000728326
295	0.056610637092320816
296	0.26157841570592993
297	0.3191018598672658
298	0.2796242583131134
299	0.5389208451576118
301	0.24009115627669708
305	0.253141850959896
308	0.519047195265226
312	0.07180261089367154
313	0.10039776308294335
315	0.2634480560024217
316	0.3421961478076264
317	0.03990266876431955
319	0.2564666196580418
320	0.3014674144713164
321	0.29939534915447463
322	0.07569423261277827
325	0.2856830029743639
327	0.24046965018250438
328	0.024936902433697693
329	0.5516819237360298
331	0.11998224667752286
332	0.3113471702285421
333	0.2355649568160663
334	0.26354807748649944
335	0.06183532057574524
338	0.3101585880139579
339	0.726249335432279
341	0.3374524915638134
342	0.26154916215184465
343	0.460504215202994
344	0.47802194197002335
345	0.2727254228463911
346	0.016181165270011642
347	0.72124090921424
349	0.022059837263050483
350	0.2895017187586232
351	0.28534789946948047
352	0.2726999934493231
353	0.050036497606767184
354	0.5454546626100705
357	0.030757440200745605
358	0.24021082778757483
360	0.5641704137625808
361	0.27825033930057985
362	0.5532067795939565
363	0.0592047881874028
364	0.5489693852979791
366	0.010587246273024944
367	0.05734149743430727
370	0.28468739391572284
372	0.027153573249986317
374	0.19739605551098485
375	0.00022942047595179288
378	0.5211370106301225
379	0.31924574910449854
380	0.5431755399133729
382	0.5087982270639019
384	0.30761812323082344
385	0.5809327230961698
386	0.5368120812649763
387	0.10487463627419452
388	0.06693706345302011
389	0.32702589954570765
390	0.29036360204945294
391	0.04022981328703035
392	0.26168859407843686
393	0.2681112692948247
394	0.27738027619781985
395	0.32307275305430966
397	0.5259038426487556
398	0.0007246683799709552
399	0.306339147849681
401	0.27421469333571424
402	0.2555092932003706
403	0.03798643623992994
404	0.3210188806134529
406	0.27266221130656965
407	0.520950171123105
408	0.06821518142011204
409	0.5519347115450794
411	0.24965008127819732
412	0.0002670490082189031
414	0.5664436224704841
415	0.2360863487296042
416	0.2873772556172942
417	0.507338808667931
419	0.021877819741540863
420	0.5432594968051955
421	0.029172194689018764
423	0.2702909040138995
424	0.5173522941299534
425	0.3633056050436938
426	0.3135774279925494
428	0.30711815876921994
429	0.7599176360233457
430	0.5430621652567802
431	0.03354213406384247
433	0.5164804216577227
435	0.2760268953645033
436	0.521836417830596
438	0.2224700698053912
439	0.004039777184378465
440	0.25042582279640957
442	0.5190073505360456
443	0.2398784604167249
444	0.26659563986720464
445	0.2617841351871509
446	0.044140806422575715
447	0.27215515589899086
449	0.0003946544439614383
450	0.47285907054402615
451	0.04401167454669905
455	0.007264729038836376
456	0.2881907669434409
457	0.48497111080370064
458	0.5362710359439591
460	0.5310975871621217
461	0.28584342768222204
462	0.031666270891087284
463	0.5716583497961336
464	0.2756801649016395
465	0.4779194810173255
466	0.2617051715541974
467	0.052530402621292764
469	0.3070322659202765
474	0.5275936846307809
475	0.009740770679001691
476	0.04879914344956658
479	0.2773607174327665
480	0.48806279126645014
481	0.07700870938201895
484	0.28568293476310125
485	0.5942415168814759
486	0.4550455607425424
487	0.47186338280893114
488	0.28857483326558275
490	0.3167036183520617
491	0.5600564849458397
492	0.04356670706495628
493	0.030903940796737556
495	0.24405860014122147
496	0.26640535267713805
497	0.22887176490811137
498	0.32328387528041275
499	0.32947290759042036
500	0.7918653711502677
501	0.26844628804849746
504	0.2627931696602741
505	0.033421826086263276
506	0.2903169938895876
507	0.04941456242934255
508	0.2511796926688169
510	0.25110256816241344
512	0.016663419844917232
514	0.0604755760018268
516	0.2382670338653852
519	0.029414008614507228
522	0.5147366405241358
524	0.32100617177627766
526	0.3054884993297964
527	0.021176807380519358
528	0.041594974541468877
530	0.03204364127619196
531	0.5277352268433972
532	0.5251435858829694
534	0.010571157475651974
536	0.03534984868830796
537	0.2879005674237208
538	0.28958136144940283
542	0.5108259947234459
543	0.5410052015726572
544	0.3298498387109408
547	0.542925863815316
548	0.3512333721667894
549	0.47215792767018994
550	0.008617656311721802
551	0.7310985747068692
552	0.01443094243759415
553	0.547062366354195
555	0.006469542127188935
556	0.014884165460091407
557	0.02540564872219741
558	0.008838357451875431
559	0.04085572653459957
560	0.5652591941652882
561	0.797314189220783
562	0.03749178530087371
565	0.01697605335717272
566	0.555174685163479
567	0.539070256776377
568	0.019140753501667288
569	0.2685877905625421
570	0.5840193104004474
571	0.5146844951254805
573	0.7826143564119349
574	0.03797110944687049
576	0.005362919577498057
579	0.5034973693896991
581	0.480155679296325
582	0.27097955527615425
586	0.26435539619253995
587	0.2853202112753655
590	0.25549238210266006
591	0.5283531151643335
592	0.21093971921582205
594	0.022512806749975217
595	0.19997547435157645
598	0.24452790133725105
600	0.3081654584056244
602	0.013827449950666128
603	0.5230691990399964
605	0.20573507369368768
606	0.3098815874783541
607	0.04837039454021717
608	0.2655233790001994
611	0.25222191809101485
612	0.013812190483648235
613	0.3359433738513503
614	0.038476414225953756
615	0.551670603347118
616	0.04870434483695632
617	0.36099216335766704
621	0.3071832888882985
622	0.2968918337627074
623	0.07138909265414847
624	0.5235996138460242
625	0.25502741021323877
626	0.5743665649459553
627	0.5185845446657337
628	0.3009215712552278
631	0.02141702622395486
634	0.29632568040457546
635	0.7469923229610708
637	0.01685012924074456
639	0.3409723492454457
640	0.2510885382366594
641	0.2755642803960073
643	0.282490395984332
645	0.3095251369919255
647	0.24841703923243383
648	0.11283153192207894
649	0.2749813002059733
650	0.08560628316746015
651	0.11424511846949391
652	0.49556690565529604
653	0.25278219570231186
654	0.32155836684721417
656	0.21607140222431195
657	0.009199284079884185
658	0.7394073894696618
659	0.29679915816255
660	0.26685925077944667
661	0.29980890936968757
662	0.0706299147179098
663	0.017949284012513146
664	0.5468922083793168
665	0.05878881564314061
666	0.7572061656672822
667	0.25201083805288627
668	0.1010317217912021
669	0.5239923727857462
670	0.3396607536701561
672	0.03889782443163791
673	0.02458819139788792
674	0.47934941017008703
676	0.3059244265510613
677	0.2501405160351637
678	0.04351911622026668
679	0.02925409987638418
682	0.505701132701299
683	0.27376759145570695
686	0.5376772066489512
688	0.04425733986283918
690	0.2681937747420883
691	0.2437911987963459
693	0.5267262991732103
695	0.055429583833079506
696	0.5366307305037887
697	0.3277536885232542
699	0.2621793193907212
704	0.5408148669521555
705	0.0003459996625071321
707	0.55322697353108
709	0.46490909384508006
710	0.7752982815220595
711	0.34165861008477877
713	0.5617437556354961
716	0.22591014211588253
717	0.30390505649915467
718	0.07838357184647463
719	0.255803672192485
720	0.5171949008570709
724	0.36933150409247073
725	0.29037776487138767
727	0.31672417055703295
728	0.28559512079999105
731	0.008775401209607799
733	0.5230547284784561
734	0.013521929284040043
735	0.015988377314376842
736	0.23531806901646038
737	0.28579241638771624
738	0.5266296245563422
739	0.03625302980703516
740	0.5548940484084053
741	0.5480088577258099
742	0.4941032124900318
743	0.768044390856963
744	0.33198653743445544
745	0.765620675176787
746	0.021667467849647383
747	0.30126168457927505
748	0.5296591692139108
749	0.2648660408180677
752	0.35076759435667715
753	0.01334517743979119
754	0.2664554534973763
755	0.22894276423120663
756	0.2569685358389227
757	0.5302543119768145
758	0.30935689099554786
759	0.023170805276590878
762	0.09600575976138268
764	0.030671355770154486
766	0.31711562534196247
767	0.24473484403943957
768	0.288652656997511
771	0.0395134128209508
772	0.3194229706764231
773	0.25875721971651705
776	0.27953670625710714
778	0.03737311828438473
780	0.0227858167494525
781	0.08083763520133641
782	0.010426841104681124
783	0.09181363354193142
784	0.04752311243563241
787	0.28410549644953964
788	0.2869782675719088
789	0.23502190182857757
790	0.3227674896404332
791	0.22525723611580206
792	0.21210512179642707
794	0.010319473792291214
795	0.5109977157443784
796	0.08636335160202388
800	0.24826369984142538
801	0.02676746988298421
802	0.04292003842949846
803	0.21582091186254032
804	0.2536015235214504
805	0.5247213888645604
806	0.27958380392810395
807	0.26220237393592855
808	0.560850053643111
809	0.32827750553299545
810	0.26205123004620223
814	0.29533490071570356
815	0.29663724464834296
816	0.014430064174074615
817	0.011695005826494645
818	0.07242834954598867
819	0.3230320950729333
820	0.7625714775409824
821	0.2891413023380381
822	0.2735434647162705
823	0.27979692679140206
824	0.30166519194113794
826	0.07687058825424975
828	0.5715381193311002
829	0.24826369984142538
830	0.549180922462865
832	0.006788537626261228
833	0.5029374042247828
835	0.5281294032481165
836	0.08733415697001237
837	0.02488134261246916
838	0.01922368633397714
840	0.2748879601020071
841	0.31965520445523726
842	0.32844714205702913
846	0.31038346679293166
847	0.02807592565735642
848	0.09949253748994252
851	0.2745223348541371
853	0.33173989571130225
854	0.2432004787570931
855	0.27122844622419184
856	0.010395619187172495
858	0.2412061354810669
859	0.016161956389162457
860	0.29589946372010273
862	0.25367011350095264
863	0.01423197533911054
864	0.24148924768920624
865	0.5788932912168542
867	0.31754986712188443
868	0.5215601129409919
870	0.27603589015476454
871	0.31165207646885584
873	0.27046057690875686
874	0.5440801152224582
877	0.23148962853112337
878	0.5090064178075584
879	0.04797755464357214
880	0.5473916227193115
881	0.3082054679595198
882	0.5538110671332502
883	0.7839401050710091
884	0.023676358294503402
885	0.083975255505432
886	0.07779284289211416
887	0.31363669763377444
888	0.06147925705081834
890	0.525859544619084
891	0.011223264021785327
892	0.5427959516110874
894	0.23154159396876495
896	0.04029804984193825
898	0.26092225797165114
899	0.2733311579963945
900	0.525251691085745
901	0.2858147353328691
903	0.0013204290289636142
904	0.023934616340198486
905	0.582548802537433
907	0.022235189502403496
908	0.03643037633715967
910	0.21118452996250808
911	0.06261861646820305
913	0.7886781514993377
915	0.0597466156909582
916	0.24684794424990988
917	0.04770094019066921
918	0.3035777136307209
919	0.2817807196143898
920	0.25400266238795366
922	0.10981647475965374
923	0.2626213445064283
925	0.2638525986359185
926	0.08034807672290689
927	0.036866347787215176
928	0.2248570395690454
929	0.22494424533885615
930	0.04865915676444706
931	0.5472887871162944
932	0.5388699020851203
933	0.7545922463767125
934	0.7815967043234899
935	0.010252012678206635
936	0.2404066108462497
937	0.04987904944531869
938	0.2577106282109924
940	0.7459546524803117
941	0.23107519352399047
942	0.5116271073703559
943	0.2682760928081837
0	0.0
0	0.0
0	0.0
0	0.0
0	0.0
0	0.0
0	0.0
0	0.0
0	0.0
0	0.0
0	0.0
0	0.0
0	0.0
0	0.0
0	0.0
0	0.0
0	0.0
0	0.0
0	0.0
0	0.0
0	0.0
0	0.0
0	0.0
0	0.0
0	0.0
0	0.0
0	0.0
0	0.0
0	0.0
0	0.0
0	0.0
0	0.0
0	0.0
0	0.0
0	0.0
0	0.0
0	0.0
0	0.0
0	0.0
0	0.0
0	0.0
0	0.0
0	0.0
0	0.0
0	0.0
0	0.0
0	0.0
0	0.0
0	0.0
0	0.0
0	0.0
0	0.0
0	0.0
0	0.0
0	0.0
0	0.0
0	0.0
0	0.0
0	0.0
0	0.0
0	0.0
0	0.0
0	0.0
0	0.0
0	0.0
0	0.0
0	0.0
0	0.0
0	0.0
0	0.0
0	0.0
0	0.0
0	0.0
0	0.0
0	0.0
0	0.0
0	0.0
0	0.0
0	0.0
0	0.0
0	0.0
0	0.0
0	0.0
0	0.0
0	0.0
0	0.0
0	0.0
0	0.0
0	0.0
0	0.0
0	0.0
0	0.0
0	0.0
0	0.0
0	0.0
0	0.0
0	0.0
0	0.0
0	0.0
0	0.0
0	0.0
0	0.0
0	0.0
0	0.0
0	0.0
0	0.0
0	0.0
0	0.0
0	0.0
0	0.0
0	0.0
0	0.0
0	0.0
0	0.0
0	0.0
0	0.0
0	0.0
0	0.0
0	0.0
0	0.0
0	0.0
0	0.0
0	0.0
0	0.0
0	0.0
0	0.0
0	0.0
0	0.0
0	0.0
0	0.0
0	0.0
0	0.0
0	0.0
0	0.0
0	0.0
0	0.0
0	0.0
0	0.0
0	0.0
0	0.0
0	0.0
0	0.0
0	0.0
0	0.0
0	0.0
0	0.0
0	0.0
0	0.0
0	0.0
0	0.0
0	0.0
0	0.0
0	0.0
0	0.0
0	0.0
0	0.0
0	0.0
0	0.0
0	0.0
0	0.0
0	0.0
0	0.0
0	0.0
0	0.0
0	0.0
0	0.0
0	0.0
0	0.0
0	0.0
0	0.0
0	0.0
0	0.0
0	0.0
0	0.0
0	0.0
0	0.0
0	0.0
0	0.0
0	0.0
0	0.0
0	0.0
0	0.0
0	0.0
0	0.0
0	0.0
0	0.0
0	0.0
0	0.0
0	0.0
0	0.0
0	0.0
0	0.0
0	0.0
0	0.0
0	0.0
0	0.0
0	0.0
0	0.0
0	0.0
0	0.0
0	0.0
0	0.0
0	0.0
0	0.0
0	0.0
0	0.0
0	0.0
0	0.0
0	0.0
0	0.0
0	0.0
0	0.0
0	0.0
0	0.0
0	0.0
0	0.0
0	0.0
0	0.0
0	0.0
0	0.0
0	0.0
0	0.0
0	0.0
0	0.0
0	0.0
0	0.0
0	0.0
0	0.0
0	0.0
0	0.0
0	0.0
0	0.0
0	0.0
0	0.0
0	0.0
0	0.0
0	0.0
0	0.0
0	0.0
0	0.0
0	0.0
0	0.0
0	0.0
0	0.0
0	0.0
0	0.0
0	0.0
0	0.0
0	0.0
0	0.0
0	0.0
0	0.0
0	0.0
0	0.0
0	0.0
0	0.0
0	0.0
0	0.0
0	0.0
0	0.0
0	0.0
0	0.0
0	0.0
0	0.0
0	0.0
0	0.0
0	0.0
0	0.0
0	0.0
0	0.0
0	0.0
0	0.0
0	0.0
0	0.0
0	0.0
0	0.0
0	0.0
0	0.0
0	0.0
0	0.0
0	0.0
0	0.0
0	0.0
0	0.0
0	0.0
0	0.0
0	0.0
0	0.0
0	0.0
0	0.0
0	0.0
0	0.0
0	0.0
0	0.0
0	0.0
0	0.0
0	0.0
0	0.0
0	0.0
0	0.0
0	0.0
0	0.0
0	0.0
0	0.0
0	0.0
0	0.0
0	0.0
0	0.0
0	0.0
0	0.0
0	0.0
0	0.0
0	0.0
0	0.0
