1	0.029256184746679237
4	0.03196800355431001
5	0.2970144777852665
6	0.03839567350478949
7	0.24374594551884055
8	0.2362984096959158
10	0.2354051550110139
11	0.2421229468931129
13	0.04417645580595539
14	0.03645879457412678
15	0.2311410594846502
17	0.04493067674007574
18	0.5227987414577786
19	0.30788896419174955
20	0.0015993622698285866
21	0.28094465822542536
22	0.546051483235448
23	0.25163313421266553
24	0.03490239559313567
26	0.7697213137272417
27	0.16039563855495034
28	0.24547606248803894
29	0.23816226237416188
30	0.2443353200213447
31	0.26111858386655185
32	0.25526539690385386
33	0.02747164438150718
34	0.15527992094033555
35	0.024129699919744032
36	0.04485616234528172
37	0.2603288641303349
38	0.02086952801130957
39	0.04498803628366495
40	0.03144133983805233
41	0.2814793300224523
42	0.2810180440156839
43	0.014592797695126128
44	0.2831935546740615
45	0.2745048369715578
46	0.25755150697584006
47	0.29593733946655904
49	0.005791810968738896
51	0.03977487659928607
52	0.4971345404169656
53	0.31708843221757765
54	0.2643953294471914
55	0.02097617811315576
56	0.5074917360249256
57	0.2708211515821037
59	0.2642151321515819
60	0.4847758711747902
61	0.27283291434095175
62	0.4893292011301869
63	0.16099812082923604
64	0.2619116962188592
66	0.2598017099086107
67	0.02622064152899848
68	0.4405652734157996
69	0.01281611975223089
70	0.040747860143085866
71	0.23708112778020238
72	0.28122981713252027
73	0.27768043872543
74	0.29766481281492957
75	0.2705691863252691
76	0.2443270476863444
79	0.025291101708349695
80	0.3817977144526562
81	0.51556797532927
82	0.25846129027469866
84	0.0290654260195881
85	0.041805789947993076
86	0.5434004698089627
87	0.2466338601310584
88	0.5503590466983918
89	0.5356813215823049
92	0.514581617200755
93	0.19988833812057327
94	0.25750060703144745
95	0.01584079879357958
96	0.5071307340849668
97	0.021406814948240472
98	0.05806513456459547
99	0.26054815032759887
100	0.2302869870298026
101	0.013912203019599445
102	0.016246031504341236
103	0.5215368866745169
104	0.27558491779991945
105	0.3343878836174536
106	0.006062917219495641
107	0.2685460950922439
108	0.249097709509537
110	0.018572488863140554
111	0.3002532520197627
112	0.04702924515829178
113	0.2907772117611757
114	0.31168674077356034
115	0.015482675962052866
117	0.28702948000288153
118	0.004771970310250038
119	0.033242279893904686
120	0.5221984373676082
121	0.026539612901010316
123	0.25993020506439424
124	0.024240892789398005
128	0.026339989420026716
129	0.30558390858121504
130	0.016789059020460195
132	0.2976859815441975
133	0.010050088008098472
134	0.2760861574850758
135	0.035507977260773545
136	0.5270833517516625
137	0.026265072254311485
138	0.25417499130485527
139	0.2957033180379868
140	0.5390796701367615
142	0.4945655288960344
144	0.027868012191624592
145	0.029914116039684954
146	0.2682171383681152
147	0.27786840329670653
148	0.03242020738861896
149	0.5352367491450598
151	0.014387317590067328
152	0.013738637241075373
153	0.1492770363822342
154	0.021037426313716533
156	0.2662281500322617
157	0.046620739265143596
159	0.0032012689077252007
160	0.24825932780219634
162	0.2915891287577899
163	0.10461826702555745
164	0.02651550611584582
167	0.2345577025943505
168	0.30809018073035255
169	0.013426049140554584
171	0.3208112272022699
172	0.2747782456346138
173	0.2722127661424817
174	0.5190101833936236
175	0.2663000581334947
176	0.33447389266994765
177	0.27049263776334986
179	0.02442937598096843
180	0.05088933580347563
182	0.023962850979815535
183	0.008944284134959415
184	0.2890062168314278
187	0.05244108552319193
188	0.262156150889183
189	0.4643570541746604
190	0.20320231631094302
192	0.09061564428259063
193	0.28981096266875567
194	0.04519435909822489
195	0.046424591419153935
197	0.005949243826407949
198	0.22712762398628206
199	0.04922623857394422
200	0.26885155270719596
203	0.20623952603092902
204	0.3214705760105827
207	0.2638986131497898
208	0.06789623120883952
209	0.04661844635097774
210	0.2746150549409255
211	0.4790537392163677
212	0.2763573287580474
213	0.03995344875699862
214	0.5360597479947146
215	0.5250932463766949
216	0.5362046540047501
217	0.07352471175988905
218	0.056427259900857486
219	0.00264704317640169
221	0.045280102430914904
222	0.4319826231513618
224	0.04064842575500159
225	0.031130310046807247
226	0.05910738743869115
227	0.0718459716079404
228	0.37171169986760116
229	0.012331173667527291
230	0.022002231730867947
231	0.2747450405896704
232	0.06627904866293743
233	0.029914061167025895
234	0.2538958427318284
235	0.5313615154355692
236	0.21659583550252132
237	0.236789658232527
238	0.023751367402794796
239	0.5121893213297278
240	0.5354619843234619
241	0.09258215914829442
242	0.006780984645674493
243	0.22825999942892947
244	0.03759702567998605
246	0.25394217020002186
247	0.23187417997643694
248	0.26908587697565634
249	0.4893273836058753
250	0.019185189927090927
251	0.25977449481173254
252	0.26883211003114615
253	0.04108454537730716
254	0.2621439019117488
256	0.2907392462848243
258	0.06388879001272862
259	0.24294892637442286
260	0.2968280153300823
261	0.003303451497914365
262	0.045256235621944224
263	0.02728794421118169
264	0.0018795472197751517
265	0.08850978886275986
266	0.2850030481632121
267	0.24878264490035118
268	0.5021650676214601
269	0.1746300292326156
270	0.5215791170777958
271	0.2691492518683094
272	0.054076580996627016
273	0.04053758107039962
274	0.28332402581955485
275	0.010516708984389181
276	0.5205136017329419
277	0.26219420528084725
280	0.2693764894499084
281	0.01069010273450835
284	0.2893747101543439
285	0.0595499610063879
286	0.25126560445406404
287	0.06891843290040149
289	0.35165651617317556
291	0.027069641045910472
292	0.24847019276458487
293	0.25018429899791994
294	0.5202000751866106
295	0.2804267422543406
296	0.035009190865062975
297	0.03363974224890369
298	0.2818604933156152
299	0.49008871949672
301	0.4928063195626294
302	0.3058347874531262
303	0.28410549644953964
304	0.0006255543804485203
306	0.006135788554555394
307	0.02717207601052761
308	0.04325291228253912
309	0.03966413720737757
313	0.2428256282739303
314	0.2612958301081426
315	0.26627421035796844
316	0.20851708590569207
317	0.028238078260258558
318	0.019808490992844208
319	0.0454364952600234
320	0.26029966114562686
321	0.021726844270263862
322	0.030813039219518237
323	0.5115190993267008
324	0.2778618607300996
325	0.27719179379218256
326	0.24781658101008364
327	0.04622078014577152
328	0.021343690191423164
329	0.25091802192073437
331	0.03593557192512986
332	0.290011789111455
333	0.018353838960196888
334	0.22722111557540306
336	0.28410311636754526
337	0.5276265721741777
338	0.24343485684480073
339	0.2539269798625948
341	0.33135639589311044
342	0.23144742126256923
343	0.23954137543641058
344	0.5023418378133296
345	0.46219720433169365
346	0.04557356426230835
347	0.26648001924753684
348	0.2537121233341076
349	0.27254599741242386
350	0.06010562555572546
351	0.052639456991833145
352	0.5081388497780723
353	0.29080673867851453
354	0.2800541602692676
356	0.04574458428987149
357	0.5451805165001292
358	0.2676117997808917
359	0.2416718688829326
360	0.5010187729107699
361	0.24039595092494484
362	0.5723431846175118
363	0.5317232561849793
364	0.28570313296100347
365	0.012115517696738819
366	0.041335104262222463
367	0.5129712602325153
369	0.2722583342484417
370	0.2662560770348445
371	0.24044650409570895
375	0.21750121225344332
376	0.49673155567602584
378	0.26487142662199503
379	0.274114938347933
380	0.06389357887465921
381	0.026422014133449207
382	0.29101508113907687
383	0.021699267696941055
384	0.0458765325014264
386	0.2673717749467827
387	0.26429358753479093
389	0.5166418771621555
390	0.2726530309083767
392	0.5168892067646707
393	0.014660438754982123
394	0.2838840683937055
395	0.49384443879776585
396	0.005427583790134555
397	0.26454498882079386
399	0.2769257014194726
400	0.2867607004283061
402	0.2162659472204149
403	0.27640287870290414
404	0.32578921309825537
406	0.5337395785529045
407	0.03343296013083473
408	0.25720611053316733
409	0.48664793530190154
410	0.03921816254173757
411	0.03870843191526726
412	0.2680802487275539
413	0.23801148808261524
414	0.5450069764899451
415	0.026434737066061188
416	0.2588858133793075
417	0.524333865277695
418	0.11108634598398084
419	0.2783106682271561
420	0.5287717634405299
421	0.5001506242998183
423	0.7794970976455451
424	0.03689000352710466
425	0.32157235153805364
426	0.27249432393531764
428	0.051695359490914625
429	0.5024579317719606
430	0.5215780714538744
431	0.018508420274087813
432	0.2596756607964398
433	0.2661550988727142
435	0.25773135555156756
436	0.27620983756306716
438	0.5271176462345518
440	0.492408511084176
441	0.25936567935964006
442	0.49441940615721663
443	0.2835267613847451
444	0.036824532755701855
445	0.08227078827413965
446	0.06808080397063568
447	0.4555501452009148
448	0.04702293794336075
449	0.5211885372764808
450	0.2656578173145674
451	0.006598646994545713
453	0.2577908020757538
454	0.21861177803039658
456	0.24454865245182153
457	0.23731066588728733
458	0.2810662292120355
460	0.5045874367512467
461	0.7526274201178558
463	0.45980706547052075
464	0.2753028578019193
465	0.25865238318877065
466	0.7498166114468754
467	0.005948647672815069
468	0.456492070463741
469	0.2719694634557492
470	0.027273667959300706
472	0.26872298537268446
474	0.5039716721006715
475	0.029481396930748888
476	0.2590174052450594
478	0.0381439778653484
479	0.5006283782624772
480	0.3055226648035389
482	0.0006286035668937248
483	0.24130221286311634
484	0.5001257321937668
485	0.37060224349133747
486	0.2271390328282098
487	0.2584259004962935
488	0.4791953439727206
490	0.5004655758555442
491	0.04430608933967955
492	0.2904909717446765
494	0.024247847632624744
495	0.012215147921436562
496	0.5290718496291974
497	0.2738550140554683
499	0.0339615499075985
500	0.055766462252239586
501	0.27733756966389467
502	0.002617146123353984
503	0.014386018293671556
504	0.015127980838180816
506	0.25345093164321003
507	0.2677461530003937
508	0.0161901022697066
509	0.32234882778960877
510	0.25175022500075483
511	0.058789651158801914
512	0.022903686806799807
513	0.004762339684267751
514	0.2423848261502523
515	0.0231068048414177
517	0.2733590043574799
518	0.007117327923699939
519	0.24565428192890307
520	0.2935572945739707
521	0.47396426880021425
522	0.03327493804901425
524	0.2816227430098409
525	0.3070175458301164
526	0.023732210390787597
528	0.029042311855593875
531	0.5203575275330478
532	0.26900763191695964
533	0.00260438296885843
534	0.03387548847593608
535	0.23859124627884834
536	0.253859637921292
537	0.5135643802278178
538	0.25635527431004057
540	0.25911231904107057
542	0.004343024105417537
543	0.017810773428205834
544	0.5300944719902144
546	0.26753592499496365
547	0.5010538379790473
548	0.020787206677251258
549	0.24851891621768574
550	0.2591819971655905
551	0.025559386526806185
552	0.5142263069789093
553	0.2711405489486734
554	0.26862819862110715
556	0.2842128930523612
557	0.5053373202947962
558	0.03996885943727098
560	0.07410795812985067
561	0.5261286794271147
563	0.2754207577385903
564	2.7745053958045524e-05
565	0.24414839173582448
566	0.29462502644808225
567	0.03336319728928722
568	0.4790055767970589
569	0.5242282878179217
570	0.33442427151082743
571	0.2489071418565548
573	0.5028124891425723
574	0.23821399181196903
576	0.01400134745707992
578	0.016385060839640444
579	0.03283366246845913
580	0.004906092470199422
581	0.013733337013254486
582	0.5356764079130618
584	0.24452198462062985
586	0.0320424805729426
587	0.532270075020018
590	0.26186353532428563
591	0.04066163378185285
592	0.002507951456700415
593	0.017925302320568146
594	0.2765141824908513
595	0.19249399965822037
597	0.029563601210123757
598	0.3059290810996973
599	0.03857822767196241
600	0.3010235397856816
601	0.20171826329338513
602	0.08074015076802064
603	0.4689178500525295
605	0.48319153982411345
606	0.032028116489276524
607	0.04840291408937575
608	0.010760793379581128
609	0.11495925016403438
610	0.019094726769571913
611	0.2617061850117756
613	0.2469663939575059
614	0.4979683710869065
615	0.2329067609567735
616	0.4833267381232923
619	0.282848925058929
620	0.009521276479446738
621	0.21839999658515188
622	0.5326058898597068
624	0.2842821328099699
625	0.0008279326970284731
626	0.5599387711537127
627	0.4969849752107109
628	0.2679942298544963
629	0.01912666029862059
631	0.05215110469434793
632	0.017361313928016202
633	0.026672103390716743
634	0.5011064340824765
635	0.5362358133006423
636	0.020505690843364465
637	0.061858137784986264
639	0.294051772408894
641	0.021679920430988344
642	0.013417697005938565
643	0.2692527858750868
644	0.023853116283160815
645	0.24147607002172475
646	0.012043474011479642
647	0.01675849192595512
648	0.27933379202808417
649	0.05438682903429484
650	0.2346692720458694
651	0.05723182536924132
652	0.03180253802276484
653	0.023573117573682602
654	0.06151960851547292
655	0.004932700074823555
656	0.4705071768242759
657	0.2452169235503222
658	0.5061555817914967
659	0.2933221968881414
660	0.024811378915609993
661	0.29848312813957006
662	0.1058591143127873
663	0.51406146364852
664	0.06152734043771313
665	0.043206400749700224
666	0.5216603707100202
667	0.28046980113244
668	0.09703774218639885
669	0.08656858463426349
670	0.07883903866052668
672	0.313072071318631
673	0.060889435809492624
674	0.2838387455619048
676	0.30644811455467164
678	0.295805689265963
679	0.2537102561462907
680	0.25342277772704785
681	0.04823525629621617
682	0.49913942713098863
683	0.48024871566814636
684	0.25536244607663683
686	0.27516847564493024
688	0.28161226370430065
689	0.01650750366225487
690	0.037300959380505934
691	0.26058957498810187
692	0.0404829703501822
693	0.011746185552017133
694	0.007191131019564118
695	0.25116287805959797
696	0.5059845642280077
697	0.49550165523701534
698	0.002012996222756261
699	0.2793739810877367
700	0.24853000303178124
701	0.25996364840565683
702	0.021990330590778456
703	0.2547853567694416
704	0.01828655393133102
705	0.04171985090983496
706	0.024626540944239002
707	0.012330639871894429
708	0.019213381670991424
709	0.25726104694530205
710	0.2808639653063398
711	0.04003880211954486
712	0.02012209336183045
713	0.5552561821448887
714	0.007662898015903082
715	0.28165876682011287
716	0.23946362480298994
717	0.30155601208368626
720	0.5272302944097179
722	0.5331532636397066
723	0.005451177833323058
725	0.2976836795414762
726	0.2364100484113273
727	0.3246485726632735
728	0.30186891260187926
730	0.28957237155990184
732	0.32305517594873645
733	0.5155625946706717
735	0.2610060282736756
736	0.5285942557784918
737	0.5302424665053557
738	0.2941983132107766
740	0.3160245353326679
741	0.23676106464011637
742	0.30927620350237445
743	0.31576495721542785
744	0.05345472809998904
745	0.25193642487583057
746	0.02653703586409875
747	0.03941032557744017
748	0.2759310360290031
750	0.2641967430015528
751	0.042302935254551866
752	0.3446827544281499
754	0.05020023899010331
755	0.2700568781646566
756	0.017257133317450914
757	0.530586458999577
759	0.0348913934241085
760	0.235684509147715
762	0.21219211638655758
763	0.041657560690399734
764	0.26346807779659404
765	0.26694634629036296
766	0.5043764148000566
767	0.019807439456492812
768	0.023471636643451886
769	0.27648735970293364
770	0.2707237442062274
772	0.4992476845245263
773	0.26871404908945157
774	0.06342971629612801
776	0.27846613564357936
777	0.014639322097737172
778	0.04690461309884439
780	0.27327880180735853
781	0.5020270334033375
783	0.3094920225131866
784	0.288597527598171
786	0.2474109287165609
788	0.2870943074333105
789	0.27229847882708286
790	0.06305268645795328
791	0.5001174230721895
792	0.7580650032187242
793	0.028231919597151208
794	0.2603855272363423
795	0.5334529268203116
796	0.02319700420737253
797	0.2573346343659058
798	0.02372133451568689
799	0.26090808685954286
800	0.023407174525771884
802	0.24779527438984833
803	0.23969526808840483
804	0.025021953290898874
805	0.2393973457418651
806	0.5289235187810979
807	0.5059538230218925
808	0.30805419840600234
809	0.25854462823975355
810	0.26515705872076306
811	0.03332885818511119
813	0.4719889791063428
814	0.2988523372491954
815	0.26351407065719235
816	0.04580537555721589
817	0.06572619145059098
818	0.4792169741836004
819	0.28823068588825157
820	0.3621720525144271
821	0.029081503123845366
823	0.23105362518962175
824	0.0059394106586089755
826	0.49708928873681496
828	0.732383374073825
829	0.023407174525771905
830	0.2606308263747635
831	0.5032594988235389
832	0.2804401079202265
833	0.2736191706697526
834	0.017860507985509023
835	0.47385605435074857
836	0.07304918032968478
837	0.2355198168455977
838	0.028778267608146644
839	0.28076903513868673
840	0.03187465255204605
841	0.27668293993179194
842	0.2833181108788589
843	0.052987895079669875
844	0.03819789388897425
845	0.3125524576746856
846	0.2443568888885767
847	0.018556372114186797
848	0.022666449158969267
849	0.2610060282736756
851	0.7415267339041259
852	0.27445414759040865
853	0.3309349119091204
854	0.2856944716566512
856	0.007707143434212041
857	0.32218204856962723
858	0.23390617922348367
859	0.04724601908840104
860	0.7487888706237414
861	0.28829965584072414
862	0.4914382517480878
863	0.2806034673292407
864	0.011586597424987695
865	0.35524757194833123
867	0.4603310061965686
868	0.7418269862226623
869	0.3109896979082455
870	0.5170192545833816
871	0.30787102006901335
872	0.2582351447923147
873	0.00915676029888195
874	0.5160885546510117
876	0.019124237684909975
877	0.5035405651591096
878	0.25559985593153206
879	0.5279102022752131
880	0.503785783379519
881	0.49375716722442586
882	0.27412338108363576
883	0.2830186916572545
884	0.029178749178868674
886	0.26227149951223155
887	0.017130995927910314
888	0.008045529713910534
889	0.25455765196424235
891	0.26429660638533375
892	0.5220658816366004
893	0.2828051420258925
894	0.031549180396705026
895	0.531110184428414
896	0.02030176586754459
898	0.25962954301010943
900	0.4104763048739171
902	0.2689452373829454
903	0.24456721125732497
905	0.5467226746261037
906	0.5056695332487376
908	0.4934782905700311
909	0.06249131197470442
910	0.27683096877602636
912	0.028809438985438036
913	0.29232366629971795
915	0.2936120060781652
916	0.46249468814022393
917	0.08042262639785647
918	0.042232407347417206
919	0.5208808954077924
920	0.2740701815862845
922	0.3025143448589079
923	0.26759591930008697
924	0.2796815616038673
925	0.03182130587392103
926	0.5320314949890921
927	0.25135826244379805
928	0.28980865355582197
929	0.24445659158884958
930	0.04070059313781689
931	0.5301739067114185
932	0.26207972007839153
933	0.5188933187227136
934	0.27318461928309395
935	0.014315809032840413
936	0.022729671524594246
938	0.27147611620521783
939	0.4848055300067897
940	0.5011898964390283
941	0.24329214734394833
942	0.2576284927626946
943	0.056558689972701054
0	0.0
0	0.0
0	0.0
0	0.0
0	0.0
0	0.0
0	0.0
0	0.0
0	0.0
0	0.0
0	0.0
0	0.0
0	0.0
0	0.0
0	0.0
0	0.0
0	0.0
0	0.0
0	0.0
0	0.0
0	0.0
0	0.0
0	0.0
0	0.0
0	0.0
0	0.0
0	0.0
0	0.0
0	0.0
0	0.0
0	0.0
0	0.0
0	0.0
0	0.0
0	0.0
0	0.0
0	0.0
0	0.0
0	0.0
0	0.0
0	0.0
0	0.0
0	0.0
0	0.0
0	0.0
0	0.0
0	0.0
0	0.0
0	0.0
0	0.0
0	0.0
0	0.0
0	0.0
0	0.0
0	0.0
0	0.0
0	0.0
0	0.0
0	0.0
0	0.0
0	0.0
0	0.0
0	0.0
0	0.0
0	0.0
0	0.0
0	0.0
0	0.0
0	0.0
0	0.0
0	0.0
0	0.0
0	0.0
0	0.0
0	0.0
0	0.0
0	0.0
0	0.0
0	0.0
0	0.0
0	0.0
0	0.0
0	0.0
0	0.0
0	0.0
0	0.0
0	0.0
0	0.0
0	0.0
0	0.0
0	0.0
0	0.0
0	0.0
0	0.0
0	0.0
0	0.0
0	0.0
0	0.0
0	0.0
0	0.0
0	0.0
0	0.0
0	0.0
0	0.0
0	0.0
0	0.0
0	0.0
0	0.0
0	0.0
0	0.0
0	0.0
0	0.0
0	0.0
0	0.0
0	0.0
0	0.0
0	0.0
0	0.0
0	0.0
0	0.0
0	0.0
0	0.0
0	0.0
0	0.0
0	0.0
0	0.0
0	0.0
0	0.0
0	0.0
0	0.0
0	0.0
0	0.0
0	0.0
0	0.0
0	0.0
0	0.0
0	0.0
0	0.0
0	0.0
0	0.0
0	0.0
0	0.0
0	0.0
0	0.0
0	0.0
0	0.0
0	0.0
0	0.0
0	0.0
0	0.0
0	0.0
0	0.0
0	0.0
0	0.0
0	0.0
0	0.0
0	0.0
0	0.0
