3	0.21004141983861238
4	0.2863622513149354
8	0.03912082764559966
11	0.4613809059262818
12	0.22278766282299334
15	0.28721998480079197
17	0.44971947285294406
18	0.07297407930511876
19	0.5140699207627791
20	0.030594160021673016
22	0.2610222057611201
23	0.2520818714455416
24	0.015990120533438526
25	0.22631795222626322
26	0.45656860001251925
27	0.28691212656040566
28	0.25829092214062627
29	0.48644740777481676
30	0.04201607634186591
32	0.05451763304717326
33	0.020753265898847365
34	0.46492741914399444
35	0.2516718873388114
36	0.01465333081509624
37	0.05241586714549129
39	0.0007783518522784388
40	0.24307012338722128
42	0.034623731387054026
43	0.0025827900048137342
46	0.5218976236930435
47	0.29103532883208505
49	0.014201473079279908
50	0.42930771866729844
52	0.044999254034949754
53	0.5648225109362197
54	0.03292891699038665
55	0.25389741969161606
56	0.03227598575090201
58	0.2277064853515034
60	0.015453238933142304
61	0.5475072510116294
62	0.048085228152602945
63	0.016369972781416994
64	0.05898469031688305
65	0.004826482469642207
66	0.5168078214645659
67	0.5026439927844203
68	0.26929133261662325
70	0.24660122244182117
71	0.4959399645394361
72	0.5403527231025355
73	0.038641415365222025
74	0.5076513471154004
75	0.08547749694406412
76	0.23506757331755007
77	0.44556196531300907
79	0.020976450027117368
80	0.680322976721802
81	0.041873022544221455
82	0.025602413924437788
84	0.22431296281499327
85	0.02352648245791538
86	0.44224586421243894
88	0.7315894517158461
89	0.08225825450855292
92	0.2791564219939202
93	0.2143346168961756
94	0.035158505308975865
95	0.24641947365646863
96	0.04832779073839136
98	0.08269497047922547
99	0.03611811680925355
100	0.2490949877682399
102	0.016145992009948158
103	0.5658750817526831
105	0.43608163692824187
106	0.008442013113275224
107	0.3274525389618044
108	0.4750915044321057
110	0.21318802503275394
111	0.22761666775208547
112	0.532845090799062
113	0.22796868127827877
115	0.23892883154231878
117	0.290442246448022
119	0.02901220648641423
120	0.2614738127945615
122	0.2498122314958241
123	0.046644314984981984
124	0.2830716420282785
128	0.2452231788843632
129	0.21059610260672482
130	0.26069680288036295
131	0.2587877873864896
132	0.4978772783765887
133	0.018551937121078065
134	0.2385033294156018
135	0.5287382757227052
136	0.25175049643958236
139	0.4819959755740055
140	0.3243632504894476
141	0.22808086701822672
142	0.29196159729576193
143	0.007163060307002339
144	0.25743105545797773
145	0.009267431238270174
146	0.5212003698642258
147	0.47314396174236095
148	0.21690258910980087
149	0.29371375502142916
150	0.266495142323415
153	0.4461170151240835
154	0.2422939407825786
155	0.21381737134598716
156	0.2753881461940145
157	0.018519193259182026
159	0.03733409174285629
161	0.7216735297031778
162	0.5379974576309504
163	0.4471157789643022
164	0.2687816171710043
166	0.6631100994872692
167	0.23032246332741874
168	0.2755258058054715
169	0.05002226000718221
171	0.5171302367679225
172	0.21835650461595452
173	0.4958064111474553
174	0.32148731570292977
177	0.028994417703730947
179	0.27522372011265406
180	0.03948907239067657
182	0.24762090721869362
183	0.6534393652387191
184	0.045386010104791354
185	0.26367843941055724
186	0.19467041004051333
187	0.5288816857287868
190	0.0185257592230631
191	0.3164975971880834
192	0.501778131436466
193	0.27706100434834513
194	0.24924176425103317
195	0.26912563632197983
196	0.20343439102853772
198	0.02076557358750239
199	0.269261202756687
202	0.24046351465084598
203	0.4380317223805049
204	0.5034568327143094
205	0.2010827190098802
208	0.5103709886941324
209	0.24075566311256624
210	0.2696580205018324
211	0.018612094712639034
212	0.4924425639533776
213	0.5080199748984239
214	0.3184363642374858
215	0.5433879300574865
216	0.2814132435469114
217	0.33875466413944344
219	0.016192012883797773
220	0.41989202557184035
221	0.506443690576946
225	0.501765391337402
227	0.5094276078231136
228	0.26955827806938415
229	0.24249151063386806
230	0.016890163800322933
232	0.011464168018894765
233	0.2533231011760395
235	0.30539927977291464
237	0.2655296463083399
239	0.034153682667748146
240	0.2536663795579073
241	0.43768870196919707
242	0.5110669682326371
243	0.21332612500752424
244	0.2902479719572133
247	0.2637498348981787
249	0.2764490617110562
250	0.036954922925093864
251	0.2649728237104611
252	0.26762035740477913
253	0.0014921049116313687
254	0.007186160295593082
255	0.1759946861476333
256	0.008742701367522723
257	0.024692344568945455
258	0.4064262149266563
259	0.03085684985870503
260	0.257690340539394
261	0.48944441293396107
262	0.5290525081794649
263	0.27226374376306234
265	0.32987069685221915
266	0.7405882624999555
270	0.32591411526767217
272	0.031072078737104658
273	0.5523715336365833
274	0.019346376377282794
276	0.25420860369929416
277	0.7558366888075045
278	0.03181334496073937
280	0.255541772012305
281	0.0053435343077455795
282	0.25334948203168267
283	0.21463436262196744
284	0.2655169875635161
285	0.00609116741926459
286	0.27531353665714237
287	0.30835195950880834
288	0.26883598270750053
289	0.137987285570984
291	0.28542649343461474
292	0.047775455847393025
294	0.28181013420332124
295	0.2558275169497285
296	0.03274198969856899
297	0.009636968995444889
298	0.06134357772232112
300	0.304128165904928
301	0.04464751571883793
303	0.03093228736032401
304	0.7057241591326364
306	0.18267322219462484
307	0.01803341115979428
309	0.025994859168646557
315	0.27438516321529716
316	0.21183964043122613
317	0.039396462020670424
318	0.5020282194980232
319	0.5263842469506372
320	0.2459089850985817
321	0.01925835916912414
323	0.050122762159231865
324	0.2625982443046872
325	0.017124739894797257
327	0.06456138032615205
333	0.041231879677904364
335	0.25413003149484686
336	0.010401838469957736
337	0.323059351874848
338	0.2441065780748889
339	0.03280827839944738
340	0.030096840905439716
341	0.4828864254187754
342	0.0095284669763218
343	0.04742295037163203
344	0.24616284319054535
345	0.0316660529499312
346	0.23837652081838256
347	0.05981788275903993
349	0.5523571637468372
350	0.4978080342378931
351	0.28893464161592647
352	0.03158881578187023
353	0.763167746378064
354	0.2788407110525725
355	0.2381059938141439
357	0.772986233537021
358	0.044204439133816706
359	0.23771023239848338
360	0.03556641376662067
362	0.0667149171213913
364	0.4976014932499301
365	0.2578792144012145
366	0.5256939334039544
367	0.02142599277553069
368	0.049724295079606295
369	0.04537617835834117
370	0.036309085925760924
371	0.2562606936889233
372	0.2466335719820401
375	0.03428496139293697
376	0.27090609005088884
377	0.29402173416742844
379	0.03482407064127032
382	0.5231449117823319
383	0.022837693365156713
384	0.2316945880638666
386	0.07847601697422094
391	0.007128706190501259
392	0.5145986236210955
394	0.006976422350956874
400	0.2541236616152778
401	0.21242884122894745
402	0.01741759439580804
403	0.03773954977843497
404	0.48639219790034366
406	0.06275477525478075
410	0.23258564629006748
412	0.053845247912426876
413	0.028525837884000597
414	0.2795068979627814
415	0.49958059410031574
417	0.0413408900896815
419	0.5341406902224679
420	0.05064829133076898
421	0.013654613589484488
422	0.23564335082708596
423	0.33080106910805196
424	0.2735052349141723
425	0.02389376433240368
426	0.23787621055581448
427	0.024408338733533326
428	0.022335256676618793
429	0.02069178013760635
430	0.508968119611717
431	0.2508587807623766
432	0.2878808082934086
433	0.44220882594892225
434	0.4569742409707208
435	0.023029946126658873
436	0.06129271002635028
437	0.21165028441259148
438	0.3122026462039696
439	0.2933186733241937
440	0.061248840964371346
441	0.019032049472268144
442	0.03674198085320776
443	0.2891147748033809
444	0.5273774934833554
445	0.08550741899886873
449	0.25785075944248803
450	0.28470315591062206
451	0.021532929199746934
453	0.24909300403472937
456	0.01721692502268428
458	0.02693887895392305
460	0.049632222139481506
461	0.3304297916719462
462	0.21476984171065316
464	0.2616504128152692
465	0.04828500318829751
466	0.2654527571574395
467	0.01572748546914557
468	0.03606192166179026
469	0.0333590752579108
470	0.0082052792034072
471	0.010387912685426638
472	0.04606594644890795
473	0.24720516416859983
474	0.04593567132684687
475	0.47771745979829805
477	0.4658087261003225
478	0.2776166306924371
479	0.018477618933544552
480	0.08577583635883747
482	0.24204329382417494
483	0.22963794845435082
484	0.03701331872127667
485	0.046420647696753047
487	0.28313255681714833
496	0.24790453880510313
497	0.49765273346304256
499	0.23519850696479033
501	0.05283741383247926
504	0.03350283644825345
508	0.03320407842673332
510	0.5170756121616359
511	0.23661568528989785
516	0.25957038573854496
518	0.0014014889288338425
520	0.216730097687416
521	0.040731472825986464
522	0.2709574701384828
525	0.27883539826204645
530	0.4736397643470428
531	0.2552153795108448
534	0.043279798092511784
537	0.2622235320105287
538	0.029514352250460063
539	0.25150904491161125
540	0.027648754571265255
543	0.008305637599583623
544	0.2176986459274639
547	0.016900782217469615
549	0.025410967870500182
551	0.04886646023712329
552	0.29421990662090924
553	0.023797026272912795
554	0.0038111798128879076
555	0.21769516729311184
556	0.070001368064855
557	0.27780737843830355
558	0.7619147231136607
559	0.02615901462352128
560	0.025869859750509594
561	0.05274503241523263
563	0.029060222185577356
565	0.019059962354081906
566	0.49538289832094123
568	0.014933732882381673
569	0.05592044664502231
570	0.27244994823607205
572	0.17365010734861686
573	0.05207492277909685
574	0.017506076741397154
578	0.23931534744056776
579	0.25416478982500623
581	0.28054580575282284
582	0.12213810932965852
584	0.041951843483579915
585	0.1862135911218502
586	0.26523339409436164
587	0.26143871841066885
590	0.24104772091036283
591	0.2874303759945791
594	0.3015123047567181
595	0.0036115690301132125
598	0.3225883415789128
599	0.5041985391593455
602	0.05890903185793255
603	0.23921759889507355
605	0.2937393706398375
607	0.27655457319347704
608	0.0059434607728485675
609	0.3432469065043673
610	0.25333695839447945
611	0.28676350529199335
612	0.2395670097918562
614	0.28518791887946277
616	0.01692994536906185
621	0.009282624255272987
622	0.27471006201997505
624	0.27911313794101694
626	0.2525528191458306
628	0.028271168866578246
629	0.01983643460195778
630	0.2523138735908289
631	0.49389508321088993
633	0.02524035185399879
635	0.3130739883775036
637	2.6474373268130236e-05
639	0.005962981179920272
646	0.010546990326152514
649	0.25650312421471877
652	0.05482948286876982
656	0.1691841324120692
657	0.47342536509331523
658	0.2934683291243154
659	0.06939075006511125
660	0.027845516874274855
662	0.7670802871132515
663	0.29891821252561007
664	0.02109284574734023
665	0.010578017833218135
666	0.045947396941465934
667	0.2829031886940188
668	0.016436237974636086
670	0.029084962026313867
672	0.3014901839100225
673	0.25093464040822816
674	0.3244501617381964
675	0.2491559040633796
676	0.2592708546065883
677	0.02216583840964767
678	0.3209835815621303
679	0.02583162713695174
680	0.01893050665786781
681	0.05557779094883692
683	0.023700320045046068
686	0.2837391486039858
687	0.25719183117271827
688	0.279241536393994
690	0.055758945858702995
691	0.49566849297707877
695	0.21897172494679867
696	0.0270758510455874
697	0.016179837961400774
699	0.0705108992390141
700	0.02585318045975856
701	0.0350440873480735
702	0.03498565883206502
704	0.20502593288187224
705	0.24572406667901478
706	0.052221425652929275
707	0.015830701022899844
709	0.033847227615526373
710	0.2841929600708534
711	0.012765902054102302
712	0.25528263391321415
713	0.275318884663874
715	0.48586714157892436
716	0.25963600721582186
717	0.27797505302931436
718	0.2235724327816625
719	0.011020828457963101
720	0.2486897083489228
722	0.2858357472388022
725	0.30511788209697344
726	0.07628125291437299
728	0.33407903870446604
729	0.19795339722172117
730	0.257928104341117
731	0.23473589094205682
732	0.09876993506980299
733	0.01603936048564758
736	0.5136321692042269
737	0.293136600574446
738	0.006132635246167223
739	0.008453554096243932
740	0.2419432399575793
742	0.5505668613345147
743	0.26691369657261543
744	0.010740383434148279
745	0.24474841890288582
750	0.02626765293324548
752	0.06588689658997839
753	0.01083758618862038
754	0.2981651133411768
755	0.25788522829320054
756	0.014702208569756785
757	0.0461328975242957
759	0.036828929174947234
760	0.24731047127908298
763	0.26357043441240596
765	0.5308484195917099
767	0.2551601365556513
768	0.2404180908090473
769	0.4791036541162611
770	0.5131850412517105
776	0.056480352055216745
777	0.25508165022712903
778	0.08000008894919991
779	0.0011194395698966159
780	0.06345848340804944
784	0.2812928617485336
786	0.04136977727977098
787	0.33447389266994765
788	0.007869093601808885
789	0.26423197236937773
790	0.008728119628914406
791	0.028302673341236012
792	0.30749201123567693
793	0.02437314864290997
794	0.49624912588680903
795	0.2822078769470806
798	0.019392399344593223
799	0.2553721695865217
800	0.028271168866578246
801	0.47652061828021985
803	0.030354627924822793
804	0.01855769899685738
805	0.017210587512186126
806	0.06545060587731295
807	0.2874846113905452
808	0.4750394654493132
809	0.02483058244536774
810	0.06146070940295472
812	0.2030210100781188
813	0.2845034904279902
814	0.5465553464879052
815	0.01746648602707395
816	0.5312542647378243
817	0.5328155424239827
819	0.036893002171030094
820	0.08484163695404638
822	0.48260223625729604
824	0.22717610778401523
826	0.0038802275763987065
827	0.1980742346937413
828	0.04752396866469162
831	0.059104599668650344
832	0.28741089851871787
833	0.025773513524363308
835	0.030342267470945206
836	0.020556840611778968
837	0.03095295785159015
838	0.2801686403517775
839	0.059560113550260245
841	0.008218873726177064
842	0.22337567419891427
844	0.2812005852318205
845	0.41376406241812885
847	0.25024534363446244
851	0.05226938034285489
852	0.25697118122046786
853	0.26804724730040647
854	0.31023397426316024
855	0.21264242211019574
856	0.2460879657689573
857	0.44339204587570263
858	0.29478188116975984
859	0.7617264687163402
860	0.2620990858452831
861	0.7306146114234336
862	0.024742337727331174
865	0.06720473726762932
866	0.38699679115779173
868	0.046897584838151346
869	0.07814483652820335
870	0.04473751907556753
872	0.0036775828760680952
873	0.2457854360044331
874	0.016439787161891768
876	0.010607248168517096
877	0.05192053571565928
878	0.26039142459369324
879	0.528039717605177
880	0.043999204142210285
881	0.001391748146386141
883	0.021404062574903765
884	0.2021181199378374
888	0.2381787240943471
889	0.04435924994429703
890	0.0017579068595843794
891	0.4856430480421786
892	0.2502036703375929
893	0.2575431606612159
894	0.04998882691719673
895	0.0550584641322019
898	0.035755387169274164
900	0.014885229559446156
902	0.47566559870522157
903	0.02286417419737467
904	0.2220774614127642
905	0.23240842750137514
906	0.5396554418831713
907	0.017519016558636233
908	0.038699111680164655
909	0.5405354538817213
910	0.7308631311164328
912	0.25452048016766593
913	0.25806441295245824
914	0.496442073784929
915	0.2356960221035518
916	0.22181301432048836
917	0.5552718197460094
918	0.01887836861209788
919	0.28922037770112374
920	0.2702970444766643
923	0.28780903538867
925	0.2912176071065967
926	0.2364420541344143
927	0.03768372643404941
928	0.5347638534499849
929	0.04733887820243445
930	0.4953704031168468
931	0.5326835716333576
933	0.06581034885278975
934	0.03588619507023719
935	0.2574685146783156
936	0.02705731325816005
939	0.5053107138685765
940	0.28987091150380684
941	0.256497312935446
943	0.3114618670406717
0	0.0
0	0.0
0	0.0
0	0.0
0	0.0
0	0.0
0	0.0
0	0.0
0	0.0
0	0.0
0	0.0
0	0.0
0	0.0
0	0.0
0	0.0
0	0.0
0	0.0
0	0.0
0	0.0
0	0.0
0	0.0
0	0.0
0	0.0
0	0.0
0	0.0
0	0.0
0	0.0
0	0.0
0	0.0
0	0.0
0	0.0
0	0.0
0	0.0
0	0.0
0	0.0
0	0.0
0	0.0
0	0.0
0	0.0
0	0.0
0	0.0
0	0.0
0	0.0
0	0.0
0	0.0
0	0.0
0	0.0
0	0.0
0	0.0
0	0.0
0	0.0
0	0.0
0	0.0
0	0.0
0	0.0
0	0.0
0	0.0
0	0.0
0	0.0
0	0.0
0	0.0
0	0.0
0	0.0
0	0.0
0	0.0
0	0.0
0	0.0
0	0.0
0	0.0
0	0.0
0	0.0
0	0.0
0	0.0
0	0.0
0	0.0
0	0.0
0	0.0
0	0.0
0	0.0
0	0.0
0	0.0
0	0.0
0	0.0
0	0.0
0	0.0
0	0.0
0	0.0
0	0.0
0	0.0
0	0.0
0	0.0
0	0.0
0	0.0
0	0.0
0	0.0
0	0.0
0	0.0
0	0.0
0	0.0
0	0.0
0	0.0
0	0.0
0	0.0
0	0.0
0	0.0
0	0.0
0	0.0
0	0.0
0	0.0
0	0.0
0	0.0
0	0.0
0	0.0
0	0.0
0	0.0
0	0.0
0	0.0
0	0.0
0	0.0
0	0.0
0	0.0
0	0.0
0	0.0
0	0.0
0	0.0
0	0.0
0	0.0
0	0.0
0	0.0
0	0.0
0	0.0
0	0.0
0	0.0
0	0.0
0	0.0
0	0.0
0	0.0
0	0.0
0	0.0
0	0.0
0	0.0
0	0.0
0	0.0
0	0.0
0	0.0
0	0.0
0	0.0
0	0.0
0	0.0
0	0.0
0	0.0
0	0.0
0	0.0
0	0.0
0	0.0
0	0.0
0	0.0
0	0.0
0	0.0
0	0.0
0	0.0
0	0.0
0	0.0
0	0.0
0	0.0
0	0.0
0	0.0
0	0.0
0	0.0
0	0.0
0	0.0
0	0.0
0	0.0
0	0.0
0	0.0
0	0.0
0	0.0
0	0.0
0	0.0
0	0.0
0	0.0
0	0.0
0	0.0
0	0.0
0	0.0
0	0.0
0	0.0
0	0.0
0	0.0
0	0.0
0	0.0
0	0.0
0	0.0
0	0.0
0	0.0
0	0.0
0	0.0
0	0.0
0	0.0
0	0.0
0	0.0
0	0.0
0	0.0
0	0.0
0	0.0
0	0.0
0	0.0
0	0.0
0	0.0
0	0.0
0	0.0
0	0.0
0	0.0
0	0.0
0	0.0
0	0.0
0	0.0
0	0.0
0	0.0
0	0.0
0	0.0
0	0.0
0	0.0
0	0.0
0	0.0
0	0.0
0	0.0
0	0.0
0	0.0
0	0.0
0	0.0
0	0.0
0	0.0
0	0.0
0	0.0
0	0.0
0	0.0
0	0.0
0	0.0
0	0.0
0	0.0
0	0.0
0	0.0
0	0.0
0	0.0
0	0.0
0	0.0
0	0.0
0	0.0
0	0.0
0	0.0
0	0.0
0	0.0
0	0.0
0	0.0
0	0.0
0	0.0
0	0.0
0	0.0
0	0.0
0	0.0
0	0.0
0	0.0
0	0.0
0	0.0
0	0.0
0	0.0
0	0.0
0	0.0
0	0.0
0	0.0
0	0.0
0	0.0
0	0.0
0	0.0
0	0.0
0	0.0
0	0.0
0	0.0
0	0.0
0	0.0
0	0.0
0	0.0
0	0.0
0	0.0
0	0.0
0	0.0
0	0.0
0	0.0
0	0.0
0	0.0
0	0.0
0	0.0
