2	0.21078511688812013
3	0.20100774166624868
4	0.01824416266949523
7	0.043768192129689104
9	0.02224750009158119
11	0.10316062496536862
12	0.2222540327837143
14	0.01995780965923726
15	0.28455979989736035
16	0.03615415166660792
17	0.19639679075500655
18	0.25464725408534505
20	0.47150643398888975
23	0.29096852506942866
24	0.031141273849863236
25	0.2922119690165712
30	0.34095182445806377
32	0.22102364975358296
33	0.2655094024305234
34	0.22658482056139592
35	0.25225375346306506
36	0.2635937378474497
37	0.2540285037211536
40	0.49585113748372206
44	0.04569068992476597
46	0.002300493328297626
47	0.01309505152562681
48	0.22556672809979045
51	0.0003519821356166436
52	0.2328156030980246
53	0.4511336347280901
55	0.4541557348797464
56	0.015241744436065154
57	0.016204602845836105
58	0.025418257005914394
60	0.27067595764783947
61	0.38034824688184943
64	0.04210559574917344
66	0.21974317681164005
67	0.46645153779739423
68	0.04912500941636254
70	0.2415515473756918
72	0.28022540827308545
73	0.053249997709424846
74	0.267865585750162
75	0.21712477160237548
78	0.2514561714137217
83	0.5087401096516923
84	0.20117398714896037
90	0.07925405616246672
91	0.2755274981497019
95	0.041607290378849665
96	0.26712649206143424
97	0.08316249763597486
98	0.19230297318451012
99	0.22074130567007247
100	0.07147287262754642
104	0.1371986606405415
105	0.22262283874593722
106	0.7300014946846491
107	0.01013519467507061
109	0.33564123409182656
110	0.04290956444236374
112	0.4743515860395068
115	0.5209077708176777
117	0.24076340061242515
118	0.03491405571976344
121	0.07250083009822166
122	0.4964359497826762
124	0.23063654158262337
125	0.23474612748050425
127	0.0073512389617365614
128	0.44769824022842364
130	0.021581991713278945
131	0.25551309994732907
132	0.2704064959871905
133	0.5247200345807731
136	0.03857492273976615
137	0.23316545102399577
138	0.017462613133418695
139	0.005508511905845604
140	0.278500170230479
141	0.73824312796661
143	0.49116371060498565
144	0.03852531509073806
146	0.5018962680646909
151	0.022262023652080833
152	0.256961009933391
153	0.5758788797311514
155	0.13361180751360419
157	0.21581113096905158
159	0.7483723615013048
161	0.22888968909685006
162	0.20557655220379445
163	0.18993127627842593
164	0.47058166160126974
166	0.3101694428920017
168	0.01726889496403065
169	0.4754570633595671
170	0.7385344767855857
171	0.17965868587071854
172	0.45736216169707666
173	0.27218219393316506
174	0.01931040502859627
176	0.004826482469642207
177	0.0030215986977122945
178	0.2500454698365377
179	0.038637096358278424
180	0.45252228980466813
184	0.028218093978307372
185	0.2591298125106096
186	0.48225701672814225
187	0.21128843657088825
188	0.2556990623708381
191	0.47253541352643635
194	0.007758791821488302
196	0.08497226896087558
199	0.21946393378536228
201	0.1092940940759266
202	0.08537762843058815
205	0.43640426572460345
206	0.39712626599347856
207	0.2572640880040262
210	0.2700878505292515
211	0.06835710634134157
212	0.013587855678747807
216	0.24377954476730992
217	0.505117865750379
218	0.026871672684790453
219	0.27146886682422466
220	0.2617134958958692
223	0.03153720005418649
224	0.5227560625834484
227	0.23328796752731784
228	0.0511718384676237
229	0.18999187119693756
230	0.27937309221800244
231	0.20046566145591307
232	0.24117935577744926
233	0.0013759640946237987
234	0.026431020333880974
238	0.024780516502086583
239	0.021948321153363162
240	0.03788572169776332
241	0.1475727380823357
242	0.2811575915746766
243	0.07848354796825888
245	0.20727134276648107
248	0.0070851807275992
250	0.21427286600658382
252	0.03231292285076502
254	0.23825875768570498
257	0.5156213313672336
258	0.19837399149130608
259	0.01436742569689882
260	0.2547487187242267
261	0.21398710713364127
263	0.05304563121931534
264	0.2756528151641381
267	0.0042823178207814505
268	0.007625773916596142
269	0.012685256550932833
271	0.017544614244646758
272	0.48165709028215375
273	0.20903163606121972
275	0.0040141375560373595
277	0.01824475126073151
279	0.2764038464345139
284	0.03386371904427999
285	0.4764842788635987
286	0.015668372821651178
287	0.46416191035567494
289	0.3251595066594274
290	0.04521718297658021
291	0.26588964760810735
292	0.055202823780250355
295	0.04980046379480188
296	0.023385926352293022
297	0.04898211506326558
298	0.03398383543232349
299	0.01179104307828667
300	0.3045175173363924
302	0.20182180454593376
303	0.038063114674859684
304	0.24858783953461866
306	0.2427258066832672
309	0.475113028875234
310	0.03146775935169763
311	0.28181681289162136
312	0.25499743518549756
313	0.045067010847703134
316	0.1325268302915864
318	0.2748811617597567
319	0.24410997463266104
322	0.2606371607885033
329	0.2579107523243652
330	0.26076445504070234
331	0.24443400967918116
333	0.508355898553394
334	0.0962321421423458
335	0.20697027255006273
336	0.42361298703912964
337	0.006132313337204112
338	0.2896157051286973
339	0.03374772875535682
340	0.2189540157559665
341	0.017995101680837497
343	0.05460940785275649
345	0.05989512458052246
346	0.25353163261881106
347	0.009016711449688963
351	0.47521487891635783
352	0.029962450580171336
353	0.004361262570470804
354	0.5231920410012201
356	0.1784894409811112
357	0.0001471882633401235
358	0.24417877200243315
361	0.27808469703828426
362	0.1615957496584955
364	0.2790521149523062
365	0.20860830946449738
366	0.01077871360749437
369	0.1937152425071339
371	0.26967035345924484
372	0.4977365947272673
376	0.21994725140815813
379	0.04230955737385418
382	0.024320627321176014
384	0.013801200517045725
385	0.022081830093774846
386	0.2560871111303993
387	0.07612420805855179
388	0.20172714115582568
393	0.48139588408953987
396	0.5325786286296146
397	0.08172058531318283
399	0.06523292656851108
400	0.20335952060775436
401	0.23057342052255966
403	0.26905655592354843
407	0.08543898447147907
409	0.017676850204214632
412	0.01122170266082332
413	6.469779623398397e-05
415	0.274058374452616
418	0.16696721563141517
419	0.19875685316869596
420	0.23785679055621442
424	0.07701964138286159
426	0.2534292973027641
428	0.26292380109495367
429	0.022150541951894483
430	0.27816319533284756
431	0.49774476182437966
434	0.2825777377577623
436	0.5265187478437582
437	0.11994832281461844
438	0.008170337136305342
439	0.45067744984019015
440	0.2633334009174405
443	0.02624462602769428
444	0.4519594381978297
446	0.22087992169620407
449	0.05041767100662087
450	0.03419335088956478
451	0.3069899512873045
452	0.2983194041311413
453	0.03533619836010261
454	0.03478935852164411
456	0.03334086232377283
460	0.02211731919083507
461	0.04698506323944994
462	0.24878469079252197
463	0.04944657444544829
465	0.04346019751362736
469	0.2673926753253978
470	0.21025122333465737
471	0.2499488216065974
473	0.25256587401649655
474	0.2671468637908699
475	0.296268992749776
476	0.015337926660581949
477	0.18207817293410444
480	0.009950266741758564
481	0.03936220842683566
482	0.2368411132165462
484	0.036018356241951245
489	0.2178193076828952
491	0.23823547946883608
492	0.23210806673484402
495	0.2581158251110027
499	0.2815817040818521
501	0.0766185679860405
502	0.035484542522058536
504	0.27297022960601447
505	0.26777631247065065
507	0.03435287376501934
508	0.3146169887811775
510	0.22076606030435908
511	0.009783774780903715
515	0.20956083856692284
516	0.04656133821661715
518	0.20934868280050287
519	0.25841493774289814
520	0.0010754820288450817
522	0.029537244969000835
529	0.036157291037171836
530	0.2701415392114707
531	0.009959575277318937
533	0.26640381569498095
538	0.047568771971410434
542	0.07419375375254367
543	0.27849481290889766
545	0.32163790655406654
546	0.2549848133032514
547	0.24802605568638675
548	0.22400180229124017
549	0.008667178262651627
550	0.22990087713501592
551	0.2521532921557763
553	0.04201112683074866
554	0.2183950835848831
558	0.008914352747333966
559	0.7358121545582932
561	0.019546768338817244
562	0.07287012973456874
563	0.17984392814801275
565	0.48602086156332913
566	0.28017408425095836
568	0.06090864028801866
570	0.20967489443769388
571	0.2613339423712026
572	0.08985083047624638
573	0.035134768225210486
575	0.32934734953570666
578	0.2401659453274318
583	0.2753858590241067
586	0.03872590547951492
589	0.016432903529088445
590	0.060096170289164016
591	0.2814406564428461
593	0.04240083346939316
594	0.44561621434417314
596	0.48689654890926276
597	0.21629362005832783
598	0.01993231023134708
604	0.23923782429041246
607	0.02337220577488164
608	0.27795822130457715
609	0.34831816633746193
610	0.05465265247751569
611	0.4921052815304737
612	0.46473747342404004
615	0.2613339820211227
616	0.004974956933344019
619	0.19763084566094868
620	0.2632112856302688
621	0.24871375104626564
623	0.24804834471670772
624	0.3005248708899793
625	0.06345225995107734
626	0.023482687814470313
628	0.03937078531293219
629	0.06825449801486536
631	0.014376213256471142
632	0.2895273333011103
633	0.5374859326993745
634	0.07408755926873156
635	0.004495810973069524
639	0.019479987156000852
640	0.027452690353602434
641	0.10403688971540227
642	0.0166598438107567
644	0.21845912409874038
645	0.2696211199976098
646	0.18407019339283656
648	0.2357239888241356
649	0.04502773468343024
651	0.24647862648204383
652	0.23777748753849207
653	0.24275418804645063
654	0.23570954063696778
655	0.04819429469996081
658	0.017620639456929356
660	0.2605539799773038
662	0.19105462444116947
663	0.21302704825955213
666	0.03250255973256814
667	0.2652775854496239
670	0.2331362574453529
671	0.063783857839678
672	0.2046896706990493
673	0.4726959444983798
674	0.010964588174046046
675	0.29706679916263146
677	0.266600404268115
679	0.22023750227033798
681	0.13616701186354688
686	0.04879041608274722
688	0.22963885640590645
689	0.264573872246216
690	0.2516097739015061
692	0.032510779712464404
694	0.2718600896790634
696	0.01798124818518764
697	0.018930628902050127
699	0.03826315419903639
701	0.009509175422863714
703	0.00854901514823143
704	0.22547174903551437
707	0.26308022403158576
708	0.23393142097462818
710	0.25731810721824117
711	0.06482759393278778
712	0.23319181657428076
713	0.016931944380728127
714	0.4948875700748125
716	0.014140778934522678
717	0.03977639343745972
718	0.5366079230723156
719	0.2511299272895025
720	0.22499965174829928
723	0.24967975292051325
724	0.39712626599347856
725	0.24608983520349192
726	0.2698759872160593
728	0.45307294766320805
729	0.4501242127827463
731	0.25991875565797284
733	0.007530775766212566
734	0.07224651198628308
739	0.2805984278172558
740	0.20557122799489908
741	0.04480380408850431
742	0.0408206547155842
743	0.013835835584088928
744	0.06667803603148818
745	0.2811461655609789
754	0.4961485896435962
755	0.2130334229116416
757	0.023038691976157114
759	0.01920783878828068
762	0.3034680277243044
766	0.02745842548472198
768	0.0011733524258067118
771	0.1259846527453885
772	0.25006086631121033
775	0.2599092324545639
776	0.17893462387004527
777	0.03656820431568756
778	0.22698281475206036
780	0.05682617389007127
782	0.29624495374386123
784	0.2177950113729969
785	0.035716901019672995
786	0.06465514189759082
788	0.2692859936306682
789	0.47219824789979675
791	0.2517772795097704
796	0.2605272071379722
797	0.03456273355277785
798	0.2329122975914502
799	0.22258178280053278
800	0.03937078531293219
801	0.4888992699155924
804	0.4857077860389045
808	0.023766661873843006
810	0.24982627666763152
811	0.21260643135573087
812	0.27828898579277483
814	0.036116484727112895
816	0.19698529233395104
819	0.245667577783117
821	0.01518432396174911
822	0.06879377730441678
823	0.012717606140672716
824	0.5194160667057486
825	0.5052391462407142
828	0.03380117605691219
829	0.03937078531293217
830	0.04103214701581074
832	0.2339933072946142
837	0.26074400976012807
838	0.2628138541194958
840	0.09991611213022855
842	0.015951718103874364
843	0.24243858564038562
845	0.015389357865897239
846	0.031094025378292606
847	0.5014887406637085
848	0.07752014351769482
853	0.22352832515404653
855	0.5126974445559411
856	0.24352483894112797
857	0.005866210127744159
858	0.25602381242351163
859	0.016355452496695323
863	0.0017163974477576657
864	0.006398747150780176
865	0.02193901454682362
867	0.04135253132566615
869	0.026702008391727677
872	0.19594078835140166
873	0.3120349350216487
874	0.020079426252366573
875	0.0565695956841457
876	0.1971466861998859
878	0.26435673523117337
880	0.04764651021442323
881	0.25483409277111696
882	0.02296343245402241
888	0.2859968287554491
890	0.5437197238107064
892	0.25116500744717757
894	0.03291808420367696
897	0.035519869274474196
899	0.06933707830903457
901	0.23455347364858514
902	0.26076947917739635
903	0.01483216338408501
905	0.2041688420347016
908	0.044150342097926676
911	0.2648606129433333
912	0.06818057083663377
913	0.2320714372523571
914	0.28164916943742496
917	1.6106098881606135e-05
918	0.4561403167015857
919	0.026504703576951706
920	0.2634206696771992
921	0.028200322122262613
923	0.039140641962433394
925	0.5004438347451273
927	0.27262535410768707
929	0.010407848951424749
930	0.30242722514023834
931	0.05393603042791013
932	0.04342965476578715
933	0.05661381575560159
934	0.261996824334235
935	0.47787900512848247
936	0.02796753704461497
937	0.2404827644886645
940	0.018998682983260656
941	0.027594918470113264
943	0.25733724752847875
0	0.0
0	0.0
0	0.0
0	0.0
0	0.0
0	0.0
0	0.0
0	0.0
0	0.0
0	0.0
0	0.0
0	0.0
0	0.0
0	0.0
0	0.0
0	0.0
0	0.0
0	0.0
0	0.0
0	0.0
0	0.0
0	0.0
0	0.0
0	0.0
0	0.0
0	0.0
0	0.0
0	0.0
0	0.0
0	0.0
0	0.0
0	0.0
0	0.0
0	0.0
0	0.0
0	0.0
0	0.0
0	0.0
0	0.0
0	0.0
0	0.0
0	0.0
0	0.0
0	0.0
0	0.0
0	0.0
0	0.0
0	0.0
0	0.0
0	0.0
0	0.0
0	0.0
0	0.0
0	0.0
0	0.0
0	0.0
0	0.0
0	0.0
0	0.0
0	0.0
0	0.0
0	0.0
0	0.0
0	0.0
0	0.0
0	0.0
0	0.0
0	0.0
0	0.0
0	0.0
0	0.0
0	0.0
0	0.0
0	0.0
0	0.0
0	0.0
0	0.0
0	0.0
0	0.0
0	0.0
0	0.0
0	0.0
0	0.0
0	0.0
0	0.0
0	0.0
0	0.0
0	0.0
0	0.0
0	0.0
0	0.0
0	0.0
0	0.0
0	0.0
0	0.0
0	0.0
0	0.0
0	0.0
0	0.0
0	0.0
0	0.0
0	0.0
0	0.0
0	0.0
0	0.0
0	0.0
0	0.0
0	0.0
0	0.0
0	0.0
0	0.0
0	0.0
0	0.0
0	0.0
0	0.0
0	0.0
0	0.0
0	0.0
0	0.0
0	0.0
0	0.0
0	0.0
0	0.0
0	0.0
0	0.0
0	0.0
0	0.0
0	0.0
0	0.0
0	0.0
0	0.0
0	0.0
0	0.0
0	0.0
0	0.0
0	0.0
0	0.0
0	0.0
0	0.0
0	0.0
0	0.0
0	0.0
0	0.0
0	0.0
0	0.0
0	0.0
0	0.0
0	0.0
0	0.0
0	0.0
0	0.0
0	0.0
0	0.0
0	0.0
0	0.0
0	0.0
0	0.0
0	0.0
0	0.0
0	0.0
0	0.0
0	0.0
0	0.0
0	0.0
0	0.0
0	0.0
0	0.0
0	0.0
0	0.0
0	0.0
0	0.0
0	0.0
0	0.0
0	0.0
0	0.0
0	0.0
0	0.0
0	0.0
0	0.0
0	0.0
0	0.0
0	0.0
0	0.0
0	0.0
0	0.0
0	0.0
0	0.0
0	0.0
0	0.0
0	0.0
0	0.0
0	0.0
0	0.0
0	0.0
0	0.0
0	0.0
0	0.0
0	0.0
0	0.0
0	0.0
0	0.0
0	0.0
0	0.0
0	0.0
0	0.0
0	0.0
0	0.0
0	0.0
0	0.0
0	0.0
0	0.0
0	0.0
0	0.0
0	0.0
0	0.0
0	0.0
0	0.0
0	0.0
0	0.0
0	0.0
0	0.0
0	0.0
0	0.0
0	0.0
0	0.0
0	0.0
0	0.0
0	0.0
0	0.0
0	0.0
0	0.0
0	0.0
0	0.0
0	0.0
0	0.0
0	0.0
0	0.0
0	0.0
0	0.0
0	0.0
0	0.0
0	0.0
0	0.0
0	0.0
0	0.0
0	0.0
0	0.0
0	0.0
0	0.0
0	0.0
0	0.0
0	0.0
0	0.0
0	0.0
0	0.0
0	0.0
0	0.0
0	0.0
0	0.0
0	0.0
0	0.0
0	0.0
0	0.0
0	0.0
0	0.0
0	0.0
0	0.0
0	0.0
0	0.0
0	0.0
0	0.0
0	0.0
0	0.0
0	0.0
0	0.0
0	0.0
0	0.0
0	0.0
0	0.0
0	0.0
0	0.0
0	0.0
0	0.0
0	0.0
0	0.0
0	0.0
0	0.0
0	0.0
0	0.0
0	0.0
0	0.0
0	0.0
0	0.0
0	0.0
0	0.0
0	0.0
0	0.0
0	0.0
0	0.0
0	0.0
0	0.0
0	0.0
0	0.0
0	0.0
0	0.0
0	0.0
0	0.0
0	0.0
0	0.0
0	0.0
0	0.0
0	0.0
0	0.0
0	0.0
0	0.0
0	0.0
0	0.0
0	0.0
0	0.0
0	0.0
0	0.0
0	0.0
0	0.0
0	0.0
0	0.0
0	0.0
0	0.0
0	0.0
0	0.0
0	0.0
0	0.0
0	0.0
0	0.0
0	0.0
0	0.0
0	0.0
0	0.0
0	0.0
0	0.0
0	0.0
0	0.0
0	0.0
0	0.0
0	0.0
0	0.0
0	0.0
0	0.0
0	0.0
0	0.0
0	0.0
0	0.0
0	0.0
0	0.0
0	0.0
0	0.0
0	0.0
0	0.0
0	0.0
0	0.0
0	0.0
0	0.0
0	0.0
0	0.0
0	0.0
0	0.0
0	0.0
0	0.0
0	0.0
0	0.0
0	0.0
0	0.0
0	0.0
0	0.0
0	0.0
0	0.0
0	0.0
0	0.0
0	0.0
0	0.0
0	0.0
0	0.0
0	0.0
0	0.0
0	0.0
0	0.0
0	0.0
0	0.0
0	0.0
0	0.0
0	0.0
0	0.0
0	0.0
0	0.0
0	0.0
0	0.0
