2	0.27102400001304805
4	0.026522888393738415
6	0.2781092641188201
7	0.0257671485672575
8	0.2932697872716444
9	0.2728217629828138
11	0.23090374123197488
12	0.7585545217551681
13	0.007832148831092914
14	0.01580210195075632
15	0.3276493784984204
17	0.48976530202310903
18	0.25217547086239744
19	0.4276820908130003
20	0.5132383557868504
22	0.26836080840617793
24	0.23108855060211958
25	0.22361914979953046
26	0.220330376469387
27	0.5102305379774909
28	0.5379552199158131
29	0.2679126147151497
32	0.5369770425774049
34	0.24222307795813477
35	0.5420250331572287
36	0.002459291893307035
37	0.5128995392889504
39	0.27537544142633824
40	0.2389010233166188
41	0.035855214338214716
42	0.026484202124144943
45	0.30487473547443733
46	0.30915497263767816
47	0.010508540099160645
48	0.2568279688864029
50	0.2628302879829103
51	0.3106248308290489
52	0.2424486092403062
53	0.25198874634646873
54	0.305864657064602
55	0.7610782324243688
56	0.03564963069412374
57	0.28025208898432463
60	0.24242224914352684
61	0.40423568305960583
63	0.24023691854190046
65	0.21398710713364127
66	0.48223462231288394
67	0.5018560843067571
68	0.2541146268997955
70	0.5483521903835094
71	0.7581487930111143
72	0.01820448388608217
73	0.025912198499120027
74	0.2732867795623701
75	0.002815754276579263
76	0.524161662775098
77	0.24238280513830146
78	0.07449643907798603
79	0.5118562947778833
80	0.687780891948282
81	0.2530750065791953
83	0.2746512157756518
84	0.51145921636641
86	0.4473293600320102
87	0.0755312891246187
88	0.507551489735445
89	0.0011913696907588957
91	0.24927099919374682
92	0.28440244325661057
93	0.2161466298495673
95	0.2928975467639893
98	0.014844140449273173
99	0.2466744274009169
100	0.2734481319924321
101	0.2788618639482842
102	0.2839178575305323
103	0.47634785640843635
105	0.15023066609838165
106	0.4481688240950073
107	0.011738856071734336
110	0.25877917823151786
111	0.030822393718535443
112	0.5254116067493179
113	0.024754648851462883
114	0.22870024761645225
117	0.29327325115551756
118	0.28914089961684
119	0.30714969660567004
120	0.013663063439980076
122	0.5333162958204691
124	0.5011366066717158
126	0.21803970314962826
127	0.25626091327272243
128	0.7730310586185903
129	0.2653379353625446
130	0.03901633388974048
131	0.7277802252881855
132	0.22762549557747974
133	0.48447152704079716
134	0.47130188801481065
135	0.3132104128542059
136	0.21953695907881463
137	0.26442494875460537
139	0.48604511025522956
141	0.47890129792284164
142	0.2988948221408933
143	0.008583830265427216
145	0.23857918548042495
147	0.4838828162854544
148	0.27860327939581137
149	0.47391044826958817
150	0.0669587670155051
152	0.5228088695173577
153	0.3368121240105973
154	0.5240086907867021
155	0.2539889265585906
156	0.4637227188437935
157	0.5431062296080272
158	0.23626532490245428
159	0.46738722370174396
160	0.022816452909625126
161	0.7619082736508618
162	0.22759034583746376
163	0.6844577371885907
165	0.22833844300292439
166	0.7823118166121618
167	0.3059032468577
168	0.23841826168521013
169	0.284928126931822
170	0.4439611725057285
171	0.22532032393143955
173	0.27621511582006697
174	0.31167927107052473
176	0.48944441293396107
177	0.009064792601540327
179	0.06248849397981428
180	0.25810840273392355
182	0.3043609328139714
183	0.4284035828009619
185	0.2383668907570918
186	0.447887443699705
187	0.5240301159232054
188	0.006642785651934803
190	0.4854008726671312
191	0.7071252373489038
192	0.17262234632253853
193	0.31341895186935886
194	0.5406064307955246
196	0.23016446288970754
197	0.2662713086018241
199	0.5267984536643898
202	0.3091913173689716
203	0.23145778224325733
204	0.7494722922019775
205	0.45791462379369074
208	0.22500873963514162
210	0.0026914530796351803
211	0.009605670932420828
212	0.5665853419760745
213	0.2656127846427999
215	0.24978738226177633
216	0.2505273046573426
217	0.02456814576043633
218	0.3073819256450918
219	0.49353114427644784
220	0.522677861689169
221	0.2606397564426959
223	0.022711864290330248
225	0.2730411241876904
227	0.258138068787725
228	0.2633873319961642
229	0.6907870140471831
230	0.005469544957511122
231	0.2516214467790095
233	0.5400053579544297
235	0.037879359919817376
237	0.015719466518344584
238	0.034263068111272665
240	0.22144273725243402
241	0.9758533936587077
242	0.3168542878056794
243	0.1965491689637041
244	0.04698979955016255
245	0.004221317051989075
246	0.28692701342117877
247	0.5349450179192606
249	0.2654241723332167
251	0.2050286891693637
252	0.27005508793391964
253	0.033000939476620014
254	0.5260307712577624
257	0.48576534147351597
258	0.9822015386348839
260	0.5155572090733813
262	0.3082040113218627
263	0.03366494033805749
265	0.003711092309909625
266	0.38527301399119585
268	0.019899756875469403
271	0.007883910846947877
273	0.570508553917265
274	0.23907620173940808
275	0.517494387809587
276	0.2687310669354954
277	0.5058992732259934
278	0.5272822419850122
280	0.031029695058935415
281	0.2642656415114209
282	0.2902694166484098
283	0.2359740363731446
284	0.013543470112053247
287	0.25092415548232533
288	0.06854302705259976
289	0.6126109945883903
290	0.05141191403535722
291	0.05334460910015662
294	0.25985011482288833
295	0.031911260492391506
296	0.04499328123348616
299	0.016999936518812424
300	0.5801033088038324
301	0.2530867932864549
302	0.05741524236859216
304	0.7844365357170244
306	0.7292189545900407
309	0.03300612764723104
310	0.3364654074519697
315	0.008574861073961545
316	0.24682057532476875
317	0.06695876701550504
318	0.28133684246934987
319	0.28897692951877474
320	0.27627028919689484
322	0.2225681720873323
325	0.27868581433981526
328	0.0624746071639887
330	0.2762992083086145
331	0.04350852629049835
332	0.007553498023923411
333	0.012970285662962305
335	0.16057211066022184
336	0.4635083967361027
337	0.2405459489549878
338	0.27398775532449865
340	0.009406820567778258
341	0.5021693586034269
346	0.30288214385899587
347	0.003940990493525032
348	0.2492528461845185
349	0.549265600709959
350	0.020085514528129948
351	0.21869761654200995
352	0.3309885279400314
353	0.7351837253400576
355	0.27513372755393634
356	0.19978496742981644
357	0.521447593570061
359	0.5054804514129594
362	0.19112491800708303
364	0.2580683375015781
366	0.29782304635244244
367	0.07246275925789267
368	0.5388274363524528
369	0.5465485252495753
371	0.2122097821861717
372	0.5079658760529036
373	0.01739547533485708
374	0.19286390175385557
375	0.09314599097514294
376	0.23796767633897975
377	0.2666022480544372
378	0.0034613180771099414
379	0.004380195895044896
381	0.04510605713425895
383	0.02484872242322969
384	0.26441263375643714
386	0.24562037976103968
392	0.03363933903540773
393	0.24982172584995976
394	0.268202849809374
400	0.20887114333985132
401	0.23955684061690477
403	0.022577442811147912
404	0.00680294962493511
410	0.7801353676190927
412	0.028784915659047016
413	0.2918039984356148
414	0.19186095866912642
415	0.2825971599626189
417	0.02976327603094761
419	0.5047572867380876
420	0.2335596924902092
421	0.2768384782991123
422	0.27886534255100176
423	0.020583834456452392
424	0.016995649957454145
426	0.5065843063951606
427	0.003932100517215199
428	0.00980337611436844
429	0.013420554656847147
431	0.7184669854600587
432	0.3153838946527045
433	0.26859710789701924
434	0.2577769165998956
435	0.05094938520407152
437	0.010814685531886359
438	0.025502810923992456
439	0.5374130239505225
441	0.2898399732884691
443	0.2990646249227083
444	0.46759760521457516
449	0.30124436358680473
450	0.29466601181268365
451	0.015444164466123924
453	0.27334992541974973
454	0.005229258656030692
456	0.2754302341305346
457	0.004424395679668132
462	0.2475742225010463
466	0.25869663238885576
469	0.013422702675133812
470	0.5157505315561166
471	0.2997689774780616
472	0.2935750793094442
473	0.316743555061751
474	0.011746875182623708
477	0.7238869863051992
478	0.037666709435477314
481	0.025347683484795713
482	0.5289447681351473
483	0.504709872036585
484	0.30364766708816554
487	0.2857975248030884
488	0.009053649019941677
489	0.006087341499674614
492	0.007152053065531069
495	0.01348045181976118
496	0.29167793612860476
497	0.5103938568583433
499	0.2643492654883591
502	0.27484726630859
504	0.25404733760650283
505	0.299286220904788
510	0.5494673702728744
511	0.5599868889193521
512	0.0027231803120032066
513	0.3029612272550388
516	0.07348795458755292
517	0.2601048877214056
518	0.012200183434913147
520	0.5405101059064229
525	0.03859600648655892
528	0.06902740141740725
529	0.0461556792537597
530	0.5137857765295017
531	0.2745111761368036
532	0.0026402399727055714
533	0.015876833363220065
534	0.2345364627373792
536	0.04707130961114548
537	0.270714068913516
539	0.014358261102877065
540	0.04166603883847398
541	0.009778225857818887
544	0.4352559358227227
545	0.26713191633730327
546	0.00028148999570844907
549	0.014826866264741258
550	0.2523142835876163
552	0.5174367559058947
553	0.014490538042282279
554	0.5196169020908772
555	0.25293382128733827
556	0.019238659771508765
557	0.30882576203284123
558	0.5193984115176795
559	0.46809542751048067
563	0.5381513358770721
564	0.2840628897788573
565	0.4777529543415645
566	0.2767681791504078
568	0.026815184440803417
572	0.23012117501390703
573	0.00042109174099918406
574	0.031094725511582773
575	0.46721844990674344
576	0.005961264963554397
577	0.038069823506669286
578	0.5322244659970423
580	0.005331692619496609
582	0.023258892278163367
583	0.21636536638972464
584	0.06856674661779837
585	0.473339273844848
586	0.27284648904129966
587	0.0038793149909130097
588	0.03078034035194728
590	0.276817571495653
591	0.01573839674087877
592	0.0037842186384701854
593	0.04248466468118947
594	0.47042370453120746
596	0.5229377070120705
598	0.28580193262015424
599	0.23970994280777325
600	0.2264380833422801
601	0.029973790733836627
602	0.05999198274543461
603	0.04244862300430002
607	0.23184920608641751
609	0.370518412647888
610	0.27280005975148197
611	0.48563629401957836
612	0.4834316041325788
615	0.0038018036199391828
616	0.2735611471982163
618	0.01949096427424431
619	0.23974107366594408
620	0.29789888307092466
621	0.2243584418659082
622	0.2764099603320836
624	0.04823658926343698
626	0.2501609602301333
629	0.022633524923408224
630	0.22124943130295177
631	0.2700531425547894
637	0.05075476295524871
638	0.2398147504682546
640	0.00060189240870007
642	0.3107951138624122
644	0.48279850221987264
645	0.22145983239576522
646	0.4887613283475573
648	0.2121743476848043
651	0.4791904537006326
653	0.01954219496041027
654	0.003174678693203755
655	0.006301756953006228
656	0.15902009912600304
657	0.5242082001822738
660	0.3044589819338102
662	0.6887948343141526
663	0.476865793038346
666	0.009825235340963152
667	0.2682136991877294
668	0.015314604843513161
671	0.042895246979504656
672	0.4857507116748992
673	0.7363899953861477
674	0.27131944722398393
675	0.47483982835227284
677	0.020725374992545665
678	0.16265501432568258
679	0.5300422787789064
681	0.5496837401974054
684	0.03355152810974454
686	0.00937104355942361
687	0.4976018489738697
688	0.24800687812392838
689	0.26132085200567695
690	0.0006052845650608082
691	0.5051757380318057
693	0.016663841939875357
694	0.010755956315258691
695	0.0006327354433800919
697	0.26499779256909906
698	0.25266119512314505
700	0.06446490776323817
701	0.29349717243353873
702	0.031677812666689044
704	0.20198059745338665
705	0.5190160685285992
706	0.06215453318459151
707	0.0028888780069462466
708	0.3037537470680692
709	0.24276054792159177
710	0.011843470437413212
711	0.03469174868871093
712	0.5208673716926862
714	0.2517449176396896
715	0.5054107604600159
716	0.26386046063465296
717	0.049432581551883986
718	0.4834583653557354
719	0.22250685665733463
720	0.24306139645263075
722	0.24857839983248553
723	0.5002435514058685
725	0.48167451171152786
727	0.027641297451306206
728	0.20525923210561878
729	0.47298175605867065
731	0.27295310141942347
733	0.005025624321775224
736	0.21219119922541238
737	0.25017580489706215
738	0.26131290730100226
739	0.010516793110441274
742	0.04085962607879952
743	0.02657341937575829
746	0.08096326904272419
749	0.04886279312386647
750	0.029453527833742745
754	0.29442016046995656
755	0.23411215431554105
756	0.039608372074007955
757	0.010690877295439511
761	0.04042101357239252
762	0.01484414044927319
765	0.5282164823422079
766	0.014387838307495938
767	0.02756124686807379
768	0.018530782464950865
769	0.4910108555316916
770	0.04102921588803704
773	0.012421170999821846
774	0.06971831019839153
775	0.2764597246950573
776	0.23701631896464384
777	0.0012147646655025178
778	0.007866192744594137
784	0.2403669591363444
785	0.010178321995026274
787	0.003303451497914365
788	0.29540711817708143
789	0.23623152891117094
790	0.25183148756539414
791	0.23951794601031637
792	0.030703541663943307
794	0.260638187267792
796	0.27324747209059524
797	0.17841871942556972
798	0.26949590220738356
799	0.22631404004895855
801	0.7441092856358487
802	0.2530373724790378
803	0.03918623488216801
804	0.4973281158999232
807	0.31097273343367776
808	0.24605081790847305
810	0.2297220397858335
811	0.23329492433794477
812	0.49704528107930995
813	0.2326287586133347
814	0.3112757707405568
815	0.2871082315578995
816	0.5159854394523647
817	0.05321487155956196
819	0.23232343805259603
822	0.25861501747661975
825	0.25390772879673884
826	0.25282652680183504
827	0.47408210382431304
830	0.2582176407100365
831	0.22273447260153964
832	0.552418266260687
834	0.27521191720980065
838	0.054165573949030044
841	0.010692866810458806
842	0.2547310776153603
844	0.28807931586599966
845	0.4843813513513724
847	0.28080800060344013
848	0.039477420464555796
850	0.04987371529818986
851	0.016375476677011325
852	0.0681861415079434
855	0.4912784580954569
856	0.2775083216501808
857	0.265709438970444
858	0.4878307827041273
859	0.5399150552867822
860	0.2705473596949006
861	0.2375838167616552
862	0.29636035163683017
863	0.01178016640736548
864	0.004756558326737451
866	0.42159998432978
868	0.012904284883696653
869	0.004568301456095412
872	0.47146410970778907
873	0.28040314495436913
876	0.4957511687962449
877	0.016624455638471758
878	0.2389936348096547
879	0.4781572913366344
880	0.002981902685567972
881	0.2489631750267094
882	0.005758347918779744
884	0.002735666192339496
885	0.008779927395454287
887	0.013944200192673579
888	0.7199815316264626
889	0.006781861756661161
891	0.4783624074567522
892	0.23911523124849987
893	0.0602529149666422
895	0.041282805565673694
896	0.03436873132883781
897	0.006298816806371302
901	0.2584056606304502
902	0.4706570082976045
903	0.008205030997000463
904	0.2518939110397978
906	0.3020896795432618
908	0.008450173669471272
909	0.5173406043407456
910	0.24982395198910237
914	0.7340316640370345
915	0.7303366922901307
916	0.22884504265270655
917	0.31912734767348
918	0.22549368146151955
920	0.27316151963465957
921	0.27169847798951224
923	0.2812875683936871
925	0.24692076390113282
926	0.2322124336368414
927	0.2531856147080978
928	0.004751216677380165
930	0.7618503135014075
931	0.035786739188499436
933	0.01771808722294353
935	0.7705936271366205
936	0.29192754663505255
939	0.5568745446724352
941	0.29120236615904155
943	0.013212098283537404
0	0.0
0	0.0
0	0.0
0	0.0
0	0.0
0	0.0
0	0.0
0	0.0
0	0.0
0	0.0
0	0.0
0	0.0
0	0.0
0	0.0
0	0.0
0	0.0
0	0.0
0	0.0
0	0.0
0	0.0
0	0.0
0	0.0
0	0.0
0	0.0
0	0.0
0	0.0
0	0.0
0	0.0
0	0.0
0	0.0
0	0.0
0	0.0
0	0.0
0	0.0
0	0.0
0	0.0
0	0.0
0	0.0
0	0.0
0	0.0
0	0.0
0	0.0
0	0.0
0	0.0
0	0.0
0	0.0
0	0.0
0	0.0
0	0.0
0	0.0
0	0.0
0	0.0
0	0.0
0	0.0
0	0.0
0	0.0
0	0.0
0	0.0
0	0.0
0	0.0
0	0.0
0	0.0
0	0.0
0	0.0
0	0.0
0	0.0
0	0.0
0	0.0
0	0.0
0	0.0
0	0.0
0	0.0
0	0.0
0	0.0
0	0.0
0	0.0
0	0.0
0	0.0
0	0.0
0	0.0
0	0.0
0	0.0
0	0.0
0	0.0
0	0.0
0	0.0
0	0.0
0	0.0
0	0.0
0	0.0
0	0.0
0	0.0
0	0.0
0	0.0
0	0.0
0	0.0
0	0.0
0	0.0
0	0.0
0	0.0
0	0.0
0	0.0
0	0.0
0	0.0
0	0.0
0	0.0
0	0.0
0	0.0
0	0.0
0	0.0
0	0.0
0	0.0
0	0.0
0	0.0
0	0.0
0	0.0
0	0.0
0	0.0
0	0.0
0	0.0
0	0.0
0	0.0
0	0.0
0	0.0
0	0.0
0	0.0
0	0.0
0	0.0
0	0.0
0	0.0
0	0.0
0	0.0
0	0.0
0	0.0
0	0.0
0	0.0
0	0.0
0	0.0
0	0.0
0	0.0
0	0.0
0	0.0
0	0.0
0	0.0
0	0.0
0	0.0
0	0.0
0	0.0
0	0.0
0	0.0
0	0.0
0	0.0
0	0.0
0	0.0
0	0.0
0	0.0
0	0.0
0	0.0
0	0.0
0	0.0
0	0.0
0	0.0
0	0.0
0	0.0
0	0.0
0	0.0
0	0.0
0	0.0
0	0.0
0	0.0
0	0.0
0	0.0
0	0.0
0	0.0
0	0.0
0	0.0
0	0.0
0	0.0
0	0.0
0	0.0
0	0.0
0	0.0
0	0.0
0	0.0
0	0.0
0	0.0
0	0.0
0	0.0
0	0.0
0	0.0
0	0.0
0	0.0
0	0.0
0	0.0
0	0.0
0	0.0
0	0.0
0	0.0
0	0.0
0	0.0
0	0.0
0	0.0
0	0.0
0	0.0
0	0.0
0	0.0
0	0.0
0	0.0
0	0.0
0	0.0
0	0.0
0	0.0
0	0.0
0	0.0
0	0.0
0	0.0
0	0.0
0	0.0
0	0.0
0	0.0
0	0.0
0	0.0
0	0.0
0	0.0
0	0.0
0	0.0
0	0.0
0	0.0
0	0.0
0	0.0
0	0.0
0	0.0
0	0.0
0	0.0
0	0.0
0	0.0
0	0.0
0	0.0
0	0.0
0	0.0
0	0.0
0	0.0
0	0.0
0	0.0
0	0.0
0	0.0
0	0.0
0	0.0
0	0.0
0	0.0
0	0.0
0	0.0
0	0.0
0	0.0
0	0.0
0	0.0
0	0.0
0	0.0
0	0.0
0	0.0
0	0.0
0	0.0
0	0.0
0	0.0
0	0.0
0	0.0
0	0.0
0	0.0
0	0.0
0	0.0
0	0.0
0	0.0
0	0.0
0	0.0
0	0.0
0	0.0
0	0.0
0	0.0
0	0.0
0	0.0
0	0.0
0	0.0
0	0.0
0	0.0
0	0.0
0	0.0
0	0.0
0	0.0
0	0.0
0	0.0
0	0.0
0	0.0
0	0.0
0	0.0
0	0.0
0	0.0
0	0.0
0	0.0
0	0.0
0	0.0
0	0.0
0	0.0
0	0.0
0	0.0
0	0.0
0	0.0
0	0.0
0	0.0
0	0.0
0	0.0
0	0.0
0	0.0
0	0.0
