3	0.18517565486932142
4	0.5150207619194681
6	0.29545452569696595
9	0.016292033350631334
10	0.06360672614535667
13	0.03399927339950433
16	0.04349451779662904
17	0.009746363096483586
18	0.2767371691594818
19	0.22328667421036644
21	0.5259645900345715
22	0.5337114359237684
23	0.24226903598674787
24	0.02033041371001251
26	0.3212724072431194
27	0.3520837141769868
28	0.0027675947505349623
29	0.44343422923238557
30	0.0003062331904993554
31	0.24036433863342252
33	0.04616666382030556
34	0.14005525958215323
37	0.028311233107948055
38	0.04262862300814944
39	0.06562605719459094
40	0.2553644721173558
42	0.02681397139645966
43	0.006981496482912818
44	0.07994803573500842
46	0.24296174090270434
47	0.5202489426360246
49	0.27480516672554
50	0.7478581798151255
53	0.05614218175184019
54	0.017083910833056874
56	0.24307155455167018
58	0.2013922091008779
59	0.045451067343896645
60	0.013255909280397073
64	0.5144927239621581
66	0.2573759114832586
67	0.012025081564668472
68	0.007706325582666457
69	0.016922183455103844
71	0.017500495863226096
72	0.01415563157998493
73	0.22707055197100645
74	0.28719110173639234
75	0.04697969008116443
77	0.2214854456215607
80	0.2561905003111956
81	0.0004046260171822885
82	0.06165382406690065
84	0.030414940095382485
85	0.03942133763414102
88	0.2538902023299726
90	0.03701961765783157
92	0.26585068441644744
94	0.4815805333124006
96	0.00711748640424556
98	0.3039818161837854
102	0.012947747043954606
103	0.32850302851279
104	0.3428934464907074
105	0.525263323015372
107	0.5260248495463768
108	0.5309494112060961
112	0.032513268994163805
113	0.298646529485153
115	0.270774850658818
116	0.19194177348253816
117	0.026334701090919062
119	0.2520297338966135
120	0.014564718168268553
122	0.003144433433721526
124	0.014870644570135413
126	0.04503393936869213
127	0.045572930321854346
129	0.2835905524264257
130	0.018414974038662473
132	0.507277524793666
135	0.2622818343194398
136	0.4823383230696358
139	0.47090102033188425
140	0.2754402139613299
142	0.2510986120890656
143	0.04995100734843371
145	0.01259879812469257
148	0.040114274523881416
149	0.2935233100343308
150	0.0304925269811235
153	0.13366805012192987
154	0.27241805237351047
155	0.146748901987236
156	0.24762662254461665
157	0.0037677815695156894
158	0.2673444222619322
160	0.2975118597421224
161	0.16130267113616892
162	0.0014205052462077927
163	0.014098471901724745
164	0.2935639248436474
165	0.2466182471618976
168	0.019238580869873158
171	0.27480271078950735
172	0.2686527165187864
173	0.2624344821476529
174	0.27027794353772866
175	0.04914377622698233
176	0.2616504128152692
177	0.2986790296811216
180	0.036933674040440116
183	0.23639121623801967
184	0.024463346716468725
188	0.01394201367348414
190	0.07055472659599515
191	0.040133206977137
192	0.5204042412391736
194	0.012829227599084114
195	0.556690570008625
198	0.4446140837845554
200	0.5246850050242337
203	0.2887459087204749
204	0.2501644374540305
207	0.2965729335975547
208	0.2694586195319891
210	0.5075349247852797
213	0.5326215255243827
214	0.5191457543185981
215	0.27109780493549973
216	0.2865990368768171
217	0.28954208959015976
219	0.028185102085141522
220	0.4344439818167767
221	0.031333870507901575
222	0.007382179439452609
225	0.5061880088226757
226	0.055769209718900474
227	0.33375548733854205
229	0.08823809436668753
231	0.013297741749397882
234	0.2510362769886711
235	0.015508868793524984
236	0.04427037596391676
237	0.47126310401729077
239	0.27712134663726257
240	0.5006681636074634
244	0.2669341247812423
246	0.039111077332223534
248	0.30621432899177187
249	0.2604590620029282
250	0.0237830465272012
251	0.26181402398980563
255	0.1852541497484049
256	0.03682504626782427
259	0.5322370453993889
260	0.22790108147926263
262	0.5099695554098429
263	0.2576900619133267
264	0.02276767952323612
265	0.024189538511169277
266	0.4602398847753729
267	0.02173849331273029
268	0.025777375494813612
270	0.5161714035866176
271	0.020541324231634985
272	0.06122555080886744
273	0.047666884403781334
274	0.03273569586310082
276	0.27749706335767055
277	0.25930457181035205
278	0.022888308221383383
280	0.2858339753418986
282	0.509757425460195
283	0.28079071713561177
284	0.7636009517383776
285	0.06694416101962442
286	0.2569134995168214
287	0.05555484015228875
288	0.03335597918750616
291	0.013027814450395352
292	0.011515141396836001
293	0.267642074472923
295	0.26298814503851864
297	0.27541252702399016
299	0.011306092259681447
300	0.3610492306789579
301	0.007720439123381925
303	0.2756801649016395
304	0.005296037076566541
307	0.017642339921186724
308	0.2825424211765729
312	0.048488390164848606
313	0.057360615742496235
315	0.7629965782060594
317	0.2805938162864085
318	0.25678578514295863
319	0.2805015098270537
320	0.033594920391563816
322	0.03626920520380837
324	0.009288116854293385
325	0.27052739521401487
326	0.012977218229925765
328	0.012243692953953316
329	0.01921941308728604
332	0.0659500532113513
333	0.24609641041303063
334	0.031184425369768995
335	0.33310692127812797
338	0.009781694158950846
339	0.24468183637100877
341	0.5262375054563181
342	0.25923474038403976
343	0.0110877762866292
344	0.25344715840619925
345	0.24204816863229925
347	0.02305811520381247
348	0.030228589529760683
349	0.25249712452998796
350	0.019869977869612636
351	0.29199623574561967
352	0.006374167047898071
353	0.27520059599548796
354	0.27118765273761836
355	0.5110249675553764
357	0.04714032882670467
359	0.003951662163536651
360	0.2779553959187542
361	0.005538700100234974
362	0.3224365807224145
364	0.2767370982216497
365	0.021049806839995105
366	0.4900661907556124
367	0.0498796687979711
368	0.04344830766407658
370	0.5757722445361696
371	0.027408798755292788
372	0.006774022223995868
375	0.25461992679103584
376	0.00850792164154851
377	0.3172520489820361
378	0.26219355579647274
379	0.29522301456492395
380	0.0712409390160149
381	0.2711014368146783
382	0.23237310686657253
383	0.050303264639696886
384	0.5209919730629655
386	0.035922777120231134
388	0.06823341014424443
389	0.07159997548864856
390	0.03733904657271429
391	0.27562274347634474
392	0.5277768796472667
394	0.2909518475280928
395	0.023006661915874124
397	0.041424657016518346
398	0.05109864076998142
399	0.2976434085697373
401	0.03779951388803432
402	0.040276168616310136
404	0.2704456009786578
405	0.35869862922871976
406	0.04854603002031754
407	0.2846300748840169
408	0.5470814393720774
409	0.01893022022764964
411	0.28095673757113815
412	0.5000644908221704
414	0.5378827249047593
415	0.2319215816286488
416	0.03155560681303825
417	0.5055121649931349
418	0.08703747545695911
419	0.0407947842983139
420	0.28407714378361587
421	0.02439524636380259
423	0.2603273198622816
424	0.26400385128517134
425	0.5389725283781226
426	0.028282009831348456
427	0.5309303971387439
429	0.24590934645895363
430	0.24973779933502818
431	0.0019775419560909765
432	0.26131445596462133
433	0.4875397990797029
436	0.26700230240310435
438	0.021759964852697725
439	0.009685935893129778
440	0.02454176981262517
442	0.546270602611119
443	0.3009626860463495
444	0.2916480673197286
446	0.014530396804662019
447	0.030889203564511046
448	0.10558707568909374
449	0.014463478827527455
450	0.015513934309281573
456	0.0032249070956191297
458	0.05016783178734119
459	0.056170896385994463
460	0.527655362724458
461	0.27928648157051045
462	0.2651802291341809
463	0.26214061820708257
465	0.2610235727564079
466	0.2519307862277904
467	0.00375768517017204
468	0.028066270225391782
469	0.04899756414993123
470	0.015973123220653855
472	0.044460632916697954
474	0.25595978843986367
475	0.010296537785399226
476	0.08152315936272687
477	0.2839075287912225
478	0.27761017024031887
479	0.5192349011844299
480	0.012298905834411573
484	0.011915956720539422
485	0.37353949322412694
486	0.013047639923176358
487	0.015383360648589313
488	0.0020838175175595247
490	0.048475738293693435
491	0.05146658339084328
493	0.04795226083453337
494	0.2905139411635502
496	0.47886973386430415
497	0.017106254213208265
498	0.21873712598775502
499	0.26221591025936625
500	0.2873647177621765
503	0.008241433909567334
506	0.03476243048157113
507	0.2948556760285222
509	0.12840429851151
510	0.2419208999102763
511	0.19865514883919222
512	0.04178754194807958
517	0.0059903398329588485
519	0.25158466053891215
520	0.23717397796958178
521	0.23723397867722273
522	0.4856993209776079
524	0.3096001077157042
525	0.0026879950812807273
526	0.19659842964876148
527	0.018920155798223773
528	0.02112800400324792
529	0.2634505605925443
530	0.2530839831617117
531	0.27108587080700547
532	0.271503510507669
534	0.05981434464955466
535	0.04691423722443151
537	0.27553701144687326
539	0.003098283397430089
540	0.05336253578050327
541	0.04186122608746153
542	0.01085399302243395
543	0.24648951512356748
544	0.3087936388577693
547	0.27485994077490167
549	0.2229601671068656
550	0.007846766167785894
551	0.011202824403480117
552	0.03132146401046987
553	0.0495711376919071
555	0.21883953273892864
556	0.26839045254666627
557	0.23783794226844832
558	0.2667434734463112
560	0.08155183458718263
561	0.30667958421882374
562	0.08123274581563703
564	0.014321959163952278
566	0.28402856696291245
567	0.2849632525379813
568	0.013819617655485499
569	0.291087769797728
570	0.32778676493107534
571	0.0022509091413586008
573	0.2679005729799534
574	0.5596687862543814
580	0.09825759241666936
581	0.002144936953749642
582	0.0819302029888277
583	0.029261981695836985
587	0.5151263103187369
588	0.022381422785447583
590	0.0009029896003011038
591	0.02568513640979385
594	0.040719045554064526
595	0.21946912149028452
598	0.05937624813396437
599	0.253588899427708
600	0.29752448772561485
602	0.06259864330011636
603	0.2563953474357502
605	0.2762011725888187
606	0.05213249360126999
607	0.058432450159330684
608	0.3151800492818817
610	0.037097458623140685
611	0.01771640216547547
613	0.01717506592805087
616	0.01687954529409889
618	0.0350940829509727
622	0.5255562290748979
624	0.2745763678177747
626	0.3310059463196868
627	0.015154472941700456
628	0.29108776979772794
630	0.2912303613215884
631	0.5504725564744044
634	0.04768069551903021
635	0.269474872227388
636	0.048735381514188644
638	0.33170282539942353
639	0.3231285310282923
640	0.24785762775380157
641	0.01919079027898407
647	0.03503982315031049
650	0.02917536252420835
652	0.27703768447344934
655	0.24472790043733256
656	0.4437567326618107
658	0.2334026146050426
659	0.25771196364814
661	0.31337493446139963
662	0.32219881636667647
663	0.035378685434910455
664	0.5270972102960653
665	0.05274802683013017
666	0.2814797258308611
667	0.262389399842054
668	0.07536285416614202
669	0.04521746146997175
670	0.3296248534733297
671	0.0035835721276466156
672	0.27159836743398813
673	0.0061994695367988024
674	0.05172176198655482
676	0.06458355587932157
677	0.02226003323066686
681	0.028790267126438805
682	0.034208961584581414
683	0.31647026106022935
686	0.7392957905883486
687	0.5216555468910221
688	0.24666526604353076
690	0.006805930924421111
691	0.016538547335835777
693	0.0011249072709272612
695	0.2649609646142451
696	0.5144606105505811
697	0.0472274378609125
699	0.5219704111678389
703	0.04091356389619194
704	0.2210760579086837
707	0.24306410850399945
710	0.27129064276903136
711	0.260721535111063
713	0.5402844998915528
716	0.00024500660414566305
717	0.5325878318071662
719	0.03900485422123652
720	0.264868089646779
725	0.05484144103232923
727	0.3306569021197258
728	0.08313054194742375
731	0.22225882048133982
732	0.030128223962291197
733	0.2680006273371236
734	0.042498299984714015
736	0.19702516245698223
737	0.5019096802939922
738	0.057323747541682256
739	0.2625266715613736
740	0.5557741636138605
742	0.04170209535415921
743	0.3075158369673547
744	0.05234303898214781
745	0.24549947967792293
746	0.2641030640551189
747	0.04289100028584612
748	0.0481841259825569
751	0.03940712605357728
752	0.36055606864604817
753	0.03833191355959179
754	0.03502900446121688
756	0.04076160287598561
757	0.03888834374499428
758	0.006773849072113931
760	0.03702162514464454
763	0.03746004983800514
764	0.2835666472492194
765	0.026452718865867836
766	0.26960598295561355
767	0.014301418409787138
770	0.25805183677258037
772	0.03650877824331031
773	0.24234502108254918
775	0.02098068973759471
776	0.019125394098995066
777	0.22442479072636787
778	0.10064728387350697
779	0.031219243240696255
781	0.07270968293346695
783	0.324773121587592
784	0.2695320696861466
786	0.2330369513974831
787	0.2753028578019193
788	0.017431511482704342
789	0.005677908801953568
790	0.29669314103653766
792	0.012681228122764083
794	0.25200150852247827
795	0.5355164111342071
798	0.028028441059912857
800	0.041952659722259956
803	0.4887950506126847
805	0.44549428991139095
806	0.29515480773080693
807	0.25287271338909445
808	0.5143901063104808
809	0.36538190740993826
810	0.28441064813921807
812	0.015494086159342724
813	0.25723416905989144
814	0.5150922450252521
815	0.2487265611740681
816	0.27216136098668964
817	0.2653316399622097
818	0.35441811908986
819	0.07279895925734102
820	0.5804007141809628
821	0.5133837143880506
822	0.03443945793164969
824	0.2312453160625409
826	0.29295495319330983
827	0.3166234969802344
828	0.29714857681946544
829	0.04195265972225995
830	0.015197802612976354
832	0.020993166548079034
833	0.019298033886597996
835	0.49834077463523546
836	0.3009223933406672
837	0.014322571619696217
838	0.022102297561195153
840	0.020248880506009568
841	0.0657982944788641
842	0.2871893500228705
844	0.2789757484127146
846	0.03826960326785514
848	0.028367057082836097
850	0.03990590011277811
851	0.2653989617196084
852	0.035382880264189516
853	0.08180790939140148
854	0.5029560115835817
856	0.04178685701583589
858	0.2694962347454044
859	0.4737421513604627
860	0.28268677575914497
861	0.4773267542511145
862	0.004950569176512005
863	0.05119324952915964
865	0.3492387015805719
866	0.4936585579057692
867	0.01591968150525403
868	0.288371626228189
870	0.051249850457550955
871	0.07836703890888348
873	0.22772061917751676
874	0.497085773625508
878	0.004871137687194806
879	0.27905847721837373
880	0.5105011530825284
881	0.012462578833462322
882	0.2728599711106064
883	0.05182376199852493
884	0.011996060253817852
886	0.0520640718373528
889	0.24919047220883306
891	0.5274277059847747
892	0.27669679924027324
896	0.055540914146422704
897	0.04730774440560692
898	0.783607308268974
899	0.053029543978288185
903	0.02149684692177202
904	0.5055806204625921
905	0.32715507780476083
906	0.25082944112878636
907	0.03518552505559801
908	0.005907044619410971
909	0.2221771153979511
910	0.2092639642800075
911	0.01250003915041445
912	0.21461993104782884
913	0.2833353596495536
914	0.1906642826807376
915	0.25147027991527915
916	0.23571437566915196
917	0.532459821418952
918	0.030824950240382003
919	0.27157588033521063
920	0.011167765418237496
923	0.2739816835717065
925	0.2559961475786941
926	0.30248455594573476
928	0.2472749461577971
929	0.3052298801041694
930	0.010184152486764148
931	0.26910090645472895
932	0.021989965917881337
933	0.27735727135505545
934	0.26441550110495654
938	0.3066143527155502
939	0.2367253612833739
940	0.23530336643548755
942	0.014725178549590948
943	0.5246418041434416
0	0.0
0	0.0
0	0.0
0	0.0
0	0.0
0	0.0
0	0.0
0	0.0
0	0.0
0	0.0
0	0.0
0	0.0
0	0.0
0	0.0
0	0.0
0	0.0
0	0.0
0	0.0
0	0.0
0	0.0
0	0.0
0	0.0
0	0.0
0	0.0
0	0.0
0	0.0
0	0.0
0	0.0
0	0.0
0	0.0
0	0.0
0	0.0
0	0.0
0	0.0
0	0.0
0	0.0
0	0.0
0	0.0
0	0.0
0	0.0
0	0.0
0	0.0
0	0.0
0	0.0
0	0.0
0	0.0
0	0.0
0	0.0
0	0.0
0	0.0
0	0.0
0	0.0
0	0.0
0	0.0
0	0.0
0	0.0
0	0.0
0	0.0
0	0.0
0	0.0
0	0.0
0	0.0
0	0.0
0	0.0
0	0.0
0	0.0
0	0.0
0	0.0
0	0.0
0	0.0
0	0.0
0	0.0
0	0.0
0	0.0
0	0.0
0	0.0
0	0.0
0	0.0
0	0.0
0	0.0
0	0.0
0	0.0
0	0.0
0	0.0
0	0.0
0	0.0
0	0.0
0	0.0
0	0.0
0	0.0
0	0.0
0	0.0
0	0.0
0	0.0
0	0.0
0	0.0
0	0.0
0	0.0
0	0.0
0	0.0
0	0.0
0	0.0
0	0.0
0	0.0
0	0.0
0	0.0
0	0.0
0	0.0
0	0.0
0	0.0
0	0.0
0	0.0
0	0.0
0	0.0
0	0.0
0	0.0
0	0.0
0	0.0
0	0.0
0	0.0
0	0.0
0	0.0
0	0.0
0	0.0
0	0.0
0	0.0
0	0.0
0	0.0
0	0.0
0	0.0
0	0.0
0	0.0
0	0.0
0	0.0
0	0.0
0	0.0
0	0.0
0	0.0
0	0.0
0	0.0
0	0.0
0	0.0
0	0.0
0	0.0
0	0.0
0	0.0
0	0.0
0	0.0
0	0.0
0	0.0
0	0.0
0	0.0
0	0.0
0	0.0
0	0.0
0	0.0
0	0.0
0	0.0
0	0.0
0	0.0
0	0.0
0	0.0
0	0.0
0	0.0
0	0.0
0	0.0
0	0.0
0	0.0
0	0.0
0	0.0
0	0.0
0	0.0
0	0.0
0	0.0
0	0.0
0	0.0
0	0.0
0	0.0
0	0.0
0	0.0
0	0.0
0	0.0
0	0.0
0	0.0
0	0.0
0	0.0
0	0.0
0	0.0
0	0.0
0	0.0
0	0.0
0	0.0
0	0.0
0	0.0
0	0.0
0	0.0
0	0.0
0	0.0
0	0.0
0	0.0
0	0.0
0	0.0
0	0.0
0	0.0
0	0.0
0	0.0
0	0.0
0	0.0
0	0.0
0	0.0
0	0.0
0	0.0
0	0.0
0	0.0
0	0.0
0	0.0
0	0.0
0	0.0
0	0.0
0	0.0
0	0.0
0	0.0
0	0.0
0	0.0
0	0.0
0	0.0
0	0.0
0	0.0
0	0.0
0	0.0
0	0.0
0	0.0
0	0.0
0	0.0
0	0.0
0	0.0
0	0.0
0	0.0
0	0.0
0	0.0
0	0.0
0	0.0
0	0.0
0	0.0
0	0.0
0	0.0
0	0.0
0	0.0
0	0.0
0	0.0
0	0.0
0	0.0
0	0.0
0	0.0
0	0.0
0	0.0
0	0.0
0	0.0
0	0.0
0	0.0
0	0.0
0	0.0
0	0.0
0	0.0
0	0.0
0	0.0
0	0.0
0	0.0
0	0.0
0	0.0
0	0.0
0	0.0
0	0.0
0	0.0
0	0.0
0	0.0
0	0.0
0	0.0
0	0.0
0	0.0
0	0.0
0	0.0
0	0.0
0	0.0
0	0.0
0	0.0
0	0.0
0	0.0
0	0.0
0	0.0
0	0.0
0	0.0
0	0.0
0	0.0
0	0.0
0	0.0
0	0.0
0	0.0
0	0.0
0	0.0
0	0.0
0	0.0
0	0.0
0	0.0
0	0.0
0	0.0
0	0.0
0	0.0
0	0.0
0	0.0
0	0.0
0	0.0
0	0.0
0	0.0
0	0.0
