1	0.01820407404616462
3	0.18528286185287063
4	0.2498884484211316
5	0.3079540913275353
6	0.25308820073138355
7	0.03283533590745326
8	0.2644698353980828
9	0.030202922839017845
10	0.2657042386001751
12	0.020513297080742236
13	0.19359970933290832
14	0.03980542432927559
15	0.29601998041202243
17	0.029842185413359354
18	0.5285286060015267
19	0.001923969753856121
20	0.009803129271101253
22	0.48636245358161834
23	0.2907911574476879
24	0.2891275903120652
25	0.04922175439831106
26	0.4271638417826387
27	0.4378047920521192
28	0.5125902868559882
29	0.26931902925930595
30	0.0716439918844188
32	0.2808435524344851
33	0.28275421828703584
34	0.7574031509994691
35	0.3015312365818144
37	0.5250429890649295
40	0.03278697192183384
42	0.03188658646090034
43	0.018552523519716722
44	0.0004998340650764002
45	0.037141675180730416
46	0.2923453957680429
47	0.26456366907538603
48	0.2713724997151068
50	0.38599473155452735
51	0.034718247765885536
52	0.020733134629920522
53	0.0706703897410418
54	0.5178689686662467
55	0.27270331540758874
56	0.522147710146828
57	0.729395743651644
58	0.24308655760660303
59	0.5126942001162014
60	0.27350551049411453
62	0.27851393692879334
63	0.4298571397447363
64	0.2737753612061124
65	0.039140641962433394
66	0.029815115840981312
67	0.26159240208196477
68	0.4714659734769949
69	0.0357282970181491
70	0.7539042940708112
71	0.2637803538173556
72	0.2787405814888567
73	0.777638163754957
74	0.528713021904687
75	0.059984825122695734
76	0.28083837955796365
77	0.2357407534201341
78	0.04216700285985007
79	0.2695326876364215
80	0.6058166603686066
81	0.029999555254132355
82	0.4908715616252156
83	0.03706536847565548
84	0.2687767282950049
86	0.03984642347373746
87	0.04076147411847045
88	0.5526713527635494
89	0.035654915092505374
91	0.2725389803426813
92	0.5099836707992951
94	0.011618282379775954
95	0.015168056714326437
97	0.03493990219184864
98	0.057077025600496586
99	0.013303407369745238
100	0.5273331575340539
101	0.29499888596373225
102	0.25748511533403595
103	0.5502460932529968
105	0.293390835588748
106	0.31782227636577143
107	0.5142697525099987
108	0.027724574074441042
109	0.023872810510514313
110	0.2736951800643925
112	0.5321525161825328
113	0.013922820856652012
115	0.5282956755762251
117	0.5303788635815341
118	0.01805299954197732
119	0.51813530625749
120	0.030457739776737727
121	0.07953169800487633
122	0.25398370172394685
126	0.011516653601362715
128	0.27068936408913863
129	0.5015123583644171
130	0.00987395188901484
131	0.5206667162493446
132	0.29658596128338277
133	0.241450549745917
134	0.21447291994210477
135	0.2832202613838508
136	0.5329059970956499
138	0.2691687217866248
139	0.545104437301925
140	0.28560733412533157
141	0.2930739206687873
142	0.5323335493420672
143	0.29301223153155537
145	0.25745415251639664
147	0.23471000505594816
149	0.5222385235295304
150	0.03580324484898151
151	0.009383747679125372
152	0.021265989670283505
153	0.3878174410557157
154	0.5221821270441414
155	0.4816317777015364
156	0.2718006396275103
157	0.2850957217480677
158	0.44729758176456225
159	0.28155318598743884
160	0.48994838844234084
161	0.1926366089049397
162	0.014886391465003139
163	0.04020055282695521
164	0.5440951893871426
165	0.005498678415421947
166	0.003155600074545087
167	0.27336920022720196
168	0.3008716527551525
170	0.2869222685512827
171	0.0597797028482952
172	0.2731568299245434
173	0.5272872589754461
174	0.7744862788400133
175	0.04310651838062164
176	0.28780903538867
177	0.26366625110025094
178	0.005506608421819041
179	0.027976316365062148
182	0.023589372439260844
183	0.22707380693541043
184	0.01676743430007365
186	0.25420835219269244
187	0.03089096255642955
188	0.2703286194768991
190	0.567760907978026
192	0.08895073914802863
193	0.28718080659288603
194	0.27890302966624303
195	0.7095190912667628
197	0.011381514939659276
198	0.44972589314772865
199	0.0357750974938623
200	0.01680046427426398
203	0.3170268835446417
204	0.5641733938212175
206	0.34879230170215103
207	0.494679689796913
208	0.2907170484839694
210	0.5108387277092207
211	0.016104604172731185
212	0.32471713663329677
213	0.5181803784089948
214	0.037161948465814845
215	0.48207578497184
216	0.28467195130428313
217	0.5230933774071841
218	0.2799704111494814
219	0.7599608397130245
221	0.2735290915507339
225	0.2610144799864154
227	0.5144645412098908
228	0.2439763856184023
229	0.5504114764722386
231	0.05177620194413918
233	0.2864780201668177
234	0.258057059854675
235	0.2880984823944231
237	0.008353517161477145
238	0.04216700285985009
239	0.24822195815810677
240	0.5140950888411684
241	0.38240761248858274
242	0.025374212432622237
243	0.2979338943053955
244	0.5148214678475497
246	0.5444296067796142
247	0.2759478562289646
249	0.48822336975440733
251	0.28373200000364346
252	0.4941216170254106
253	0.23503216089233536
254	0.5310197528027049
255	0.7601435212073371
256	0.0011331442628321614
257	0.5038654118470889
258	0.28778352197111173
259	0.24185647893047474
260	0.5306873230472914
261	0.2812875683936871
262	0.29003949099210713
263	0.49775295113505114
265	0.014770049299139363
266	0.5424930459052638
267	0.21681301391021007
268	0.2530295329794816
270	0.48875864317977397
271	0.2510747700338724
272	0.051085531407828594
273	0.07488374122830996
274	0.27366703680678833
275	0.028641267623923387
276	0.4819499457016218
277	0.2694449505035923
278	0.5294591963686484
280	0.003672689111273525
281	0.24978353822350505
282	0.27107200019992733
283	0.2746021145398991
284	0.5153492417169574
285	0.05673768744626154
286	0.25338545964213616
287	0.5221728503900974
288	0.26910629862610436
289	0.13133300531655864
291	0.5224894044422681
292	0.524556442558592
294	0.2351394569880303
295	0.0035760983031585467
296	0.5104520977436964
297	0.2717253416478861
298	0.2755220240781013
299	0.26189555444850576
300	0.12410405869937256
301	0.26713436038664873
302	0.29034061500986774
303	0.2626213445064283
304	0.010936014580869697
306	0.22614935317623436
308	0.24168446700614435
310	0.05135670829387484
312	0.030072608075045512
313	0.27418139259484625
315	0.03923017399852065
316	0.5499360817336272
317	0.2813906448053264
318	0.25787391660186587
319	0.7735555683992109
320	0.26452578824281153
322	0.0017378482624997756
323	0.05118083320591935
325	0.2529009574857115
326	0.01991946009049145
328	0.030440302333452466
329	0.25863467157422837
330	0.014400334669596938
331	0.041156831327353094
332	0.02828432340578539
333	0.2545948691867358
334	0.18514361902420878
335	0.35973212483805417
336	0.034537259251496845
337	0.03033897871484736
338	0.2520796845822095
339	0.2582978682136792
341	0.2686068893481589
342	0.01508709603011343
343	0.24475385790146537
345	0.5191512028987144
346	0.5224882178698136
347	0.49688842879388523
348	0.31040667110406817
349	0.5599729132545855
350	0.2726321282597483
351	0.3059127046595485
352	0.5331787698235164
353	0.5570328935171639
354	0.2938146674403478
355	0.24675475954589032
356	0.0012407236245855838
357	0.5387449213735752
359	0.23664418344494648
360	0.2326843679241444
361	0.23807895229638837
362	0.5067099866875554
364	0.4970930872658881
365	0.032016145425988254
366	0.5060715957232121
367	0.2780899023273137
368	0.023174600284851462
369	0.3066028939313743
370	0.2710917286502055
372	0.5136706273823273
375	0.2907908574741833
376	0.26508454743295207
377	0.2857290621629836
378	0.010263665288971442
379	0.28322733590036264
380	0.02443811319948372
382	0.27763265369449064
383	0.24361222214371991
384	0.23141527695965075
386	0.498119752532256
387	0.016245124221237094
389	0.271920896054569
392	0.2428819318550756
393	0.2647609083602671
394	0.24198989216409894
397	0.23064526302770577
398	0.0197490767619537
399	0.2585201500482429
401	0.4931447996320679
403	0.2982617526034272
404	0.24982665697412393
406	0.02279174635941804
407	0.024317643250435325
409	0.23649267613025704
410	0.2924535078471793
411	0.5279971617051908
412	0.2671015758399445
413	0.2626680726103249
414	0.4937248646687241
415	0.5061032931077434
417	0.2768241896499526
418	0.09404433556705176
419	0.5334284000967962
420	0.5079777326608644
421	0.04505473222776512
422	0.02544281209330831
423	0.26815576534470703
424	0.5534223544964731
425	0.2673277911572432
426	0.49362341859113246
427	0.035464067257638704
429	0.49801324434969296
430	0.2792354655776366
431	0.2760908877790123
432	0.7688800693311508
433	0.21250174900710697
435	0.5145964758734567
436	0.27493007436768224
437	0.027863142890473855
438	0.03618037875607903
439	0.27961902718676435
440	0.5005232506378458
441	0.03171611897341567
442	0.2319555484927657
443	0.9959837348359729
444	0.2861897510907565
449	0.5101041867097075
450	0.7538038682172465
451	0.26693310473925747
453	0.48958067952969425
456	0.49354963768587545
457	0.011264050334301098
458	0.01686678906781904
459	0.032216288258919805
460	0.4994129883423891
461	0.07851384060752799
462	0.5158849207456826
463	0.24741754166847052
464	0.2739816835717065
465	0.2803125161981277
466	0.2775513365127475
467	0.2581865577363218
469	0.27142770030629815
470	0.5176610556878691
471	0.017268810930989517
472	0.5223957567760328
473	0.013303949153973066
474	0.5204590152826225
475	0.0157011221204557
476	0.5367961038702038
477	0.02037713280541748
478	0.23227171972354524
479	0.481767721867809
480	0.0031012083569379456
481	0.24346316584333955
482	0.2594422180514881
483	0.25019350947743263
484	0.5110982064847764
485	0.2466659806148354
486	0.23529353090082378
487	0.5043554514934367
488	0.015972327876031665
490	0.24894135716538637
491	0.028303910076248495
492	0.29041086081759365
493	0.006373795996391721
494	0.06540910314431228
495	0.020495961850221914
496	0.7292917634321621
497	0.5118934153385719
498	0.017295185171690847
499	0.5079511182047327
500	0.24243468847502955
501	0.029166769806612168
502	0.5439338425852047
503	0.00028750166796387075
504	0.2664417746111587
505	0.2770608288491292
506	0.025377994083273757
507	0.03463618994558592
508	0.22964814270230377
509	0.17707455100152067
510	0.2844646305892926
511	0.7632858709715928
512	0.2776395402376984
513	0.04320419843043211
516	0.24948695593947426
517	0.04380863118640935
519	0.005406403196108443
520	0.5000139000832997
521	0.24695672822760367
522	0.5088400790169986
524	0.2610134663043489
525	0.23707777361075164
527	0.009597427735662516
528	0.27245487364612114
529	0.2745662876430468
530	0.520707260577781
531	0.725719436278181
532	0.009486310787005563
533	0.017701341893444807
534	0.2829282070691633
536	0.014095539438678813
537	0.48320353663943527
538	0.2495114193939632
540	0.5137725044417774
541	0.01758029189886376
542	0.03132636837363507
543	0.28042740244876846
544	0.4288280950936077
545	0.26244196690448407
546	0.03370925539493473
547	0.23821534912194384
549	0.7122661803622556
550	0.5350984752945824
551	0.26312774490854907
552	0.5261877441128663
553	0.2587898378462551
554	0.26142394455160983
555	0.008003371661458751
556	0.2900772809518326
557	0.2794166859173244
558	0.2647102405108551
559	0.2765952757109389
560	0.2518662197036161
561	0.4789870961095247
562	0.07955457019008995
563	0.28083702450306514
564	0.030717652558149497
565	0.2642866974100017
566	0.5069999992719207
567	0.008642716439329755
568	0.01756886525271907
569	0.027455603470090555
570	0.49480514922259605
571	0.014364484428338726
572	0.07231958785907161
573	0.5082518437801623
574	0.48048411434597355
575	0.03582670110968525
577	0.007136049877702978
578	0.2562634465915964
579	0.22551407343387844
580	0.23988188435812335
581	0.012327682863142328
582	0.3294334106372135
583	0.29048658455367893
584	0.033238950568371714
586	0.5246972871342857
587	0.26193986857622137
588	0.223361717679662
590	0.7374961406956694
591	0.2942153220249629
592	0.24867859843013573
593	0.24602194974306454
594	0.28175985480271404
595	0.19769729172702594
596	0.2919191105335536
598	0.5460326257808368
599	0.028117645462504285
600	0.2716659026500951
601	0.4418450353643154
602	0.31469307699989296
603	0.22713939160932906
605	0.5042497642321996
607	0.2879761347294883
608	0.3003094375189034
609	0.13873759388544699
610	0.4983015125139392
611	0.5089888432016579
612	0.0028231621781610212
613	0.012993939501451876
615	0.024130687861264516
616	0.24629011816481353
618	0.03126836708573558
620	0.02712732830406686
621	0.25270916200382443
622	0.5038489675566021
624	0.49419256475570844
625	0.0005161160686692617
626	0.6802837721414153
627	0.2839309240890042
628	0.2766246075650902
630	0.06949095939814448
631	0.4801471023329677
632	0.028286270425949382
634	0.26604389525871686
635	0.2653229030758844
637	0.2306447447167802
638	0.2382279082506455
639	0.24577219785326235
640	0.4878141118839633
642	0.27871073786676437
645	0.2854000700590335
646	0.24719595111302417
647	0.020743640134677423
648	0.003248970248445407
649	0.039040922802753286
650	0.04423768103287314
651	0.219470562619195
652	0.28456728697734707
653	0.2677377549515007
654	0.022052083104234857
655	0.25310081868987977
657	0.2702462305528835
658	0.24150846784025956
660	0.5300443508999183
661	0.053402894672467296
662	0.31936948454448677
663	0.29202530934541515
664	0.04238346124566202
666	0.5017709691487318
667	0.5256913105119985
670	0.04919935789844993
672	0.3189005340317745
673	0.2975204844886951
674	0.7653521475144675
675	0.4430900069997351
676	0.007855897123262102
677	0.2520787691756818
678	0.007639198963450607
679	0.2712163360468094
681	0.32840930539074253
682	0.023395924082554836
684	0.0408177952307687
686	0.5282785277923248
687	0.29299637095073494
689	0.2457631331771677
690	0.26414404248828116
691	0.4988732291317388
695	0.013528723378821009
696	0.7324351499795848
697	0.47330449010049436
698	0.2576891204237401
699	0.5249262336722043
700	0.02943794456171165
701	0.2660395281744429
703	0.2626379616999368
705	0.27985117853210484
707	0.024788543190461136
708	0.2673624068264681
709	0.263492252831801
710	0.26587882153718845
711	0.277174360605792
712	0.26488628853277113
713	0.46725650817679093
714	0.018259691879275498
715	0.2603177327911167
716	0.7104655840747215
717	0.2630594335014909
718	0.29824354251942276
719	0.5196125831784001
720	0.49782571396373504
722	0.4501296262473169
724	0.34879230170215103
725	0.770233443434947
727	0.21344893444755375
728	0.5217888885535235
729	0.2260065610879983
731	0.2671344843086956
732	0.26162920690176705
733	0.47126308058242716
734	0.2634205083199577
735	0.022754301506033924
736	0.25006725417850434
737	0.30254090202342987
738	0.2348672465788312
739	0.040217358756887644
740	0.47636241878641783
741	0.26500619677769816
742	0.5213961231120618
743	0.48249004001645085
744	0.028319843247096514
745	0.27246554932696204
746	0.28319888599031284
747	0.010542966483923721
748	0.030355143468548187
749	0.26547048857956823
750	0.25990327689281034
751	0.04656312697474721
752	0.28003314329673884
754	0.5210270472955398
755	0.23797070740585066
756	0.5113596946043745
757	0.2506051246485486
761	0.014287393128266407
762	0.02289385700648146
764	0.012591978239335104
765	0.2586526139948104
766	0.495209627847553
768	0.22758775272739737
769	0.2434312112072054
770	0.24501140907951902
772	0.2419408493703217
773	0.019201339304813814
774	0.07183268660820744
775	0.2763377984640791
776	0.2846285783123878
777	0.0048841891789156155
778	0.30398146158742634
780	0.030885042400015966
782	0.020581415968344643
783	0.03169574849543509
784	0.029379047592881714
785	0.01063329233767675
786	0.2375228223576903
787	0.26759591930008697
788	0.49774131830020446
789	0.2541955460112948
790	0.24318128352142607
791	0.4771134704838653
792	0.2919004955453741
794	0.26576307772445507
795	0.014843050057033801
796	0.033473404706691065
798	0.028179986257655804
800	0.032156905434147176
801	0.29242807302928164
803	0.5070439883543892
804	0.27750318161819665
805	0.2050629524884462
807	0.5241287894653128
808	0.494529902865351
809	0.7376383953665282
810	0.5158874109747457
811	0.02650906156411216
812	0.2882776658063547
813	0.48899968251643944
814	0.5173422541928839
815	0.261528292682054
816	0.5398497207353297
817	0.26231525852123033
818	0.4664640659403377
819	0.2558358920341683
820	0.5050462813287125
821	0.26066290215896604
822	0.31240001695533354
823	0.0035407558508322376
824	0.5505792105594943
825	0.03453889435341735
826	0.47258361287330525
827	0.02634160510952377
828	0.4957632195695141
829	0.27192330560103367
830	0.4994277160212659
831	0.003930366408190476
832	0.5233514566848146
834	0.26520490268179087
835	0.23332411268650724
837	0.2537160256070802
838	0.26521302264592417
839	0.0203788005562188
840	0.014299846788089609
841	0.46965563752750594
842	0.22481437829890666
844	0.29723995271233855
845	0.26838523999930913
846	0.24089600627007512
847	0.266501801297998
848	0.0369090187922904
850	0.26253474023734524
851	0.2759248561270875
852	0.5217521543967437
853	0.007000051539426549
854	0.26594695842071414
855	0.22243915393365501
856	0.5270369571723198
857	0.038709077391326924
858	0.47817016507573873
859	0.5227481621477283
860	0.48361916831010815
861	0.22428194362247283
862	0.2685293714054479
863	0.527586324638647
864	0.24564855518426848
865	0.25119444225171145
866	0.11834103985252911
867	0.2530991708786839
868	0.26617578616721443
869	0.048579632032000206
870	0.0037660370515634027
872	0.2628050925369385
873	0.7390929750423322
874	0.493860496131461
876	0.2584439958775107
877	0.023673021119045387
878	0.5165842027984255
879	0.5395265179203752
880	0.7464081371471042
881	0.28722258887321195
882	0.24980584701558317
883	0.006789856087910412
887	0.2414081998339054
888	0.5263853727800966
889	0.49733596188113943
890	0.01701484759103622
891	0.49163793030737274
892	0.49497727134849506
893	0.26745970299695354
895	0.048460793000485586
896	0.002312842072302885
897	0.035442084347746525
898	0.2277919135709346
900	0.4256521606010207
902	0.023964626464652274
903	0.2501012277848324
904	0.26290214092008146
905	0.24356360669199792
906	0.50849455359257
907	0.017274196043642
908	0.015391604795846676
909	0.01879600530930617
910	0.20549079880484727
911	0.03717408010684576
913	0.24289840760524462
915	0.2806382140300603
916	0.4328655249097962
917	0.32023900571887015
918	0.010539774472264958
919	0.02310174028598666
920	0.5044756336001048
921	0.24805194656646112
925	0.5166399323885126
926	0.24031366101398238
927	0.2826801811336718
928	0.031072229432117463
929	0.31185750985649074
930	0.5139642791287233
931	0.5244459887552221
932	0.26591512409420304
933	0.5368440226997174
934	0.264431435987534
935	0.5107972460922666
936	0.4966655303580296
938	0.04423639076118885
939	0.5329973687364458
940	0.26117569427142506
941	0.5191450680956918
942	0.006393225659184716
943	0.5230040708812156
0	0.0
0	0.0
0	0.0
0	0.0
0	0.0
0	0.0
0	0.0
0	0.0
0	0.0
0	0.0
0	0.0
0	0.0
0	0.0
0	0.0
0	0.0
0	0.0
0	0.0
0	0.0
0	0.0
0	0.0
0	0.0
0	0.0
0	0.0
0	0.0
0	0.0
0	0.0
0	0.0
0	0.0
0	0.0
0	0.0
0	0.0
0	0.0
0	0.0
0	0.0
0	0.0
0	0.0
0	0.0
0	0.0
0	0.0
0	0.0
0	0.0
0	0.0
0	0.0
0	0.0
0	0.0
0	0.0
0	0.0
0	0.0
0	0.0
0	0.0
0	0.0
0	0.0
0	0.0
0	0.0
0	0.0
0	0.0
0	0.0
0	0.0
0	0.0
0	0.0
0	0.0
0	0.0
0	0.0
0	0.0
0	0.0
0	0.0
0	0.0
0	0.0
0	0.0
0	0.0
0	0.0
0	0.0
0	0.0
0	0.0
0	0.0
0	0.0
0	0.0
0	0.0
0	0.0
0	0.0
0	0.0
0	0.0
0	0.0
0	0.0
0	0.0
0	0.0
0	0.0
0	0.0
0	0.0
0	0.0
0	0.0
0	0.0
0	0.0
0	0.0
0	0.0
0	0.0
0	0.0
0	0.0
0	0.0
0	0.0
0	0.0
0	0.0
0	0.0
0	0.0
0	0.0
0	0.0
0	0.0
0	0.0
0	0.0
0	0.0
0	0.0
0	0.0
0	0.0
0	0.0
0	0.0
0	0.0
0	0.0
0	0.0
0	0.0
0	0.0
0	0.0
0	0.0
0	0.0
0	0.0
0	0.0
0	0.0
0	0.0
0	0.0
0	0.0
0	0.0
0	0.0
0	0.0
0	0.0
0	0.0
0	0.0
0	0.0
0	0.0
0	0.0
0	0.0
0	0.0
0	0.0
0	0.0
0	0.0
0	0.0
0	0.0
0	0.0
0	0.0
0	0.0
0	0.0
0	0.0
0	0.0
0	0.0
0	0.0
0	0.0
0	0.0
0	0.0
0	0.0
0	0.0
0	0.0
0	0.0
0	0.0
0	0.0
0	0.0
0	0.0
0	0.0
0	0.0
0	0.0
