5	0.2676607384153198
6	0.24336420970586542
7	0.3038973455496502
8	0.5003714890184746
9	0.5094896047373617
10	0.2715791644596761
11	0.3068882835854986
12	0.2593873700357432
15	0.5277308126401091
16	0.26199729766074775
17	0.3035143165484021
20	0.01158715258123165
27	0.40558094665036953
28	0.5170720629201795
30	0.02351616177569912
31	0.042270489778707315
32	0.5095123938222511
33	0.27577838543501093
35	0.052081251320638136
36	0.05168540674946841
37	0.02198389574845165
39	0.021128973901003413
41	0.30105724329246325
43	0.006648472004048632
44	0.2634293038361262
45	0.5148286081469244
46	0.27654888631570307
48	0.30985945935353665
51	0.5265901268461968
52	0.2965405706644459
54	0.5051254552390237
55	0.2666049253790013
56	0.5454967707387072
57	0.5324030302833508
59	0.28119261709405774
60	0.033179554580063934
62	0.023221801828922844
64	0.2792530868482216
65	0.04240083346939316
67	0.036376093996136755
68	0.5170018594827541
69	0.5245694683341752
70	0.2784857621316647
71	0.271785340536592
73	0.02531998112644238
75	0.009053602669002098
76	0.2673168423390087
77	0.022234989007399952
78	0.7591753092896442
79	0.029842764267476823
80	0.05366296356347249
81	0.06813931210010857
83	0.25219016038768904
84	0.2599268213130801
86	0.10595253081291817
87	0.5401249454857383
88	0.038781957789052544
89	0.03711800740683224
91	0.2650874980063918
92	0.012759956804656712
95	0.2604959064628438
96	0.28833012421457577
97	0.3046161376493803
99	0.0359269168615145
100	0.24750320696032532
101	0.7473788543565626
102	0.2385192847327099
103	0.19031042576094798
109	0.5360482552814677
110	0.00934605243622465
111	0.23989568153898452
113	0.24642319638169502
114	0.27183700245596215
115	0.06434581212888033
117	0.49827929658270315
118	0.5259620173544876
119	0.26233260947322534
120	0.0632290071476221
121	0.020038107574126388
122	0.00042324303243486405
125	0.4940517414836493
126	0.5323116679593337
127	0.4876076458544253
128	0.2594553016447026
129	0.0052562061395586245
130	0.014251987217844018
131	0.02565046163289424
133	0.5191574440813609
134	0.012994144169162562
137	0.267429763987958
138	0.02668868723633413
139	0.04517276165868343
142	0.29053652304697397
143	0.01968685288223784
145	0.013278341213863856
146	0.04752979400946708
147	0.27217744989923814
148	0.25880025261411943
149	0.03316535913658045
150	0.2574279358729982
151	0.007721062153560658
152	0.5334062809811027
154	0.2737905935999141
155	0.4899600649373907
157	0.26932979319809447
158	0.21168689530583276
160	0.2446090159998415
163	0.08673436367911362
164	0.029259249682258355
167	0.04946602049411912
169	0.01872275352769127
170	0.005266468360829241
171	0.028698938768885046
174	0.034447118923623635
175	0.49834609629929794
177	0.24516012210986043
178	0.2564010630695044
180	0.031162146497527226
182	0.023371507331659633
185	0.26133971535578826
187	0.006132854670919827
188	0.009540636710090832
189	0.28046340583818724
190	0.5475417420979697
193	0.03804854081375234
194	0.029902500294496308
196	0.25834780263390544
197	0.4555264644495812
199	0.0785786220148087
200	0.027261466328912624
203	0.3134531049633771
204	0.07495024074236409
207	0.27682022919096727
211	0.35792201727929
212	0.30847246409036777
213	0.005484442544068973
216	0.024215715804087757
218	0.045786701498846255
219	0.2476869793173053
222	0.008460978945611486
223	0.009200484658943818
224	0.2989579505592304
228	0.36914372909203935
229	0.28696877459442455
230	0.28267894727277926
231	0.3067350383350751
233	0.27514558109005166
238	0.05881252289216314
241	0.14226021117522708
242	0.04248311004322986
244	0.004262891936116724
245	0.041452534849208765
246	0.5499155769184543
247	0.28867919994451563
248	0.25923545553251226
251	0.04378265258044224
252	0.01306040396167827
253	0.0038740431875624766
254	0.30179978257267165
255	0.16874932324451677
257	0.2570579301911254
258	0.05092107468512929
261	0.04248466468118947
263	0.2709576723335952
264	0.045488582720946184
268	0.03956148170102012
273	0.00997322254118711
274	0.30435547583861366
275	0.5289321026632315
276	0.010172943982249761
278	0.2954974043297294
279	0.3088929964054129
281	0.7753274967088916
282	0.24211021446734166
283	0.01530382481583182
287	0.005052502510745984
288	0.011385645425482878
289	0.11877931934579988
290	0.29102662428267645
291	0.013097420111473537
294	0.2544126311021909
295	0.03580673781175221
296	0.24071579405586271
298	0.01380019031775967
299	0.04261577065904114
301	0.0449083716038066
302	0.32287566221955694
306	0.27181545271026175
307	0.016840979592963472
309	0.05567771133122479
310	0.4640412363468266
311	0.038750631652004534
312	0.006418283838467091
313	0.25236564379113435
314	0.2666815819516679
317	0.2574279358729982
318	0.036040796356250224
319	0.02206607898621026
320	0.014450504918098392
322	0.03348262608153235
323	0.28884668677302017
324	0.07303075204964735
325	0.009037646073815079
326	0.49765701476331625
328	0.030382082746718355
330	0.5046837427110704
331	0.24019970209479796
332	0.007924760469563169
334	0.05184610894930281
336	0.3151981042096744
337	0.2335704972667787
338	0.005417258417271115
343	0.04031400114778633
345	0.027111111340865288
346	0.2728586095851303
348	0.32758267728075874
349	0.048541568482325666
352	0.29396876491223267
353	0.015647822618102762
355	0.012706351981219825
356	0.08900688548335935
357	0.01604356700570675
358	0.038363357575928334
359	0.25730131548729596
361	0.03922954293253583
363	0.2560967182718651
365	0.038572575967128556
366	0.23482967560138546
367	0.5037975127458648
368	0.25669900969986914
369	0.5326678873356071
371	0.03982496768720291
372	0.010850700643926767
375	0.3040087061228869
376	0.29227850505705677
377	0.20501341575909326
381	0.033087773245758144
383	0.4776411087723469
387	0.2720595434910619
388	0.006365056512879542
389	0.02539050708376571
393	0.023688560600040376
394	0.009740274879098149
395	0.25580187371048374
396	0.5787688709775703
397	0.05304887145960623
398	0.2443399899218067
399	0.029794505948345706
400	0.07293819646059341
401	0.016301438326670775
403	0.03466013319045104
409	0.030238835708437946
410	0.07006886903410828
411	0.014076115888552992
412	0.030874201761876868
413	0.5298180468764047
415	0.044909413865212154
418	0.4666377670820003
419	0.24694173265666858
421	0.0569981527329897
422	0.28823712596541795
423	0.006703530707580858
426	0.0136765719982162
432	0.4995752941390411
434	0.29439988538751977
435	0.2693615061260405
437	0.028770250416579903
439	0.0542889612696803
440	0.28146848056464
441	0.2959505984748615
443	0.264464858627398
447	0.005495677532557364
449	0.5261401557739025
450	0.022364913124168287
451	0.01690132524483079
452	0.29579535092670534
453	0.2796359251927357
454	0.2783172648401141
455	0.5217151352402538
456	0.010333623243770646
459	0.5142470067244898
461	0.04642914650566264
462	0.011160306298656796
466	0.06335633334288973
467	4.57847612865131e-05
468	0.0112438207018602
469	0.012514928505896795
470	0.5090698558816669
471	0.2535566185896646
472	0.5004232459249475
474	0.02328349602756828
476	0.2752445626477859
479	0.019767547635538008
481	0.4732817928898355
482	0.28006720210571845
483	0.5374121424008014
484	0.28556105919381486
487	0.013488459815268208
488	0.2766181380319175
489	0.24127690847947333
490	0.033633357684340115
492	0.26606573042215137
493	0.0003822771830588323
494	0.30860002768453254
495	0.26272470798472364
496	0.2643318487057944
497	0.020980407524199402
501	0.04872853410215962
502	0.5136606661525475
503	0.2663542572812888
505	0.2608908564991113
506	0.2649003707597689
507	0.2816519140715402
508	0.013522175463758303
509	0.6283123537552263
511	0.2971532122786921
512	0.2729643224596234
513	0.5114939023695064
514	0.28236303016924064
515	0.3389643140260683
516	0.02212061333357935
517	0.0854213208105111
518	0.0197300793094081
519	0.28268395463473395
520	0.04195621413621171
521	0.030726944524285607
523	0.27721692812331933
524	0.23831116536533958
525	0.008720363283512285
528	0.5060946977601571
529	0.26267288361725727
530	0.011355361330467474
531	0.02347073287472795
533	0.2787063026463618
534	0.011346530849153092
535	0.3167093837187605
536	0.5151157143798117
537	0.0018367560474776348
538	0.0236529745378717
540	0.7428236958663313
541	0.011483867876763261
544	0.005869197970488984
545	0.5247674869097374
546	0.5192444688112793
549	0.017105958223450544
550	0.3088415741206806
552	0.2733784357507678
554	0.5228587721767779
555	0.007700789934099752
556	0.022143041057817444
557	0.04817737216596091
559	0.012142771265274244
562	0.021201851493431123
563	0.5293715673674757
564	0.5326552780019995
565	0.052000442135314656
568	0.312423213725295
571	0.04093001044284375
574	0.23103602301053894
576	0.28743042845699956
577	0.0070073108666262665
578	0.2449952810587432
580	0.7045476870740052
582	0.2237507360968823
583	0.26008840863128313
584	0.5205268531134545
586	0.009136543763521375
587	0.043574099181313206
588	0.21466127108789423
589	0.21414344570883748
590	0.004727869614684816
592	0.008550312751751298
594	0.0018971749496428138
596	0.25653091196731415
597	0.028933212135405555
598	0.2448481459125309
600	0.03021860444579469
601	0.2318163949383966
602	0.25328397483684695
603	0.004541641549351678
604	0.24383058965000595
605	0.02885566344456849
608	0.06240947600935758
609	0.3673019135471116
610	0.5083269567565465
612	0.008267286753959595
613	0.02977855549570157
616	0.5098891104125709
618	0.2563229753597153
619	0.29066828023906205
620	0.7638155276641188
621	0.013664961158789332
622	0.008465012795378774
623	0.25268215264833344
624	0.03310016755563579
625	0.2932040259162457
627	0.0637171068879904
628	0.0315439432652682
629	0.5060373799786845
632	0.531274182371678
633	0.0682599708657104
634	0.2942612571702754
636	0.030924000575446434
637	0.02266471090281098
638	0.22813129693151635
640	0.005640013100757117
642	0.2948918628710192
644	0.2963176150014537
646	0.22717648991027123
647	0.02563571157478891
648	0.02557437757674778
650	0.0259620417871645
653	0.021541880359337264
654	0.008132368572728695
655	0.28221877908382365
657	0.04815135203078792
660	0.2567720750418648
661	0.0024636977606926035
663	0.03818581327335868
671	0.5376560282110363
674	0.012504119177330644
675	0.32129471781216407
679	0.2769547014331819
680	0.26265320088103417
681	0.28225690969348194
682	0.045815641004826387
684	0.27642679992509894
687	0.024392896577521746
689	0.5228811656106571
691	0.007561503009221256
692	0.5277768002136335
694	0.5424405019427251
695	0.2742717524242497
696	0.014180446493715079
697	0.24803122746631234
698	0.7597007737289821
699	0.029474212851482214
700	0.5354096763317161
701	0.5247721747903037
702	0.2689622681490573
703	0.5205622269609645
705	0.027385903213700012
706	0.29401268904863037
708	0.5388829774088354
712	0.26270627694234266
714	0.2785801497436283
715	0.02383002158844471
716	0.005739708699101422
717	0.007479592303295649
719	0.035622813984363365
721	0.28164559734049754
722	0.27445275510182615
723	0.5096768777415789
726	0.06570765931321867
730	0.04226880694940878
731	0.03591467538079694
732	0.2450891781242129
734	0.2636436682666696
735	0.039378283246514836
738	0.005612803816333771
746	0.27366220111145323
747	0.005153605742221748
749	0.0158035633203241
750	0.7286734548258149
751	0.2629774997533398
754	0.0009582048791128978
756	0.007087021757702535
759	0.010623725957974655
761	0.4880991189349631
762	0.23550148786674904
764	0.006870989980978334
766	0.2576872307493082
769	0.02249274223966802
772	0.25929768227084615
774	0.07589511547154609
775	0.2690517778178566
776	0.010748259070912508
777	0.04481656291482643
778	0.02246919527306967
780	0.2727752078258361
781	0.25517030211418545
782	0.29207802393363663
783	0.2424189002687303
785	0.527745344924465
786	0.2910172588531176
787	0.017925302320568146
788	0.27967042423656974
791	0.07293315645097667
792	0.04929505778159271
794	0.004557040910948659
796	0.03332731145854404
797	0.39842535352098113
798	0.02702567066093658
799	0.06889891678570653
802	0.053876182684090716
803	0.03597196318522283
807	0.03780450418309071
809	0.21953838585656577
811	0.5459587341893399
812	0.018304266956533415
813	0.2728265170808175
815	0.016836225036809517
816	0.02214664867804342
818	0.4827366838964923
823	0.022108011213044475
825	0.26308367080140665
826	0.4808835829973808
827	0.013244472254678334
828	9.25541307183024e-05
829	0.019879481515412103
830	0.013758186966447906
831	0.03686674308425214
832	0.25053670150760937
834	0.7592906976650343
838	0.014310785292574204
840	0.04126636070479676
842	0.0025661614547336647
843	0.28801373431975735
844	0.25160203818226684
845	0.3268081262243573
847	0.27125866987817576
848	0.26382082919614935
849	0.2775422186764125
850	0.48835184561990647
851	0.040063854737447224
852	0.2668525373815251
856	0.29048944006826094
857	0.3363880756377251
859	0.003931855229054929
860	0.259208441569473
862	0.28745864429706364
863	0.30545346189686856
867	0.006050559939335513
868	0.01709576491420256
869	0.053725474555544626
870	0.029428726346828415
871	0.024512580881639656
872	0.30984931305134067
875	0.7389717791825351
876	0.2617791011204823
877	0.04398338307644601
879	0.2469496159129153
880	0.002399389692411661
881	0.04429757965686462
884	0.2684684668716125
886	0.016906952644062334
888	0.003504605864025123
889	0.2389741564628629
893	0.2660340708079551
895	0.2981677302370801
896	0.0019399686410223535
897	0.2851673559758194
902	0.0658004835334985
906	0.03220240479646211
907	0.021121182977043358
908	0.041373913946790256
911	0.006188478330441366
915	0.05321213031987346
920	0.04183464314485294
921	0.24706592177618478
923	0.24602194974306454
924	0.009438684791817531
926	0.24911303226474418
927	0.028028916544042336
929	0.29819859832566403
930	0.00022524337290795102
935	0.03639971715097003
936	0.01698445039533866
937	0.014758582154388387
938	0.2813887481489965
939	0.28605731559501973
941	0.0450301282098098
942	0.02016206766364881
0	0.0
0	0.0
0	0.0
0	0.0
0	0.0
0	0.0
0	0.0
0	0.0
0	0.0
0	0.0
0	0.0
0	0.0
0	0.0
0	0.0
0	0.0
0	0.0
0	0.0
0	0.0
0	0.0
0	0.0
0	0.0
0	0.0
0	0.0
0	0.0
0	0.0
0	0.0
0	0.0
0	0.0
0	0.0
0	0.0
0	0.0
0	0.0
0	0.0
0	0.0
0	0.0
0	0.0
0	0.0
0	0.0
0	0.0
0	0.0
0	0.0
0	0.0
0	0.0
0	0.0
0	0.0
0	0.0
0	0.0
0	0.0
0	0.0
0	0.0
0	0.0
0	0.0
0	0.0
0	0.0
0	0.0
0	0.0
0	0.0
0	0.0
0	0.0
0	0.0
0	0.0
0	0.0
0	0.0
0	0.0
0	0.0
0	0.0
0	0.0
0	0.0
0	0.0
0	0.0
0	0.0
0	0.0
0	0.0
0	0.0
0	0.0
0	0.0
0	0.0
0	0.0
0	0.0
0	0.0
0	0.0
0	0.0
0	0.0
0	0.0
0	0.0
0	0.0
0	0.0
0	0.0
0	0.0
0	0.0
0	0.0
0	0.0
0	0.0
0	0.0
0	0.0
0	0.0
0	0.0
0	0.0
0	0.0
0	0.0
0	0.0
0	0.0
0	0.0
0	0.0
0	0.0
0	0.0
0	0.0
0	0.0
0	0.0
0	0.0
0	0.0
0	0.0
0	0.0
0	0.0
0	0.0
0	0.0
0	0.0
0	0.0
0	0.0
0	0.0
0	0.0
0	0.0
0	0.0
0	0.0
0	0.0
0	0.0
0	0.0
0	0.0
0	0.0
0	0.0
0	0.0
0	0.0
0	0.0
0	0.0
0	0.0
0	0.0
0	0.0
0	0.0
0	0.0
0	0.0
0	0.0
0	0.0
0	0.0
0	0.0
0	0.0
0	0.0
0	0.0
0	0.0
0	0.0
0	0.0
0	0.0
0	0.0
0	0.0
0	0.0
0	0.0
0	0.0
0	0.0
0	0.0
0	0.0
0	0.0
0	0.0
0	0.0
0	0.0
0	0.0
0	0.0
0	0.0
0	0.0
0	0.0
0	0.0
0	0.0
0	0.0
0	0.0
0	0.0
0	0.0
0	0.0
0	0.0
0	0.0
0	0.0
0	0.0
0	0.0
0	0.0
0	0.0
0	0.0
0	0.0
0	0.0
0	0.0
0	0.0
0	0.0
0	0.0
0	0.0
0	0.0
0	0.0
0	0.0
0	0.0
0	0.0
0	0.0
0	0.0
0	0.0
0	0.0
0	0.0
0	0.0
0	0.0
0	0.0
0	0.0
0	0.0
0	0.0
0	0.0
0	0.0
0	0.0
0	0.0
0	0.0
0	0.0
0	0.0
0	0.0
0	0.0
0	0.0
0	0.0
0	0.0
0	0.0
0	0.0
0	0.0
0	0.0
0	0.0
0	0.0
0	0.0
0	0.0
0	0.0
0	0.0
0	0.0
0	0.0
0	0.0
0	0.0
0	0.0
0	0.0
0	0.0
0	0.0
0	0.0
0	0.0
0	0.0
0	0.0
0	0.0
0	0.0
0	0.0
0	0.0
0	0.0
0	0.0
0	0.0
0	0.0
0	0.0
0	0.0
0	0.0
0	0.0
0	0.0
0	0.0
0	0.0
0	0.0
0	0.0
0	0.0
0	0.0
0	0.0
0	0.0
0	0.0
0	0.0
0	0.0
0	0.0
0	0.0
0	0.0
0	0.0
0	0.0
0	0.0
0	0.0
0	0.0
0	0.0
0	0.0
0	0.0
0	0.0
0	0.0
0	0.0
0	0.0
0	0.0
0	0.0
0	0.0
0	0.0
0	0.0
0	0.0
0	0.0
0	0.0
0	0.0
0	0.0
0	0.0
0	0.0
0	0.0
0	0.0
0	0.0
0	0.0
0	0.0
0	0.0
0	0.0
0	0.0
0	0.0
0	0.0
0	0.0
0	0.0
0	0.0
0	0.0
0	0.0
0	0.0
0	0.0
0	0.0
0	0.0
0	0.0
0	0.0
0	0.0
0	0.0
0	0.0
0	0.0
0	0.0
0	0.0
0	0.0
0	0.0
0	0.0
0	0.0
0	0.0
0	0.0
0	0.0
0	0.0
0	0.0
0	0.0
0	0.0
0	0.0
0	0.0
0	0.0
0	0.0
0	0.0
0	0.0
0	0.0
0	0.0
0	0.0
0	0.0
0	0.0
0	0.0
0	0.0
0	0.0
0	0.0
0	0.0
0	0.0
0	0.0
0	0.0
0	0.0
0	0.0
0	0.0
0	0.0
0	0.0
0	0.0
0	0.0
0	0.0
0	0.0
0	0.0
0	0.0
0	0.0
0	0.0
0	0.0
0	0.0
0	0.0
0	0.0
0	0.0
0	0.0
0	0.0
0	0.0
