1	0.30256247616524373
2	0.06430060424183694
4	0.012105804177388282
5	0.2690570809800519
6	0.2952786816967697
7	0.25417803888379814
8	0.245203868901774
10	0.502942156226899
12	0.016198414691733425
13	0.26609955835715066
14	0.5276479629032779
15	0.023734157197126238
17	0.23311466859244595
18	0.518463661764773
19	0.20536053470489998
20	0.264550022666527
21	0.07402645407560934
22	0.31483871196098784
23	0.5335535677211277
24	0.05189982182296755
25	0.5107108601817776
26	0.3180605479352637
27	0.16733414254694315
28	0.49111956403158724
30	0.3006009987272626
31	0.029358366847575094
32	0.26405198461563073
33	0.26143498346990907
34	0.21666085629964565
35	0.2992837775539114
36	0.019912700775479346
37	0.5346580490687028
39	0.28683136042062396
40	0.5122640833068494
41	0.05436024986965483
44	0.5390610016772622
45	0.2963636520415879
46	0.010323421493871564
47	0.25206867785002646
48	0.27848868111947966
51	0.056615924278807836
52	0.26007507088353193
53	0.022284417804812707
54	0.2743005772399247
55	0.2546107383943886
56	0.2795678183878977
57	0.5299923255801195
58	0.017468199734965426
59	0.27415012646808157
61	0.18124475191091952
62	0.27165209654663025
63	0.39941969521007714
65	0.27067595764783947
66	0.23805281911971113
67	0.007085826607778217
68	0.2018701828896556
69	0.020128703402573275
70	0.5197872993399101
71	0.46469958758127106
72	0.27856590435813733
73	0.3193813795933736
74	0.5205721450863597
76	0.25457925909780954
79	0.03329621015822258
80	0.2803565924269007
81	0.2779547596709019
82	0.2685637845408816
83	0.2957242740254291
84	0.25429381297415665
86	0.5371611163602966
87	0.2673610104292766
88	0.04508818081062745
89	0.017431125198535527
90	0.047862482496650476
91	0.5060530605386383
92	0.2734615756157594
94	0.0175008783549752
95	0.03187479480193734
96	0.24906816778212604
97	0.022786209947863463
99	0.0129951229902107
100	0.5191769774520887
101	0.03044836168904191
102	0.023882088281627835
103	0.20524483298398474
104	0.2800010731995654
105	0.5215729973562137
106	0.5551202075854914
107	0.21287405160098458
109	0.26803222806212573
110	0.2831961481052955
111	0.291163964059315
112	0.2540594696825738
113	0.050337803082951334
114	0.33290242040837437
115	0.22976363333850836
117	0.02840616488359253
118	0.019929044016564965
119	0.04124517797228384
120	0.04261948594895565
121	0.0989678607441297
122	0.024082685329353926
124	0.2739135531742389
125	0.00924623919396874
128	0.2683501429502237
129	0.3292136587020147
131	0.2625379235517181
132	0.5251210559158384
133	0.01652181209930401
134	0.006206480443763054
136	0.5443547899813481
137	0.25958393127360607
138	0.2563019946466814
139	0.29074522784645795
140	0.2892910786811391
141	0.3156595224968459
142	0.2394775127598195
143	0.03109724981604489
145	0.028201269555773525
147	0.013082326606544053
148	0.27137491388749374
149	0.27261724142097377
151	0.026107005531837472
152	0.2593510109732638
153	0.385522302132597
156	0.010394139938618846
157	0.05552819283750436
159	0.5308727772926202
160	0.028690391588880516
161	0.24282879079189104
162	0.001759314222492224
163	0.29845033929580506
164	0.2509195180535424
165	0.00523736918267809
166	0.038359488658519056
167	0.24828899867021414
168	0.0670707046338263
169	0.2714651083442146
170	0.5285751027702468
171	0.2583071593462372
172	0.4722038657405918
173	0.5220771068029345
174	0.49168645715335635
175	0.005887801171894979
176	0.015453238933142304
177	0.27549757853554246
178	0.0046003294720803264
179	0.2569243021100354
180	0.26524671131974176
182	0.0449990974238101
184	0.2881809006118718
186	0.2630517099999566
188	0.5437500105469216
189	0.2285129663742176
190	0.21294889911403642
191	0.23368531322321973
193	0.05222261305021351
194	0.29074071601992296
197	0.021727957075695886
199	0.2820795451786864
200	0.27155633210896213
202	0.043038772335642725
204	0.08470200983905986
205	0.20294676542663162
206	0.37159506539155246
207	0.5097573581756373
210	0.5290235702831277
211	0.24327926926504284
212	0.05400559058340958
214	0.023714074713227923
216	0.5200849918457436
217	0.25819257052205696
218	0.5549226720862311
219	0.2808375770023596
222	0.4385343039485764
224	0.019646814135360985
226	0.0675398092985928
227	0.23263111284550297
228	0.07116275169736551
229	0.24148035634390022
230	0.013044588387272373
231	0.2858184495286122
232	0.3059862527891093
233	0.037783984596648376
234	0.5313297669595012
235	0.04447854801631053
236	0.00037566480489328175
237	0.0020045662501818225
238	0.28994065806611624
239	0.523211064178495
240	0.55219039297288
241	0.29886153881104716
242	0.03731967256225155
243	0.31122928386124815
245	0.03308867297871629
246	0.26569562157283144
247	0.2411642748294604
248	0.2729881619041844
249	0.24883404590305486
252	0.2757138998336065
253	0.040279754054903985
254	0.534297990019979
256	0.2744979670767378
257	0.27371920220800955
258	0.267221606858626
259	0.24621820696342275
260	0.30931849495988323
261	0.24242224914352684
264	0.2696818160743306
267	0.4949434197089433
268	0.7546748322080702
269	0.22063953948067982
271	0.5294273709736688
272	0.2936964477554266
274	0.28590226207374475
275	0.026014298519918606
276	0.29218923349593817
277	0.24363240418623713
279	0.0014142491083877426
280	0.02454752239802866
281	0.2256776265297336
284	0.29235027040977357
285	0.3347493016614473
286	0.007985878302799135
287	0.00788900062589477
289	0.625737167322111
291	0.03182622645100137
292	0.28189662997884407
293	0.0543314359544239
294	0.23474959579760282
295	0.035098817610588334
296	0.034045601136952625
297	0.2974614072043711
298	0.03456581030616779
299	0.7554915551466106
300	0.045126451227132366
301	0.25495823387079275
302	0.5548188202257218
303	0.31102004255230253
304	0.006766583546570185
306	0.015102257737900995
308	0.06161490762345402
309	0.30050441506690606
311	0.002488276657568393
312	0.2820614552631797
313	0.7603329512163813
314	0.02407200394454688
315	0.017921110677797086
316	0.3508380124960058
318	0.0060335226268637965
319	0.24288935764155634
320	0.25496693865873704
322	0.5123401282643926
323	0.026483180622628222
325	0.2900413476003177
326	0.2687394546583604
328	0.04014310021082549
329	0.5317016247134364
331	0.5262219662933669
332	0.054999835346900845
333	0.016445287303608395
334	0.24813592403568813
335	0.012160133243060985
336	0.511533728650676
337	0.2372906948455383
338	0.7696280809626153
339	0.27453493050454614
341	0.12206242991635231
344	0.039560336556562437
345	0.5172831886069342
346	0.2950495033660247
347	0.24472931951437565
348	0.2651094533410999
349	0.018372062363070086
351	0.2614375106920154
352	0.7625383296341802
353	0.23399487988440565
354	0.5031331860027918
356	0.2532539450612744
357	0.257927164382744
358	0.23454679052759242
359	0.25124343360645107
360	0.27394381545247554
361	0.4957787552123735
362	0.5172459794977404
363	0.29507802743719413
364	0.5356812827523094
367	0.2927727311519067
368	0.0013709799659544462
369	0.2830408533681139
370	0.024725307733557675
371	0.21794294647939866
372	0.2761652869329824
374	0.19873346063875497
376	0.4843256243079173
378	0.277852986980357
379	0.5252204122856036
380	0.05159124099340966
381	0.03412107063316945
382	0.01584577076254734
384	0.28627085371451844
385	0.29230395130037656
386	0.27614536824570735
387	0.5360536058030584
388	0.041954560106108915
389	0.5322260947634098
390	0.2792727591739295
392	0.021272066386459412
393	0.2747915723133467
394	0.297317512013967
395	0.5090540980587203
396	0.2418307007300759
397	0.2929558473712044
399	0.30534869642074997
400	0.025693822620424932
401	0.22935967508495872
403	0.06670279027292945
404	0.06865967297513949
406	0.03724931545482332
407	0.05376633825020728
408	0.477813717136574
409	0.7432092572495724
410	0.04927680936392191
411	0.06594561911015102
412	0.019902084063530067
413	0.24765157863869183
414	0.5034601367843305
415	0.015168280281924327
416	0.2716248582960562
417	0.2958587974209629
418	0.30947841217210575
419	0.22491382185934988
420	0.5365891647732653
421	0.5110078310100261
423	0.27311677505923965
424	0.06647527298829745
425	0.30458742330027794
426	0.7684391397651327
428	0.3074883624821984
429	0.5370159553750714
430	0.5305639875539173
431	0.5178583788406235
432	0.031592688439637306
433	0.06178722307137462
435	0.27717890357851316
436	0.2590512888066705
438	0.029425831220855337
439	0.010455183338851103
440	0.47848150257621724
441	0.03363600452925574
442	0.25878003022284196
443	0.2699313576061545
444	0.25169739003259356
446	0.5416287082758408
447	0.242830333205184
448	0.05511168313671685
449	0.2977997361268003
450	0.2755547282166995
451	0.32930168695547657
452	0.421302726961803
453	0.021924491023319063
454	0.004633565081521195
456	0.5127927763603081
457	0.2495645976624949
458	0.058282099141451715
459	0.0069061981221530955
460	0.510000212132768
461	0.27372774427503066
462	0.2450720664598604
463	0.5399972706132847
464	0.013255909280397073
465	0.2708622529415485
466	0.7518132168211593
467	0.029654248956085018
468	0.21584687213284978
469	0.5286652859060424
470	0.03576906583683269
471	0.023879294769451193
472	0.018277569719552824
474	0.5293443478552958
475	0.017916336581050515
476	0.2609868790120339
479	0.2765179780077594
480	0.014185039160248575
481	0.26394764234210394
482	0.0039287110025958485
483	0.2513921223750522
484	0.7597735254237681
485	0.12563246907372827
486	0.24232979160538706
487	0.016936769654615366
488	0.4940355815364212
489	0.011235842691646687
490	0.5515574130703338
491	0.28714307147774965
492	0.26768267338484414
495	0.019514548425247524
496	0.29624132111352336
497	0.25166742170300327
498	0.021580121457207085
499	0.5394779467153905
500	0.07679006697910486
501	0.030909908551960574
502	0.5051321078998748
504	0.514097723007603
505	0.2981433217444768
506	0.27437741450750885
507	0.022390310842515325
508	0.021087515619487903
509	0.34264909796104587
510	0.23805358290790118
511	0.3004928462000696
513	0.24539673429749537
514	0.26209755674913404
515	0.016289005040296317
516	0.2615938946762899
517	0.2852980177912828
518	0.008346373661306625
519	0.25882117525503207
520	0.08504947989650936
521	0.23711423510495555
522	0.022188532900691144
524	0.0414284246086018
526	0.025182656781504543
528	0.048038657107527444
530	0.26841116614362825
531	0.5341895770328535
532	0.2817968187898902
533	0.2682603280131011
534	0.013935315068114934
535	0.009144138755055951
536	0.274283253435057
537	0.2856481380676256
538	0.031031637867092204
540	0.01686023000419867
541	0.017245346245041336
542	0.06422765168594896
543	0.5248725103156167
544	0.3231709778426428
545	0.5089464121771329
546	0.01580675325370021
547	0.5227597362941231
548	0.48914000687750103
549	0.26027587260906226
550	0.5232431823778004
551	0.023230178601896023
552	0.25973674687481746
553	0.5415343924452622
554	0.27958984932775716
556	0.02539826278486789
557	0.2694713900278268
558	0.019661719621663597
559	0.5329377678105996
560	0.04984682963219503
561	0.52655594043746
563	0.2862217404622628
564	0.015401131302910629
565	0.7596717642126694
566	0.5442481922016719
567	0.03640644464087804
568	0.5079194505071912
569	0.034469211533032895
570	0.29030088421803374
571	0.5096382849908062
572	0.07868989760977126
573	0.5189122081340314
574	0.013470854806691003
575	0.5305925594246341
576	0.029235390637276877
578	0.007759336698768708
580	0.019556929616121488
582	0.24266513733527686
583	0.2722725112505893
584	0.0019515519262887637
586	0.2691022502693868
587	0.5169160748697712
590	0.3115753660748812
591	0.2795261449091422
592	0.00969512435937886
593	0.033179554580063934
594	0.23517363137686123
596	0.28235290494120335
597	0.031105690289499267
598	0.023423405184289377
600	0.5220863650573866
601	0.23067995917136982
603	0.25486817336171946
606	0.04991849347392564
607	0.2537044012780409
608	0.25417607144194465
609	0.31337559658127934
610	0.00615048502592103
611	0.5019999934160917
612	0.018224115896749372
613	0.5295395388982735
615	0.4965126627715006
616	0.4981185034189624
617	0.43550544066965236
619	0.5281872047090668
620	0.02515034717933845
621	0.7013211602620069
622	0.29037637940944094
623	0.23232941562280823
624	0.27536745566705967
625	0.25222714886857417
626	0.5629252584450171
627	0.5391152720978803
628	0.5172027730797687
631	0.025174344880227194
632	0.2818596579520141
633	0.24716159613911365
634	0.5190030510438917
635	0.24921352804344835
637	0.039218389248120086
638	0.230938166096575
639	0.5401351594604781
640	0.2620368854573909
641	0.034949320465502844
642	0.27317706417568643
643	0.028438144153314554
644	0.2689905148193217
645	0.7525375450130206
646	0.01949434422693519
648	0.7705562253134668
650	0.5298955054686025
651	0.5276917564756536
652	0.03025693808129369
653	0.0485719528040901
654	0.3317574945520008
655	0.012355372770352615
656	0.4736573832561711
657	0.015840430361691485
658	0.2519610358969236
660	0.2975015121878269
661	0.032091821583514736
662	0.004551958223370567
663	0.48649055079672054
664	0.05562514167792177
666	0.5423239851484243
667	0.5243940508825667
669	0.03661547774250466
670	0.2753265271117324
672	0.036360453928673986
673	0.5321681641409455
674	0.23498415426956798
675	0.18105108042572154
677	0.031021964162902167
679	0.26666351057580967
680	0.003333098761357213
681	0.05754400552191602
682	0.2765048191452056
683	0.023149590644846202
684	0.265667775797002
686	0.2832018058581677
688	0.024850764162371364
689	0.28703103108119604
690	0.023526028009709106
691	0.24538719572040682
693	0.011756489758343008
694	0.022517183306369364
696	0.5288267206300895
697	0.7572764492907936
698	0.016646939985491417
699	0.26663986841762505
700	0.019907064509873767
701	0.26926102740890584
703	0.011429777040409948
704	0.4835823019801156
705	0.02843673257280479
707	0.5041973343581192
708	0.27219402073776783
709	0.0226404432125906
710	0.5114163769992762
711	0.3220447798152581
712	0.01929268023149339
713	0.32070600195001014
714	0.5067883697827633
715	0.24871229545169227
716	0.245002996417021
717	0.05766574355442332
718	0.525522428978102
719	0.48142720370019154
720	0.7651880126556295
721	0.0022026437733200996
722	0.483143228245494
723	0.24317521592714297
724	0.37159506539155246
725	0.26974908445210394
727	0.12635091493354306
728	0.4357107641700128
729	0.21969309989607316
730	0.014220775324397774
731	0.01474270168680155
733	0.5406911189766241
734	0.037420146950830305
735	0.27530725894216557
736	0.023802571896892933
737	0.2723986903963244
738	0.3077382835319995
740	0.5137237565715781
741	0.5259594731241882
742	0.03352808539671019
743	0.30028219655867183
744	0.3428869305053298
745	0.5455969637188752
746	0.045370825711779306
747	0.05801283773328797
748	0.29980333059830255
749	0.04800120251789433
750	0.00571123292356529
752	0.07119365184692766
754	0.035608112042299134
755	0.4734977624770252
756	0.05337109731558287
757	0.5376460723511403
758	0.25587620317138415
759	0.008756463772038165
761	0.003947170673532903
762	0.4992802365050499
764	0.024069241039434315
765	0.02106445593189632
766	0.7723846934280134
769	0.014041163998355036
772	0.7646125495124761
773	0.28250444612072034
774	0.07963038236086248
776	0.03168872900268768
778	0.22193831378650292
781	0.2714069129577621
782	0.24566806192537055
783	0.060193073140492576
784	0.2574869292943517
785	0.008347415781354187
787	0.4847758711747902
788	0.5401974433217644
789	0.4930165087498613
790	0.06373169827825469
791	0.527954841298176
792	0.2558741796806142
795	0.04700103740316718
796	0.5258670295269023
797	0.08971699631669454
798	0.03567494180232379
799	0.01489149000409172
800	0.26737625847863755
801	0.2751837793302805
802	0.5017575652278602
803	0.04504142193450876
804	0.5228417982915994
805	0.0027728272002824073
806	0.02041411287880729
807	0.27461006839285035
808	0.30360173973401006
809	0.2508862031691519
810	0.2654312215231557
811	0.2724448841204054
812	0.04680594927082315
813	0.4795537245435024
814	0.28588806154630164
815	0.2763042549666381
818	0.2810023493187585
819	0.5367082666247199
820	0.29015071125265196
821	0.2696048027498642
822	0.060387216330815785
823	0.24354754726571687
824	0.2916663643145351
825	0.5175689837567147
826	0.5122560568823178
827	0.04515523062400319
828	0.7529701224659072
829	0.040020911857502464
830	0.55415437884531
831	0.24414532347033663
832	0.05093715949641797
834	0.033552777940516046
835	0.2513683069693841
837	0.2649358748944013
838	0.02563723257262891
840	0.03412480441674945
841	0.2889732795209369
842	0.5289244545435771
843	0.2892720060855056
845	0.06002117751088831
846	0.5141152514733742
847	0.5078122776091253
848	0.2977618771090953
849	0.019929044016564965
851	0.501816426512985
853	0.3122175659964483
855	0.2707560533477224
856	0.4720501042838398
857	0.11164759992561596
858	0.23882819418949408
859	0.027300768951529147
860	0.5222034249672223
862	0.5066941913398434
863	0.28479531829600546
864	0.02969311832411907
865	0.33062117695598414
867	0.7456545873406312
868	0.5085833600134597
870	0.03851051176220861
871	0.08083618131855513
872	0.5040470060705452
873	0.06010646731865267
874	0.5516187740696499
876	0.0272009015492777
877	0.2576303200254145
878	0.5117348969717601
879	0.23573605696725847
880	0.5401590143403764
881	0.9986012800163873
882	0.5349113039286678
883	0.06173838573532068
886	0.2829032335690772
887	0.3041413137845513
888	0.3077332244964232
889	0.012813674166563399
890	0.4773844990315656
891	0.013561356032762161
892	0.7802954638014211
895	0.28030504352914987
896	0.038222069569654724
898	0.018858948862309332
899	0.038519373702907575
900	0.40326744275851345
901	0.006379066647370951
902	0.24770436587449793
903	0.26010402213438183
905	0.7425855519091175
906	0.017975216013674626
908	0.26140300520867
911	0.03359082981970436
913	0.5112698457244254
914	0.10404903270762537
915	0.3082344531145594
916	0.24438869852784845
918	0.5144914764165556
919	0.026252341659857452
920	0.2849193353877315
921	0.24578182011352134
922	0.06706637898935491
923	0.27350551049411453
925	0.2741504393951872
926	0.2846461998230059
927	0.5122043481500775
930	0.541059774519967
931	0.2905573384698243
932	0.5485843970868943
933	0.5435680993558043
934	0.2920449226189615
935	0.5096925506586766
936	0.27151291069248706
937	0.23685182723384274
938	0.034874858072817365
939	0.2568149147773668
940	0.24986933818610413
941	0.2779105160147953
942	0.27065239010350806
943	0.2563456648802237
0	0.0
0	0.0
0	0.0
0	0.0
0	0.0
0	0.0
0	0.0
0	0.0
0	0.0
0	0.0
0	0.0
0	0.0
0	0.0
0	0.0
0	0.0
0	0.0
0	0.0
0	0.0
0	0.0
0	0.0
0	0.0
0	0.0
0	0.0
0	0.0
0	0.0
0	0.0
0	0.0
0	0.0
0	0.0
0	0.0
0	0.0
0	0.0
0	0.0
0	0.0
0	0.0
0	0.0
0	0.0
0	0.0
0	0.0
0	0.0
0	0.0
0	0.0
0	0.0
0	0.0
0	0.0
0	0.0
0	0.0
0	0.0
0	0.0
0	0.0
0	0.0
0	0.0
0	0.0
0	0.0
0	0.0
0	0.0
0	0.0
0	0.0
0	0.0
0	0.0
0	0.0
0	0.0
0	0.0
0	0.0
0	0.0
0	0.0
0	0.0
0	0.0
0	0.0
0	0.0
0	0.0
0	0.0
0	0.0
0	0.0
0	0.0
0	0.0
0	0.0
0	0.0
0	0.0
0	0.0
0	0.0
0	0.0
0	0.0
0	0.0
0	0.0
0	0.0
0	0.0
0	0.0
0	0.0
0	0.0
0	0.0
0	0.0
0	0.0
0	0.0
0	0.0
0	0.0
0	0.0
0	0.0
0	0.0
0	0.0
0	0.0
0	0.0
0	0.0
0	0.0
0	0.0
0	0.0
0	0.0
0	0.0
0	0.0
0	0.0
0	0.0
0	0.0
0	0.0
0	0.0
0	0.0
0	0.0
0	0.0
0	0.0
0	0.0
0	0.0
0	0.0
0	0.0
0	0.0
0	0.0
0	0.0
0	0.0
0	0.0
0	0.0
0	0.0
0	0.0
0	0.0
0	0.0
0	0.0
0	0.0
0	0.0
0	0.0
0	0.0
0	0.0
0	0.0
0	0.0
0	0.0
0	0.0
0	0.0
0	0.0
0	0.0
0	0.0
0	0.0
0	0.0
0	0.0
0	0.0
0	0.0
0	0.0
0	0.0
0	0.0
0	0.0
0	0.0
0	0.0
0	0.0
0	0.0
0	0.0
0	0.0
0	0.0
0	0.0
0	0.0
0	0.0
0	0.0
0	0.0
0	0.0
0	0.0
0	0.0
0	0.0
0	0.0
0	0.0
0	0.0
0	0.0
0	0.0
0	0.0
0	0.0
0	0.0
0	0.0
0	0.0
