2	0.262640127029384
5	0.5216230112291153
6	0.015116991492589847
7	0.25203806282145325
8	0.2759602736230748
9	0.5461691402893615
10	0.24028568972069475
12	0.3073316145255353
14	0.01379775195810748
15	0.02758948457489369
16	0.27556726507184914
17	0.08538156706691265
18	0.017781888463966788
20	0.31404946490717783
24	0.2504619593116154
27	0.1868662949246987
28	0.24179828754774757
31	0.05976877100845298
32	0.5063950058569398
33	0.29193355772856877
35	0.01918428245475089
36	0.31829252177513356
38	0.06953808671969029
41	0.7734397035211755
42	0.2654281602799222
43	0.29152262970635645
45	0.5431386107947689
46	0.04085530207807271
48	0.24760265055397704
51	0.5704516086915692
52	0.5486307006985677
53	0.04269479159246364
54	0.4679103492434872
55	0.31214839373432834
56	0.2752496801928072
57	0.2770169602854456
59	0.24878623675137906
60	0.008347415781354187
65	0.035716901019672995
67	0.0807876845017601
68	0.32176004786561613
69	0.28190820980013803
70	0.0392693420592297
73	0.022811461319593104
75	0.49354848981610516
76	0.011164242652129376
77	0.051515553600079284
78	0.501325876086081
79	0.22302842851137955
81	0.2696390788239028
83	0.27233893615395566
84	0.08201030568970671
86	0.07324134972495586
87	0.3178960528676655
89	0.45454865264893857
91	0.47224738288299783
92	0.025382598324282905
93	0.28460593299549986
96	0.05691139780118562
97	0.22565105119450862
98	0.0060033548774938925
99	0.5556183132971511
101	0.7886728999764705
102	0.05681943944461529
104	0.203988500129813
106	0.258873670461076
109	0.2834633774019839
111	0.035710279836333
113	0.044827836919014735
114	0.24098635772169075
117	0.0782308657882772
118	0.24993625453736348
119	0.025012322651852405
120	0.2594040313334154
121	0.2824025135498531
122	0.06907982286565599
123	0.24216702107440616
124	0.2019356109152504
125	0.7750811060990943
126	0.5498341252050114
127	0.5461413018382614
128	0.31734220709620103
133	0.2798497156100667
134	0.29157310067859543
137	0.30622330809762716
138	0.2265499427695539
139	0.04211037288557502
141	0.02136444168551241
142	0.0170655358769968
143	0.30149928074772586
145	0.22796671996293494
147	0.10829462195982353
148	0.04157330066624503
150	0.04944831121156344
151	0.057061348945284085
152	0.25937713883528973
154	0.2567945368547341
155	0.22115316144935734
156	0.014401755072823715
157	0.3238876655346517
158	0.2514058712479879
159	0.2705554651043197
160	0.02421832127043218
162	0.011380666293261996
163	0.035364037394757374
164	0.07011905506215599
165	0.29302917626774194
168	0.022483252250805975
169	0.4949780456817915
170	0.28206362421381775
171	0.039366493815447656
175	0.5132519832815253
177	0.2900307584746895
178	0.29690572105636875
180	0.28256421524411757
182	0.011552951277275597
185	0.015765625789892553
187	0.041026499048775394
188	0.05735661052386838
190	0.47770912472821564
191	0.23325307942867124
193	0.05022759653889852
197	0.48955424626252175
199	0.22133376463484594
200	0.2187447424746521
202	0.23946146446874983
203	0.05678547975698883
204	0.020221443494953247
207	0.03311097497887521
209	0.0052172155130770295
211	0.031078482421368455
219	0.2445711367791536
223	0.03132458020727667
224	0.2775240619855458
228	0.25803486473193327
229	0.2581107328034551
230	0.06309629442020301
231	0.5353011323578835
233	0.297243186265128
234	0.017959304609352397
235	0.02756084108361484
236	0.035076218434100984
237	0.07649122359444319
238	0.4890658151281976
241	0.05374701529305914
242	0.06062307389613435
243	0.014805496849707004
245	0.5273847902429561
246	0.5032994996721954
247	0.003917688651955204
248	0.2822373069933303
250	0.06833607512557043
251	0.2540489174803045
252	0.024981342822712017
253	0.039209179138804263
254	0.2631947237773997
256	0.24139370228660922
257	0.2922803996027073
258	0.09251280145063609
260	0.05832432035800486
261	0.010178321995026274
264	0.3021695980066635
265	0.19375836124461446
267	0.005733747561989376
268	0.015710099627719215
271	0.017307944638394815
272	0.04211908608254737
273	0.008751564190739722
274	0.4864574792030518
275	0.5482220977465296
276	0.01358312526861834
278	0.46896497361835143
279	0.275239066624901
281	0.5156416290402571
282	0.03792016515613525
283	0.018248858884952125
285	0.016189808572561425
287	0.05665696788320217
289	0.31784610668108515
291	0.0484729957620242
292	0.003867571544751182
294	0.24589734427429372
296	0.2991968976581859
298	0.06416078914457446
299	0.01917409347683481
300	0.12722611614641657
301	0.25638054720532477
302	0.3359171199931944
305	0.02290410900255526
306	0.37547781794956964
307	0.2809299323584891
309	0.30438505587027204
310	0.5000865441820315
311	0.19408368087020644
312	0.04855843982234907
313	0.22245363357453546
314	0.5307520627741443
317	0.28241580874180955
322	0.08833201267239457
323	0.5363114970923364
325	0.016253086089523354
326	0.5155305714045226
328	0.03987005804031124
329	0.27715240632899385
330	0.27728338024886956
331	0.016786515443682554
332	0.28672461258774434
333	0.09503020683927808
335	0.014200135297590108
336	0.5523096237817534
337	0.25709943867903756
340	0.27851618789434845
342	0.026065931117702862
345	0.0016905062452644906
346	0.09369858195202134
348	0.7201653984934709
352	0.040980052124631614
356	0.2820152595052576
358	0.043823311720402935
359	0.25398282203997813
361	0.09592671055427299
363	0.49272533843989824
365	0.3092912887149399
366	0.040787864310907286
367	0.28492356106038913
368	0.25994616410992
369	0.5138111864680603
372	0.0024540035082511354
373	0.014129897576776199
375	0.2459064547808267
376	0.315209389737785
377	0.24721793809118287
378	0.017691450615499482
380	0.030203588622089547
383	0.29961432991505965
388	0.5049933405936392
389	0.001400539831189991
393	0.3064683841253191
395	0.009954354164246247
396	0.4991910107439465
398	0.5236911905735046
400	0.314836657664017
403	0.3136660142211442
406	0.0059950905488908475
409	0.004315713547392755
410	0.2647658117071112
411	0.22526952925669372
412	0.24371261860048474
413	0.3070064346691665
416	0.036170895138036716
418	0.4617481700918595
419	0.04968972057618823
420	0.010355502297107681
421	0.2726276044987308
423	0.0548984675630411
427	0.23071796124529614
431	0.017296981154695003
432	0.29214933202604143
435	0.01411647625891705
438	0.23683399433228264
439	0.041676044410726115
440	0.30725952918803584
441	0.4851089394863134
443	0.037538381791853925
446	0.04691405591585138
448	0.2088034044957346
449	0.04209721566594429
450	0.01775669920926435
451	0.2023562071385098
454	0.22706554896806685
455	0.3931363075435181
457	0.002265630088550165
459	0.7543754861741453
461	0.0686195901848943
466	0.03700422008435772
468	0.233987614076431
469	0.06262299338053902
470	0.5542426940013814
471	0.27394170995128
472	0.46165309057458215
473	0.08006021831800267
474	0.07370918245749992
476	0.45363094382088864
479	0.01643196035107807
480	0.05286504508138547
481	0.27571928568321136
482	0.3231576361111311
483	0.3203623612692795
484	0.023552636219763407
487	0.009648206100612046
488	0.2991775638764233
489	0.47630219026950643
490	0.007815235633636845
491	0.011740712725520613
492	0.5132098140673474
493	0.21752578983762194
494	0.5400592437605983
495	0.275867177462101
496	0.028109252461475998
497	0.03150361917603221
502	0.25492871067797945
503	0.24021534514404072
505	0.08015017080520072
506	0.4494280171158474
507	0.2320870738529606
509	0.4403768619931286
511	0.04738088488488394
512	0.5371231338790116
513	0.2851724526207689
514	0.23439025201278635
515	0.5656553306405688
516	0.0027884905378414773
517	0.4866022028589589
518	0.2769340920726244
519	0.07977170167501677
520	0.08430475855637834
521	0.004930744673776976
523	0.7566175639211926
525	0.03871833786648393
526	0.05400785127898055
527	0.24767657552160458
528	0.31981936590186594
529	0.06193503678303149
532	0.0034742531686814612
533	0.5399088838738461
534	0.4649472169061401
536	0.5310442586735203
540	0.5286714580921766
541	0.008284161815788844
545	0.007782546124390069
546	0.5307702319149398
549	0.2824025135498531
550	0.4936952800135446
551	0.049561285432790404
552	0.2422268237923796
554	0.5589040246716943
555	0.07828727899948212
556	0.07244568959692069
559	0.2830728795720878
563	0.5236249823621782
564	0.009272825657105101
565	0.25149243062877413
568	0.02041557396799388
569	0.013571199341395303
571	0.2950056944993518
575	0.21469159740183696
576	0.7652558097749533
577	0.0034541234680056584
578	0.3238549655174874
580	0.5120959930619916
582	0.45913306780346697
583	0.30458599159206157
584	0.2265152169318701
586	0.0012774660467033648
587	0.009481384757349012
588	0.20899123752327461
589	0.2906858698622147
592	0.21928257685014735
593	0.527745344924465
594	0.29114310161529033
596	0.30081139680519525
597	0.26206010271903724
599	0.004441195381034147
600	0.02704338509667817
602	0.28649033718274364
603	0.005206174932154507
604	0.22650895107220104
605	0.25775319014128606
609	0.15681473764352263
611	0.022625012461918854
612	0.3135350702639414
613	0.003081392249350383
614	0.23199683624466055
616	0.3015702166005137
618	0.7675525840067603
619	0.5355322336825548
620	0.5305881281801595
623	0.5020451225198636
625	0.2452537214148067
627	0.037807203258566034
629	0.061801743954949556
630	0.23518120935156592
632	0.30884259001406883
634	0.009463235324124134
636	0.28412465385307883
637	0.08487135857388682
638	0.006660600611843929
640	0.24835715929369756
642	0.2523473474141894
643	0.01606135863927336
644	0.5513927313982275
646	0.2652381431331135
647	0.007090584387882279
648	0.2248144403650271
649	0.05466401035650549
650	0.001950222215984957
651	0.03125547148152712
653	0.5482566179498968
654	0.49228230526847944
655	0.01045754454693042
660	0.06507902407742003
661	0.27552399347984863
663	0.23864304706108228
666	0.0019047874713240993
668	0.18771379497083301
671	0.023923312433410622
672	0.2788858574622218
673	0.03923169462133033
675	0.12339786210909716
676	0.054667535009115975
677	0.24500339833851167
678	0.21202598432348074
679	0.31586000660592434
680	0.5322105205754182
681	0.2455262365052595
682	0.25595380176580623
683	0.0016850078802462358
684	0.5195348827525734
688	0.06370924135266127
689	0.5457355173484136
691	0.032397304889766616
692	0.5200897203635759
694	0.5342170471165569
695	0.10148170962609103
696	0.011041873108385503
698	0.7764935311010273
700	0.3133713060804074
701	0.5218534326471809
702	0.5095069467944726
703	0.7626035229747277
705	0.26248388626324376
706	0.49446398178824363
708	0.5346182607064407
709	0.25541905266072834
712	0.31093376536895584
714	0.5444580228035133
715	0.042878338739299096
719	0.03163229418143158
721	0.20863598830044644
722	0.028225842682942523
723	0.5734817707017262
725	0.0013064873370154037
726	0.14053553441843467
728	0.049917595885766636
730	0.3038902606785542
732	0.49840981617771524
734	0.2391132666328773
735	0.24277367710718264
736	0.0354346698110196
739	0.05361049610316997
746	0.24708841308210883
747	0.22238465987800757
749	0.011264339371498122
750	0.5310840845140556
751	0.5307872766316465
752	0.011479736063661896
753	0.050026699600702
754	0.057087597455529646
755	0.05910645835187815
756	0.00881536141074538
757	0.006387901985540876
759	0.27693497343292794
761	0.2680454336005814
762	0.5125364226660435
764	0.2364633866621485
766	0.22782797329197307
768	0.06431914038089932
769	0.0418625416135322
772	0.2813974832091934
773	0.0205817934230427
774	0.07772037322400996
775	0.30008757939897057
776	0.26740842640040197
777	0.31502066357316644
778	0.21339794885264124
779	0.2942159020166741
780	0.056185787403077544
781	0.5056236892874558
782	0.23785894475917882
783	0.47603144770584715
784	0.007660548016001332
786	0.00020835709988139411
789	0.03374226420345369
791	0.2778965032064023
792	0.24880920122054
793	0.24376346147746783
797	0.6358999241063668
798	0.31774182353441477
799	0.31629603379658405
802	0.2666208818016386
803	0.276944818598555
804	0.03793773022985625
809	0.007908205076934453
810	0.003714374186271314
811	0.780967871025234
812	0.014647457378360786
813	0.2403107457801768
818	0.2508473467120685
824	0.0401476215003462
825	0.5253208325967132
826	0.224661559852729
829	0.3000742965486294
831	0.47471316733030783
832	0.30208433018757835
834	0.7764404398178738
836	0.05850858097612305
837	0.04727172740259296
839	0.2381860538362788
843	0.06502469814415615
844	0.048716422044604316
847	0.06062531995809929
849	0.5292767743144167
850	0.5299207650638103
851	0.015130026404087255
852	0.2685229093156331
856	0.02135499575081508
858	0.005618348197827517
860	0.005759259352800233
862	0.2486126474372245
863	0.48951538103288184
864	0.01072560947713544
868	0.22243492272869125
869	0.21943485259956597
871	0.2716526288115553
872	0.5007028811490767
873	0.009039886944540602
875	0.4826061854782268
876	0.2957346856645919
877	0.24701545172799833
881	0.020710847612122947
884	0.09100884774586937
885	0.25756529199012623
886	0.22464599762891427
889	0.28233925228125145
893	0.3261856618758667
895	0.527534639809339
896	0.00029769436869053756
897	0.4783469032501656
898	0.0006973372415887413
901	0.004280381149164
911	0.048911382692889124
915	0.0075963372160010485
920	0.016324860138734652
921	0.21798365813027032
922	0.46926296194912165
923	0.01063329233767675
924	0.20176902856031992
926	0.01256940442265236
927	0.23607975249019292
929	0.0299492464447272
932	0.0011610706084554147
935	0.025134831552660344
936	0.022529754853401716
937	0.3091592740490592
938	0.5137208964057761
939	0.015382061139783645
941	0.02455634170718864
942	0.3021797713202713
0	0.0
0	0.0
0	0.0
0	0.0
0	0.0
0	0.0
0	0.0
0	0.0
0	0.0
0	0.0
0	0.0
0	0.0
0	0.0
0	0.0
0	0.0
0	0.0
0	0.0
0	0.0
0	0.0
0	0.0
0	0.0
0	0.0
0	0.0
0	0.0
0	0.0
0	0.0
0	0.0
0	0.0
0	0.0
0	0.0
0	0.0
0	0.0
0	0.0
0	0.0
0	0.0
0	0.0
0	0.0
0	0.0
0	0.0
0	0.0
0	0.0
0	0.0
0	0.0
0	0.0
0	0.0
0	0.0
0	0.0
0	0.0
0	0.0
0	0.0
0	0.0
0	0.0
0	0.0
0	0.0
0	0.0
0	0.0
0	0.0
0	0.0
0	0.0
0	0.0
0	0.0
0	0.0
0	0.0
0	0.0
0	0.0
0	0.0
0	0.0
0	0.0
0	0.0
0	0.0
0	0.0
0	0.0
0	0.0
0	0.0
0	0.0
0	0.0
0	0.0
0	0.0
0	0.0
0	0.0
0	0.0
0	0.0
0	0.0
0	0.0
0	0.0
0	0.0
0	0.0
0	0.0
0	0.0
0	0.0
0	0.0
0	0.0
0	0.0
0	0.0
0	0.0
0	0.0
0	0.0
0	0.0
0	0.0
0	0.0
0	0.0
0	0.0
0	0.0
0	0.0
0	0.0
0	0.0
0	0.0
0	0.0
0	0.0
0	0.0
0	0.0
0	0.0
0	0.0
0	0.0
0	0.0
0	0.0
0	0.0
0	0.0
0	0.0
0	0.0
0	0.0
0	0.0
0	0.0
0	0.0
0	0.0
0	0.0
0	0.0
0	0.0
0	0.0
0	0.0
0	0.0
0	0.0
0	0.0
0	0.0
0	0.0
0	0.0
0	0.0
0	0.0
0	0.0
0	0.0
0	0.0
0	0.0
0	0.0
0	0.0
0	0.0
0	0.0
0	0.0
0	0.0
0	0.0
0	0.0
0	0.0
0	0.0
0	0.0
0	0.0
0	0.0
0	0.0
0	0.0
0	0.0
0	0.0
0	0.0
0	0.0
0	0.0
0	0.0
0	0.0
0	0.0
0	0.0
0	0.0
0	0.0
0	0.0
0	0.0
0	0.0
0	0.0
0	0.0
0	0.0
0	0.0
0	0.0
0	0.0
0	0.0
0	0.0
0	0.0
0	0.0
0	0.0
0	0.0
0	0.0
0	0.0
0	0.0
0	0.0
0	0.0
0	0.0
0	0.0
0	0.0
0	0.0
0	0.0
0	0.0
0	0.0
0	0.0
0	0.0
0	0.0
0	0.0
0	0.0
0	0.0
0	0.0
0	0.0
0	0.0
0	0.0
0	0.0
0	0.0
0	0.0
0	0.0
0	0.0
0	0.0
0	0.0
0	0.0
0	0.0
0	0.0
0	0.0
0	0.0
0	0.0
0	0.0
0	0.0
0	0.0
0	0.0
0	0.0
0	0.0
0	0.0
0	0.0
0	0.0
0	0.0
0	0.0
0	0.0
0	0.0
0	0.0
0	0.0
0	0.0
0	0.0
0	0.0
0	0.0
0	0.0
0	0.0
0	0.0
0	0.0
0	0.0
0	0.0
0	0.0
0	0.0
0	0.0
0	0.0
0	0.0
0	0.0
0	0.0
0	0.0
0	0.0
0	0.0
0	0.0
0	0.0
0	0.0
0	0.0
0	0.0
0	0.0
0	0.0
0	0.0
0	0.0
0	0.0
0	0.0
0	0.0
0	0.0
0	0.0
0	0.0
0	0.0
0	0.0
0	0.0
0	0.0
0	0.0
0	0.0
0	0.0
0	0.0
0	0.0
0	0.0
0	0.0
0	0.0
0	0.0
0	0.0
0	0.0
0	0.0
0	0.0
0	0.0
0	0.0
0	0.0
0	0.0
0	0.0
0	0.0
0	0.0
0	0.0
0	0.0
0	0.0
0	0.0
0	0.0
0	0.0
0	0.0
0	0.0
0	0.0
0	0.0
0	0.0
0	0.0
0	0.0
0	0.0
0	0.0
0	0.0
0	0.0
0	0.0
0	0.0
0	0.0
0	0.0
0	0.0
0	0.0
0	0.0
0	0.0
0	0.0
0	0.0
0	0.0
0	0.0
0	0.0
0	0.0
0	0.0
0	0.0
0	0.0
0	0.0
0	0.0
0	0.0
0	0.0
0	0.0
0	0.0
0	0.0
0	0.0
0	0.0
0	0.0
0	0.0
0	0.0
0	0.0
0	0.0
0	0.0
0	0.0
0	0.0
0	0.0
0	0.0
0	0.0
0	0.0
0	0.0
0	0.0
0	0.0
0	0.0
0	0.0
0	0.0
0	0.0
0	0.0
0	0.0
0	0.0
0	0.0
0	0.0
0	0.0
0	0.0
0	0.0
0	0.0
0	0.0
0	0.0
0	0.0
0	0.0
0	0.0
0	0.0
0	0.0
0	0.0
0	0.0
0	0.0
0	0.0
0	0.0
0	0.0
0	0.0
0	0.0
0	0.0
0	0.0
0	0.0
0	0.0
0	0.0
0	0.0
