1	0.2535847382421968
2	0.01654076464839387
5	0.045030699115035294
6	0.015596043674361116
7	0.2836046648470803
8	0.2660858625609823
9	0.2627277820425546
10	0.004775803113302404
11	0.2920118464109305
12	0.2690363264807689
14	0.06395457498970189
15	0.32072055356970725
17	0.055773471275593234
18	0.02249393690358733
20	0.04615444059779906
22	0.005540082851484485
24	0.020585912985760034
27	0.14589402960129372
28	0.28219215229087846
30	0.0030397383505836872
31	0.07058187713410652
32	0.5104825453500229
35	0.28394987830932167
36	0.04236675477057626
37	0.24530012980661425
39	0.24318795472869317
41	0.3033802201064825
42	0.037476768640465
44	0.24361175102033303
45	0.5288234926392714
46	0.04034092499434576
48	0.282612881973226
51	0.5408764136268093
52	0.26567622159457255
54	0.27039228128470877
55	0.2734104415727294
56	0.29203066124848587
57	0.2967535947304295
59	0.031232381896993858
60	0.019929044016564965
62	0.26480604000746133
63	0.33687939299418146
64	0.027797190492717255
65	0.03491405571976344
66	0.017379275742168146
67	0.007581874663156879
68	0.21998717423766156
69	0.28886679226380024
70	0.060569281387221174
71	0.26605028712988943
73	0.03342517358516755
76	0.2626788029567143
78	0.5219692211183635
79	0.5349259129830188
80	0.06112770916025649
81	0.2895216609572997
83	0.252066004754231
84	0.0383768810394199
85	0.02156283058810842
86	0.08881649201376635
87	0.5209175859838113
88	0.046502646574144046
89	0.2570866746595101
90	0.021983535720011604
91	0.25660804911605445
92	0.020458639016396486
93	0.1818786943506391
95	0.2614203323651756
96	0.025080890499397324
97	0.036198357221712794
99	0.038142275391246365
100	0.2421895169629158
101	0.4827228177880012
102	0.02626085265523967
103	0.18592844527478342
106	0.006973056814455109
109	0.2805766802450904
110	0.016976925409517542
111	0.0061181822644046195
112	0.028225834228324916
113	0.004579354103042214
114	0.4777267726971273
117	0.26809940026789375
119	0.27870468040168545
120	0.04872010506787475
121	0.02549106694627871
122	0.03256193203718294
123	0.004072078462606217
124	0.018017144264061816
125	0.4754332112542433
126	0.22367158018475686
127	0.24013152268572546
128	0.28753116054157274
129	0.011832205526095044
130	0.01456449210594023
131	0.253537039285086
133	0.5029834251531168
134	0.25896283573596934
137	0.25438025343668375
138	0.24511180556775605
141	0.00035704148332734234
142	0.2856750683531711
144	0.0532990860024538
145	0.02324732590365912
147	0.025538081857760766
148	0.023859898615654584
149	0.2421845519518356
151	0.04827002185821626
152	0.7640387072178848
154	0.2714375386247606
156	0.019256486921248248
157	0.2876152722451715
160	0.26120629983801247
163	0.28434409820738765
166	0.07387846208362608
167	0.0579937504792726
168	0.026716916002640735
169	0.037419882163358814
170	0.010803356793748376
174	0.04282564495575869
175	0.011025672732348793
178	0.014894892618014556
180	0.03330095688501404
182	0.03125345092629396
185	0.2650718152624246
187	0.02830418984998113
189	0.5230329188220655
190	0.4501186285090809
193	0.045986345683936745
194	0.03753658120482584
196	0.5245304640226379
197	0.4735520192885669
198	0.0912238748218075
199	0.3003559508576199
201	0.04548852730118795
202	0.05708980307473706
204	0.2622521698375368
207	0.013231412752224503
209	0.025208714724074877
211	0.3361903896594909
212	0.31117943723692043
215	0.004020532218081178
216	0.01791850187727746
218	0.05320608295505627
219	0.23856579014703608
221	0.020712934724786955
222	0.3123748301651818
223	0.24473040671845844
224	0.2636919557589585
226	0.009233042259424944
228	0.08501620775955351
229	0.20372048122553835
230	0.04214346470827418
231	0.2682118661401847
233	0.04876070929869842
235	0.03927453450085511
238	0.28371300006733874
239	0.02212897946800559
241	0.34114676573503544
245	0.03103203829777925
246	0.27323613666452284
247	0.5219692211183635
249	0.007716667665324806
252	0.020772182983745335
253	0.011052569689458568
254	0.5192178737380422
257	0.2314610738235013
258	0.3154566370885191
260	0.0631461707284538
261	0.28914089961684
263	0.04000962982095915
264	0.029167190899178956
268	0.026821918402421846
271	0.029262519930906446
273	0.022764829907689688
274	0.2818835362993567
275	0.521346232059399
276	0.01788906377841392
278	0.28684730652116047
279	0.060229043242164715
281	0.3128131744217152
288	0.027291444509431176
289	0.33687392494446144
290	0.27787503827049814
292	0.006898688010366388
293	0.0753576234385713
294	0.2487925261654794
295	0.03517109697168304
296	0.019972876703999155
299	0.03008985948381892
301	0.27562419285079615
302	0.10657357362001652
304	0.04767431750067386
305	0.037479011043086916
306	0.28489594271843516
309	0.06275559437397017
310	0.7256079404222494
311	0.5328774234023974
313	0.0018589720318412661
314	0.029747609186833564
317	0.03896170378478092
318	0.035907926986004285
320	0.022355089486472135
323	0.031435199755952326
324	0.050549648939356845
325	0.016731949632126583
326	0.2942245280586502
328	0.2872884241023052
330	0.7649946099149435
331	0.016184943299621522
332	0.018083170314334256
334	0.3029131653414457
336	0.2887355500693254
343	0.03276232239884676
345	0.013553567960354153
346	0.048337306469602576
348	0.2761583624064759
349	0.26416481451403334
352	0.288786359626242
353	0.024298890772157893
355	0.01017876332879097
356	0.31845653092842496
357	0.02396125358826457
358	0.016885827682515078
359	0.2505881529653542
361	0.015328500610811521
363	0.01870319716624731
367	0.2782659468693215
368	0.24526065367753758
369	0.5217079752855047
371	0.03237523654365413
372	0.014057456362956664
373	0.27441529654019187
374	0.08439789807669847
375	0.30193915803179927
376	0.03547662201525548
381	0.26885123414593154
383	0.00019115978033226386
387	0.4787105150853471
389	0.24473898322949733
393	0.02885231613189073
394	0.01745999902177982
395	0.23562909958527173
396	0.5442614067740199
397	0.045649100916183544
399	0.023162772044915195
400	0.046703772386886944
403	0.03347966250894908
406	0.015765258364951414
409	0.01642893216797718
410	0.31321125949213097
412	0.04059243456560216
413	0.28007000487479217
416	0.04631764038527901
419	0.02861579612923369
420	0.014835006658222662
421	0.2915255878554503
422	0.28941034298321405
426	0.02156855786915347
431	0.02209921264457187
432	0.045333940301080566
434	0.062313802352279374
435	0.2635121803026307
436	0.03187092706505278
437	0.26986302679670726
438	0.03352430645905326
439	0.026398463972325495
440	0.014398523455293553
441	0.5191611814701403
443	0.017856184322187826
446	0.06916841275081947
447	0.285402972494022
448	0.24807218164239977
449	0.5123900850910375
450	0.03047532374102939
451	0.014732396377175307
452	0.5583628684847558
453	0.5331472749246889
454	0.7772036996201727
455	0.29015381517963756
456	0.2786900085514891
457	0.049608246433318556
459	0.012390792685280781
466	0.04938071622563204
467	0.07197338665389552
470	0.26786711576084815
471	0.260635835331126
472	0.5101341423187363
473	0.28363916103336234
476	0.22588145404176088
477	0.009343209613935557
478	0.0040475085947819615
479	0.02277400402718498
481	0.23595481463426177
482	0.28257217045012156
483	0.28579745151772856
484	0.27929463558872625
486	0.08556877900795891
487	0.021528103215770998
488	0.02544426297903546
489	0.2777449558030176
490	0.2565985439631566
492	0.2654031376320325
494	0.012851579194223632
495	0.031991788642520606
496	0.061568555282955496
497	0.028804051225811762
501	0.027094410635533014
502	0.25969000308258133
503	0.03827503422519274
504	0.029937491550816597
505	0.037382189024168226
506	0.024776386892833124
507	0.26554858024136346
509	0.20509438370483687
510	0.05982398358268473
511	0.0925208053713652
512	0.013134527604271709
513	0.2814820558766311
514	0.4879950188531311
515	0.023089665933996643
516	0.016315821996712346
517	0.3002955640584849
518	0.31292608081868023
519	0.03386277951214664
520	0.2910107205892089
521	0.29728119528017155
523	0.2535992225386837
524	0.0030470615807960746
525	0.016044388551488
527	0.04341776517843415
528	0.04412758199516379
531	0.031405952919284885
533	0.5137274751525935
534	0.009507377440870247
535	0.27567321811819895
536	0.26901503656553555
537	0.260065879069792
538	0.017288435362190227
540	0.2603583364954157
541	0.02037604882205435
542	0.05485405102832606
544	0.2166955694694787
545	0.5111537700242745
546	0.4935110360057824
547	0.01755150808038803
548	0.0025199378107768206
550	0.27663774526112134
552	0.49954527194774767
554	0.5194392555120858
556	0.027841984544186325
557	0.05668670746116275
559	0.005024738421826068
560	0.004963195261091985
563	0.5534693842243471
564	0.5202208178163931
565	0.270823445472948
568	0.29121206945871403
572	0.01297989176241245
574	0.004865087141195847
575	0.23293956739631597
576	0.26985644465869174
577	0.29733468970709526
578	0.2872889529937673
580	0.23428299397805052
582	0.0014122457612990025
584	0.5089684458185392
585	0.24027482939254563
586	0.017114165717032642
588	0.29855668350604314
590	0.26909564138359965
592	0.056886746618987266
593	0.5259620173544876
594	0.018688167846590678
595	0.06798849850004435
596	0.28435130656158447
597	0.02110954483147502
598	0.24617601868500216
601	0.5463785870303637
602	0.03587402475615764
604	0.5637615346034274
606	0.013335935254545045
607	0.010058548668666699
609	0.08180436471010775
610	0.2818734671243796
611	0.02767170596004509
613	0.015573927875491153
615	0.015126829144086876
616	0.2558966660173453
617	0.025079887338607852
618	0.03032891454036216
619	0.28153763772329593
620	0.7652750083381599
621	0.0009342130520949149
622	0.016064506467299237
623	0.2263723255691613
624	0.032901729434810414
625	0.2721333820761369
627	0.049967560469696096
629	0.26360661334921554
632	0.27601638676059304
633	0.28026593757336504
634	0.27405316850701167
636	0.2592863153517959
637	0.2593395947570035
642	0.5260372069397397
643	0.01977548303466939
644	0.2858937830770391
645	0.03694743780750405
646	0.5347675258850785
647	0.018954342381785318
648	0.2437494628957009
650	0.2578639937999146
651	0.2547119472454565
653	0.03036219718015723
654	0.013556584662699718
655	0.2870489499037039
657	0.0567054983246181
660	0.0439128735874269
663	0.2572967916272528
671	0.31103425328487927
672	0.04116076004198782
673	0.04377587947395904
674	0.020725048790804602
675	0.01651918858172874
679	0.2789462095448729
680	0.00882939674886446
681	0.29574255771014935
682	0.031969029949141116
684	0.2842200193740354
689	0.5048495268709444
691	0.015357578472000019
692	0.038961703784780935
693	0.008869082954028593
694	0.5166556253017615
697	0.24281578549906652
698	0.48474973127885296
700	0.5122549291485837
701	0.2786089634693005
702	0.24180149645805393
703	0.24395222346684245
705	0.2725280055338943
706	0.2735394600815646
708	0.5340888341167418
709	0.028585693638498978
711	0.0003806330353626694
712	0.2646830964860898
714	0.28055276692827885
715	0.03161226618387265
716	0.29772560746175397
717	0.007557975945022291
718	0.22615099386574317
721	0.5434890867357581
722	0.2672455491030524
723	0.5085077582847549
725	0.2312272283776835
726	0.23115756502055038
727	0.0047695948843554554
729	0.03668134056346138
733	0.036694543652116635
734	0.02311451234521138
735	0.2692307692307692
737	0.023984409056126546
738	0.01333737897450573
741	0.020869822863251467
746	0.054276280343629545
747	0.022304470718727563
748	0.021021197084964242
749	0.023700067637498455
750	0.23373142106962846
754	0.02014162690664216
756	0.01483951225330147
758	0.04212432777476289
761	0.025603517599377443
762	0.22968689005241422
765	0.24181653921771734
766	0.021256688594968362
769	0.030240262464885936
770	0.03660241791459139
772	0.012458317045772334
773	0.05360212166936813
774	0.4979879194031578
775	0.024579039078123577
776	0.014475112878879773
780	0.02847865732744962
781	0.23061575716063448
782	0.03041584939872225
783	0.01261192917101528
785	0.24993625453736348
786	0.053870974249016414
787	0.004771970310250038
788	0.2806422492760524
789	0.05443523914757524
791	0.2992722208621066
792	0.036662706061929236
793	0.05290382802457358
794	0.26790723653062054
796	0.2607462737569742
797	0.3173913702460215
798	0.041242271068130276
799	0.03040149209320521
801	0.03526513527832921
802	0.2867854610892408
804	0.04280146438488815
807	0.2825662574056041
810	0.008274556800692529
811	0.2789055564717631
812	0.018501563008492244
813	0.017948156384633082
815	0.02453180566856935
816	0.03835155692248482
818	0.19857347376073478
819	0.0010849261163906054
823	0.27629676053068947
825	0.26809820991617467
826	0.2384439930525457
827	0.002636637697063994
830	0.02152001635522833
831	0.25395035583603354
832	0.27750977563683793
834	0.5041660903596992
839	0.2574265212147764
841	0.2507720696573603
843	0.2707636236792381
844	0.03459921780349119
845	0.3267839065402606
846	0.03858000814568732
847	0.02611066896125516
848	0.2509496953269573
849	0.02564102564102564
850	0.02438446148987313
851	0.2714137891345076
852	0.043302790465242075
855	0.008457857939102906
856	0.02190073040290141
857	0.3188601448793792
858	0.010705181305569241
860	0.25317468412870087
862	0.2815289059771156
863	0.2729141113239722
864	0.29596443889949514
867	0.25173897898991515
868	0.004861648945562801
869	0.26848999820621006
870	0.022292725156772684
871	0.026218883738938083
872	0.2911290785429843
873	0.02780528670213829
875	0.531834872883555
876	0.5184300929756261
877	0.030287672030507952
879	0.2411597267048626
881	0.03170019116698056
884	0.0065406498514873485
886	0.25023231463463774
887	0.2474992149491636
888	0.23465921175638726
889	0.05290417826176323
893	0.036326715650213066
894	0.028434269694332624
895	0.05724495104853794
896	0.2587900390221156
897	0.26589420509864736
899	0.03074351820010862
901	0.00666506918938109
902	0.05860766616813397
903	0.04448156937245473
906	0.040691786884700216
907	0.2699904879510268
908	0.2878193431098669
909	0.01986482068229399
915	0.2628224226603791
916	0.29472113829831464
918	0.027959188940966082
919	0.036679487649125035
920	0.27147097756082067
921	0.47971068843668935
923	0.01805299954197732
924	0.2266582308299331
926	0.24126722116269642
927	0.2545979646390512
929	0.000671930128747944
930	0.007855371156786122
932	0.010664368260805936
935	0.2828874932653294
936	0.27293089048020414
937	0.006118182264404633
939	0.2818532671107078
941	0.05353041599634545
0	0.0
0	0.0
0	0.0
0	0.0
0	0.0
0	0.0
0	0.0
0	0.0
0	0.0
0	0.0
0	0.0
0	0.0
0	0.0
0	0.0
0	0.0
0	0.0
0	0.0
0	0.0
0	0.0
0	0.0
0	0.0
0	0.0
0	0.0
0	0.0
0	0.0
0	0.0
0	0.0
0	0.0
0	0.0
0	0.0
0	0.0
0	0.0
0	0.0
0	0.0
0	0.0
0	0.0
0	0.0
0	0.0
0	0.0
0	0.0
0	0.0
0	0.0
0	0.0
0	0.0
0	0.0
0	0.0
0	0.0
0	0.0
0	0.0
0	0.0
0	0.0
0	0.0
0	0.0
0	0.0
0	0.0
0	0.0
0	0.0
0	0.0
0	0.0
0	0.0
0	0.0
0	0.0
0	0.0
0	0.0
0	0.0
0	0.0
0	0.0
0	0.0
0	0.0
0	0.0
0	0.0
0	0.0
0	0.0
0	0.0
0	0.0
0	0.0
0	0.0
0	0.0
0	0.0
0	0.0
0	0.0
0	0.0
0	0.0
0	0.0
0	0.0
0	0.0
0	0.0
0	0.0
0	0.0
0	0.0
0	0.0
0	0.0
0	0.0
0	0.0
0	0.0
0	0.0
0	0.0
0	0.0
0	0.0
0	0.0
0	0.0
0	0.0
0	0.0
0	0.0
0	0.0
0	0.0
0	0.0
0	0.0
0	0.0
0	0.0
0	0.0
0	0.0
0	0.0
0	0.0
0	0.0
0	0.0
0	0.0
0	0.0
0	0.0
0	0.0
0	0.0
0	0.0
0	0.0
0	0.0
0	0.0
0	0.0
0	0.0
0	0.0
0	0.0
0	0.0
0	0.0
0	0.0
0	0.0
0	0.0
0	0.0
0	0.0
0	0.0
0	0.0
0	0.0
0	0.0
0	0.0
0	0.0
0	0.0
0	0.0
0	0.0
0	0.0
0	0.0
0	0.0
0	0.0
0	0.0
0	0.0
0	0.0
0	0.0
0	0.0
0	0.0
0	0.0
0	0.0
0	0.0
0	0.0
0	0.0
0	0.0
0	0.0
0	0.0
0	0.0
0	0.0
0	0.0
0	0.0
0	0.0
0	0.0
0	0.0
0	0.0
0	0.0
0	0.0
0	0.0
0	0.0
0	0.0
0	0.0
0	0.0
0	0.0
0	0.0
0	0.0
0	0.0
0	0.0
0	0.0
0	0.0
0	0.0
0	0.0
0	0.0
0	0.0
0	0.0
0	0.0
0	0.0
0	0.0
0	0.0
0	0.0
0	0.0
0	0.0
0	0.0
0	0.0
0	0.0
0	0.0
0	0.0
0	0.0
0	0.0
0	0.0
0	0.0
0	0.0
0	0.0
0	0.0
0	0.0
0	0.0
0	0.0
0	0.0
0	0.0
0	0.0
0	0.0
0	0.0
0	0.0
0	0.0
0	0.0
0	0.0
0	0.0
0	0.0
0	0.0
0	0.0
0	0.0
0	0.0
0	0.0
0	0.0
0	0.0
0	0.0
0	0.0
0	0.0
0	0.0
0	0.0
0	0.0
0	0.0
0	0.0
0	0.0
0	0.0
0	0.0
0	0.0
0	0.0
0	0.0
0	0.0
0	0.0
0	0.0
0	0.0
0	0.0
0	0.0
0	0.0
0	0.0
0	0.0
0	0.0
0	0.0
0	0.0
0	0.0
0	0.0
0	0.0
0	0.0
0	0.0
0	0.0
0	0.0
0	0.0
0	0.0
0	0.0
0	0.0
0	0.0
0	0.0
0	0.0
0	0.0
0	0.0
0	0.0
0	0.0
0	0.0
0	0.0
0	0.0
0	0.0
0	0.0
0	0.0
0	0.0
0	0.0
0	0.0
0	0.0
0	0.0
0	0.0
0	0.0
0	0.0
0	0.0
0	0.0
0	0.0
0	0.0
0	0.0
0	0.0
0	0.0
0	0.0
0	0.0
0	0.0
0	0.0
0	0.0
0	0.0
0	0.0
0	0.0
0	0.0
0	0.0
0	0.0
0	0.0
0	0.0
0	0.0
0	0.0
0	0.0
0	0.0
0	0.0
0	0.0
0	0.0
0	0.0
0	0.0
0	0.0
0	0.0
0	0.0
0	0.0
0	0.0
0	0.0
0	0.0
0	0.0
0	0.0
0	0.0
0	0.0
0	0.0
0	0.0
0	0.0
0	0.0
0	0.0
0	0.0
0	0.0
0	0.0
0	0.0
0	0.0
0	0.0
0	0.0
0	0.0
0	0.0
0	0.0
0	0.0
0	0.0
0	0.0
0	0.0
0	0.0
0	0.0
0	0.0
0	0.0
0	0.0
0	0.0
