1	0.286266554089764
3	0.32101280501306406
4	0.260005658822064
11	0.5234766413082121
14	0.06353544580037143
15	0.2883474591467282
16	0.04533558447635137
17	0.0009418104417883363
19	0.05565672165219655
24	0.02467174918245704
25	0.06445837977032753
27	0.042026715900121664
30	0.32970419414332747
31	0.023849124513844522
34	0.26318336584927127
35	0.269553006369329
36	0.2409300281037879
37	0.05550112966048484
40	0.035915782568113695
44	0.03779368594587332
46	0.004691601069146137
48	0.0299895977246361
49	0.053132567190935565
50	0.030155094656564525
57	0.010563560483657863
58	0.2653648629251406
62	0.2978256322116935
63	0.3535404412719158
65	0.11994832281461844
69	0.0194776422885946
70	0.015104227125240816
71	0.017155464754966893
72	0.04566222312712808
73	0.05702605473527281
74	0.028744509564620623
77	0.21272067161583955
78	0.04550220009444999
79	0.0383612024236932
82	0.01909165062445855
83	0.04708282634290813
85	0.24212185288197913
87	0.003658844832770892
88	0.17344089740891075
90	0.3007687459340222
95	0.24264083043399579
96	0.04703814827705632
97	0.30687221522631053
100	0.062231941019596476
105	0.015903170579950658
107	0.047372637524705566
109	0.0986329342210426
110	0.26505095172051313
112	0.03143427227509553
115	0.09539424359718335
117	0.011166093354520762
118	0.26986302679670726
119	0.0001612584885243469
121	0.30043189257568526
122	0.2476273201656284
129	0.2164698357726132
130	0.2424937991216633
131	0.32228250269442205
132	0.024472228323786344
133	0.05290205739436735
135	0.008881068236939835
136	0.014166741064401411
140	0.03479034309065427
141	0.09100576443267631
144	0.5286515538750975
146	0.09525696850027894
147	0.22001564294251041
150	0.015080170244905003
151	0.29203186421030375
152	0.025566009805702006
160	0.00885235316303146
161	0.11217409568087462
166	0.13942873525210195
168	0.26300662298047633
173	0.05112741002324782
174	0.01723848249041751
176	0.21165028441259148
179	0.2794432552460129
184	0.275687770431733
185	0.534357713604149
186	0.0450473613208129
187	0.2462843643037733
189	0.3221618709628055
196	0.5224246556500977
201	0.5569047060250653
203	0.18843558499109697
205	0.24197594289885865
206	0.39132277347911365
207	0.03385599935728195
209	0.27855296030431903
211	0.08956386511883051
212	0.4518249928041256
215	0.00975960475872412
217	0.028505412673400773
218	0.00040879822289698053
219	0.03820457910748978
221	0.0035128476197786376
223	0.23660446485386172
224	0.31907147821503423
228	0.06538034616228076
230	0.05530394445955563
232	0.2867841560777322
235	0.00739817805197511
239	0.04240261705447585
240	0.0047674433115203335
243	0.2977612277919512
247	0.24611738626558674
250	0.011817796727296666
252	0.26948818197172686
253	0.22798965174924282
254	0.0324580672374959
255	0.247822147613415
257	0.0536961398503532
261	0.010814685531886359
263	0.04446027209561718
266	0.08847380403377984
269	0.32572516650840544
271	0.03631942197922376
273	0.2436427082607978
279	0.05323654170619159
282	0.007206208130637444
286	0.2927806778396149
287	0.0029013316874486814
288	0.00897164871355894
290	0.05166745797579184
291	0.04287216066158744
292	0.06606081823717813
293	0.04779703813969808
294	0.022433837924803985
295	0.2666486603980157
296	0.01786169265369202
297	0.07291598942811708
298	0.035744414817171916
304	0.2060918022791388
305	0.020609376985782406
308	0.06326966927627699
310	0.04038082125370149
311	0.3482560656447788
312	0.048845282942027175
316	0.29362986614638253
318	0.03902006050561504
319	0.029619716681941924
322	0.007905811844127593
324	0.27566822858197204
327	0.022061506205311728
328	0.006040674444177042
330	0.29821259862314653
331	0.04899810508854338
334	0.34480140309495755
337	0.02959552575990586
338	0.03105211338818554
339	0.07820437362774255
342	0.020908505142790194
344	0.04304362976176626
346	0.019100739047684865
349	0.22081105815433494
350	0.48170281647004903
352	0.008602047757130249
354	0.0778807682039861
355	0.22197455857462783
358	0.272005426896995
361	0.03378755059095609
364	0.015068194439234663
368	0.048230848343945754
370	0.0043183501577213415
371	0.05903432994231289
372	0.04248096855164996
373	0.24692310187344127
380	0.037388634632253864
381	0.2297632100834184
382	0.2658887702140752
384	0.23163253122243707
385	0.03146215092346738
387	0.2928332219482794
389	0.030083006046421976
390	0.04168847251056167
396	0.0989280411663712
397	0.07311992292948118
399	0.05705533208964243
403	0.035290960963171525
404	0.47957075633986673
406	0.020162227965073318
407	0.0769240234611217
415	0.23816713566081182
422	0.490258796064112
424	0.07391110281230448
425	0.002486702716697424
426	0.02483628986199945
428	0.03479493190320579
430	0.07748379197623725
431	0.03503954295103032
434	0.5140506696788832
435	0.02650440308385657
436	0.08600631569190142
439	0.2692348865917202
444	0.07334695194872554
445	0.3417545594423664
449	0.0027298931840084757
450	0.02792765670961484
452	0.3721576590376725
453	0.27735664209144273
454	0.3029950946210995
456	0.28616437095909614
458	0.2659014860537237
462	0.05985744192914358
463	0.0910654651311507
467	0.5395295292804257
471	0.27042925028874615
475	0.2243948678314947
477	0.005295878223892575
478	0.22858944346643942
480	0.06757157552435636
481	0.021570742350063662
484	0.01978081032433308
486	0.10041481916853
490	0.04570129509752422
498	0.264865223741116
499	0.04166524911427089
501	0.3061127407338213
502	0.04058028829597188
503	0.05643941490129785
504	0.0527676659657005
505	0.028795154359686936
508	0.3449039577655414
511	0.22514246789787398
514	0.04040112662892445
516	0.02520320914160723
522	0.014498688174896274
525	0.015397375726288003
526	0.00431926713244702
529	0.2475883313807723
530	0.2563656268457012
531	0.017633788418001797
533	0.043303938733029644
535	0.28756156139260264
537	0.00403187223211094
538	0.26354301482317305
539	0.2267765684235121
542	0.3592400062462806
545	0.3104468116047403
557	0.009424295577765036
558	0.19966099137139665
560	0.23445046265026528
562	0.2866344574558384
564	0.25250144306677197
566	0.021464398427529743
567	0.040698041098929376
570	0.00013718779506116663
572	0.5482097350435455
575	0.044794276781315756
577	0.03293101969938587
579	0.23632753905434986
583	0.03890231906906258
584	0.28081605701015794
585	0.19592481457389158
586	0.03609111464117941
588	0.03760946635549953
589	0.038699415686614044
590	0.27546166890728757
591	0.03648828646752019
593	0.028770250416579903
596	0.05449703827260765
597	0.01885984443674001
598	0.004294432346517607
599	0.010236120121529281
601	0.31761685714271404
604	0.3251864029318457
607	0.25459718447886753
608	0.04652837515782837
610	0.05069895710145585
613	0.026348324079642063
614	0.01386949427144044
617	0.10561826679869973
620	0.032550961353356216
624	0.28435033509555446
625	0.05517185630700944
629	0.2809966560271122
632	0.053150186425846416
633	0.32529203503791143
634	0.06567162463841983
635	0.03746450778249047
637	0.42995312671473374
641	0.32767385780596053
642	0.029624194463143405
643	0.014825034917165317
645	0.0876047200094906
646	0.050315229228874575
649	0.2799988426950764
650	0.06852365433366885
655	0.06246030393101819
657	0.21757422815249486
658	0.04156200571529178
659	0.04534530353227084
660	0.04392312245278538
664	0.014063464244568273
665	0.23416895617959005
669	0.03202357137290571
671	0.29597657671872296
673	0.004046769709524504
674	0.023708948825237053
675	0.20113873494726872
686	0.03956671026649931
688	0.0022858149862081192
689	0.021454134322208288
690	0.04882699495343061
692	0.03230586752186234
697	0.024196814239462367
700	0.2325398564637459
702	0.010701457936268623
706	0.0276397896311845
708	0.02744336043803409
711	0.2759297264236996
713	0.012393305685183785
716	0.2951743398324253
717	0.01001563716268098
718	0.0734974311563569
721	0.09575289336019978
722	0.2737024897737073
724	0.39132277347911365
725	0.016513688923335268
726	0.15594624879297792
729	0.053487795624597816
731	0.26168172384952304
733	0.03638595000519475
734	0.06395795022959866
735	0.2836765106399251
739	0.05200351068880702
741	0.06935370969071769
742	0.24748436312257588
743	0.0034830803159492177
744	0.044843644139832675
748	0.0453379075219624
749	0.03129462614253642
750	0.0007816583681914888
752	0.009885354095338188
754	0.018028768166546427
755	0.026628978894586822
756	0.038264843733054284
757	0.023623368569625408
758	0.2758846089616854
759	0.27138657884591966
763	0.046240759132056324
765	0.4678385730831948
768	0.20232046527689806
769	0.22170845917075882
770	0.2528153071506505
771	0.5500820773309906
774	0.189462395068546
775	0.2488710109580725
780	0.04782133243386923
782	0.06187415663965493
786	0.07962036489196857
788	0.25978690120377085
793	0.29335470390635676
794	0.2389464084122792
796	0.04183441230858254
801	0.28287469127597054
807	0.00986414883303241
808	0.22442701323645764
809	0.0003543518033541637
812	0.24744046851331902
817	0.23634684795874206
821	0.043364239575958786
822	0.2566181700924903
823	0.05236899922637045
830	0.04948987758730986
833	0.029475411159170968
837	0.06619814518653862
838	0.26069794283576725
839	0.03477625384564502
840	0.3266939680916846
841	0.26375167640827407
842	0.2284590523420018
843	0.024535676725340037
845	0.4482467937432918
846	0.08996210113511252
847	0.030459210245332324
848	0.5122267607049349
853	0.029546314133674957
855	0.016723773836583827
856	0.018695825249590035
857	0.37216984014698773
858	0.05195888523112331
861	0.2275264136467056
864	0.06954599319216974
865	0.13234424644106546
866	0.1376806103859999
867	0.07865880276473783
869	0.06070904787845366
870	0.049893438559691236
873	0.05474586005203131
875	0.0905050313617258
876	0.027634658494151115
883	0.01637500972257728
887	0.2813425989369687
888	0.2838186969349026
890	0.09932304166259104
894	0.2853768386643582
896	0.004270835000505159
899	0.3053751542221656
901	0.0003080670379457251
902	0.2769667875724174
903	0.2685423479172053
906	0.01687602885456479
907	0.27178344972202023
908	0.29112781619490513
909	0.2636047282773485
910	0.23750101030206483
911	0.02656915558701394
912	0.29980926297015065
916	0.05034642616610201
918	0.05223717654851958
919	0.2774414630371807
920	0.027201840403285993
921	0.02899113984708133
923	0.027863142890473855
924	0.0514836118552795
928	0.2434232979110304
930	0.21993235309517212
931	0.26767697461287626
932	0.0539575490453193
935	0.033478861168817986
936	0.2575906053373766
937	0.02610953829214505
939	0.0017734039434836348
940	0.05556243151244285
941	0.28350451964142503
0	0.0
0	0.0
0	0.0
0	0.0
0	0.0
0	0.0
0	0.0
0	0.0
0	0.0
0	0.0
0	0.0
0	0.0
0	0.0
0	0.0
0	0.0
0	0.0
0	0.0
0	0.0
0	0.0
0	0.0
0	0.0
0	0.0
0	0.0
0	0.0
0	0.0
0	0.0
0	0.0
0	0.0
0	0.0
0	0.0
0	0.0
0	0.0
0	0.0
0	0.0
0	0.0
0	0.0
0	0.0
0	0.0
0	0.0
0	0.0
0	0.0
0	0.0
0	0.0
0	0.0
0	0.0
0	0.0
0	0.0
0	0.0
0	0.0
0	0.0
0	0.0
0	0.0
0	0.0
0	0.0
0	0.0
0	0.0
0	0.0
0	0.0
0	0.0
0	0.0
0	0.0
0	0.0
0	0.0
0	0.0
0	0.0
0	0.0
0	0.0
0	0.0
0	0.0
0	0.0
0	0.0
0	0.0
0	0.0
0	0.0
0	0.0
0	0.0
0	0.0
0	0.0
0	0.0
0	0.0
0	0.0
0	0.0
0	0.0
0	0.0
0	0.0
0	0.0
0	0.0
0	0.0
0	0.0
0	0.0
0	0.0
0	0.0
0	0.0
0	0.0
0	0.0
0	0.0
0	0.0
0	0.0
0	0.0
0	0.0
0	0.0
0	0.0
0	0.0
0	0.0
0	0.0
0	0.0
0	0.0
0	0.0
0	0.0
0	0.0
0	0.0
0	0.0
0	0.0
0	0.0
0	0.0
0	0.0
0	0.0
0	0.0
0	0.0
0	0.0
0	0.0
0	0.0
0	0.0
0	0.0
0	0.0
0	0.0
0	0.0
0	0.0
0	0.0
0	0.0
0	0.0
0	0.0
0	0.0
0	0.0
0	0.0
0	0.0
0	0.0
0	0.0
0	0.0
0	0.0
0	0.0
0	0.0
0	0.0
0	0.0
0	0.0
0	0.0
0	0.0
0	0.0
0	0.0
0	0.0
0	0.0
0	0.0
0	0.0
0	0.0
0	0.0
0	0.0
0	0.0
0	0.0
0	0.0
0	0.0
0	0.0
0	0.0
0	0.0
0	0.0
0	0.0
0	0.0
0	0.0
0	0.0
0	0.0
0	0.0
0	0.0
0	0.0
0	0.0
0	0.0
0	0.0
0	0.0
0	0.0
0	0.0
0	0.0
0	0.0
0	0.0
0	0.0
0	0.0
0	0.0
0	0.0
0	0.0
0	0.0
0	0.0
0	0.0
0	0.0
0	0.0
0	0.0
0	0.0
0	0.0
0	0.0
0	0.0
0	0.0
0	0.0
0	0.0
0	0.0
0	0.0
0	0.0
0	0.0
0	0.0
0	0.0
0	0.0
0	0.0
0	0.0
0	0.0
0	0.0
0	0.0
0	0.0
0	0.0
0	0.0
0	0.0
0	0.0
0	0.0
0	0.0
0	0.0
0	0.0
0	0.0
0	0.0
0	0.0
0	0.0
0	0.0
0	0.0
0	0.0
0	0.0
0	0.0
0	0.0
0	0.0
0	0.0
0	0.0
0	0.0
0	0.0
0	0.0
0	0.0
0	0.0
0	0.0
0	0.0
0	0.0
0	0.0
0	0.0
0	0.0
0	0.0
0	0.0
0	0.0
0	0.0
0	0.0
0	0.0
0	0.0
0	0.0
0	0.0
0	0.0
0	0.0
0	0.0
0	0.0
0	0.0
0	0.0
0	0.0
0	0.0
0	0.0
0	0.0
0	0.0
0	0.0
0	0.0
0	0.0
0	0.0
0	0.0
0	0.0
0	0.0
0	0.0
0	0.0
0	0.0
0	0.0
0	0.0
0	0.0
0	0.0
0	0.0
0	0.0
0	0.0
0	0.0
0	0.0
0	0.0
0	0.0
0	0.0
0	0.0
0	0.0
0	0.0
0	0.0
0	0.0
0	0.0
0	0.0
0	0.0
0	0.0
0	0.0
0	0.0
0	0.0
0	0.0
0	0.0
0	0.0
0	0.0
0	0.0
0	0.0
0	0.0
0	0.0
0	0.0
0	0.0
0	0.0
0	0.0
0	0.0
0	0.0
0	0.0
0	0.0
0	0.0
0	0.0
0	0.0
0	0.0
0	0.0
0	0.0
0	0.0
0	0.0
0	0.0
0	0.0
0	0.0
0	0.0
0	0.0
0	0.0
0	0.0
0	0.0
0	0.0
0	0.0
0	0.0
0	0.0
0	0.0
0	0.0
0	0.0
0	0.0
0	0.0
0	0.0
0	0.0
0	0.0
0	0.0
0	0.0
0	0.0
0	0.0
0	0.0
0	0.0
0	0.0
0	0.0
0	0.0
0	0.0
0	0.0
0	0.0
0	0.0
0	0.0
0	0.0
0	0.0
0	0.0
0	0.0
0	0.0
0	0.0
0	0.0
0	0.0
0	0.0
0	0.0
0	0.0
0	0.0
0	0.0
0	0.0
0	0.0
0	0.0
0	0.0
0	0.0
0	0.0
0	0.0
0	0.0
0	0.0
0	0.0
0	0.0
0	0.0
0	0.0
0	0.0
0	0.0
0	0.0
0	0.0
0	0.0
0	0.0
0	0.0
0	0.0
0	0.0
0	0.0
0	0.0
0	0.0
0	0.0
0	0.0
0	0.0
0	0.0
0	0.0
0	0.0
0	0.0
0	0.0
0	0.0
0	0.0
0	0.0
0	0.0
0	0.0
0	0.0
0	0.0
0	0.0
0	0.0
0	0.0
0	0.0
0	0.0
0	0.0
0	0.0
0	0.0
0	0.0
0	0.0
0	0.0
0	0.0
0	0.0
0	0.0
0	0.0
0	0.0
0	0.0
0	0.0
0	0.0
0	0.0
0	0.0
0	0.0
0	0.0
0	0.0
0	0.0
0	0.0
0	0.0
0	0.0
0	0.0
0	0.0
0	0.0
0	0.0
0	0.0
0	0.0
0	0.0
0	0.0
0	0.0
0	0.0
0	0.0
0	0.0
0	0.0
0	0.0
0	0.0
0	0.0
0	0.0
0	0.0
0	0.0
0	0.0
0	0.0
0	0.0
0	0.0
0	0.0
0	0.0
0	0.0
0	0.0
0	0.0
0	0.0
0	0.0
0	0.0
0	0.0
0	0.0
0	0.0
0	0.0
0	0.0
0	0.0
0	0.0
0	0.0
0	0.0
0	0.0
0	0.0
0	0.0
0	0.0
0	0.0
0	0.0
0	0.0
0	0.0
0	0.0
0	0.0
0	0.0
0	0.0
0	0.0
0	0.0
0	0.0
0	0.0
0	0.0
0	0.0
0	0.0
0	0.0
0	0.0
0	0.0
0	0.0
0	0.0
0	0.0
0	0.0
0	0.0
0	0.0
0	0.0
0	0.0
0	0.0
0	0.0
0	0.0
0	0.0
