2	0.2495743832984162
5	0.015569193243165639
6	0.23130315814751606
7	0.5035745259413343
8	0.027440010383405086
9	0.002829710819197584
11	0.3051334032992832
12	0.018064519350962944
13	0.01803765336413507
15	0.11452811501520598
16	0.28472416090552566
17	0.2362533561820075
20	0.006224365257109989
21	0.03797290432278724
23	0.01626491916789905
25	0.2419193963007959
28	0.2556457927889371
30	0.22122414798322432
32	0.037250729540164895
35	0.041367633614506405
38	0.03236684624904508
39	0.4547183785906941
41	0.025892393044072013
42	0.03481261323141949
44	0.22663455990338516
45	0.009263662919004427
46	0.03631656859753863
47	0.018054000614217428
48	0.2732951162254948
49	0.03291946702570856
50	0.05920905131895515
51	0.009041218998886262
54	0.2590643802053964
55	0.01687207464151155
56	0.016115844052721044
57	0.023846365319738827
64	0.25856389749878095
65	0.04521718297658021
67	0.018217200030767898
69	0.05083994534102373
70	0.01955240383830845
71	0.2511819409221484
72	0.029615025692419562
75	0.013636812322475565
77	0.09234238915896367
78	0.29323009018395974
79	0.022882210362441854
81	0.004335737696672396
83	0.24846946166760264
84	0.24481133056466403
85	0.27564392696068396
86	0.031784776026949305
87	0.031039000241099988
89	0.013958955733055431
90	0.027421134546281548
92	0.043757670654039196
93	0.33700016809158584
95	0.5210896811257117
96	0.02567806988248672
97	0.2802650127822554
100	0.2338614809957272
102	0.017964752800812514
108	0.07968447514572694
109	0.04369340469748229
110	0.2408223412183217
111	0.2232662436443108
112	0.027593011215660213
114	0.018169083967571838
115	0.021932413707997346
116	0.08642648791254434
117	0.032286187130299834
118	0.27787503827049814
119	0.014015691987802927
120	0.03280501351899704
124	0.2532715433108901
125	0.3127560765034251
126	0.006235130726798287
128	0.01632491969980235
130	0.554977440287442
133	0.07154927623652808
134	0.043611030600846125
137	0.22481270543199056
141	0.02368869792074023
142	0.2428906175605902
144	0.06265284494081537
146	0.05895410234269448
148	0.24496477898090568
150	0.2648882397940923
152	0.5068841760730264
157	0.0017044243858626157
158	0.3099627899906526
161	0.208500986302283
162	0.04143119184735802
163	0.25959685386368536
165	0.07474453735272947
166	0.036952441748862475
167	0.024692482546646383
169	0.2639746197339744
171	0.014213993518916057
173	0.012620215289940125
178	0.05554731342937555
179	0.29999751639245464
180	0.21897946115907668
182	0.5114504003207575
185	0.06991592736348597
189	0.036882511538391866
193	0.057046133232875114
194	0.23246810952712202
195	0.0326191382680015
196	0.2558616373214957
199	0.5131136171368123
200	0.2348777810864577
201	0.3079130261733683
202	0.25836799251301884
211	0.26941618324322136
212	0.05952319467159058
213	0.24694395615548356
214	0.02395293591396659
215	0.017541585778778363
216	0.002087779100757036
217	0.022882821656240546
221	0.264183153622531
223	0.5550210296411359
224	0.03840928318976215
225	0.015411280045882943
226	0.009371694457774943
227	0.23396351599550114
230	0.2714307673531631
233	0.042813147825605316
234	0.022235916713421167
236	0.09299793489738467
238	0.24066798523418112
241	0.038033896093793026
242	0.28014690410112403
244	0.05553217991134586
245	0.5149560379077457
246	0.20993245904392374
247	0.041381715665234464
250	0.3146997398816941
252	0.04406940258732622
253	0.27582532488257294
254	0.0077004903937150995
256	0.03378613514252534
261	0.05141191403535722
262	0.2633438018946633
263	0.06432163136597824
264	0.008203124153873073
265	0.017109303968960793
274	0.017531002111522666
275	0.0238519745896671
276	0.036339710648221724
277	0.24403694300715595
278	0.04891891754947479
279	0.5345627373521433
280	0.2878659588298063
281	0.29739802058178655
282	0.03867205549840253
288	0.040571061050125
289	0.07964220362023951
291	0.054191431957954776
294	0.24136294830151145
295	0.279771046726285
296	0.05387040580259189
302	0.003994441852255056
304	0.017665438460776735
307	0.2696800355952782
309	0.05379952119108843
311	0.263138063536451
314	0.2707425671611325
318	0.5243268784148036
319	0.023064483830076546
320	0.011448245876582303
321	0.2525569368270376
323	0.002637878374856316
324	0.2995241194065784
325	0.2596282269098161
327	0.01520836222365294
328	0.2671388688296381
330	0.06647876977689676
331	0.2260869742918515
336	0.006941681940712322
338	0.24163981048570954
340	0.28826751249291205
343	0.07387754012535974
346	0.010710596025269341
352	0.0002593428727258179
353	0.024834277188852748
354	0.0143904346439334
355	0.059540302175099355
356	0.02922290136838116
357	6.241468030124958e-05
358	0.31125636231895815
359	0.27188823276648383
364	0.004834875057807574
365	0.02685423377423908
367	0.01381394736823787
369	0.0306161333357143
371	0.28853236964084217
372	0.025845359511702498
373	0.28466134033661
375	0.05042396097798001
376	0.0018577595006884218
378	0.024279078336464817
381	0.24491172746980883
383	0.015170487833653948
384	0.011998137836681022
385	0.01203112703262875
387	0.014135058881185058
388	0.01757601471617124
390	0.25565152986346285
392	0.03422322036677356
394	0.24981231424166123
396	0.0899890182813279
398	0.04843995292172846
399	0.021415438811142662
402	0.27139624459899253
405	0.3187657175714868
407	0.28434339656845503
408	0.22878410857146364
410	0.02808852560460045
411	0.013018305271891743
413	0.25459173902587934
418	0.12709441306858787
419	0.02357963580284326
422	0.08538737996174184
424	0.0007502240042706471
426	0.011372688667237455
427	0.030041030888660454
428	0.02371771608854304
434	0.30391822233747356
435	0.00867446682267952
437	0.05166745797579184
438	0.026837940027631416
441	0.29861853184294157
445	0.030774610760440572
446	0.2693200146455979
448	0.02699015557041149
449	0.2481231594975373
450	0.05248492063504908
451	0.024803198771515073
452	0.25781728880946786
453	0.0451290108342081
454	0.019989976910167524
455	0.293322311073622
459	0.24429003360887805
462	0.25097741527212125
465	0.25061294752018526
468	0.2855597874181833
471	0.01494301900684597
472	0.01883994837279363
473	0.024478297787762678
477	0.26993691479401233
478	0.0517266101709571
482	0.02804610026768021
483	0.0349298434533689
484	0.024518994113575266
487	0.05013093332295541
489	0.00034165911799065307
491	0.02907691754639874
493	0.03130586782196777
495	0.04972999322542961
497	0.2730637233116434
499	0.0034918527609188593
501	0.02720411045953946
502	0.20912590352982902
503	0.31450485173806486
505	0.018346732975693773
507	0.024362506458507502
508	0.08962010133805795
510	0.04435284069836242
513	0.24160277250171294
514	0.30516889844685186
515	0.0051442307718833555
516	0.5363188537972678
517	0.24296105502514898
519	0.03499897470642259
523	0.026329826583337386
525	0.24998931779443423
529	0.034423991179804034
530	0.013796543333827342
532	0.014190882365161472
534	0.02865109345241922
535	0.05379643816419606
536	0.27487621260766926
539	0.002566785911052423
540	0.014713545174788855
541	0.006197782848311975
543	0.02027539162343301
545	0.5045583166181618
546	0.02107352252480028
552	0.01157874077426839
554	0.006433976736536243
555	0.32395022609954893
557	0.029583401224527732
558	0.035705853897099654
562	0.013635625849647504
563	0.053107973671578226
564	0.5160985060165825
565	0.012669031208140488
566	0.0003872898803761807
568	0.27849483568157607
569	0.026774937533535548
571	0.03189099226010743
572	0.18488346339516779
574	0.04949851034852373
575	0.007339360448574923
576	0.034785508955330245
577	0.22859845032652581
578	0.009579282374905629
579	0.012318456795317623
580	0.2597396606145295
581	0.06515017889652783
584	0.5333725833125332
585	0.0037838476824958167
586	0.2674871484192747
588	0.24316561228129532
589	0.30948711744508434
593	0.29102662428267645
596	0.012491014228411073
597	0.055317158233000596
598	0.26235058866315536
599	0.020442720642642076
602	0.23190405083032406
603	0.2878080424381833
604	0.02019176203931457
606	0.009235380831908738
608	0.012830864214558542
609	0.275882221292037
610	0.2959299337332584
612	0.27666601499890686
614	0.04986279809737562
616	0.012917754077253856
618	0.028242730698871652
620	0.2775905490397444
624	0.056722117137589186
625	0.29868861324335527
628	0.0009948818040656782
629	0.2845183403234472
630	0.02635245370275207
631	0.2540800172856915
632	0.25273154782736745
633	0.27399792381484095
634	0.022231846552462287
637	0.059204110838340554
638	0.2665393379010158
640	0.05005130900366858
641	0.2983512759552395
642	0.25266096714748537
647	0.27386968044223614
652	0.04691101714997792
655	0.0416469709145964
659	0.0006945450632517142
661	0.007920972550161564
664	0.017810651147999693
665	0.5310920961713699
668	0.03706663121904334
669	0.02666528605561804
671	0.5389196855433585
674	0.04349602440519449
676	0.045339145506264736
677	0.05263522886951537
678	0.04855908488511716
680	0.03655400201308954
681	0.07586326983898267
682	0.035742808058066455
683	0.06690194555903743
684	0.007730990702815382
687	0.03594915364568344
689	0.027904527071118727
691	0.2872287842328214
692	0.291661486678559
693	0.0315190665925669
694	0.0346363456699247
697	0.009477375993903026
698	0.015665364069751286
700	0.032358947587801716
701	0.2715181677559386
702	0.3174676722305561
704	0.07438082657853207
705	0.26911042201226204
706	0.30326937133227116
708	0.04600317195610646
712	0.02373456337689234
715	0.26994022030120846
717	0.252691125300719
718	0.2037030061632369
721	0.2633137036220503
722	0.01557467993680637
723	0.22055108070767318
726	0.31447242780054374
727	0.20886519420052851
729	0.29406602766209916
730	0.058063153578960566
731	0.04538683317052727
734	0.28752056739404475
735	0.02575316703206268
738	0.029723246130623375
742	0.03047917827866972
743	0.020946097714627396
744	0.012154883470929627
746	0.27509587726651047
748	0.020619756701021265
749	0.26586436944938424
751	0.033914011167538755
753	0.09197679472964107
755	0.05077882518608433
756	0.2694359014810589
759	0.03287697879489536
760	0.5130728691631273
761	0.2433103927263911
763	0.22171450228718065
764	0.043353080410335365
767	0.28515117421528574
768	0.10517836114096735
769	0.054017160448559295
770	0.013886280185237375
771	0.29131784962548024
773	0.0017912827963209414
779	0.04936203642255444
782	0.5237791655627093
786	0.05648596578090764
788	0.032709885098337076
789	0.01414221565524737
792	0.003591160574355993
795	0.023676693919445796
796	0.24622500675372255
798	0.0006251425673826118
800	0.4883794110066341
801	0.05630348501775069
802	0.009291115921853957
803	0.032166429823845405
806	0.2282842103619595
811	0.0011469036517342372
812	0.02222543428489241
813	0.025389999503683997
814	0.020410377959710048
815	0.0013452276752222228
816	0.029439547865957316
817	0.05533053081184057
822	0.24713006103566026
826	0.0023360294554314043
829	0.026774937533535548
831	0.04439544374714787
834	0.013034711943285923
838	0.03426113446117019
840	0.07619629253390091
843	0.2586617170986843
844	0.028521870869556133
845	0.03530364683844345
847	0.24896726357832993
848	0.2597781241816489
849	0.25565152986346285
850	0.27879907907060086
852	0.05501108058610779
855	0.005320707951562913
856	0.237717613022408
857	0.3196044125614432
859	0.0496754680810341
860	0.008891055673984155
861	0.0401139869599489
862	0.27729871634592085
866	0.21581401727515526
868	0.0017635722536155155
869	0.043048917257279315
870	0.06136609218325497
872	0.014580001813404277
875	0.03860778776762416
877	0.024875540735657814
879	0.0029324696015153792
885	0.24200380372685007
886	0.224316090593954
887	0.01951360363034649
890	0.04535746112960948
891	0.035631129796897226
893	0.04403957399366533
894	0.05731205384251655
895	0.0009136395319616804
896	0.2681028534124703
897	0.2777114330016841
899	0.28528089815150276
901	0.2606741323951585
902	0.03383035954091816
904	0.029925563742755575
906	0.036923886463067115
907	0.2675307736038633
910	0.058316920949982864
912	0.3084442794673191
914	0.3266443226614349
917	0.017487204660251943
920	0.027335562829305472
921	0.2680323282693472
924	0.23720954643185418
926	0.007605461840974399
929	0.0008250534713737726
930	0.021398008079291507
935	0.034226469366674436
936	0.048282621761865194
937	0.28982466691812436
938	0.023599477968831793
939	0.012010931857557323
941	0.06000551618214391
0	0.0
0	0.0
0	0.0
0	0.0
0	0.0
0	0.0
0	0.0
0	0.0
0	0.0
0	0.0
0	0.0
0	0.0
0	0.0
0	0.0
0	0.0
0	0.0
0	0.0
0	0.0
0	0.0
0	0.0
0	0.0
0	0.0
0	0.0
0	0.0
0	0.0
0	0.0
0	0.0
0	0.0
0	0.0
0	0.0
0	0.0
0	0.0
0	0.0
0	0.0
0	0.0
0	0.0
0	0.0
0	0.0
0	0.0
0	0.0
0	0.0
0	0.0
0	0.0
0	0.0
0	0.0
0	0.0
0	0.0
0	0.0
0	0.0
0	0.0
0	0.0
0	0.0
0	0.0
0	0.0
0	0.0
0	0.0
0	0.0
0	0.0
0	0.0
0	0.0
0	0.0
0	0.0
0	0.0
0	0.0
0	0.0
0	0.0
0	0.0
0	0.0
0	0.0
0	0.0
0	0.0
0	0.0
0	0.0
0	0.0
0	0.0
0	0.0
0	0.0
0	0.0
0	0.0
0	0.0
0	0.0
0	0.0
0	0.0
0	0.0
0	0.0
0	0.0
0	0.0
0	0.0
0	0.0
0	0.0
0	0.0
0	0.0
0	0.0
0	0.0
0	0.0
0	0.0
0	0.0
0	0.0
0	0.0
0	0.0
0	0.0
0	0.0
0	0.0
0	0.0
0	0.0
0	0.0
0	0.0
0	0.0
0	0.0
0	0.0
0	0.0
0	0.0
0	0.0
0	0.0
0	0.0
0	0.0
0	0.0
0	0.0
0	0.0
0	0.0
0	0.0
0	0.0
0	0.0
0	0.0
0	0.0
0	0.0
0	0.0
0	0.0
0	0.0
0	0.0
0	0.0
0	0.0
0	0.0
0	0.0
0	0.0
0	0.0
0	0.0
0	0.0
0	0.0
0	0.0
0	0.0
0	0.0
0	0.0
0	0.0
0	0.0
0	0.0
0	0.0
0	0.0
0	0.0
0	0.0
0	0.0
0	0.0
0	0.0
0	0.0
0	0.0
0	0.0
0	0.0
0	0.0
0	0.0
0	0.0
0	0.0
0	0.0
0	0.0
0	0.0
0	0.0
0	0.0
0	0.0
0	0.0
0	0.0
0	0.0
0	0.0
0	0.0
0	0.0
0	0.0
0	0.0
0	0.0
0	0.0
0	0.0
0	0.0
0	0.0
0	0.0
0	0.0
0	0.0
0	0.0
0	0.0
0	0.0
0	0.0
0	0.0
0	0.0
0	0.0
0	0.0
0	0.0
0	0.0
0	0.0
0	0.0
0	0.0
0	0.0
0	0.0
0	0.0
0	0.0
0	0.0
0	0.0
0	0.0
0	0.0
0	0.0
0	0.0
0	0.0
0	0.0
0	0.0
0	0.0
0	0.0
0	0.0
0	0.0
0	0.0
0	0.0
0	0.0
0	0.0
0	0.0
0	0.0
0	0.0
0	0.0
0	0.0
0	0.0
0	0.0
0	0.0
0	0.0
0	0.0
0	0.0
0	0.0
0	0.0
0	0.0
0	0.0
0	0.0
0	0.0
0	0.0
0	0.0
0	0.0
0	0.0
0	0.0
0	0.0
0	0.0
0	0.0
0	0.0
0	0.0
0	0.0
0	0.0
0	0.0
0	0.0
0	0.0
0	0.0
0	0.0
0	0.0
0	0.0
0	0.0
0	0.0
0	0.0
0	0.0
0	0.0
0	0.0
0	0.0
0	0.0
0	0.0
0	0.0
0	0.0
0	0.0
0	0.0
0	0.0
0	0.0
0	0.0
0	0.0
0	0.0
0	0.0
0	0.0
0	0.0
0	0.0
0	0.0
0	0.0
0	0.0
0	0.0
0	0.0
0	0.0
0	0.0
0	0.0
0	0.0
0	0.0
0	0.0
0	0.0
0	0.0
0	0.0
0	0.0
0	0.0
0	0.0
0	0.0
0	0.0
0	0.0
0	0.0
0	0.0
0	0.0
0	0.0
0	0.0
0	0.0
0	0.0
0	0.0
0	0.0
0	0.0
0	0.0
0	0.0
0	0.0
0	0.0
0	0.0
0	0.0
0	0.0
0	0.0
0	0.0
0	0.0
0	0.0
0	0.0
0	0.0
0	0.0
0	0.0
0	0.0
0	0.0
0	0.0
0	0.0
0	0.0
0	0.0
0	0.0
0	0.0
0	0.0
0	0.0
0	0.0
0	0.0
0	0.0
0	0.0
0	0.0
0	0.0
0	0.0
0	0.0
0	0.0
0	0.0
0	0.0
0	0.0
0	0.0
0	0.0
0	0.0
0	0.0
0	0.0
0	0.0
0	0.0
0	0.0
0	0.0
0	0.0
0	0.0
0	0.0
0	0.0
0	0.0
0	0.0
0	0.0
0	0.0
0	0.0
0	0.0
0	0.0
0	0.0
0	0.0
0	0.0
0	0.0
0	0.0
0	0.0
0	0.0
0	0.0
0	0.0
0	0.0
0	0.0
0	0.0
0	0.0
0	0.0
0	0.0
0	0.0
0	0.0
0	0.0
0	0.0
0	0.0
0	0.0
0	0.0
0	0.0
0	0.0
0	0.0
0	0.0
0	0.0
0	0.0
0	0.0
0	0.0
0	0.0
0	0.0
0	0.0
0	0.0
0	0.0
0	0.0
0	0.0
0	0.0
0	0.0
0	0.0
0	0.0
0	0.0
0	0.0
0	0.0
0	0.0
0	0.0
0	0.0
0	0.0
0	0.0
0	0.0
0	0.0
0	0.0
0	0.0
0	0.0
0	0.0
0	0.0
0	0.0
0	0.0
0	0.0
0	0.0
0	0.0
0	0.0
0	0.0
0	0.0
0	0.0
0	0.0
0	0.0
0	0.0
0	0.0
0	0.0
0	0.0
0	0.0
0	0.0
0	0.0
0	0.0
0	0.0
0	0.0
0	0.0
0	0.0
