2	0.016006346305119195
3	0.009957904496353098
5	0.2769786793321726
7	0.2701682050118909
8	0.5090970509290844
9	0.2896246879696715
10	0.010189640354797164
11	0.2344880096263485
12	0.27376402783299864
15	0.4477192000459218
16	0.02597192498039007
17	0.32117489260897253
18	0.25865350202466886
19	0.2916409829726395
20	0.509158817633048
22	0.02943837516914305
24	0.012132135960565255
25	0.0022432670497694075
26	0.19435734450155887
27	0.18202723641310078
28	0.27213815556512283
30	0.23892032069814748
31	0.05078615959560402
32	0.7497254156587726
33	0.04897193662116554
35	0.23027457524614717
36	0.5463405463119816
37	0.22551106591141726
38	0.01391202123237193
40	0.04411175063121177
41	0.7671947551923345
42	0.2615062280858571
43	0.025341842318745117
44	0.01514150785335542
45	0.5313023694766942
46	0.2783665444467906
47	0.05096438247272142
48	0.03325939838427586
51	0.5579278793896248
53	0.4960071244960401
54	0.2911672519219968
55	0.5239513415046707
56	0.29616429726131627
57	0.29957625055709547
59	0.03693734170851725
60	0.26007507088353193
61	0.4616231180076479
62	0.24020240255843853
64	0.016800135730524204
65	0.2328156030980246
66	0.24699006408510607
67	0.2828868751361044
68	0.5328993229501465
69	0.05126277409821184
70	0.05281398761776328
71	0.2629426534365042
72	0.01178842796442178
73	0.035690589960775954
75	0.4830669254928459
76	0.2701465344237295
78	0.2636924732046852
79	0.24921858965356247
80	0.09459761835178229
81	0.7496228362629053
83	0.26003630760144425
84	0.2881051173453866
86	0.5548783396293941
87	0.3054096451850329
88	0.2593237435470662
89	0.5001196428101521
91	0.2528142759426028
92	0.032623023047382974
93	0.39657550925789403
95	0.005814509896691529
96	0.51340036289092
97	0.01585196147860297
98	0.23109791866741597
99	0.750280172351183
100	0.007173347461915017
101	0.5161292634091917
102	0.264701474291652
103	0.22035767836344752
104	0.38424981234443634
106	0.4599894473276397
109	0.2713675812079005
110	0.00860816370919162
111	0.24814150398876128
112	0.010416055423204042
113	0.03253977207981701
114	0.25882084604631544
117	0.2813587703841679
118	0.26567622159457255
119	0.04462818791900064
120	0.28329491640804644
121	0.2576884925669343
122	0.27869685547896994
123	0.24388475754022143
124	0.25852879709749865
125	0.496731848774836
126	0.2888119177244224
127	0.2926851461222556
128	0.5225437893838727
131	0.18949054539618784
133	0.49321348902411405
134	0.49383804091140115
135	0.013140907841878234
136	0.023526876106852907
137	0.2906008090145503
138	0.24185863131800234
139	0.05782678405822263
140	0.28202235554155614
141	0.20501583017044925
142	0.2552751947607194
143	0.023062162011983522
144	0.005692128765827892
145	0.015109973697469414
146	0.2679874653223777
147	0.5402417804173201
148	0.03063280427774023
149	0.19415719594147623
150	0.023555432387733805
151	0.2520363750963509
152	0.275632308047343
153	0.05869102221148692
154	0.015536103625449466
155	0.1717666788949069
156	0.24652646112535595
157	0.5337727823259436
159	0.4862804588620073
162	0.2521351778181822
163	0.3250921345012869
164	0.01847262741986413
165	0.23292745257971642
166	0.2671953484375634
168	0.25561282351226794
169	0.5113453949128696
170	0.4683426749077566
171	0.27311084563690885
172	0.01704708748146301
174	0.035740055089016315
175	0.5077361206385361
176	0.044999254034949754
177	0.030952850224619625
178	0.26133978521334145
180	0.5405310153819025
182	0.014445935659091975
184	0.005580518905106042
185	0.24986973781579871
187	0.4997600997673972
188	0.2560383032134887
189	0.2348420147979448
190	0.4241707778585325
191	0.4455335311262557
193	0.2806157718991542
194	0.05697091900206528
196	0.0024769007046757593
197	0.47811364451926563
199	0.2889074388345817
200	0.00985636451214529
202	0.2581930606269012
203	0.20020792781888144
204	0.26020985238317296
207	0.0068007576966438305
208	0.011332606540066237
209	0.007628230134755134
211	0.48496890545065074
212	0.26870798788637096
214	0.014313749931593588
215	0.2510651287883161
216	0.034445997376017876
219	0.23721784611627866
220	0.06473475702156514
222	0.0009493676506098954
224	0.5097764829696141
228	0.6713880052519081
229	0.21763704363118003
230	0.2626651315693603
231	0.7629846961861744
232	0.0010483430107276759
233	0.29448553239676784
234	0.007958460095173599
235	0.27640935727370675
237	0.014355833723496025
238	0.2802311496007412
239	0.013768213587334217
240	0.024298344373172423
241	0.28859164005595395
242	0.27053379911697206
243	0.21828347500648235
245	0.27044553232087126
246	0.28113040764331243
247	0.25788942885519184
248	0.04570450034089426
249	0.005298572370767515
250	0.23747536857415052
251	0.2468177097453215
252	0.25743819138094476
253	0.03036414722157445
254	0.5044385949266685
256	0.01489956262667233
257	0.49430226995551874
258	0.3243531121529116
260	0.3068797595651189
261	0.2424486092403062
264	0.28827489096342673
265	0.0351652024595703
268	0.2616451850136967
270	0.2441711577564411
271	0.017231223812424583
272	0.009759808467345147
273	0.45768174152295604
274	0.279574779527609
275	0.5336889302119869
276	0.015538430238618724
278	0.22945163838737398
279	0.03745714350905238
280	0.0016458898925644644
281	0.29514562255181925
282	0.0016673938015992068
287	0.25533756840792493
289	0.6020348346362442
291	0.026433305670152268
292	0.0024459198134040155
294	0.5211549630896843
296	0.029725350159455374
298	0.26393439880350605
299	0.2552898355544151
300	0.1370794687114698
301	0.5069578146062054
302	0.553709002308213
304	0.2418463302009349
306	0.5509627095570028
307	0.2674438705404837
309	0.2960232890187949
310	0.4774774670810805
313	0.007088490315213695
314	0.5073114467041641
316	0.20102115864630987
317	0.023555432387733805
322	0.054421676763999574
323	0.5274137311887767
324	0.02984852645371941
325	0.02648230257335342
326	0.29092987750381377
327	0.02297470977533457
329	0.24027036658689105
330	0.24510035373858413
331	0.005785505175901234
332	0.25468689187411175
333	0.2937479425081457
336	0.7838725519810602
337	0.7720655094644198
338	0.00701521189953665
340	0.2353567467253187
341	0.03670400325977416
345	0.24025773844397594
346	0.0628592290242582
347	0.013136645226061436
348	0.49790310671113497
349	0.0222015795218311
351	0.0004608966194609848
352	0.3072775270252081
353	0.026325407884153218
356	0.29511692258699096
357	0.2724234642382493
358	0.2616857900126494
359	0.26829041957501404
361	0.2949016596612777
362	0.1976129653764707
363	0.5021478932852232
365	0.2454883976877923
366	0.04696270776774818
367	0.2743148925809614
368	0.22719620770693666
369	0.7474526023615248
371	0.22905239195091417
375	0.023028278615810485
376	0.5293825812168313
377	0.0013851942334383235
378	0.01269071186835033
383	0.2727290060797639
386	0.2524655073477984
387	0.010165393548346634
388	0.012330452371010159
389	0.01778176156080757
390	0.022187981422098286
392	0.011689944918592935
393	0.5095389507337551
394	0.014729749512986487
395	0.2524034679692623
396	0.48667986094298316
398	0.029821270612689507
400	0.763841370101311
403	0.4973128089474321
406	0.01916844107388985
409	0.25676002769839473
410	0.27785280154897524
412	0.28338659513688713
413	0.5279214324685086
415	0.059791162708590716
416	0.22799752032876897
417	0.03959986125574894
418	0.3486746543566459
419	0.24812366162856708
420	0.2399316099685455
421	0.2876114679211555
423	0.5247659844879725
426	0.01804426402106636
429	0.022926779433089135
430	0.017302083521483644
431	0.2601956862856417
432	0.27562786489780555
434	0.02703704384370513
435	0.03125895847933953
438	0.5116000460057095
439	0.2522399206674431
440	0.5242297638842408
441	0.4868375026893333
443	0.04939750188365451
445	0.05048908858173416
446	0.0680052338924277
448	0.20106868631163355
449	0.31483615513711155
450	0.02779513247307739
451	0.012108021047826073
453	0.024911647525270832
454	0.45109828589998135
455	0.0005902496490641992
456	0.015300275184622316
457	0.01365743515729087
459	0.2763887927842293
460	0.0028409276560115125
461	0.5423477853067902
465	0.02264779478866619
466	0.29411705735648924
468	0.4602679678397853
469	0.03160836218512797
470	0.5172880588477614
471	0.2614233079470563
472	0.25893395982932943
473	0.04770566419614942
474	0.27509661784346046
475	0.06257735908858275
476	0.22338190526779533
478	0.016047664579406956
480	0.05623199058463912
481	0.2639986952123595
482	0.2878457776953003
483	0.5331521837697208
484	0.29261740900807237
487	0.020482250972995303
488	0.5222475512133331
489	0.2473208287640298
490	0.025447616180426604
492	0.5018639150640921
494	0.2636388716788931
495	0.26445881823775297
496	0.029659300006870205
497	0.025792827179943852
501	0.023630105355567595
502	0.0284918106813699
503	0.003249814931121066
504	0.025621044068769118
505	0.04943461320678482
506	0.030077329000978814
507	0.017305179481505076
509	0.2219304905116712
510	0.016530335674523573
511	0.07163479441474663
512	0.2682891569653818
513	0.2738557191565194
514	0.011821883104814187
515	0.5091020318435394
517	0.5222390033597797
518	0.2658198939499387
519	0.2690735707548044
520	0.3210140710781323
521	0.25403424904427496
523	0.27054393971418134
525	0.06265711460236867
528	0.06623767271086159
531	0.014297382436011512
532	0.011827820205529568
533	0.5255637433752236
534	0.0010154420848872067
536	0.29301762101665957
537	0.01953497365194738
538	0.008932594349260803
539	0.03230528120481908
540	0.2827672776045872
544	0.1742358030539695
545	0.025309604620955856
546	0.5169774398799918
547	0.23138711144626126
549	0.02431204331546863
550	0.5007325951370422
551	0.025671587216539414
552	0.49992997901163294
554	0.7815515309560895
555	0.011218471233569692
556	0.2820805353798078
557	0.25753936109625586
559	0.48263872425991544
563	0.7486314453281591
564	0.025966749143823836
565	0.4955491134447589
568	0.03797267500415505
569	0.016777131640487736
571	0.2777184292235265
573	0.00956281992013605
575	0.22886395074152438
576	0.5235201353649744
578	0.2906946957687704
580	0.25766314298792764
582	0.4853081755116645
583	0.028905774479468762
584	0.247785024143059
587	0.05437494349485844
589	0.029997989746188954
590	0.04540423213983401
592	0.012990672250904951
593	0.2965405706644459
594	0.4950085719614744
596	0.2689157433327488
597	0.4745040547215656
598	0.026941879822602932
599	0.016668332361437516
600	0.029102869664655966
601	0.006020790161599631
602	0.04570189729629068
604	0.21513915050887203
605	0.2365345765314685
609	0.4320835928745774
611	0.25219295729417085
612	0.2774296271771427
613	0.021302347329656288
614	0.2528551918876912
615	0.24428628121416374
616	0.5222616461433712
618	0.2708717624163855
619	0.5241022359158178
620	0.517560650240349
621	0.24342117247709202
622	0.02788553685722406
623	0.4861595353271877
625	0.02706416988433706
626	0.025705849240720065
627	0.05555250511902134
629	0.26824777542614286
632	0.29751791510897146
633	0.2454347638598958
634	0.02584578071302267
636	0.2695405624586955
637	0.05206467057752179
640	0.00976564233902787
642	0.26756105913447786
643	0.01993206036904823
644	0.5381235845147163
645	0.016139600437219015
646	0.4692280648892666
648	0.2406277824786258
649	0.03124934302895454
650	0.018347281666712675
651	0.027178629984212048
653	0.2661290846577516
654	0.2460757228610464
655	0.015596515266910686
656	0.1973468798998902
657	0.23628261566950448
658	0.009536863539241366
660	0.2746121690697452
661	0.02101324516111528
663	0.49413439168666173
666	0.019164684514372143
667	0.045936919063112425
671	0.015100762090533074
672	0.49605900108403966
673	0.29495376860588235
675	0.321621199562268
676	0.011185394805907193
678	0.21435006678444882
679	0.516647859194596
680	0.5160311033643854
681	0.45248338241560554
682	0.037578107205596754
684	0.529954960703116
688	0.5068387456328458
689	0.5328191793256585
690	0.2422570220170842
691	0.023220328615772043
692	0.28932024513648763
694	0.5201571263914483
695	0.0806422887106145
697	0.2331057376181342
698	0.5169096512285053
699	0.03806284988035074
700	0.5231875131249254
701	0.5456337732402244
702	0.46919328833247653
703	0.5245816127275884
705	0.026487094995954964
706	0.48624633525171734
708	0.5223592353995051
709	0.24926242105495372
712	0.27658157778134856
714	0.5313502711253084
715	0.2708174669768182
716	0.005944971996008578
718	0.2358384916414514
719	0.002659953021405745
720	0.024011220815402544
721	0.012682073650144447
722	0.53524965524669
723	0.5578677777549704
725	0.23407829240178682
726	0.4024023230684249
728	0.2533665801635916
730	0.5293750221513487
731	0.02569008320548447
732	0.5180129787243977
733	0.014302212723313557
735	0.2656762215945726
736	0.28783407847937925
737	0.03723143789561345
738	0.006809575852844231
739	0.021288806442174145
741	0.002530660922541318
742	0.018896000556953195
750	0.523538419719728
751	0.2731491075278802
753	0.0020901551394572893
754	0.27829973064656627
755	0.25900722293838324
757	0.24809774870332663
759	0.27117269859064236
760	0.22729196596841478
761	0.03544561334682343
762	0.49411582399216286
764	0.015630495197822197
765	0.2553934465394315
766	0.2598741730701722
769	0.26470764629490984
770	0.015589375900290733
772	0.5004136582423843
773	0.021890645358650374
774	0.07666370637128353
775	0.029955116137917837
776	0.4744649941419575
777	0.29779358946911477
779	0.25189118484404466
780	0.24978668492270878
781	0.49114967305359425
783	0.24355966226442735
784	0.24965082065831576
785	0.5486307006985677
786	0.235864024082192
787	0.4971345404169656
788	0.040946598932710375
789	0.27723348419206206
791	0.5310292760843676
792	0.5062538078100679
793	0.24800915854666164
794	0.015494735174559758
796	0.013020858773922936
797	0.6219174821438187
798	0.2847743857589791
799	0.754038093396581
802	0.2833671029344413
803	0.049035855110053886
804	0.26928892997901793
806	0.016173954790155015
807	0.03556601014583939
810	0.23588581292607821
811	0.548458237414372
813	0.24061326792347854
815	0.03598300359706309
823	0.005995207102625272
824	0.011221465772661816
825	0.5121517635048523
826	0.23840434618187312
828	0.21898345078727136
829	0.03932233906386497
830	0.003333466333300804
831	0.7295971673638881
832	0.5307955849076332
834	0.5297187263498965
835	0.003390173253896858
836	0.02410289616291752
837	0.46867713725011967
838	0.26246048217805185
839	0.23980281947501678
842	0.008083027971984104
843	0.05605570658573707
844	0.018737820974192455
845	0.3037642721169944
847	0.2917428797775353
849	0.5226915862210733
850	0.03792631736716727
851	0.26735692016912627
852	0.01806626628893082
854	0.007187397684595961
855	0.0031560934992371226
856	0.023376535700670747
857	0.3262008213351785
858	0.2327396356944346
860	0.25877322057501584
861	0.0365082589175855
862	0.2776300134017162
863	0.27026427831552374
864	0.00689745401287864
867	0.22560903914968516
868	0.24484374894382666
869	0.2509470099527129
870	0.0007770490626277347
871	0.2606114787789523
872	0.5092146801186229
873	0.024540536324196244
874	0.004211071665968413
875	0.25441070218146605
876	0.49547834982121397
877	0.5086039139068743
878	0.02309962102179495
879	0.252283301523955
880	0.012164919760106585
881	0.26589278162144636
882	0.01502195926999255
884	0.07858896275812641
886	0.009344261001103634
888	0.23349868284886113
889	0.26258812742890464
891	0.01720743104800732
892	0.02443245102372461
893	0.28812120080874926
894	0.009750146871204748
895	0.7821427385859852
897	0.008172480794264116
900	0.19939707381931487
902	0.25873030072914394
903	0.23528396837341722
906	0.2563712465722608
908	0.24145924838715546
909	0.2649071450088431
910	0.03545913861245478
912	0.0066039394321891105
915	0.2295991987015813
917	0.03297815493130953
920	0.274502950419245
921	0.23254656179944272
922	0.4360619186255458
923	0.020733134629920522
924	0.27872285653298345
925	0.003554306525361678
926	0.031449728638932764
927	0.2509464486276068
928	0.014946352363484967
929	0.002482377881579581
930	0.051055456631868376
931	0.010012572976632484
932	0.006539222788971167
933	0.02720614644209152
934	0.02071858196643136
935	0.25456392129923316
936	0.0335667320422282
937	0.024354643444920145
938	0.0370697195965362
939	0.2723429737107029
941	0.23383447224764684
942	0.26653788664765443
0	0.0
0	0.0
0	0.0
0	0.0
0	0.0
0	0.0
0	0.0
0	0.0
0	0.0
0	0.0
0	0.0
0	0.0
0	0.0
0	0.0
0	0.0
0	0.0
0	0.0
0	0.0
0	0.0
0	0.0
0	0.0
0	0.0
0	0.0
0	0.0
0	0.0
0	0.0
0	0.0
0	0.0
0	0.0
0	0.0
0	0.0
0	0.0
0	0.0
0	0.0
0	0.0
0	0.0
0	0.0
0	0.0
0	0.0
0	0.0
0	0.0
0	0.0
0	0.0
0	0.0
0	0.0
0	0.0
0	0.0
0	0.0
0	0.0
0	0.0
0	0.0
0	0.0
0	0.0
0	0.0
0	0.0
0	0.0
0	0.0
0	0.0
0	0.0
0	0.0
0	0.0
0	0.0
0	0.0
0	0.0
0	0.0
0	0.0
0	0.0
0	0.0
0	0.0
0	0.0
0	0.0
0	0.0
0	0.0
0	0.0
0	0.0
0	0.0
0	0.0
0	0.0
0	0.0
0	0.0
0	0.0
0	0.0
0	0.0
0	0.0
0	0.0
0	0.0
0	0.0
0	0.0
0	0.0
0	0.0
0	0.0
0	0.0
0	0.0
0	0.0
0	0.0
0	0.0
0	0.0
0	0.0
0	0.0
0	0.0
0	0.0
0	0.0
0	0.0
0	0.0
0	0.0
0	0.0
0	0.0
0	0.0
0	0.0
0	0.0
0	0.0
0	0.0
0	0.0
0	0.0
0	0.0
0	0.0
0	0.0
0	0.0
0	0.0
0	0.0
0	0.0
0	0.0
0	0.0
0	0.0
0	0.0
0	0.0
0	0.0
0	0.0
0	0.0
0	0.0
0	0.0
0	0.0
0	0.0
0	0.0
0	0.0
0	0.0
0	0.0
0	0.0
0	0.0
0	0.0
0	0.0
0	0.0
0	0.0
0	0.0
0	0.0
0	0.0
0	0.0
0	0.0
0	0.0
0	0.0
0	0.0
0	0.0
0	0.0
0	0.0
0	0.0
0	0.0
0	0.0
0	0.0
0	0.0
0	0.0
0	0.0
0	0.0
0	0.0
0	0.0
0	0.0
0	0.0
0	0.0
0	0.0
0	0.0
0	0.0
0	0.0
0	0.0
0	0.0
0	0.0
0	0.0
0	0.0
0	0.0
0	0.0
0	0.0
0	0.0
0	0.0
0	0.0
0	0.0
0	0.0
0	0.0
0	0.0
0	0.0
0	0.0
0	0.0
0	0.0
0	0.0
0	0.0
0	0.0
0	0.0
0	0.0
0	0.0
0	0.0
0	0.0
0	0.0
0	0.0
0	0.0
0	0.0
0	0.0
0	0.0
0	0.0
0	0.0
0	0.0
0	0.0
0	0.0
0	0.0
0	0.0
0	0.0
0	0.0
0	0.0
0	0.0
0	0.0
0	0.0
0	0.0
0	0.0
0	0.0
0	0.0
0	0.0
0	0.0
0	0.0
0	0.0
0	0.0
0	0.0
0	0.0
0	0.0
0	0.0
0	0.0
0	0.0
0	0.0
0	0.0
0	0.0
0	0.0
0	0.0
0	0.0
0	0.0
0	0.0
0	0.0
0	0.0
0	0.0
0	0.0
0	0.0
0	0.0
0	0.0
0	0.0
0	0.0
0	0.0
0	0.0
0	0.0
0	0.0
0	0.0
0	0.0
0	0.0
0	0.0
0	0.0
0	0.0
0	0.0
0	0.0
0	0.0
0	0.0
0	0.0
0	0.0
0	0.0
0	0.0
0	0.0
0	0.0
0	0.0
0	0.0
0	0.0
0	0.0
0	0.0
