1	0.045113486692588786
2	0.044026759793311866
5	0.0009711992542639249
6	0.3218367204733102
10	0.32073472302386397
13	0.011449601253416958
14	0.22371213844338333
16	0.07192643177400058
18	0.23468745199569177
21	0.062357063873095586
22	0.03412080704652756
23	0.4791713262134932
24	0.01286134058425547
25	0.04101786824133985
26	0.07828268203934707
28	0.058322343045208974
30	0.040928582097228716
33	0.5243259725480226
34	0.17035271653286244
35	0.013008638454680924
37	0.021928686320249333
39	0.0465429765256514
40	0.23308689368244256
44	0.2614939191408329
48	0.2864397351848124
49	0.012986837163581594
50	0.014896047682946771
53	0.01258504346227416
56	0.26962764884807044
57	0.05148948965397248
59	0.29058097228301255
60	0.25417607144194465
62	0.015149997080355262
64	0.303917220868542
65	0.27795822130457715
66	0.013206612149830488
69	0.043928550922962654
70	0.26886546152384655
72	0.24356486800240862
73	0.29682146475642884
74	0.4654856177250825
78	0.0546748972312747
80	0.010849611891028982
82	0.26495639090924566
83	0.035083100814733884
90	0.25161211395318667
91	0.3135698593903958
95	0.012109229974915599
96	0.014567001643952117
97	0.3199420033665388
100	0.26134636487222085
105	0.5132508148641546
106	0.05688848762534378
107	0.30393624946339926
109	0.0356442495242618
110	0.00959237938281167
111	0.04602314299803397
112	0.23062674849164597
113	0.03323703205801485
115	0.7775636561372105
117	0.0029568503848522304
129	0.24291576934655965
132	0.47559556958741034
136	0.2618588567492061
137	0.010030516011687425
138	0.005061254272396981
139	0.2913055848717641
140	0.22524368285320945
141	0.07822278351022208
143	0.5379474060972235
145	0.2514205444522301
146	0.23747491115043232
148	0.02131983536866345
149	0.05086463649815831
150	0.060087281767422604
153	0.3651924017739161
154	0.060920837586184495
159	0.03625049473277245
160	0.3041628147911129
164	0.5518786085542379
167	0.17515310166055553
168	0.007836122439965086
170	0.05104025526329066
171	0.01671195871698012
172	0.4843071321663911
173	0.46736506432982666
174	0.21236412965592746
176	0.0059434607728485675
177	0.535431078220253
179	0.21897120299183875
184	0.021538300716880107
186	0.02337408934512393
188	0.03164382359328127
189	0.01614543463336662
192	0.0398816261334154
195	0.29995619539396295
198	0.021863866736150133
200	0.09816088044397456
201	0.03723613849231307
205	0.1763459712861024
206	0.32583332611216526
207	0.5518802547752126
210	0.7684848509705832
213	0.29716870312052235
214	0.005536927368355309
216	0.4593012424956951
217	0.7538687414288341
218	0.2215979514823135
219	0.0994117954435735
221	0.006977770229800798
222	0.18852122846267652
224	0.010491128751363737
227	0.20297741306818967
229	0.1309929388822449
230	0.019459899184142808
232	0.26385630157012324
234	0.02740012291402472
239	0.24702236077854478
240	0.2600068010959514
244	0.062205724218504316
248	0.5210023825969775
249	0.0006634764064927384
255	0.5083632334852181
256	0.2758598533770166
259	0.20854172817514594
263	0.31221044454686037
265	0.27657420420309725
266	0.007966313684544313
267	0.007402509505118927
268	0.012340676539296644
270	0.05734172586100825
271	0.017377244844841596
272	0.4886681872848324
274	0.28068907416504035
276	0.022101693242533377
277	0.06280112736877147
279	0.02192846373706673
281	0.014690314973258317
283	0.08668965846486118
284	0.5256860359636341
285	0.5084812127966868
287	0.029685163411533523
288	0.296457100205699
290	0.012830864214558542
291	0.007755165945861411
292	0.03207516808024462
293	0.07117807050171944
295	0.043200090495936004
296	0.0060010699411830425
297	0.7496737417945329
298	0.007944823740084019
299	0.018509891942139756
300	0.104052597082422
303	0.2655233790001994
308	0.5097466695057847
309	0.21815493154709414
311	0.0034147683455567415
312	0.5397743757866201
313	0.5557903340675001
317	0.28265278863328414
318	0.24277995779331973
319	0.5149263924842461
320	0.22006097660688775
322	0.23370344548204483
324	0.010971080187627297
326	0.03842014174170609
329	0.03237971200908356
331	0.26737142779036616
332	0.02432262342395341
334	0.4734845389599974
335	0.6032855670008774
338	0.2791300761753443
339	0.22798723531172327
341	0.013441182471992538
342	0.26410236776784357
343	0.02987478425635795
344	0.012246384525414024
345	0.03513054457850945
346	0.21970377767116392
350	0.01411672854361179
351	0.2457507926211668
353	0.001964433644998903
354	0.7130212652150498
356	0.037971275488356826
360	0.0213041930352589
362	0.2867204468363316
364	0.5029793265007879
365	0.10038321375082769
366	0.03766285770178857
367	0.009768563944565274
370	0.5164171359540012
371	0.01546057393804276
372	0.3236102046086219
375	0.2623865567131266
376	0.004596021461466298
377	0.08272393483970499
379	0.4824459071494435
380	0.24777365330898415
382	0.025141360741197924
384	0.02221400370855728
385	0.2504280187589525
387	0.2743340177369156
388	0.3171669266072821
389	0.25720269917919864
390	0.0072099973599551725
395	0.002747197027251451
396	0.036692899875990004
397	0.4728013333508464
399	0.46643134783485796
401	0.30571784707327826
403	0.012491623935422552
404	0.2515522409472745
406	0.00811063465899044
407	0.4756812176097238
408	0.29317112238841175
409	0.0065962234180550056
411	0.28879772257739433
412	0.04624251862718763
414	0.2853939525732811
417	0.003128761408875816
418	0.17682549448710583
419	0.02261025879572022
420	0.2527100768617424
421	0.21459258974590104
424	0.0730967836837345
425	0.5487821400455879
426	0.2520344679971386
427	0.06363345109036578
428	0.26609675889326107
429	0.23194036819626843
430	0.4664747740011539
431	0.00781991553257103
432	0.052260257298357024
433	0.01840464645686129
434	0.022512547610727046
435	0.004409297133282079
436	0.4916823614365333
437	0.04652837515782837
440	0.007378563802561144
442	0.02221165211494172
443	0.2845185565342208
444	0.2297335906862961
446	0.2079285383917008
451	0.5301814453934812
452	0.23074376846979172
453	0.005279926455694438
455	0.08860324493781488
456	0.003506997723135001
458	0.2382665470593659
460	0.24749701611728878
462	0.2872227453145321
463	0.3007979623258184
464	0.3151800492818817
465	0.01367322282594624
466	0.21651982514692236
467	0.264201917782784
469	0.476793004468878
472	0.059133495325431086
474	0.24060341427080242
475	0.22060942606604173
476	0.3367015434372727
479	0.31805879301185486
480	0.1929615297105579
485	0.5715049207595806
486	0.19230278626002884
489	0.058648284684563345
490	0.2461235535121877
491	0.46222946822464156
492	0.019367565362097727
494	0.10090844262295158
496	0.2810979079581481
497	0.0022963452516451786
498	0.2654554246602703
499	0.5440534289782817
500	0.5173666745632518
501	0.23288528863322175
502	0.31118684614949194
503	0.06842556441689217
504	0.008158055040976664
505	0.011879345829502619
506	0.06113381693028237
507	0.5310612747581956
508	0.29407528577965675
509	0.1470379562680687
510	0.20749680005929005
511	0.02084419278609219
512	0.0617213389737703
514	0.02995974182212273
515	0.07692288239928673
516	0.22881840233479328
519	0.015091974513766458
522	0.28291170240856045
524	0.5305811403612024
527	0.03852595866067823
528	0.04836424903149637
529	0.06357581978717468
530	0.3010423372000947
531	0.24741813009227967
534	0.3090528838306141
535	0.3458993101065106
537	0.011018481965573805
538	0.19853485410054228
540	0.07193113797574407
541	0.0682325615560371
542	0.4350254817184452
543	0.5353784656455514
544	0.07787542010985755
545	0.2536944176320498
546	0.00714779468459616
547	0.2634414700009909
548	0.2267574785143404
549	0.24746101481524924
550	0.07239070036997389
553	0.4797150283856878
558	0.05264077283262424
559	0.04032567260977429
560	0.2549439375503379
561	0.26886802390086684
562	0.32609394625739474
565	0.020913333873211162
566	0.4706168940084275
567	0.2196930356349765
568	0.462950384116835
569	0.0019148746105616468
570	0.31021840687735436
571	0.013100694273357236
572	0.050060936613779854
573	0.24539189727634936
574	0.2834574945175471
575	0.06479652954727241
581	0.037522783545672435
583	0.32252644641671935
586	0.24925610696940179
587	0.502161283793218
589	0.023950695569735773
591	0.23859535368974255
593	0.06240947600935758
594	0.02162423676288732
596	0.005855670416303738
598	0.019911466221409956
599	0.05842839771829411
600	0.3100714472898409
603	0.005279617173858726
605	0.08375033336758544
607	0.25067013901071566
610	0.5329390764774851
611	0.24270950357870247
613	0.021590744346763856
615	0.005609772046285218
617	0.21280082387472793
619	0.006835250872424519
622	0.020744706401791612
624	0.47017620262661663
626	0.261746677168465
627	0.21334938310989623
628	0.7609963422978131
630	0.3422497564496795
631	0.2395180835643802
633	0.25198205803864715
634	0.4720935559672192
635	0.25333369897025526
638	0.28558477083409217
639	0.48640776703060884
640	0.05583427356307851
641	0.2525176397909038
645	0.23846976707864154
648	0.2637321255466914
649	0.009203004654401034
650	0.02302048987880619
651	0.25127501903440314
652	0.02101455968666542
654	0.045635156930627675
655	0.07721879462131213
658	0.208813158526573
659	0.20863747137408947
661	0.03656939822297631
662	0.041099800525636075
663	0.016138196902639432
664	0.2570445924108506
665	0.0016719780605624623
666	0.24975430096308793
667	0.22115137338930185
668	0.095644220832909
669	0.0011327858712296551
670	0.4819467116015199
674	0.03061860888624874
676	0.02326635765281506
677	0.5065110399695533
678	0.0012609597345272262
686	0.5250594091019184
690	0.06582367515402646
692	0.058235375129355754
695	0.010943990476012438
696	0.5503057879195532
697	0.04243483070803483
699	0.2890746441724429
703	0.056990313464238565
704	0.22801696004773675
707	0.2350439346245983
710	0.46694340448088495
711	0.04827428885078784
712	0.0006608495411222388
713	0.5368440665426973
714	0.00027736950467540863
717	0.24193470997980907
718	0.05159127309264064
719	0.3294451781679574
720	0.46830502368465854
724	0.32583332611216526
725	0.04049844981188991
727	0.06361561938867283
728	0.2560397857443149
729	0.020542222552641043
732	0.040488823733228804
733	0.2408437335403358
734	0.2944895334986017
737	0.00923597869462979
739	0.01011866731396003
740	0.7719659205074997
741	0.02738668491189821
742	0.01519934602934097
743	0.26841528925872116
744	0.5640566261709862
745	0.5327881553180418
746	0.04994519374721881
747	0.06705326102090076
748	0.24573235493061196
752	0.570676936965869
754	0.0014076200343783804
756	0.01220936080593257
757	0.023125070588827405
761	0.04953956451403767
762	0.03158593576697251
764	0.04815635489596438
766	0.30703521845028436
771	0.05183920100438283
772	0.034158384454081925
775	0.06915958139281617
778	0.5607004879453149
780	0.03329293875006998
781	0.030844875133964497
782	0.5295835633682532
783	0.32259039638461107
784	0.3012294044298352
786	0.09444164743529623
787	0.010760793379581128
788	0.23132506240106535
789	0.22365512503567064
790	0.10523447062659166
795	0.026640668979743556
796	0.24982525927456162
800	0.23677919010785475
801	0.031090196298161718
803	0.03757824346055487
804	0.0058439796603585795
805	0.2419560583330908
806	0.01087754058824713
808	0.2694979074051215
809	0.5976875244723777
810	0.013210707052677118
811	0.040169378592806226
812	0.32833439858935304
813	0.3266421616645981
814	0.5045966110453648
816	0.2872973153782683
817	0.04130512722301642
818	0.36463436350116485
819	0.4920577601900291
820	0.5935653411093951
821	0.31032652037044206
822	0.2849759459515926
824	0.5440431206181892
825	0.018132303998277775
826	0.10703307267733614
827	0.32132006810881386
828	0.28390282081747736
829	0.0019148746105616607
830	0.05407469378845148
836	0.03771060004252
840	0.5339674186654148
841	0.25082880236780025
842	0.04208368054946392
843	0.23944702786756478
846	0.4549356574719528
847	0.008226174297802438
848	0.2579236951109883
851	0.00619280892076364
852	0.05334883760921996
853	0.48557624083832895
854	0.06515410104859051
855	0.03669363894739719
856	0.3108582600716191
859	0.27968247512702943
860	0.022428208635328503
863	0.2902678343053326
865	0.3138012931572831
867	0.03686648207982221
868	0.028168642711361394
869	0.02188387377891588
870	0.2544518339367692
871	0.03677530211949834
872	0.06568841865525857
873	0.29348421742778436
874	0.27089807192110843
875	0.0714429811126305
878	0.22759142376289104
880	0.5357083643858908
881	0.24719672458470826
882	0.024911766402715703
883	0.23590956505536498
887	0.03409073234775574
889	0.04987504586346746
890	0.473978422824536
892	0.4684700869554392
897	0.08926663123042337
898	0.2556612712388513
899	0.23754424853685632
902	0.011573571358640764
905	0.4961147611509029
907	0.007515173617637642
908	0.014408846522813691
911	0.30383082838373915
913	0.45920273467762834
918	0.2420990388574304
919	0.24780420182250598
920	0.00046055751550546503
923	0.3003094375189034
925	0.536310648169771
926	0.03250559743528723
927	0.25048297260935004
929	0.33976187872360464
930	0.012313213598006818
931	0.25217442738160845
932	0.04534305165693736
933	0.25377262920468907
934	0.25080235263100775
935	0.004099292975403193
938	0.31243328359899103
940	0.24271222530159187
943	0.5302934385744098
0	0.0
0	0.0
0	0.0
0	0.0
0	0.0
0	0.0
0	0.0
0	0.0
0	0.0
0	0.0
0	0.0
0	0.0
0	0.0
0	0.0
0	0.0
0	0.0
0	0.0
0	0.0
0	0.0
0	0.0
0	0.0
0	0.0
0	0.0
0	0.0
0	0.0
0	0.0
0	0.0
0	0.0
0	0.0
0	0.0
0	0.0
0	0.0
0	0.0
0	0.0
0	0.0
0	0.0
0	0.0
0	0.0
0	0.0
0	0.0
0	0.0
0	0.0
0	0.0
0	0.0
0	0.0
0	0.0
0	0.0
0	0.0
0	0.0
0	0.0
0	0.0
0	0.0
0	0.0
0	0.0
0	0.0
0	0.0
0	0.0
0	0.0
0	0.0
0	0.0
0	0.0
0	0.0
0	0.0
0	0.0
0	0.0
0	0.0
0	0.0
0	0.0
0	0.0
0	0.0
0	0.0
0	0.0
0	0.0
0	0.0
0	0.0
0	0.0
0	0.0
0	0.0
0	0.0
0	0.0
0	0.0
0	0.0
0	0.0
0	0.0
0	0.0
0	0.0
0	0.0
0	0.0
0	0.0
0	0.0
0	0.0
0	0.0
0	0.0
0	0.0
0	0.0
0	0.0
0	0.0
0	0.0
0	0.0
0	0.0
0	0.0
0	0.0
0	0.0
0	0.0
0	0.0
0	0.0
0	0.0
0	0.0
0	0.0
0	0.0
0	0.0
0	0.0
0	0.0
0	0.0
0	0.0
0	0.0
0	0.0
0	0.0
0	0.0
0	0.0
0	0.0
0	0.0
0	0.0
0	0.0
0	0.0
0	0.0
0	0.0
0	0.0
0	0.0
0	0.0
0	0.0
0	0.0
0	0.0
0	0.0
0	0.0
0	0.0
0	0.0
0	0.0
0	0.0
0	0.0
0	0.0
0	0.0
0	0.0
0	0.0
0	0.0
0	0.0
0	0.0
0	0.0
0	0.0
0	0.0
0	0.0
0	0.0
0	0.0
0	0.0
0	0.0
0	0.0
0	0.0
0	0.0
0	0.0
0	0.0
0	0.0
0	0.0
0	0.0
0	0.0
0	0.0
0	0.0
0	0.0
0	0.0
0	0.0
0	0.0
0	0.0
0	0.0
0	0.0
0	0.0
0	0.0
0	0.0
0	0.0
0	0.0
0	0.0
0	0.0
0	0.0
0	0.0
0	0.0
0	0.0
0	0.0
0	0.0
0	0.0
0	0.0
0	0.0
0	0.0
0	0.0
0	0.0
0	0.0
0	0.0
0	0.0
0	0.0
0	0.0
0	0.0
0	0.0
0	0.0
0	0.0
0	0.0
0	0.0
0	0.0
0	0.0
0	0.0
0	0.0
0	0.0
0	0.0
0	0.0
0	0.0
0	0.0
0	0.0
0	0.0
0	0.0
0	0.0
0	0.0
0	0.0
0	0.0
0	0.0
0	0.0
0	0.0
0	0.0
0	0.0
0	0.0
0	0.0
0	0.0
0	0.0
0	0.0
0	0.0
0	0.0
0	0.0
0	0.0
0	0.0
0	0.0
0	0.0
0	0.0
0	0.0
0	0.0
0	0.0
0	0.0
0	0.0
0	0.0
0	0.0
0	0.0
0	0.0
0	0.0
0	0.0
0	0.0
0	0.0
0	0.0
0	0.0
0	0.0
0	0.0
0	0.0
0	0.0
0	0.0
0	0.0
0	0.0
0	0.0
0	0.0
0	0.0
0	0.0
0	0.0
0	0.0
0	0.0
0	0.0
0	0.0
0	0.0
0	0.0
0	0.0
0	0.0
0	0.0
0	0.0
0	0.0
0	0.0
0	0.0
0	0.0
0	0.0
0	0.0
0	0.0
0	0.0
0	0.0
0	0.0
0	0.0
0	0.0
0	0.0
0	0.0
0	0.0
0	0.0
0	0.0
0	0.0
0	0.0
0	0.0
0	0.0
0	0.0
0	0.0
0	0.0
0	0.0
0	0.0
0	0.0
0	0.0
0	0.0
0	0.0
0	0.0
0	0.0
0	0.0
0	0.0
0	0.0
0	0.0
0	0.0
0	0.0
0	0.0
0	0.0
0	0.0
0	0.0
0	0.0
0	0.0
0	0.0
0	0.0
0	0.0
0	0.0
0	0.0
0	0.0
0	0.0
0	0.0
0	0.0
0	0.0
0	0.0
0	0.0
0	0.0
0	0.0
0	0.0
0	0.0
0	0.0
0	0.0
0	0.0
0	0.0
0	0.0
0	0.0
0	0.0
0	0.0
0	0.0
0	0.0
0	0.0
0	0.0
0	0.0
0	0.0
0	0.0
0	0.0
0	0.0
0	0.0
0	0.0
0	0.0
0	0.0
0	0.0
0	0.0
0	0.0
0	0.0
0	0.0
0	0.0
0	0.0
0	0.0
0	0.0
0	0.0
0	0.0
0	0.0
0	0.0
0	0.0
0	0.0
0	0.0
0	0.0
0	0.0
0	0.0
0	0.0
0	0.0
0	0.0
0	0.0
0	0.0
0	0.0
0	0.0
0	0.0
0	0.0
0	0.0
0	0.0
0	0.0
0	0.0
0	0.0
0	0.0
0	0.0
0	0.0
0	0.0
0	0.0
0	0.0
0	0.0
0	0.0
0	0.0
0	0.0
0	0.0
0	0.0
0	0.0
0	0.0
