2	0.08934443908798267
5	0.12863748675494
6	0.13696828693638755
7	0.3738441907598245
8	0.36370082119246
9	0.06510504325388174
10	0.08296643417149684
11	0.0723064058761287
12	0.3570163297603585
14	0.13603013025663352
15	0.13801342260691699
17	0.3547156344630478
18	0.3674037519349718
19	0.34367447829905573
20	0.6599833299122271
22	0.14049912914109666
23	0.11269217402073475
24	0.09285036969632512
25	0.3414068201256844
26	0.08650476591822019
27	0.2777977625760713
28	0.6422629731317796
30	0.0919454088428241
32	0.6056030669716295
33	0.09601635102197395
35	0.3654878113288026
36	0.08290550249884832
37	0.33301676066424246
39	0.3034829338957692
40	0.12180753826223877
41	0.3730263454926713
42	0.11164033468940435
44	0.08879946725533798
45	0.3662747772199464
46	0.10611517434841064
47	0.12714361168001426
48	0.32940557391730513
51	0.3836646403353428
52	0.6020348346362442
53	0.3675682632426431
54	0.3962169586961686
55	0.628954182209439
56	0.4002300638350075
57	0.40152791464714976
59	0.1107613041185724
60	0.625737167322111
61	0.5125154894097372
62	0.08894733377106324
63	0.06945124179299889
64	0.09189819985993604
65	0.3251595066594274
66	0.5917089446836041
67	0.3452202041142911
68	0.31627831159778796
70	0.42897639237848145
71	0.6125022855278797
72	0.13909827938506258
73	0.1470355887454581
74	0.12719068600840958
75	0.3007570493325705
76	0.3752766360133087
78	0.05707728981991474
79	0.35832969739231807
80	0.42529025999523956
81	0.6221302504940797
83	0.33352007558060615
84	0.3991781844490161
86	0.6865233348829537
87	0.11876510695763128
88	0.16082341516276127
89	0.32458492891065505
91	0.594795711636706
92	0.14449571688106463
93	0.2654879884568501
95	0.1457754085313724
96	0.08880649651841656
98	0.09836486594517252
99	0.35966573489272663
100	0.3470056828017694
101	0.3422603353890485
102	0.138295159503985
103	0.3213864031906816
104	0.20768155302644953
105	0.06267053446312101
106	0.5914091236276005
107	0.05572831068113479
109	0.0922574952816412
110	0.11750465237493724
111	0.08447292843871476
112	0.3526797603433391
114	0.32845198504655576
115	0.0840028363190832
117	0.14312809578936145
118	0.33687392494446144
119	0.15777364644206165
120	0.12916821208046897
122	0.10989186099549678
123	0.07437824804361146
124	0.6182353950626042
125	0.315265642775282
126	0.05596993152781772
127	0.07692303145042674
128	0.651257194414304
131	0.2918901521252534
132	0.1275125690233341
133	0.3427311111213831
134	0.3435631539087741
136	0.13409098233277222
137	0.32057098293487124
138	0.312638000907735
139	0.4402346552910032
141	0.3286180882332874
142	0.3568676985472527
143	0.08883733287570743
145	0.3533874113704017
146	0.11247726815945666
147	0.12523062490252623
148	0.09406299524085471
149	0.29912451964492626
152	0.6082483607928618
153	0.453566837026829
154	0.09659082472112202
156	0.35330507870866185
157	0.39953633136396244
158	0.10626157860350607
159	0.6127887506778271
161	0.3676430231942994
162	0.34043489716532344
163	0.6221656078101084
164	0.1172982373491914
165	0.11661907446241813
166	0.4503475130035434
167	0.13602488906381832
168	0.10138567778495675
169	0.6423706328793739
170	0.5849895108087323
171	0.382891850918602
172	0.03672735798760225
173	0.11716678322805416
174	0.14769044626781475
175	0.09093534994788231
176	0.137987285570984
177	0.12870192720247164
178	0.11687375124964981
180	0.622367274499446
182	0.16023668514025646
183	0.046369394588445856
186	0.3102130617921352
187	0.09278042905115762
188	0.12579168793662004
189	0.07398929805476978
190	0.5226616250598101
191	0.5834903460261587
192	0.09440287101910746
193	0.16965490807044092
194	0.4405042628038928
196	0.07882479477659284
197	0.32731253031974955
198	0.10497744090356047
199	0.6283185116459714
200	0.08400792154524207
202	0.41282234256443384
203	0.05449517166440243
204	0.3743778900881691
205	0.22608349511599388
207	0.11537819683496892
210	0.12138839576066322
211	0.35944870813769236
212	0.17092570054935577
213	0.11413159179405971
215	0.106860083450587
216	0.40298482059762997
217	0.14565045465860996
218	0.1864215686932983
219	0.3439379556977681
220	0.39294610816386305
221	0.11630829306675192
222	0.3236330057653843
224	0.05001726623599258
227	0.12183068454757759
228	0.1714855566297944
229	0.5777794261990369
230	0.124540071607881
231	0.6094673881668708
233	0.15391097314667448
234	0.1168618318770294
235	0.16134898705393205
238	0.35427093082037
239	0.08829525120403406
240	0.13497604725133244
241	0.6246401837827567
242	0.1623126926574893
243	0.10398123148887707
245	0.3448638249431535
246	0.3852588566400166
247	0.35898829020132955
248	0.062284113648771997
249	0.11400419631030032
251	0.10761308523814325
252	0.12758797898184807
254	0.6065113699851549
256	0.11403357465715527
257	0.3221415210006933
258	0.6559674036206807
260	0.4201017855686202
261	0.6126109945883903
264	0.07028345671666465
265	0.08592106254747395
267	0.10238437895604646
268	0.36457451045997286
270	0.10533577056762804
271	0.12724814147910907
272	0.07593651030909299
273	0.10595744090107607
274	0.6158947529534534
275	0.34229460125853306
276	0.12524527466101812
277	0.37177531074461523
278	0.33367241277200876
279	0.09253435983776893
281	0.33468189260766623
285	0.05967115453693131
287	0.07410194434132736
290	0.07964220362023951
292	0.11074150961797179
294	0.35158213590457443
299	0.3579175513337594
300	0.4311947218424138
301	0.6061168139015024
302	0.4409339718445352
304	0.38475830388766397
306	0.37822989743780006
309	0.3923290986160302
310	0.2817556680443335
311	0.036789545232151985
313	0.34081851914711697
314	0.10981697000040203
316	0.1204321563154973
318	0.12741625836107257
319	0.11988135979148798
320	0.12619477639722435
322	0.11350839851635014
323	0.11362520486106845
325	0.13761397731039016
326	0.11241394720493628
329	0.11219213105591179
330	0.07743678226871925
331	0.06577402291698477
332	0.0893097664118615
333	0.09368951680063556
335	0.04817171245627597
336	0.8752269290502798
337	0.35670488245516224
338	0.36931882621521617
340	0.09288607951617096
341	0.12283458731081123
343	0.10174405212823953
345	0.3388191192891452
346	0.15976033354670413
347	0.12230978995816655
348	0.5984562206971702
349	0.1321569006071045
351	0.33081094565792224
352	0.4150939630095395
353	0.37757360413539304
354	0.10657921265218336
356	0.6006240920905627
357	0.4043063327059267
358	0.09165614688880497
359	0.3695708232305499
360	0.10521839732345015
361	0.116237455528018
362	0.3024100171588143
363	0.09901331576035002
364	0.1350657998256117
365	0.10738623829791938
367	0.11279116037091995
368	0.05214893958896026
369	0.6107033687018062
371	0.3592058439711746
372	0.3511567229431038
374	0.33593918943995515
375	0.06750497647554317
376	0.6335309636328619
378	0.1222275511304727
379	0.12334357189482517
386	0.36241000630494524
387	0.084322982141915
388	0.07410532118699369
389	0.0925540836275056
393	0.3643412965749558
394	0.1241940117820762
395	0.3512074253590366
396	0.3107577255861593
400	0.33750212651595923
401	0.11008111110832167
403	0.10664983100158609
408	0.3127454679646746
409	0.356829090636602
410	0.3881308923902704
412	0.35618538017212176
413	0.3655747611913742
414	0.09302861229322279
416	0.09706630028576828
417	0.15207444245496685
418	0.4148375765208917
419	0.366784495274879
420	0.34739360256885027
421	0.6248174290431374
423	0.1416643095897741
426	0.38839400747447966
428	0.09222382130357817
429	0.13344811203473675
430	0.11083766031602883
431	0.6320628370152864
432	0.14720344906509242
435	0.10630314912294082
436	0.07004248946788223
438	0.3570460203214924
439	0.06927915528014177
440	0.35049691329362964
441	0.3378184831207494
442	0.09530724731908408
443	0.162857509189681
444	0.3102593005927766
446	0.3650076650123478
447	0.07118039272693405
448	0.04277798015902562
449	0.42148292393874
450	0.13917430949991072
451	0.34494774067031947
452	0.29971651232114244
453	0.13569044255970583
454	0.3127939672694893
455	0.07338881179428883
456	0.1251985057475846
457	0.12322420279618784
459	0.09160500701233375
460	0.1113084861463525
461	0.15618949254610168
462	0.08245256219957992
463	0.026480124450240863
465	0.09728352056951245
466	0.6573612665364282
468	0.3314419037176018
469	0.13367305287302012
470	0.3713130247834898
471	0.06138584617324688
472	0.3308453422019827
473	0.12931147108333305
474	0.13173102075201076
476	0.2922067202194667
477	0.31388230556062197
479	0.10626850202538075
481	0.08775717625169786
482	0.34901930397920866
483	0.36853989869626996
484	0.39627588058567065
487	0.1310572158643015
488	0.36741770826512815
489	0.31913602741925406
490	0.09871683157936403
491	0.05688889205221244
492	0.3331314153201606
494	0.05464528199040633
495	0.13357609904260323
496	0.14030832600791596
497	0.39677383482107575
499	0.12297116457159421
502	0.3503908022480113
504	0.4070991941487262
505	0.15403717636077563
506	0.10568061280584917
507	0.062031957585336375
509	0.07594710781507882
510	0.35552542732877995
511	0.18680730138122004
512	0.08581893317455436
513	0.362089782065384
514	0.08414761405087616
515	0.31205572262741715
516	0.11097964640218093
517	0.6231907325539942
518	0.33509000133475036
519	0.11694775808076657
520	0.43464057853138055
521	0.3537059195914734
523	0.05757357863025592
530	0.13068264305985974
531	0.12378465858907903
532	0.12126072366048737
533	0.3359215521493591
534	0.347846909135829
536	0.10822904790738679
537	0.129856132472622
540	0.10195570657799588
541	0.12953292052195747
543	0.11281487192942968
544	0.2745900017558819
545	0.3577120761951016
546	0.32582544191919416
547	0.301357540050746
548	0.29540486614284023
549	0.13458958680055563
550	0.6022540352524712
552	0.6001957002776694
553	0.13481129434685696
554	0.6277992012166982
556	0.140195562973584
557	0.14069647720770967
558	0.14218114430810913
559	0.6141201101002368
561	0.10210098974275614
563	0.6284535162738472
564	0.10117230767377436
565	0.8702816661876677
566	0.14149298457596224
568	0.3878399251257222
571	0.09126330437348432
573	0.11887097007029263
575	0.5930079897291058
576	0.33774902558651043
578	0.37388567324691235
580	0.1036012467933299
581	0.11301216581606312
582	0.36191552076223293
583	0.11000060318227928
584	0.08704786393362601
585	0.08176656357572085
586	0.11840535195439365
587	0.3791598885255263
590	0.1583149573968881
591	0.13612236006401754
592	0.12236301561762661
593	0.11877931934579988
594	0.6136502618626429
595	0.07971856814310625
596	0.3538920635049704
597	0.06267274485216653
598	0.1377744241246187
599	0.11982798797925674
600	0.37504468204202673
601	0.07911109637468224
603	0.06392931438318464
604	0.03841481132445449
605	0.10602360753664783
607	0.11783362258348247
609	0.435454137767121
610	0.116895306240575
611	0.6309521800048643
612	0.3526822540176907
613	0.09317355367374694
614	0.04266263133666632
615	0.31608264948539844
616	0.355258149119643
617	0.01095878158692759
618	0.10235542082788096
619	0.6049547383130568
620	0.342833678347912
621	0.5952237826571471
622	0.13914525514641593
623	0.29316862582501496
625	0.10065618532945564
626	0.13552588083697698
627	0.13198631388358872
628	0.10537181711256763
630	0.0931549606811855
631	0.14834337993504884
632	0.11977493944954071
633	0.31522788944725094
634	0.1015687063890281
636	0.054028352996891016
638	0.10210271297957636
639	0.102905664631694
640	0.11898234943803872
642	0.34074463284258116
644	0.6153964870244737
645	0.36972541722516167
646	0.343005714707077
648	0.561904911969673
650	0.09323751467078975
651	0.3416054059523385
652	0.05637735684733733
653	0.10318813928432356
654	0.08529144292877394
655	0.12548606032106785
656	0.2584669699534377
657	0.1285583417956911
660	0.1481827478517544
662	0.32494956555431753
663	0.8581951879162663
666	0.1294231882310989
667	0.42314496235096466
672	0.3873532409493686
673	0.6640396974607641
674	0.10551945499612887
675	0.08669504762192737
677	0.10303648777077618
678	0.2687842363182319
679	0.36335062219777603
680	0.08765754908191126
681	0.35837578603642395
682	0.11208870414276753
684	0.38656855761602493
687	0.08112064228775556
688	0.09679766497064568
689	0.3387685015718911
690	0.08167198226069833
691	0.39018296041974404
694	0.3323035621286421
696	0.10498077322650379
697	0.3324370680717883
698	0.3201630013088048
699	0.11454671218396277
700	0.10525560378304886
701	0.38916780725493705
702	0.03191898051085723
703	0.3114014631907887
704	0.1049512216400732
705	0.36683889499785893
706	0.0442587809937984
707	0.12157435317017341
708	0.3429576980595539
709	0.35733184868142887
710	0.1318586055694078
712	0.3594651064026851
714	0.6097853518594536
715	0.39316754520876135
716	0.11439359484937044
718	0.5636817619119585
719	0.3709514131484588
720	0.39418716871279114
721	0.08652629666447288
722	0.36160885252311653
723	0.6059074977796841
725	0.3410227373336633
726	0.2052759888709143
728	0.3502260013164999
729	0.2962150147113365
730	0.10757795250351887
732	0.06889728474321534
733	0.12356561663663018
735	0.10537181711256761
736	0.13808554526143665
737	0.1495007069755876
738	0.11498385893627724
740	0.08750384581605762
741	0.11088212979890517
745	0.09542605553127595
750	0.09071150544059002
754	0.11067800293921522
755	0.383905845381722
757	0.13034505661348347
760	0.05466170995175656
761	0.09589523975162417
762	0.2955437524745367
765	0.13622932383314437
766	0.36216188152285844
769	0.12658460277991349
772	0.34844049348080847
773	0.13224528002893884
774	0.1382074670667445
776	0.35277343235514913
778	0.3077552305068747
781	0.29529094157134295
782	0.0957465953130698
783	0.05427868416717639
784	0.3534187567625407
785	0.31784610668108515
786	0.1093561850067194
787	0.35165651617317556
788	0.15337646991135864
789	0.6081445162318779
790	0.07055276748900027
791	0.6272148684741997
792	0.37565212196044634
794	0.09136472313780258
796	0.31859997385640904
797	0.3831002974255311
798	0.38536246698183335
799	0.32800108225178876
800	0.10537181711256763
801	0.33781880824188715
802	0.6193862434633863
803	0.16208719213470782
804	0.6451825161411916
807	0.1477221541793951
810	0.34265801372779325
811	0.6019439041155658
812	0.09524868245427331
813	0.6284046036972079
814	0.17451803083409723
815	0.14814606447838993
816	0.3296241314911695
818	0.06743123904179599
819	0.34597847941788645
823	0.11465451045645898
824	0.08030174789763968
825	0.6023987997264728
826	0.3376564298656685
827	0.050017852637985305
828	0.3175986394277124
830	0.11136827495736776
831	0.5809845767426316
832	0.40014395836556743
834	0.3407249220530091
835	0.11174755373220252
837	0.096719059291292
839	0.07772836623504575
842	0.08237345807251469
843	0.11530485851315722
845	0.17452856064568126
846	0.0902781858624157
847	0.37558063925770996
849	0.10537181711256764
851	0.36989079988012696
853	0.0676639048002878
855	0.36565734590020593
856	0.3549746372381572
857	0.20781969220975702
858	0.33682454450620325
859	0.1513996511378724
860	0.3597671820489953
862	0.3801882338382842
863	0.34311610149771826
864	0.0871910980616067
867	0.3249692535044408
868	0.34735434524001046
869	0.0881666533061313
871	0.06725340989968528
872	0.8737053673799503
873	0.10452341625759395
874	0.11219781595081163
875	0.07937857318767357
876	0.34719372497016615
877	0.37694129642785057
878	0.3899113565248207
879	0.35299476751181846
880	0.12169883833372735
881	0.622831564844873
882	0.12477798274576946
886	0.08327708862066738
888	0.3407244436746547
889	0.12591193195702124
890	0.10548179613884509
891	0.12703627290259467
892	0.3897993407397749
895	0.4014997535610565
897	0.08789718139047796
900	0.2955396245892653
901	0.08131948651553145
902	0.3919144215331308
903	0.12746846147592095
905	0.29483008804819044
906	0.13193225017379545
908	0.1279477534557032
909	0.0841636165258675
913	0.11477063668903084
914	0.42897705568184663
915	0.3385575188523251
916	0.10176544330371085
918	0.3386731981581074
920	0.3464390486623124
921	0.3027182146309872
922	0.04012127905273134
923	0.13133300531655864
924	0.07398798093816478
925	0.3608506329751257
926	0.10298785041580538
927	0.597196165630132
929	0.07642151834881156
930	0.44449999229715803
932	0.11521947913568202
933	0.1383812731431885
935	0.6326773885470338
936	0.1455475892272135
937	0.08447292843871476
939	0.37763035862708866
941	0.120417532932605
942	0.11796887560831765
943	0.13322591415301954
0	0.0
0	0.0
0	0.0
0	0.0
0	0.0
0	0.0
0	0.0
0	0.0
0	0.0
0	0.0
0	0.0
0	0.0
0	0.0
0	0.0
0	0.0
0	0.0
0	0.0
0	0.0
0	0.0
0	0.0
0	0.0
0	0.0
0	0.0
0	0.0
0	0.0
0	0.0
0	0.0
0	0.0
0	0.0
0	0.0
0	0.0
0	0.0
0	0.0
0	0.0
0	0.0
0	0.0
0	0.0
0	0.0
0	0.0
0	0.0
0	0.0
0	0.0
0	0.0
0	0.0
0	0.0
0	0.0
0	0.0
0	0.0
0	0.0
0	0.0
0	0.0
0	0.0
0	0.0
0	0.0
0	0.0
0	0.0
0	0.0
0	0.0
0	0.0
0	0.0
0	0.0
0	0.0
0	0.0
0	0.0
0	0.0
0	0.0
0	0.0
0	0.0
0	0.0
0	0.0
0	0.0
0	0.0
0	0.0
0	0.0
0	0.0
0	0.0
0	0.0
0	0.0
0	0.0
0	0.0
0	0.0
0	0.0
0	0.0
0	0.0
0	0.0
0	0.0
0	0.0
0	0.0
0	0.0
0	0.0
0	0.0
0	0.0
0	0.0
0	0.0
0	0.0
0	0.0
0	0.0
0	0.0
0	0.0
0	0.0
0	0.0
0	0.0
0	0.0
0	0.0
0	0.0
0	0.0
0	0.0
0	0.0
0	0.0
0	0.0
0	0.0
0	0.0
0	0.0
0	0.0
0	0.0
0	0.0
0	0.0
0	0.0
0	0.0
0	0.0
0	0.0
0	0.0
0	0.0
0	0.0
0	0.0
0	0.0
0	0.0
0	0.0
0	0.0
0	0.0
0	0.0
0	0.0
0	0.0
0	0.0
0	0.0
0	0.0
0	0.0
0	0.0
0	0.0
0	0.0
0	0.0
0	0.0
0	0.0
0	0.0
0	0.0
0	0.0
0	0.0
0	0.0
0	0.0
0	0.0
0	0.0
0	0.0
0	0.0
0	0.0
0	0.0
0	0.0
0	0.0
0	0.0
0	0.0
0	0.0
0	0.0
0	0.0
0	0.0
0	0.0
0	0.0
0	0.0
0	0.0
0	0.0
0	0.0
0	0.0
0	0.0
0	0.0
0	0.0
0	0.0
0	0.0
0	0.0
0	0.0
0	0.0
0	0.0
0	0.0
0	0.0
0	0.0
0	0.0
0	0.0
0	0.0
0	0.0
0	0.0
0	0.0
0	0.0
0	0.0
0	0.0
0	0.0
0	0.0
0	0.0
0	0.0
0	0.0
0	0.0
0	0.0
0	0.0
0	0.0
0	0.0
0	0.0
0	0.0
0	0.0
0	0.0
0	0.0
0	0.0
0	0.0
0	0.0
0	0.0
0	0.0
0	0.0
0	0.0
0	0.0
0	0.0
0	0.0
0	0.0
0	0.0
0	0.0
0	0.0
0	0.0
0	0.0
0	0.0
0	0.0
0	0.0
0	0.0
0	0.0
0	0.0
0	0.0
0	0.0
0	0.0
0	0.0
0	0.0
0	0.0
0	0.0
0	0.0
0	0.0
0	0.0
0	0.0
0	0.0
0	0.0
0	0.0
0	0.0
0	0.0
0	0.0
0	0.0
0	0.0
0	0.0
0	0.0
0	0.0
0	0.0
0	0.0
0	0.0
0	0.0
0	0.0
0	0.0
0	0.0
0	0.0
0	0.0
0	0.0
0	0.0
