5	0.30053299258426525
6	0.014486288557538394
7	0.4952004755529686
8	0.46527381004287366
10	0.0059220633487896135
11	0.444362054177659
12	0.02596527062862122
13	0.18253964664757238
14	0.04626093719189646
15	0.5072907100847235
16	0.06539849410808582
17	0.23863625938417504
18	0.02717930795411665
19	0.34754031165817306
20	0.010414542992166001
21	0.0291253903337789
22	0.22657878619683786
24	0.057976526313926496
25	0.20395601429753085
26	0.4334851530910539
27	0.33747179902724095
28	0.476228873087152
30	0.24112737427402192
32	0.48627272201165955
34	0.1585581942748271
35	0.31629553048200537
36	0.06573611486672848
37	0.2511449434291669
38	0.04577235638025652
41	0.562009513183999
42	0.3545115338381133
43	0.048753727203606476
44	0.012038990751718288
45	0.26951747490809214
46	0.22692691753287025
47	0.005089799850816281
48	0.022573391683863325
49	0.024915334262644046
51	0.272632843545882
52	0.5211549630896843
53	0.048257432057431535
54	0.7182218877002471
55	0.2531386535592598
56	0.2723491984616969
57	0.48228028694574515
59	0.03229536533366388
60	0.23474959579760282
61	0.28333343740644357
62	0.2817791152224443
63	0.19047886221293003
68	0.4096722682790995
69	0.015768345765392048
70	0.27427983029003156
71	0.46775344938861746
72	0.2786022468687554
73	0.03640206933012127
75	0.21815826906199448
76	0.4658442366874791
77	0.4906454905672445
78	0.006289414955610088
79	0.4736236192111285
80	0.29398921910919834
81	0.5414601049664641
84	0.2524988077741114
85	0.28623570143123483
86	0.5617543756179982
87	0.27115531849896
88	0.5111795904211939
89	0.5506968068981384
91	0.013137054262581199
92	0.4907137944877167
93	0.736564722428043
95	0.2872323369757082
96	0.25779787922792163
97	0.2717320253071207
99	0.5394740341939109
100	0.22244562701321258
101	0.2331427750793206
102	0.2398619191675495
103	0.39480023681986975
106	0.014139118561032366
108	0.2436210897615719
109	0.014953223851772307
110	0.2824999003450855
111	0.23938024429505586
114	0.24346472584921544
117	0.24921968514149484
118	0.2487925261654794
119	0.262289764885258
120	0.5626921536161155
121	0.3102224990578176
123	0.34763311139227626
124	0.21223821404808507
125	0.2983933989682177
128	0.2537346361783342
129	0.016380739235594192
130	0.5011894650066309
131	0.2248647365268047
133	0.22205070649801684
134	0.7763943814767521
136	0.021825853661992904
138	0.014948880250593821
139	0.05611423355868763
140	0.05322029601370487
142	0.4663233614320088
144	0.27273520027332293
146	0.055222917340197755
147	0.5214861068155816
149	0.2316120706842506
150	0.055893248468953674
151	0.06834846494842874
152	0.2581580043613382
154	0.036663658644607515
155	0.16637402215613303
156	0.010623885740949857
157	0.2694674570453693
158	0.46651863783592223
159	0.0077101883302388916
161	0.146265001732208
162	0.32469373467148305
163	0.27892266578866376
165	0.27419149747172994
166	0.19903786870838192
167	0.05567222749207092
168	0.11227371262559283
169	0.21147147282717102
171	0.01176030624610844
174	0.26307815297767256
175	0.3166779772670356
176	0.28181013420332124
178	0.2555114168217471
179	0.31256262953875263
180	0.020097286607468116
182	0.5247111361288478
184	0.2738538947919019
185	0.07044298201344838
187	0.28745345330956473
188	0.014210035605871259
189	0.27760918398264084
190	0.43080993183389943
193	0.7956602430454037
194	0.262488604230775
196	0.1526945216877665
197	0.22698845990494154
199	0.4577987935323215
200	0.20530379565330448
201	0.04876226137558501
202	0.21999624294421385
203	0.4172945118980899
204	0.30533901649489725
207	0.004628969975997512
209	0.1455260355529228
211	0.5086647101379572
212	0.5600772455119087
214	0.28341094207929163
215	0.5091293606666051
216	0.03135412630660446
218	0.05662548892790511
219	0.22090461751255278
221	0.2180451219795733
223	0.2887727278654025
224	0.06222648908603867
228	0.5848499911409047
229	0.22474432912743902
230	0.07682306230411566
231	0.27779665685825294
233	0.4972680906022937
234	0.24946667490882435
235	0.557885259409873
236	0.3243439486783977
237	0.0394579149205702
238	0.2878874738109308
240	0.02092720271120549
241	0.3665700656488835
242	0.44818416474527073
243	0.504229669298691
244	0.22826830976841606
245	0.047610076913369846
246	0.6721038568421532
247	0.4753325779970112
249	0.21889590914883916
250	0.3000697514683919
251	0.5214645701370565
252	0.7652891893859335
253	0.5502251355762552
254	0.4844564862530787
256	0.3453017847569637
257	0.21929708015424246
258	0.275611128327303
260	0.07422594483852463
261	0.25985011482288833
262	0.227949806369216
265	0.1019683231864306
266	0.12249650756318778
267	0.24426814355300983
268	0.23855774852803727
269	0.2206820655282548
270	0.290870771640794
271	0.2574652874160306
273	0.28046100051804285
274	0.05991000588711434
275	0.2588205630350755
276	0.4666436659663111
277	0.1583574777865931
278	0.455103258775024
279	0.014790773674666212
280	0.48045736376312964
281	0.28351139610183224
286	0.004100860101470597
289	0.35158213590457443
290	0.24136294830151145
291	0.22583421766564338
292	0.2427954516823889
293	0.02407719655976292
295	0.23506510800567054
296	0.2730528474880718
298	0.07609650892220367
299	0.2338856454681652
301	0.24604169269151072
302	0.3129553629119734
304	0.2188268117644034
305	0.05536784779972607
306	0.21392350691450446
307	0.3072203387383314
310	0.19908306330706974
313	0.0040015611123155985
314	0.5696393927165723
316	0.43103687090167275
320	0.020634742436141933
321	0.10387677281292895
323	0.5440896919115286
324	0.2907114627795907
325	0.47922781590398134
326	0.034448502951104604
327	0.29394414167312477
328	0.2878169147631607
329	0.2569797514647081
330	0.018694573671943247
336	0.2840052162834797
337	0.5558069005549109
338	0.17120700939300496
340	0.06879252219223368
341	0.01827645879072243
342	0.06422993071675363
343	0.22747065803474936
344	0.23753481855619238
345	0.214881415243975
346	0.0488180377835039
347	0.23201046126082406
348	0.47732231428558825
349	0.27754087370949926
350	0.04085989499463501
352	0.4992003904871551
353	0.2599774708880307
356	0.018385623865980538
357	0.5308992162830974
358	0.5481732962821579
359	0.7012507033228393
361	0.004062584553280079
362	0.007652663910188082
363	0.5343337462230185
365	0.2613082130847087
367	0.25954592685377215
368	0.02559598528211937
369	0.5083301286525729
371	0.27168575816180884
373	0.5057887993482523
374	0.20399755315101087
375	0.014423734875827883
376	0.24175488578266963
378	0.259383081663773
382	0.029892738695615116
383	0.2868594197178893
386	0.03747237131984696
387	0.0076746406890627165
389	0.015429554815198813
390	0.29244423838218103
392	0.2485782672838507
393	0.02328251793854362
394	0.4480864051679637
395	0.22615154511866536
396	0.027691908972924287
398	0.051525018978791276
400	0.28511227702969927
402	0.2710816054053111
403	0.07968639906640057
404	0.05046577845629541
406	0.32745439613608435
409	0.22965898550418762
410	0.4961102804261499
411	0.04363167119229222
413	0.46967363395414535
417	0.03811462950246003
418	0.08615978887803814
419	0.231711736442289
420	0.017139738015307035
421	0.04795279096644087
422	0.2873326245026242
423	0.32950507524063377
426	0.2325790276522248
428	0.04875662441577863
429	0.02236404111511968
430	0.04563622838812798
431	0.0253082366668977
432	0.2658498467519843
434	0.053828867158859095
435	0.24449196596909517
437	0.022433837924803985
438	0.5152684795831228
439	0.016578085623297278
440	0.22429598872263734
441	0.7846455880529919
443	0.25406721724666415
445	0.4259668066316703
449	0.48571698970427485
450	0.4933140375696378
453	0.23236887556138372
454	0.26370198320458194
455	0.2141768291244073
456	0.2298818895290183
457	0.2446591761963491
458	0.056544537756012994
459	0.2512018215606696
460	0.00023969078142881822
461	0.27394185045498104
465	0.2175647479918566
466	0.2681949017634381
467	0.031226284975279146
468	0.7439405570939819
470	0.24840541891981388
472	0.25138719584186076
474	0.019122792229410046
476	0.008437606820942106
478	0.25768315742834813
480	0.1304334091625722
481	0.21706904494809837
482	0.031529546352930454
483	0.46759198574112926
484	0.48614817060077525
486	0.016159030059850567
487	0.4833271324837116
488	0.23981948881780968
490	0.021013522244746563
492	0.031261968345007385
493	0.023884730896151993
495	0.25453379010603
496	0.25135068301857094
497	0.48987790358478533
501	0.04988172784685025
502	0.2422361591484587
503	0.33267224158252917
504	0.0215623666224459
505	0.03692214580683791
506	0.2564511265587427
508	0.2841712984856038
509	0.18511644311337377
510	0.0045713989732831875
511	0.30476859410324453
513	0.2617761589955294
514	0.2625087028749088
515	0.03980569764672537
516	0.24070569967505295
517	0.4974983916071476
519	0.006835378171659107
520	0.2723066261377489
521	0.2273875720687507
523	0.01125126800829801
525	0.5922246187696483
526	0.007504970647532423
528	0.043748186691992944
531	0.2311588073792205
532	0.24709035093628515
533	0.025084890111362886
534	0.04017329659413062
535	0.015315602245305978
536	0.4894930299885246
537	0.2263700068331438
538	0.07326466439102813
539	0.06457825552605223
540	0.2401894795388146
544	0.19336150513361494
545	0.23648985363432495
546	0.022385045333860234
549	0.308758567537042
550	0.2643192192263774
551	0.009180758418781236
552	0.46746324714843573
554	0.4759368884594274
555	0.24716184858581966
556	0.025915421973880314
557	0.5359911802845079
559	0.007517302651145329
563	0.5080498223413309
564	0.2507426898266816
565	0.2456002902148534
568	0.034602575906738424
569	0.3276472321053275
571	0.2218094048459937
573	0.006349383993067219
574	0.0013247884899761503
576	0.27987500308103136
577	0.24089554120460685
578	0.016506683824374983
579	0.25386532563562375
580	0.2156978366936646
582	0.46263244704345247
584	0.772545693859843
586	0.25324598044323293
587	0.008139363590640165
588	0.23295044728452474
589	0.1273288330506675
590	0.23737923750005113
592	0.23788490951892965
593	0.2544126311021909
594	0.004560910350521072
596	0.03692498941660257
597	0.04815332796882252
598	0.46495577186811293
599	0.29080790841658993
600	0.02718107062472285
601	0.20879876521291182
602	0.2604042364917826
603	0.4477000124066184
605	0.5284035436122826
606	0.027266685762907313
609	0.30913783953013524
610	0.014762441691672616
611	0.010429630164328612
612	0.22693486572769578
613	0.015395337331810872
614	0.6001952195419855
616	0.4476666763843509
618	0.05832082916956574
619	0.05038885426546203
620	0.2540594152978786
621	0.21795640805797162
622	0.23340168125633345
625	0.2739032213903457
626	0.20926149040668
627	0.05300432532904398
629	0.2826326940082671
632	0.04114774407402715
633	0.04742874137274595
634	0.0240736727697329
635	0.2681331914238166
637	0.5940267948609095
640	0.26890606601571326
641	0.05749902691691615
642	0.26983417058130277
643	0.33306511868498573
644	0.048019625533152546
645	0.013611791903643297
646	0.22987796667753946
647	0.03908448975998527
648	0.01233304758973033
649	0.1125349089901636
650	0.01602674934740989
652	0.004797159371485921
653	0.08273007366877072
654	0.03395874015839975
655	0.013203218367220871
656	0.1473893560712652
657	0.5147909143025152
658	0.31468427509689756
660	0.2586650861517108
661	0.033886967467781706
663	0.24431359286889393
665	0.28711828384050786
666	0.2491243691151411
667	0.04288407495356361
668	0.27433121048329023
669	0.10670484428319665
672	0.03668204516145249
673	0.0697844246135591
674	0.4525003885655366
675	0.2244187024520894
676	0.27882958736920543
678	0.36063423682444856
679	0.2531220983769718
680	0.5628871857309097
681	0.31073542737441145
682	0.2852036556155561
683	0.2960861132728414
684	0.4925838600278496
688	0.04211183857313941
689	0.24952529896981068
690	0.04381294547872029
691	0.5014055153582652
692	0.3004683981242182
693	0.1932863250772883
694	0.030081354122203717
697	0.42969847918279797
698	0.2334788733567531
700	0.5269736994859557
701	0.7077570052079378
702	0.547791442693493
703	0.018280838686184592
704	0.03830211306443619
705	0.2819032559601124
706	0.5333577447938822
708	0.2781864810904862
709	0.27090093742855526
712	0.022669491467321497
713	0.02044733792890092
714	0.029710764077445162
715	0.7886330131118717
716	0.21890952893930526
718	0.16820766833682177
720	0.024563815985952944
721	0.23596037532367423
722	0.7703174143161613
723	0.22877322467362532
725	0.21896279324653956
726	0.48970223051190864
727	0.21805109330242656
730	0.5487988603433354
732	0.10970927898936761
733	0.013218754921932387
734	0.043404640180249254
735	0.5529463919334648
736	0.6066622456066676
737	0.03409447506829872
738	0.4490343303213405
741	0.00038153219039316344
742	0.49309337952716464
743	0.19059026618736136
744	0.02296455386962403
746	0.2890053060433521
747	0.03953097891657312
748	0.006036825050910331
749	0.26073331281816314
750	0.5169780605533332
751	0.3399645967586083
753	0.10544812496534423
755	0.5809072528068155
756	0.2543679720163027
757	0.5281673987709165
759	0.31860606666862173
760	0.6897858279336624
763	0.04429745660202052
764	0.33010256624143536
765	0.5126043514900683
766	0.23544034086958415
767	0.48847820790183616
768	0.3155110620979252
769	0.7842088626826431
770	0.25124335713220125
771	0.057891322683244345
772	0.2224921053308033
773	0.25709230529211646
774	0.09937734506981849
776	0.032897558036401875
777	0.2500185575983872
779	0.059778991373284185
780	0.05791316249871176
782	0.015854194121564552
784	0.04556618009221143
785	0.24589734427429372
786	0.28042863225584325
787	0.5202000751866106
788	0.2541169918981452
791	0.26776705172624476
792	0.768979990560493
793	0.31660448105863
794	0.1814813627100609
795	0.25457124971642303
797	0.09406811946235544
799	0.25770558396536053
800	0.010820288597009228
802	0.04008690135883706
803	0.30404547001277504
804	0.035002941690202564
806	0.2913783730340178
807	0.2632322713489742
810	0.00946633408604209
811	0.056963343305866304
813	0.21439948754544624
815	0.24396766353417934
817	0.29751003947307025
818	0.1804602900865226
823	0.004105584899336531
825	0.02190713537053696
826	0.42477129263756375
828	0.19402744159601343
829	0.046023282320155706
830	0.21584770298019856
831	0.7846591572285241
832	0.26888843053405287
833	0.07850319061693631
834	0.2527876853843561
837	0.2690910336324271
838	0.25798280957051334
839	0.3420178228834216
840	0.060692571865545886
842	0.16937257651330398
844	0.030451006906457644
845	0.5522698479621365
847	0.2082715908466466
849	0.5529463919334648
850	0.26787400177799037
851	0.24231149921657613
852	0.55298233607105
854	0.03671669875351506
856	0.20252452022724293
857	0.531032847739941
859	0.004929307602375123
860	0.44679815886691104
861	0.27952415411847875
862	0.7162171217538505
863	0.051869048364245995
866	0.0793787055308174
867	0.2008473004878305
868	0.46420597705940103
869	0.3290861409642898
870	0.3052427778300801
872	0.26120743908351907
874	0.004277347946470202
875	0.002710611854391167
876	0.2419518101363121
877	0.7730186408443065
878	0.020518891077908205
879	0.43797889956316965
880	0.00871169240385642
881	0.24355541717558168
882	0.012287289318372495
883	0.05088324058710845
886	0.253211027528685
887	0.22560074098257482
888	0.22720030806030447
889	0.01358317508522059
891	0.21780055045049387
892	0.021746949032987364
893	0.5598271310200892
894	0.282882602802231
895	0.7833914669045905
896	0.2442337669291613
897	0.036329259807310894
900	0.17787524178697733
902	0.30452183372736885
903	0.2775650868220205
906	0.5350545290833792
908	0.2834574508106171
909	0.2933559045023229
910	0.5419254965255758
912	0.2632841060020014
915	0.2645693365905961
916	0.18837487968443012
917	0.01865655155803092
919	0.015099092512619799
920	0.21416630594410585
921	0.22163772823536346
922	0.3008333378821848
923	0.2351394569880303
924	0.5611530730896066
926	0.22100703008079398
927	0.017405228187218867
928	0.28767120838522353
930	0.25442250267404504
931	0.24548281030565636
932	0.23774385302564358
933	0.24387499969600457
935	0.25356782859520377
936	0.4951525667999769
937	0.05032975972960784
938	0.009062256462155232
939	0.48197414120495985
940	0.27968458766947446
941	0.7525343141626228
942	0.2527452024852278
0	0.0
0	0.0
0	0.0
0	0.0
0	0.0
0	0.0
0	0.0
0	0.0
0	0.0
0	0.0
0	0.0
0	0.0
0	0.0
0	0.0
0	0.0
0	0.0
0	0.0
0	0.0
0	0.0
0	0.0
0	0.0
0	0.0
0	0.0
0	0.0
0	0.0
0	0.0
0	0.0
0	0.0
0	0.0
0	0.0
0	0.0
0	0.0
0	0.0
0	0.0
0	0.0
0	0.0
0	0.0
0	0.0
0	0.0
0	0.0
0	0.0
0	0.0
0	0.0
0	0.0
0	0.0
0	0.0
0	0.0
0	0.0
0	0.0
0	0.0
0	0.0
0	0.0
0	0.0
0	0.0
0	0.0
0	0.0
0	0.0
0	0.0
0	0.0
0	0.0
0	0.0
0	0.0
0	0.0
0	0.0
0	0.0
0	0.0
0	0.0
0	0.0
0	0.0
0	0.0
0	0.0
0	0.0
0	0.0
0	0.0
0	0.0
0	0.0
0	0.0
0	0.0
0	0.0
0	0.0
0	0.0
0	0.0
0	0.0
0	0.0
0	0.0
0	0.0
0	0.0
0	0.0
0	0.0
0	0.0
0	0.0
0	0.0
0	0.0
0	0.0
0	0.0
0	0.0
0	0.0
0	0.0
0	0.0
0	0.0
0	0.0
0	0.0
0	0.0
0	0.0
0	0.0
0	0.0
0	0.0
0	0.0
0	0.0
0	0.0
0	0.0
0	0.0
0	0.0
0	0.0
0	0.0
0	0.0
0	0.0
0	0.0
0	0.0
0	0.0
0	0.0
0	0.0
0	0.0
0	0.0
0	0.0
0	0.0
0	0.0
0	0.0
0	0.0
0	0.0
0	0.0
0	0.0
0	0.0
0	0.0
0	0.0
0	0.0
0	0.0
0	0.0
0	0.0
0	0.0
0	0.0
0	0.0
0	0.0
0	0.0
0	0.0
0	0.0
0	0.0
0	0.0
0	0.0
0	0.0
0	0.0
0	0.0
0	0.0
0	0.0
0	0.0
0	0.0
0	0.0
0	0.0
0	0.0
0	0.0
0	0.0
0	0.0
0	0.0
0	0.0
0	0.0
0	0.0
0	0.0
0	0.0
0	0.0
0	0.0
0	0.0
0	0.0
0	0.0
0	0.0
0	0.0
0	0.0
0	0.0
0	0.0
0	0.0
0	0.0
0	0.0
0	0.0
0	0.0
0	0.0
0	0.0
0	0.0
0	0.0
0	0.0
0	0.0
0	0.0
0	0.0
0	0.0
0	0.0
0	0.0
0	0.0
0	0.0
0	0.0
0	0.0
0	0.0
0	0.0
0	0.0
0	0.0
0	0.0
0	0.0
0	0.0
0	0.0
0	0.0
0	0.0
0	0.0
0	0.0
0	0.0
0	0.0
0	0.0
0	0.0
0	0.0
0	0.0
0	0.0
0	0.0
0	0.0
0	0.0
0	0.0
0	0.0
0	0.0
0	0.0
0	0.0
0	0.0
0	0.0
0	0.0
0	0.0
0	0.0
0	0.0
0	0.0
0	0.0
0	0.0
0	0.0
0	0.0
0	0.0
0	0.0
0	0.0
0	0.0
0	0.0
0	0.0
0	0.0
0	0.0
0	0.0
0	0.0
0	0.0
0	0.0
0	0.0
0	0.0
0	0.0
0	0.0
0	0.0
0	0.0
0	0.0
0	0.0
0	0.0
0	0.0
0	0.0
0	0.0
0	0.0
0	0.0
0	0.0
0	0.0
0	0.0
0	0.0
0	0.0
0	0.0
0	0.0
0	0.0
0	0.0
0	0.0
0	0.0
