5	0.24681742688523434
6	0.2576086907311172
7	0.015789122621732737
8	0.46410896474550856
9	0.5010913803293189
10	0.27083748356772946
11	0.21490194040191354
12	0.2535721712737085
15	0.4575788938954912
16	0.30288531905517885
17	0.26342860060248935
19	0.10152980258378877
20	0.01857866692749556
26	0.204591518700738
27	0.39900663548845683
28	0.5000689186726412
30	0.004499845439941089
31	0.01609523719091324
32	0.4722195822261329
33	0.27694782723206346
35	0.2781525026468687
36	0.2955766290322251
37	0.009630703076269117
38	0.02413678767438201
41	0.5234535968274473
42	0.06532124500966455
43	0.013655094688985812
45	0.4793606640209095
46	0.23933641000544587
48	0.2887144067274168
49	0.017555432912667968
50	0.00623323438379866
51	0.4909759228015566
52	0.523538419719728
53	0.023169962953931315
54	0.4890865510513926
55	0.2607243324481596
56	0.30310159713752927
57	0.5137101440051854
59	0.27694898550532643
60	0.00571123292356529
61	0.005730891751403566
62	0.24510571999779665
64	0.015364754628479537
67	0.03050102306127472
68	0.48549577324004967
69	0.5096245892945723
70	0.29122695393955833
71	0.22929679592832547
73	0.04948061233874726
76	0.22904347613344317
77	0.27842383464394216
78	0.5007872064481611
79	0.018747671234607806
80	0.04367005534214964
81	0.2897463268029871
83	0.21556447480928986
84	0.25449031007036194
85	0.01890559414101867
86	0.2961044006464872
87	0.5038654118117046
88	0.26252424406048624
89	0.2813390395284405
91	0.26312481783158226
92	0.002020633207637082
93	0.16545320107615447
95	0.24940742284971723
96	0.27461343652366765
97	0.29323825721205654
99	0.3027507801600672
100	0.2079389638280899
101	0.7441744432752161
102	0.23271455877732652
103	0.15526989520354806
106	0.004392799670401307
109	0.23874482686429252
110	0.24451076285187123
111	0.4529271555283569
113	0.21145390955690405
114	0.22887401682204922
117	0.2562430150437039
118	0.23373142106962846
119	0.2754111028818752
120	0.28666096878554453
121	0.27024042735541
123	0.048547869907087156
125	0.23766874160925405
126	0.5222792847067924
127	0.47848012906000154
128	0.25372149009553746
130	0.007394348451167463
131	0.012575375228614676
133	0.22675490144153895
134	0.28663750746487404
137	0.23207528747972683
139	0.07172066473543093
140	0.03644842682660669
142	0.2498169368489765
143	0.05263024920044672
145	0.03776079603688841
146	0.06395719789388829
147	0.5452582722604001
148	0.2221499100263873
149	0.021231629593099065
150	0.5306698267045601
151	0.26483537230761445
152	0.2429613631064665
154	0.2881082757808213
155	0.506635596461801
157	0.26399014460465214
158	0.22564207687581167
159	0.004210313273069647
160	0.26111593739687505
163	0.03782263610708948
164	0.06345576566447639
165	0.0040301495859375765
167	0.03740945950684803
168	0.07027016066119374
170	0.012266579059576198
171	0.0005018628228419843
174	0.022555203161812292
175	0.7834523416838991
176	0.02626765293324548
177	0.2771521617016519
178	0.01865857505756098
179	0.03816081343523026
180	0.0058806633338854795
182	0.25683859838500034
185	0.2653934284679806
187	0.27307735096169666
188	0.01643267798050918
189	0.240920979355721
190	0.5421499151914598
193	0.2765777025517267
194	0.019447193144967886
197	0.42286944078210986
198	0.014444025888940462
199	0.0316174015191355
200	0.024017576158301447
203	0.5500370942626239
204	0.06401646409002412
207	0.06580840838240232
211	0.2791172725748407
212	0.3039374623297512
213	0.018379346678850047
215	0.2652500084018687
218	0.03589003661176633
219	0.26338992101781483
224	0.28503860165285644
228	0.6850934889805851
229	0.30755430940711487
230	0.27583728605076263
231	0.28401414218433285
232	0.01482175076639419
233	0.2688927374802283
235	0.05660421559591613
238	0.031056455142755283
241	0.12896785145108408
242	0.2650943629108103
243	0.03148112309247685
244	0.016411161332125397
245	0.01503334498471372
246	0.540408373498424
247	0.24647980272027978
248	0.2628633033378476
250	0.02534718561674592
251	0.3483052856365474
252	0.2683554576046552
253	0.25375229871455374
254	0.2619131691736435
255	0.1818715153044967
256	0.2776162182312121
257	0.2516096787318674
258	0.041126173924002266
261	0.029453527833742745
263	0.010668381742755084
264	0.02117172703354649
265	0.08975659132390475
268	0.013146253240776631
270	0.29086816659208653
273	0.23239843949574937
274	0.29768213451465014
275	0.49305168631490376
278	0.31033228247230543
279	0.003878195007773054
281	0.7556285987800053
282	0.2602824069572867
283	0.031442806869923345
288	0.023358061211796614
289	0.09071150544059002
291	0.005963073206893238
293	0.22098709539112596
294	0.5169780605533332
295	0.0035789767784556656
296	0.2350517515438764
298	0.27704939188887834
299	0.01664012425929423
301	0.016588033932853373
302	0.29695686700281565
306	0.26812013017546965
307	0.26110171163519025
309	0.026969042782983288
310	0.43886493349223754
312	0.03803683328835039
313	0.25099876552782824
314	0.49972205512988205
316	0.18334435736488938
317	0.2744068786196954
319	0.034171046158674764
320	0.0033156795951026843
322	0.04114908136651112
323	0.5196072613466627
324	0.03417229274114035
326	0.49910102044150917
328	0.019543934748818666
330	0.23610027722996313
331	0.20494803733362366
332	0.014906058598846791
336	0.2890018688481482
337	0.5171111292065783
340	0.02877762175975697
342	0.032077093906094506
346	0.26742088445572193
348	0.3280309248665003
349	0.034819847274528005
350	0.018109660715820278
352	0.2549772558872707
353	0.003015600550710717
355	0.02472228215655766
356	0.07729561782241387
357	0.256703743148897
358	0.046365367383052025
359	0.21663728125650525
361	0.04709887754968624
363	0.49620820198766885
365	0.3305811967204214
366	0.2506939207597723
367	0.4687837668878019
368	0.24970204133506216
369	0.4964326896977797
370	0.03985312539792288
371	0.023245277244828957
372	0.024176412158130555
373	0.20548310206222403
375	0.28648066255878635
376	0.2688983749635743
377	0.22218275947976915
383	0.7647129497986956
388	0.037743170033447335
390	0.027124085456067686
392	0.011296622250510983
393	0.030878606402000616
395	0.0072329857100863
396	0.245417995433713
398	0.27619110293356386
400	0.3073108659998587
401	0.03329590321941661
403	0.2823956240001063
404	0.02650160154981321
406	0.04647714739480874
409	0.0016056725880799066
410	0.05863786856289355
411	0.039085930929429004
412	0.025128796920048706
413	0.4932909112296733
415	0.038157012370956915
418	0.46123257686350955
419	0.24030171621891974
421	0.02969682761345317
422	0.2512965135151546
423	0.2935884724080222
426	0.0025595310890589064
432	0.5181926075929181
434	0.26854776686672927
435	0.2289211420727697
437	0.0007816583681914888
438	0.028094268449235266
439	0.046048907079470625
440	0.2590788826477838
441	0.4981122181657225
443	0.2808134383291652
445	0.08822491351085043
449	0.23757783715378766
450	0.010902535102028085
451	0.009362883480578767
453	0.008423410327641889
454	0.22819605967453793
455	0.21482422499584947
459	0.5188015890582832
461	0.24882870844452684
462	0.023162137632183506
466	0.03428961698341909
467	0.25194716052230115
468	0.23803375414743372
469	0.019646943127983072
470	0.5298729329375464
471	0.217001762216618
472	0.48324959153680097
474	0.030482617915990787
475	0.07177436860913947
476	0.27314561544402893
478	0.2586905104143872
479	0.046987232255581685
480	0.07448009663034195
481	0.4391501592604342
482	0.2737940121981628
483	0.5001172649347232
484	0.24353188887895535
487	0.0020812700770267423
488	0.25385447125414196
489	0.2420719430949883
490	0.0051158378298093235
492	0.2422492759800161
493	0.02645273273931452
494	0.3128695637474835
495	0.014386442648691322
496	0.27560385805958393
497	0.010069861800141019
499	0.00222078888409679
501	0.028578380248308943
502	0.5012219808034899
503	0.27333200562623633
505	0.255313246899613
506	0.2620322610403745
507	0.025762144279682722
508	0.034963805506244644
509	0.6160161612065691
511	0.3079852091429627
512	0.30594821911745024
513	0.4762741435065004
515	0.5704936357010202
517	0.056297675296769434
519	0.03534971950218488
520	0.03302723613321268
521	0.0022317952220030322
523	0.27996770396966836
524	0.02549052240871346
525	0.29377552531222617
527	0.02097659107932516
528	0.5248022280676065
529	0.28073576105508136
530	0.024616091243693003
531	0.012354768105927106
533	0.2560971862262066
534	0.038039946896029374
535	0.265819516856197
536	0.47890543580843153
538	0.034097132205816866
539	0.2573393366001446
540	0.73262119084923
541	0.03813179715216787
545	0.22171829850906483
546	0.2544110959117679
549	0.04217013913202976
550	0.30701101620532756
552	0.23266759875695206
554	0.4873604744957653
555	0.0006685682412237784
556	0.02932525242210418
557	0.2891560272602401
559	0.019287693146002042
562	0.07192182015892491
563	0.48948927026688976
564	0.2351857872099328
565	0.022782809917953492
568	0.017733585935976126
569	0.04337410061668484
571	0.016829415693171184
574	0.24451143460334024
576	0.26328927889981857
578	0.23931675396566437
579	0.009269573583150295
580	0.6957580116906945
582	0.20291226141130897
583	0.2938800369686995
584	0.4901723873958733
587	0.036362342835114296
588	0.22722914066400007
589	0.2758460064637074
592	0.034509730275530094
593	0.7286734548258149
594	0.00892255746000055
596	0.2501345911284468
597	0.2496303011173921
598	0.0028777763124011
599	0.06549044360370579
600	0.0569475017656502
601	0.19408214451776779
602	0.24780078693907232
605	0.322806632693275
609	0.3322210323083952
610	0.24892925526255386
612	0.0033669923180728867
613	0.00031948215163075944
614	0.2665412001936569
616	0.4749829439432153
618	0.28854480590150827
619	0.26615005851865875
620	0.47267270485718826
623	0.23220411715391892
625	0.006718762696084679
627	0.03512292509148025
628	0.027124085456067665
629	0.4922642212501212
632	0.2640414570859301
633	0.025891743909291
634	0.006885136835914421
636	0.008017198406285293
637	0.27177408014564985
638	0.2434018145743811
640	0.031375621250278304
642	0.2536963944047426
643	0.04678089110479125
644	0.27298114680009855
646	0.22158445113527359
649	0.047461582093975774
653	0.028554015018866556
654	0.015024279280970023
655	0.039693249065444344
657	0.2773670952816033
660	0.2504524981329358
661	0.009418806141774625
663	0.010358204595939134
665	0.006146147286471615
668	0.2468097656818565
671	0.20547150249667495
672	0.0013366935941468948
674	0.0007038590122568217
675	0.315520404553542
676	0.2305052247254242
678	0.04320550034667678
679	0.2709626831003664
680	0.5094300135310487
681	0.2737734417051513
682	0.017065329292102666
683	0.005652398139094399
684	0.2546197403269098
687	0.03815240786867778
688	0.04337410061668481
689	0.48527403089590027
690	0.06742175786433897
692	0.5356272944502495
694	0.25960073042411236
695	0.24363805053151572
696	0.04059912615186548
697	0.20822720612806844
698	0.7503850967622261
699	0.024777996314072036
700	0.7464961248517283
701	0.4874298967666385
702	0.48944806391137724
703	0.5224288239229392
705	0.016402636598523073
706	0.5134443608595454
708	0.5008780801289177
712	0.25704173452191437
713	0.029110999621606678
714	0.2549557994845795
715	0.27716474107276307
719	0.06551124019494808
722	0.5344015986965703
723	0.47478264802534925
726	0.022277730136181315
728	0.005833751913426142
730	0.2927039065269307
731	0.02844869401176716
732	0.5542797353460436
734	0.04075999650224829
735	0.27087431286532476
736	0.0686361257583845
742	0.005753765366792996
744	0.01596360752369336
746	0.28601253116074904
747	0.030228068950788223
749	0.004702048054834644
751	0.5353808578027662
752	0.25112068048699315
753	0.01731089529599307
755	0.06836279823998384
757	0.03534881148947686
759	0.2663949448995192
760	0.21787177927217535
761	0.47521054061893964
762	0.21767746220018158
764	0.2935827180313818
765	0.2388811547702011
766	0.2545078356781146
767	0.00336889334125047
769	0.28659049246202584
770	0.007630589478204507
772	0.23683897827868003
774	0.07739413456702407
775	0.2878671910168279
776	0.017461821274177627
777	0.3215166642409023
778	0.02218167551841961
779	0.03531277264503732
780	0.26213500942540063
781	0.2323596627333208
782	0.029952073304438578
783	0.24222242501328192
784	0.06846480451939106
785	0.5310840845140556
786	0.28930682852993167
787	0.2641967430015528
788	0.026506914396830006
790	0.009821485925295838
791	0.039967404421637334
792	0.28348675453046746
793	0.2644790379538369
797	0.36868923144220744
798	0.03421318721193688
799	0.29006196387227806
802	0.023789781480432287
803	0.06426709745761337
806	0.025195428433495183
807	0.025955398667042304
809	0.23845337704989622
811	0.5454404461258795
812	0.032464519293388006
813	0.2691097708037819
815	0.00613922693734828
816	0.03285142134082089
817	0.2584191578540368
818	0.474193389247223
824	0.027510109898228205
825	0.24062846511263464
826	0.46620569587626787
827	0.026530779344322592
829	0.027124085456067714
830	0.0028843363004177544
831	0.2798704040989695
832	0.2446454979897576
834	0.7489448643714705
837	0.26493992001835864
838	0.2602810954753859
839	0.049453622203841176
840	0.0474933240757168
843	0.02094913821813663
844	0.24464128795993573
845	0.3268794211025759
847	0.23408748826942133
849	0.5146245402745818
850	0.5077482260338362
851	0.012491822072751017
852	0.518189277651067
854	0.06772325573512938
856	0.2765935885937608
857	0.2910048225772734
859	0.013209641012930741
860	0.21865024727042304
861	0.046734826597476506
862	0.24576989241921887
863	0.30182922403135926
869	0.06509669146569075
870	0.027166848316458284
872	0.30435363199284415
875	0.467812954021954
876	0.25652882141271205
877	0.27506617575218795
879	0.2072117261415228
880	0.02824326078010289
881	0.018167958570635728
884	0.23203957479274684
889	0.27019226283171216
893	0.5134887692372954
895	0.5416423604178007
897	0.05698175878463461
902	0.057635358938488576
903	0.03277017467425693
904	0.013684169434801295
906	0.2806782359256059
908	0.030156782127165407
909	0.05473246652198453
910	0.034972091881610344
911	0.037537588862398795
915	0.041501608644764626
921	0.20737163883294216
922	0.242725565878294
923	0.25990327689281034
924	0.28970248713678654
926	0.20711525493219501
927	0.0009107912487561001
929	0.06345064859937362
931	0.005820936007449155
935	0.02456078648670537
936	0.005926590817748181
938	0.28321460705498985
939	0.24689695690964109
941	0.279725031240055
942	0.02741765638104573
0	0.0
0	0.0
0	0.0
0	0.0
0	0.0
0	0.0
0	0.0
0	0.0
0	0.0
0	0.0
0	0.0
0	0.0
0	0.0
0	0.0
0	0.0
0	0.0
0	0.0
0	0.0
0	0.0
0	0.0
0	0.0
0	0.0
0	0.0
0	0.0
0	0.0
0	0.0
0	0.0
0	0.0
0	0.0
0	0.0
0	0.0
0	0.0
0	0.0
0	0.0
0	0.0
0	0.0
0	0.0
0	0.0
0	0.0
0	0.0
0	0.0
0	0.0
0	0.0
0	0.0
0	0.0
0	0.0
0	0.0
0	0.0
0	0.0
0	0.0
0	0.0
0	0.0
0	0.0
0	0.0
0	0.0
0	0.0
0	0.0
0	0.0
0	0.0
0	0.0
0	0.0
0	0.0
0	0.0
0	0.0
0	0.0
0	0.0
0	0.0
0	0.0
0	0.0
0	0.0
0	0.0
0	0.0
0	0.0
0	0.0
0	0.0
0	0.0
0	0.0
0	0.0
0	0.0
0	0.0
0	0.0
0	0.0
0	0.0
0	0.0
0	0.0
0	0.0
0	0.0
0	0.0
0	0.0
0	0.0
0	0.0
0	0.0
0	0.0
0	0.0
0	0.0
0	0.0
0	0.0
0	0.0
0	0.0
0	0.0
0	0.0
0	0.0
0	0.0
0	0.0
0	0.0
0	0.0
0	0.0
0	0.0
0	0.0
0	0.0
0	0.0
0	0.0
0	0.0
0	0.0
0	0.0
0	0.0
0	0.0
0	0.0
0	0.0
0	0.0
0	0.0
0	0.0
0	0.0
0	0.0
0	0.0
0	0.0
0	0.0
0	0.0
0	0.0
0	0.0
0	0.0
0	0.0
0	0.0
0	0.0
0	0.0
0	0.0
0	0.0
0	0.0
0	0.0
0	0.0
0	0.0
0	0.0
0	0.0
0	0.0
0	0.0
0	0.0
0	0.0
0	0.0
0	0.0
0	0.0
0	0.0
0	0.0
0	0.0
0	0.0
0	0.0
0	0.0
0	0.0
0	0.0
0	0.0
0	0.0
0	0.0
0	0.0
0	0.0
0	0.0
0	0.0
0	0.0
0	0.0
0	0.0
0	0.0
0	0.0
0	0.0
0	0.0
0	0.0
0	0.0
0	0.0
0	0.0
0	0.0
0	0.0
0	0.0
0	0.0
0	0.0
0	0.0
0	0.0
0	0.0
0	0.0
0	0.0
0	0.0
0	0.0
0	0.0
0	0.0
0	0.0
0	0.0
0	0.0
0	0.0
0	0.0
0	0.0
0	0.0
0	0.0
0	0.0
0	0.0
0	0.0
0	0.0
0	0.0
0	0.0
0	0.0
0	0.0
0	0.0
0	0.0
0	0.0
0	0.0
0	0.0
0	0.0
0	0.0
0	0.0
0	0.0
0	0.0
0	0.0
0	0.0
0	0.0
0	0.0
0	0.0
0	0.0
0	0.0
0	0.0
0	0.0
0	0.0
0	0.0
0	0.0
0	0.0
0	0.0
0	0.0
0	0.0
0	0.0
0	0.0
0	0.0
0	0.0
0	0.0
0	0.0
0	0.0
0	0.0
0	0.0
0	0.0
0	0.0
0	0.0
0	0.0
0	0.0
0	0.0
0	0.0
0	0.0
0	0.0
0	0.0
0	0.0
0	0.0
0	0.0
0	0.0
0	0.0
0	0.0
0	0.0
0	0.0
0	0.0
0	0.0
0	0.0
0	0.0
0	0.0
0	0.0
0	0.0
0	0.0
0	0.0
0	0.0
0	0.0
0	0.0
0	0.0
0	0.0
0	0.0
0	0.0
0	0.0
0	0.0
0	0.0
0	0.0
0	0.0
0	0.0
0	0.0
0	0.0
0	0.0
0	0.0
0	0.0
0	0.0
0	0.0
0	0.0
0	0.0
0	0.0
0	0.0
0	0.0
0	0.0
0	0.0
0	0.0
0	0.0
0	0.0
0	0.0
0	0.0
0	0.0
0	0.0
0	0.0
0	0.0
0	0.0
0	0.0
0	0.0
0	0.0
0	0.0
0	0.0
0	0.0
0	0.0
0	0.0
0	0.0
0	0.0
0	0.0
0	0.0
0	0.0
0	0.0
0	0.0
0	0.0
0	0.0
0	0.0
0	0.0
0	0.0
0	0.0
0	0.0
0	0.0
0	0.0
0	0.0
0	0.0
0	0.0
0	0.0
0	0.0
0	0.0
0	0.0
0	0.0
0	0.0
0	0.0
0	0.0
0	0.0
0	0.0
0	0.0
0	0.0
0	0.0
0	0.0
0	0.0
0	0.0
0	0.0
0	0.0
0	0.0
