2	0.24891789786498314
5	0.303107935507031
7	0.27716249689075245
8	0.2493093950783498
9	0.05952512392239723
11	0.004665897757340182
12	0.28777879494445074
14	0.03488259026163421
15	0.44009014945090413
16	0.26548804242772783
17	0.021343636681472107
18	0.26260180875586203
19	0.2960489920545719
20	0.5085330429429807
21	0.01968898368986191
22	0.022032100214764434
24	0.28179887869605885
26	0.1958659913511796
28	0.021557988284500482
32	0.4938714060371979
35	0.2591851566202435
36	0.3027502205371931
37	0.22742775208831145
38	0.26315024902583445
40	0.019650621047369872
41	0.7597069103715657
42	0.5382194978578932
43	0.27797605782681367
45	0.2998088655524754
46	0.012956353797737661
51	0.32130060318267323
52	0.750280172351183
53	0.49012769924870075
54	0.2779737223455721
55	0.5206746229371542
56	0.04046559033002541
57	0.026803920469623318
60	0.0129951229902107
61	0.46485949277427946
62	0.017827299133938206
65	0.22074130567007247
67	0.26903217482440506
68	0.29259338393938916
70	0.047276905236505615
71	0.004238515982202418
72	0.24296545231394498
73	0.03110851219920871
75	0.4981207869172336
76	0.03979017227622421
77	0.23666191849812068
78	0.024610050439120224
79	0.4737681180325262
80	0.08834827241766967
81	0.4999199272811781
83	0.015235405933170486
84	0.27506349740699465
85	0.027010126976773536
86	0.2450263504899789
87	0.06005501139633322
88	0.2617150119640142
89	0.5085886077239367
91	0.03350953437293869
92	0.274433280132015
93	0.5323923180467378
95	0.023730770566315118
96	0.2542808192600581
97	0.006920637979639332
98	0.21822019556756403
101	0.3073503659055625
102	0.2513650557449454
103	0.006506208912155129
104	0.16339951853897153
106	0.4575122272286655
108	0.21277697843195945
109	0.03391295612564517
110	0.026593437964936253
111	0.011946864225483793
112	0.004449788149383897
114	0.006314138384325853
117	0.26821952633010787
118	0.038142275391246365
119	0.03785252668782393
120	0.27580709753766064
121	0.49660143019748954
122	0.26692739125922227
123	0.5306164668530724
124	0.21031843443636317
125	0.5377365528790778
126	0.023062806057341626
127	0.0433723964100662
128	0.5211857575119141
130	0.24855123217859254
131	0.19339111410131535
133	0.4885669635180616
134	0.7758406742980339
136	0.017397433948667267
137	0.04998961476140497
138	0.020165584052031817
139	0.05145809993646487
140	0.2652373906619448
141	0.19423572239082607
142	0.013426716842086885
143	0.028021980176412758
144	0.2353222483227146
145	0.03611631420421657
146	0.2551125070830131
147	0.5369228051575283
149	0.19852439468375263
150	0.024961018507296293
151	0.2628466190654984
152	0.04167769084629061
153	0.04996667481829073
154	0.03673639912485749
155	0.1472317706462568
156	0.25099458330850377
157	0.532243872347767
158	0.26229988197173043
159	0.48169765118102426
162	0.5172052599836194
163	0.006586174097781214
165	0.4869336963332637
166	0.2723391000502628
168	0.28544113531489856
169	0.47531553869634524
170	0.4665733084156616
174	0.028392022767147716
175	0.28810599286430094
176	0.03611811680925355
177	0.03326116186587888
178	0.4967825764005052
179	0.04075811498840588
180	0.2681079043888181
182	0.2612118101580595
184	0.2379358406977315
185	0.26355881143541643
187	0.49634878560710344
188	0.2431652246918538
189	0.015562847757330144
190	0.21761724191942772
191	0.43864992708133627
193	0.5365789259504776
194	0.050361594996709565
197	0.26471368129077083
199	0.20726778631275644
201	0.008088286049367174
202	0.2621025366427459
204	0.26356621814379955
207	0.0004787865743808191
209	0.3027759797899791
211	0.2490196443150171
212	0.2705256411143028
214	0.24747122580316225
215	0.25378511801808207
216	0.02730649678957527
219	0.24076088373788823
220	0.06398525500878785
221	0.008358418618561042
223	0.2840801166535694
224	0.27421772113826753
228	0.673244154368415
229	0.21889470140912462
230	0.2736742750981147
231	0.5118931520999548
232	0.0029846861126508334
233	0.5091579530720725
234	0.24383476293027662
235	0.5148752667430471
236	0.27893379567551263
237	0.2739288308046226
238	0.2965724300821658
240	0.01705094108201265
241	0.29345448255539125
242	0.46728089701639014
243	0.46226656804216976
244	0.009228551924263292
245	0.2683383444832932
246	0.25361413978837605
247	0.007332116760229799
250	0.4968545105048123
251	0.4761726512071651
252	0.5087583344864051
253	0.30468512199917785
254	0.2714876370967938
256	0.29614478963272123
257	0.489384078138394
258	0.33187023035137897
260	0.3118386750916198
261	0.2466744274009169
262	0.0039004901542871798
264	0.03840104477353472
265	0.2837228850546546
267	0.23949857232993985
268	0.023766741368867347
269	0.1903738940112694
270	0.24642657405055152
271	0.25207605682419415
272	0.013815919258609595
273	0.45020754320297984
274	0.029463162717026366
275	0.29985772934775623
276	0.24934551327792562
278	0.4499930847261811
279	0.018781959389794205
280	0.23862664472453304
281	0.00882473066217616
287	0.2426066119127437
289	0.35966573489272663
291	0.24462839893444227
292	0.2378479708671639
294	0.5394740341939109
296	0.2860993834853307
298	0.27486738466738053
299	0.02177566395681938
300	0.13255459374372305
301	0.26450991750693886
302	0.27564509543317434
304	0.2457312059305593
305	0.045405129231300766
306	0.5513958298856065
307	0.28725971605064926
309	0.015464007524267749
310	0.3352317709722192
311	0.0007389219345100076
314	0.5293682824364639
316	0.20038247298645298
317	0.0279552317603004
321	0.06043807498746613
322	0.0561052852763276
323	0.5417957464360071
324	0.016847443259599318
325	0.26281627478151176
326	0.05548340972120228
327	0.2547553317457371
328	0.06252108700582695
329	0.48205606387592
330	0.25867189391204215
332	0.2687737781516944
333	0.28123706484475036
336	0.5046810239062786
337	0.5460747219384939
340	0.5001254457058856
341	0.026691480489417017
342	0.02633634346357202
343	0.2228395221886309
344	0.20308662873427144
346	0.06670788684198749
347	0.22703044354018964
348	0.47988253484116206
349	0.013764461353579917
352	0.06888905652308669
353	0.01624356187822468
357	0.2721908476280943
358	0.27698419533381946
359	0.265637449342872
361	0.2797082670723544
362	0.20273820417832605
363	0.5072371505279784
365	0.47257480504090177
366	0.022377402341640044
367	0.04132152173480766
368	0.2393426733727439
369	0.5014479300679148
371	0.23023872749076799
373	0.2519512326130635
374	0.19898376860433065
376	0.2622929035948782
377	0.005566483954038113
378	0.25419323612294714
380	0.00997788402088709
383	0.28330509549676985
386	0.25209210420914296
388	0.2592541644282972
390	0.024978127247364916
392	0.003606974844590216
393	0.5072477967148933
394	0.23070406688591266
396	0.2531272250677866
398	0.2824321348799974
400	0.47812638998233875
402	0.030817575156477595
403	0.519619475962266
406	0.27700576668858734
410	0.5013255482049213
411	0.03241830448697464
412	0.023981809438346116
413	0.2638045329555661
415	0.03509075437172226
416	0.2148780272737817
417	0.033497924184378386
419	0.23456311402906818
420	0.24429586629166836
421	0.0704647630896481
422	0.0020060522259653137
423	0.5195332172816465
426	0.011270515238888185
427	0.02138623905954796
428	0.24519524900081469
429	0.017557882225633002
430	0.009476570150741524
431	0.2640170588566194
432	0.2614373100510385
434	0.028745039046019133
438	0.4929293046964624
439	0.2376291719510886
440	0.2624756203080115
441	0.5098235014914725
443	0.04087178605806743
445	0.3667879219964429
449	0.06074732157373825
450	0.2649986527367036
453	0.019264830096667414
454	0.244896931438069
456	0.008311814487305228
457	0.23962487969593388
458	0.017085569046499497
459	0.27406158525576496
461	0.2696455104430685
466	0.03370077481788393
468	0.49116637253405393
469	0.03414875239928777
470	0.5152871786998776
471	0.020326078999455634
472	0.03807375384059168
473	0.05383060241137004
474	0.2615896739977167
475	0.06222283415105631
478	0.008263979291287755
480	0.315394612119226
481	0.026709905897051855
482	0.3014385659193163
483	0.26007477432780846
484	0.03169262254304938
486	0.005756939707480372
487	0.2566405726195853
488	0.2607755296270619
489	0.01267607314942041
491	0.033863138286519275
492	0.26290683214596405
493	0.01342634645762597
494	0.013685097856458092
495	0.48427823161426914
496	0.02609134676234956
497	0.2699726958714836
503	0.2843128367202997
504	0.017892815234268285
505	0.05284598585072482
506	0.03099652761605689
508	0.24640661834550667
510	0.01174993556921353
511	0.06694230580758084
512	0.28157557620675605
513	0.04194806473557206
514	0.029828081515821205
515	0.24778804026756432
517	0.49140798994543167
518	0.01969392137941729
519	0.25606895886450354
520	0.32771975223635047
523	0.27616930018909364
525	0.3372330967390887
526	0.2160661898038549
528	0.06946742740896089
531	0.008781608422003592
532	0.2421520293138003
533	0.29261522634811943
534	0.26555186906204375
536	0.2826200135617398
537	0.01214163111147332
538	0.026889465994129946
539	0.03549570500293435
540	0.03604067888560626
543	0.002112851027669456
544	0.1787533010908858
546	0.2765774323585039
549	0.30289305241157527
550	0.26513930832762356
551	0.25036664944723624
552	0.25945310895579593
554	0.5261758359122641
555	0.26490549298438815
556	0.26798685533571476
557	0.26018297535744256
559	0.4795251797341096
563	0.47714359485554075
565	0.2456528391664906
569	0.27813482232200887
571	0.24860747241241088
573	0.002509690537066782
575	0.020298280600394923
576	0.5210010271948247
577	0.0241664278410356
578	0.3059824986142862
579	0.006725965261984365
580	0.004514760002749665
582	0.4737148331813773
583	0.031082270451835252
584	0.2826507654543118
586	0.022205750038516957
588	0.020537614813670384
589	0.3200680894441312
590	0.03828484735346416
592	0.2329060648704826
593	0.0359269168615145
594	0.4924455790866248
596	0.2837548939896982
597	0.22552250413391028
598	0.2433844637121001
599	0.2541621596543068
600	0.02280413182550254
602	0.2729121860279799
603	0.030759228812368714
605	0.48465791642507605
606	0.016808241583311102
609	0.1640562523866404
611	0.2572319946754942
612	0.5245241063538746
614	0.35433524250362997
616	0.26461529022751673
618	0.533038061313491
619	0.2781240958466026
620	0.28865092501089334
621	0.005472214564594791
622	0.020873668040342658
623	0.2695066084032599
625	0.03771992865682741
626	0.017215426431067344
629	0.27877301255799253
630	0.005282102625501335
632	0.05066527715762195
633	0.021927016064544513
635	0.23082866623559586
636	0.031483378832299444
637	0.35154073361327465
640	0.26371239576352684
641	0.01611601872898711
642	0.04766485000724946
643	0.2831452332227164
644	0.3002014127072326
645	0.009512327824508473
646	0.46654155907196115
647	0.028287922121745357
648	0.012292916717493007
649	0.29671703677157035
651	0.04896124987329105
652	0.22252625140366392
653	0.5460029258230984
654	0.487675628194438
655	0.009051661440302845
657	0.23909245442210997
658	0.2769210377273398
660	0.26140892724480386
661	0.26144088706023855
663	0.2548046669044956
665	0.036472350779485754
666	0.24421098136940528
667	0.03874149966686315
668	0.2404842187925793
669	0.061073361267349906
672	0.49451079469702663
673	0.298597930304958
674	0.21981968769973864
675	0.3030063057305384
676	0.26892973217717275
677	0.047687052730214036
678	0.5181084965002245
679	0.5141863455052003
680	0.5473650665134017
681	0.4507297449115291
682	0.04688657528586585
683	0.24978058825726826
684	0.5121222280444887
688	0.5028254534615929
689	0.27775894090007175
690	0.24588482610425041
691	0.28172718827671467
692	0.26449807874762277
694	0.28615323489954814
698	0.27317821707499956
700	0.28489258476924684
701	0.4962258681413645
702	0.5124986058715305
703	0.2890280888772116
704	0.04003524850446023
705	0.2942524767117479
706	0.4923756506388477
708	0.27854369440646154
709	0.4998737294230786
712	0.29022787097713193
714	0.2916395470918336
715	0.530974062537901
718	0.0027435883087907863
720	0.019388421105927006
721	0.014053063565616537
722	0.27967965608532536
723	0.31909912266090135
725	0.23777653612490574
726	0.4632205942105077
727	0.008328399838723431
728	0.23814646775203951
730	0.5092845383612722
731	0.002686026888428523
732	0.5392496036279654
733	0.008659518239377797
734	0.03253028649855203
735	0.27813482232200887
736	0.5591577085924174
737	0.03004402333601813
738	0.23108675790235228
739	0.02600544006238344
742	0.2498518492402751
746	0.04674811171651932
747	0.028587571678020618
749	0.03259472271836328
750	0.3027507801600672
751	0.5247157085457802
753	0.27829946805627703
754	0.26510632410240487
755	0.5351538293599125
756	0.03008994557464898
757	0.4857026018145208
759	0.29771491945591116
760	0.2522812751940297
762	0.29928654630860435
763	0.004731066735005316
764	0.2805075918700277
765	0.2543968350455866
766	0.017489528690596848
767	0.24341175092006373
768	0.3078861092583674
769	0.525551286725574
770	0.006863993792268201
771	0.017010911960202647
772	0.24260378978423236
773	0.2513762170669314
774	0.08887641624713852
775	0.033799573247852266
776	0.4718899508227654
777	0.5108530698522621
779	0.5113116362997752
780	0.2600067483357634
781	0.25513661527700915
784	0.25299004910596573
785	0.5556183132971511
786	0.23785593447262926
787	0.26054815032759887
788	0.035569340910621736
789	0.002639767077843292
791	0.2500734701807006
792	0.5153538961986344
793	0.4921694698241902
795	0.22029554530238252
797	0.31976194727335894
798	0.29967358306208847
799	0.48378021077667066
802	0.04296861767863922
803	0.2995844907345819
804	0.2747447443659644
806	0.04371574565882681
807	0.028690797351097832
810	0.23984005120108368
811	0.2983140512245936
815	0.029061849344515875
817	0.031064182824632646
819	0.013017021352091356
825	0.2833095545516167
829	0.28488566752399935
831	0.7418369725081517
832	0.5274483994075294
833	0.035586428938108816
834	0.2906484851936529
836	0.027396671203205086
837	0.4643171798317261
838	0.24677518074438615
839	0.5198531788279559
840	0.01880258210699688
844	0.021337484032809963
845	0.3111019705529976
847	0.01407391430028835
849	0.5279160947956577
850	0.2848572066443977
851	0.01944756900901688
852	0.28786210364018494
853	0.007767817593601643
854	0.00011744158890367867
855	0.00035776074934701363
858	0.23723691339608605
860	0.007532136844927963
861	0.03011214433111503
862	0.2611684727834081
863	0.03533791178679366
864	0.027645588969845862
868	0.25758053240728795
869	0.5018615090961328
870	0.2564951786141738
871	0.011873891906014074
872	0.249281997094474
873	0.020579683838852857
875	0.020381581911877725
876	0.49245426089986755
877	0.5044568846977868
878	0.016378263532985264
879	0.006501567883827112
880	0.004937163646863259
881	0.030479505814208874
882	0.008257005244309126
883	0.011398711388336417
885	0.2451589163462783
886	0.033225389855988136
887	0.013400530249543331
888	0.236729498259306
889	0.24904106075349863
891	0.009344865395478706
892	0.01764220285778502
893	0.5483535250441992
894	0.24630798828684924
895	0.7544122155264721
896	0.021140794206981024
897	0.26531915774128945
901	0.025757961161631773
902	0.26159823688737305
903	0.23727450303887018
906	0.2579812305517785
908	0.2426689911137226
909	0.26911458454092724
910	0.3009614035821052
912	0.22584929690124028
915	0.23405014099036797
917	0.007500042351203429
920	0.003409061478294371
921	0.01974944965337644
922	0.7040921496720403
923	0.013303407369745238
924	0.29231849386844805
927	0.03466872498349416
928	0.2512127495158938
930	0.04124403468439493
931	0.0015602550792369677
932	0.23258937851807188
933	0.23918353728415817
935	0.25961988179543655
936	0.2736595194424035
937	0.06993613776940526
938	0.007923583727178034
939	0.04142551249828885
940	0.24232798198480518
941	0.47632649905903396
942	0.4978873572887295
0	0.0
0	0.0
0	0.0
0	0.0
0	0.0
0	0.0
0	0.0
0	0.0
0	0.0
0	0.0
0	0.0
0	0.0
0	0.0
0	0.0
0	0.0
0	0.0
0	0.0
0	0.0
0	0.0
0	0.0
0	0.0
0	0.0
0	0.0
0	0.0
0	0.0
0	0.0
0	0.0
0	0.0
0	0.0
0	0.0
0	0.0
0	0.0
0	0.0
0	0.0
0	0.0
0	0.0
0	0.0
0	0.0
0	0.0
0	0.0
0	0.0
0	0.0
0	0.0
0	0.0
0	0.0
0	0.0
0	0.0
0	0.0
0	0.0
0	0.0
0	0.0
0	0.0
0	0.0
0	0.0
0	0.0
0	0.0
0	0.0
0	0.0
0	0.0
0	0.0
0	0.0
0	0.0
0	0.0
0	0.0
0	0.0
0	0.0
0	0.0
0	0.0
0	0.0
0	0.0
0	0.0
0	0.0
0	0.0
0	0.0
0	0.0
0	0.0
0	0.0
0	0.0
0	0.0
0	0.0
0	0.0
0	0.0
0	0.0
0	0.0
0	0.0
0	0.0
0	0.0
0	0.0
0	0.0
0	0.0
0	0.0
0	0.0
0	0.0
0	0.0
0	0.0
0	0.0
0	0.0
0	0.0
0	0.0
0	0.0
0	0.0
0	0.0
0	0.0
0	0.0
0	0.0
0	0.0
0	0.0
0	0.0
0	0.0
0	0.0
0	0.0
0	0.0
0	0.0
0	0.0
0	0.0
0	0.0
0	0.0
0	0.0
0	0.0
0	0.0
0	0.0
0	0.0
0	0.0
0	0.0
0	0.0
0	0.0
0	0.0
0	0.0
0	0.0
0	0.0
0	0.0
0	0.0
0	0.0
0	0.0
0	0.0
0	0.0
0	0.0
0	0.0
0	0.0
0	0.0
0	0.0
0	0.0
0	0.0
0	0.0
0	0.0
0	0.0
0	0.0
0	0.0
0	0.0
0	0.0
0	0.0
0	0.0
0	0.0
0	0.0
0	0.0
0	0.0
0	0.0
0	0.0
0	0.0
0	0.0
0	0.0
0	0.0
0	0.0
0	0.0
0	0.0
0	0.0
0	0.0
0	0.0
0	0.0
0	0.0
0	0.0
0	0.0
0	0.0
0	0.0
0	0.0
0	0.0
0	0.0
0	0.0
0	0.0
0	0.0
0	0.0
0	0.0
0	0.0
0	0.0
0	0.0
0	0.0
0	0.0
0	0.0
0	0.0
0	0.0
0	0.0
0	0.0
0	0.0
0	0.0
0	0.0
0	0.0
0	0.0
0	0.0
0	0.0
0	0.0
0	0.0
0	0.0
0	0.0
0	0.0
0	0.0
0	0.0
0	0.0
0	0.0
0	0.0
0	0.0
0	0.0
0	0.0
0	0.0
0	0.0
0	0.0
0	0.0
0	0.0
0	0.0
0	0.0
0	0.0
0	0.0
0	0.0
0	0.0
0	0.0
0	0.0
0	0.0
0	0.0
0	0.0
0	0.0
0	0.0
0	0.0
0	0.0
0	0.0
0	0.0
0	0.0
0	0.0
0	0.0
0	0.0
0	0.0
0	0.0
0	0.0
0	0.0
0	0.0
0	0.0
0	0.0
0	0.0
0	0.0
0	0.0
0	0.0
0	0.0
0	0.0
0	0.0
0	0.0
0	0.0
0	0.0
0	0.0
0	0.0
0	0.0
0	0.0
0	0.0
0	0.0
0	0.0
0	0.0
0	0.0
0	0.0
0	0.0
0	0.0
0	0.0
0	0.0
0	0.0
0	0.0
0	0.0
0	0.0
0	0.0
0	0.0
0	0.0
0	0.0
0	0.0
0	0.0
0	0.0
0	0.0
0	0.0
0	0.0
0	0.0
0	0.0
0	0.0
0	0.0
0	0.0
0	0.0
0	0.0
0	0.0
0	0.0
0	0.0
0	0.0
0	0.0
