1	0.23919065743822082
5	0.27730879521263974
6	0.5046945906101844
7	0.029338055526739237
8	0.2559660229471156
9	0.2550470393627684
10	0.5304408274585852
12	0.2510311370734025
14	0.27816189087852333
15	0.056646730490417886
17	0.2083024783691493
18	0.052206844893239984
20	0.03828267892335363
22	0.014674407904192107
23	0.04887413492188916
24	0.06776679304123365
25	0.26822553864067966
27	0.417814963816102
28	0.7443832393726554
30	0.06204443745242018
32	0.2670733752296385
33	0.4995596231732818
34	0.26776372131207943
35	0.5521959420330851
36	0.01329946820529614
37	0.3028581068494814
39	0.21023683726372272
40	0.008665229873817404
41	0.05828269065891662
44	0.24529734811658993
45	0.27947787534977964
46	0.01646270142998918
48	0.7578678825199153
50	0.01666352026633279
51	0.2822295284625708
52	0.0284918106813699
54	0.5134271032176283
55	0.25242962834627414
56	0.3152442175257326
57	0.7882675679544177
59	0.5384104548541254
60	0.5051321078998748
62	0.27761076253530903
63	0.23800282803671174
64	0.011665246405956804
65	0.035484542522058536
68	0.21093981946011253
69	0.2775729902665426
70	0.7753691868985696
71	0.4591005662923971
72	0.02972822688436722
73	0.3527397023965738
74	0.23657698050288722
76	0.256152315937721
77	0.04761533364710883
78	0.2735261039046757
79	0.047171181905901235
80	0.24902912488665008
81	0.05112439132505742
82	0.24666263357637624
83	0.5007654319677723
84	0.2502330200882716
86	0.2746237646124889
87	0.28254626389360177
88	0.05711357772681104
89	0.020508941433858677
91	0.7594019226918903
92	0.029573315470749543
95	0.25980332823812813
97	0.28724496988808446
100	0.7424646327879003
101	0.5317956385365595
102	0.03530266316990473
103	0.1788314823711146
106	0.33005703521478585
107	0.22702251305542015
109	0.27406764271529965
110	0.5075843949643009
111	0.19495005455743564
112	0.24948155946608666
114	0.2528472159960373
115	0.27712721649302335
117	0.047876998417754627
118	0.25969000308258133
119	0.30206502110494327
120	0.04590323514350604
121	0.11554834769616172
122	0.02104791777624103
124	0.010325634323009206
125	0.011573102664156582
126	0.26730265287297794
127	0.23934343157009003
128	0.2667881999548353
129	0.28321792678302116
131	0.3303865201240419
132	0.013984653140516203
133	0.008466302173442478
134	0.030734073272467063
136	0.07591313638546797
137	0.19657267364136377
138	0.2620423402550556
139	0.3055514883742075
141	0.3196761187913653
142	0.2774155550345905
143	0.29623417513545197
145	0.26163376396426585
147	0.035461183773388014
148	0.21553621738781328
149	0.04974742905112744
150	0.26510098358391687
151	0.04129765872666202
152	0.48348429045026764
153	0.11235620276094577
154	0.31443814642385326
155	0.2545403689116806
157	0.06006057686827078
158	0.2494151708748513
159	0.2868679498762288
160	0.2850933683502955
161	0.1784473752976279
163	0.23206684452527576
164	0.2988285134533263
166	0.01055755920793483
167	0.2727248354910614
168	0.0837639889457794
169	0.010713929329527468
170	0.3151383814767954
171	0.0006929935068007362
172	0.002419162051081322
173	0.2618658581207588
174	0.28579537813684175
175	0.28717380403281917
177	0.26901880665719746
179	0.2622931329563655
182	0.27200742474028744
186	0.2500098322110558
188	0.07431125797081553
190	0.5660712809271273
193	0.05599039720745242
194	0.2687949998308943
195	0.231965747350179
197	0.23601917031963612
198	0.026556011788559767
199	0.2635473787079954
200	0.020253783465731943
202	0.015920943817047117
203	0.316836132737617
204	0.09478781527233318
205	0.18825837246727437
206	0.37711667367561585
207	0.3126340849860836
210	0.2794868457663405
211	0.04218334200341548
212	0.10070509032123016
213	0.2407253454181365
215	0.012256861814845095
216	0.016452006928970312
217	0.24986537354191132
218	0.5296537735562173
219	0.5619360353514256
222	0.19943203495508252
224	0.013460149642391932
227	0.18745229147791545
228	0.09829309813120747
229	0.538639357514798
230	0.010184000434497506
231	0.055346724196472984
232	0.012650601999244511
233	0.057782838873412526
234	0.07051059239531765
238	0.2971704570146309
239	0.010810393190312014
240	0.055390653898926764
241	0.34501913752769925
242	0.025728143181328354
243	0.12042848425867458
244	0.02803517218882487
245	0.0072807689518236095
246	0.5649173521552769
247	0.27352610390467574
248	0.19807352500121128
249	0.0154449508939635
251	0.08549913784022141
252	0.29371720966608955
253	0.26503518800060627
254	0.5527187299487565
255	0.5300655864434721
256	0.2365065499515166
257	0.2935587991092815
258	0.2505428546676475
260	0.08016709973950968
261	0.27484726630859
263	0.02186295611169759
264	0.03387773173017615
265	0.006701659913256466
267	0.017123354893322
268	0.2652537229788217
270	0.02896595687009744
271	0.052963188137398476
272	0.022370557495116482
274	0.5255706573433023
275	0.2698812875201023
276	0.026713895556954116
277	0.21452335026952604
278	0.33665728104072856
281	0.7229514748866739
282	0.05174325476440868
283	0.04174913280482411
284	0.053766274033019576
285	0.041351052415212815
287	0.006350162078923048
288	0.26661924626367045
289	0.3503908022480113
290	0.20912590352982902
291	0.046638535150901814
292	0.07371594124813506
293	0.015604492212621859
294	0.2422361591484587
296	0.27967652384539304
297	0.2717144598218625
298	0.04992383759960938
299	0.2817493846724526
300	0.056142492810230316
301	0.029442345418192788
302	0.3443110531828733
306	0.03106539796539583
308	0.03378609168196098
309	0.2752564049211019
310	0.21052369447538644
312	0.27760814495209934
313	0.7451336975375293
314	0.02765097110890887
316	0.34487877058240024
317	0.04669441804010784
319	0.5004591900849105
320	0.24412151052460065
322	0.24209649471570865
323	0.031583952203131496
325	0.025591218052416858
326	0.2691108519821298
328	0.04808204151427932
329	0.056184998442075695
330	0.029668810712043366
331	0.4633912082930009
335	0.3045955944660041
336	0.2625662937169771
338	0.4854637464574847
345	0.3072616007579359
346	0.5256413477505638
347	0.0337444019195218
348	0.33982983489676716
349	0.0642003781961225
350	0.028947901689883974
351	0.013343125112405832
352	0.5235357211148215
353	0.22797547487805633
354	0.020637644379455814
355	0.036626644357207104
356	0.26853280523525364
357	0.23422863374096367
358	0.012796698108096968
359	0.24144624675563436
361	0.033890917342314086
362	0.04137850424656499
363	0.017696074193586903
364	0.2465794437335427
365	0.04859820649065606
366	0.014807688627667237
367	0.2704620941055167
368	0.03758107426301723
369	0.29746885173885784
370	0.04565677486368498
372	0.5339932420295881
373	0.00021925919080497888
375	0.297895298119472
376	0.25092930877124725
377	0.004968488013550345
379	0.2734470682838775
381	0.0026874800931618766
383	0.2724865235908687
384	0.008311201512681426
385	0.00288874983885741
386	0.01877839648828579
387	0.25722894689260856
388	0.011048065408454846
389	0.26339410432008564
390	0.023325449378674985
393	0.06026099130631587
394	0.026199557986520225
395	0.019147051423216703
396	0.24733874494807342
397	0.03659057706537673
398	0.05232613880255202
399	0.052905918476669825
401	0.4900954258962525
403	0.08310011001808286
404	0.01940488778793328
408	0.1890535156175066
409	0.25774110900494096
410	0.08933462852216204
411	0.3228987139426062
412	0.02134862491519794
413	0.2700468521493197
414	0.015751764261030882
415	0.030436587572300878
418	0.43754492848336024
419	0.24542772066300064
420	0.05339757537012024
421	0.2594999332579712
422	0.04006939392494811
424	0.0754893969370578
425	0.2360796665911616
426	0.49980247116560333
428	0.023617262247712184
429	0.07361473267446508
430	0.032175046330701645
431	0.2766234172226948
432	0.3168359929587617
435	0.5142402698138705
437	0.04058028829597188
439	0.042906001886144504
440	0.25851405998622107
441	0.2799230138355682
443	0.5324414884192596
444	0.008511396165478538
446	0.2815568294724673
449	0.26369404946203334
450	0.29267792629884093
451	0.5383157051709816
452	0.4124005383012788
453	0.03630327540998781
454	0.008369114162764105
455	0.22469833429356392
456	0.28505927328449027
459	0.28346448149690356
460	0.04476174358641222
462	0.5089021413875261
463	0.03003531375560048
465	0.03626300183675113
466	0.2607970327806923
467	0.28191438319335804
469	0.27429721249656003
470	0.3137701361670226
471	0.25123107482612766
472	0.5076900351245583
474	0.07089890048872806
475	0.005015393521858126
476	0.5429418019367869
478	0.004945747222890241
479	0.05886588572163341
481	0.489941571177103
482	0.2524033200144537
483	0.27544977662023834
484	0.5171397136373185
486	0.02933447526335165
487	0.02967666664224937
488	0.02328166446880501
489	0.22833333236618286
490	0.2796771211355426
491	0.005963819099235591
492	0.27322074315301403
493	0.03789258383259887
494	0.06837629410151629
496	0.3034175646407414
497	0.25138442579347137
498	0.044702400480593374
499	0.5058962610044462
500	0.03134166669536821
501	0.024767845832930874
503	0.03160128880494667
504	0.2723963620065698
505	0.5291157234890539
506	0.27308843928866533
507	0.021974894292499644
508	0.04209147594499285
509	0.43246071677036807
510	0.016584068533254163
511	0.5713806278345981
512	0.06870319414884629
513	0.4827793844332141
514	0.0032587384659160355
515	0.27300684669481096
516	0.4786130647173734
517	0.07085870210016834
520	0.061966559632658166
521	0.01410589680684153
522	0.04307761448966664
523	0.031652465458195056
524	0.037057553597342384
525	0.02585217056600612
528	0.30301979630245196
529	0.2989658913266312
530	0.5121316499788445
531	0.28843678360224034
533	0.27413355454990707
534	0.26926995289891753
535	0.021846450057668814
536	0.2592401034019644
537	0.01799418777750211
538	0.046559543585678057
540	0.5144179182642624
541	0.27193113675102115
543	0.2839559490036694
544	0.02119046782233243
545	0.7288432397212896
546	0.018568327890631897
547	0.011527657229566134
548	0.20391208964487323
549	0.2964972089949805
550	0.5742058587991207
552	0.2587952719450754
553	0.27496284662135323
554	0.2721619506746978
557	0.06572504057395485
558	0.00905545550803032
559	0.30473166252950284
561	0.021700533331379245
562	0.11032387457329129
563	0.3089329446089528
564	0.26193577290467135
565	0.5266466138148447
566	0.23809911736186642
568	0.2562044699773936
570	0.00268435471906759
571	0.029428136237356076
572	0.2837768538208312
573	0.051502244314034405
574	0.26893161850805536
575	0.5185785247001303
576	0.032226062973296506
577	0.023675695610771014
578	0.2376408039453824
579	0.0038499270272330244
580	0.502136381759487
582	0.0004031190323846856
583	0.5468830794261934
584	0.2557307729176944
586	0.5036385935370787
587	0.23693991748525123
588	0.251930212432244
590	0.2942432807818261
591	0.023154671470429572
592	0.04654593020159802
593	0.5136606661525475
594	0.0011317678637845947
596	0.5259027661750797
597	0.024368526047451156
598	0.03039148384257326
599	0.010720891112495436
600	0.2626053204516086
601	0.4556920044233956
602	0.04564110269492741
605	0.06938084805853564
607	0.25296391006438146
608	0.31118684614949194
609	0.24751102933471072
610	0.4879693868027516
611	0.27296586332641476
613	0.27712824659934915
615	0.022613851905962268
616	0.2465125781562818
617	0.16576982660705403
618	0.06467218022888163
619	0.25497720666260054
620	0.2647938070959448
621	0.4606354712848939
622	0.025165259438848106
623	0.23816035198512825
624	0.015160930798726869
625	0.25767870687801814
626	0.21972801904790354
627	0.3099437317961921
628	0.5027694588803489
629	0.006092450018036669
630	0.05091630153651634
631	0.18716888975628523
632	0.2882081912662951
633	0.22531035039175745
634	0.26593834712317843
637	0.2608795393268408
638	0.47444240245189817
639	0.24287065233400676
640	0.30142158921933593
642	0.5274542121760812
644	0.25729685900213917
645	0.28543384615022405
646	0.027409938707170955
648	0.466506226316751
650	0.2896433108598872
651	0.4416911110499972
653	0.0646711901374483
654	0.05470121167240858
655	0.05195623338062242
657	0.06555702028223849
660	0.3203421191833513
663	0.2399801395610388
666	0.051607132610124236
667	0.2815563891314209
668	0.0017403533074505442
671	0.0006705455076712954
673	0.28015017290352806
674	0.2706104889258845
675	0.22476257395347934
677	0.26539666043783794
679	0.05159726511689724
680	0.0066446845171195396
681	0.11109290735549202
682	0.029734873935043066
684	0.03305794846606065
686	0.05850444850185914
687	0.04976704587033415
689	0.5179366916411342
690	0.055922145274305515
691	0.2340214149136145
692	0.03522255803174614
694	0.026121020335943296
696	0.3141519096975587
697	0.48259670738948973
698	0.5199117185924527
699	0.27165389157670083
700	0.2706466354831347
701	0.2680327155717418
702	0.007276697674105631
703	0.2633876852302703
705	0.25697683511547775
706	0.02791884455993943
707	0.019348131701386023
708	0.5297599439208566
710	0.009659035623417613
711	0.04915069686347942
712	0.253377142056009
713	0.025330066148527897
714	0.4964429677254868
715	0.24538867760530936
716	0.26637933551862636
718	0.49099004111276107
719	0.5455001186811793
720	0.2809081223558204
721	0.005933438692417269
722	0.4970263102583692
723	0.445867776860987
724	0.37711667367561585
725	0.2730542136396134
727	0.013530192013492474
728	0.204894757425637
729	0.2747842335345992
731	0.05365785837220133
732	0.024323308245594175
733	0.051209268641511936
734	0.30937080846412807
735	0.2811776897829365
738	0.02166361648879299
740	0.23367598272246137
741	0.0719540423995747
742	0.01652725655568513
743	0.0069360012543730545
744	0.28052617439074234
745	0.0715961320827585
746	0.31336576310708547
747	0.04268016587601184
748	0.030682084056138807
749	0.2954100593484179
750	0.5012219808034899
751	0.08122510355499843
752	0.03837104751143085
754	0.021607357646897155
755	0.2613855502767332
756	0.29666440644588904
757	0.042365749421251576
758	0.021525852802105283
759	0.0030454298487456767
761	0.4641052646594207
762	0.2444016866636172
764	0.04477363378308767
765	0.010096615006021856
766	0.5201211309988706
769	0.0397939997778409
772	0.26259491796873546
774	0.09524949444288625
775	0.30103339986100147
778	0.4707522292671625
782	0.48698149998492646
783	0.0167269543892258
784	0.01619178308228721
785	0.25492871067797945
786	0.04094367684107619
787	0.002617146123353984
788	0.2964508323415291
789	0.24957180748092897
790	0.020847124209820253
791	0.30320152014419394
792	0.03725796787626398
796	0.4846502995031817
797	0.09032901287855842
798	0.03282553110135464
800	0.2449172184760872
801	0.30354413371797984
802	0.25385367097861516
803	0.07630844261328895
804	0.29350938975530905
807	0.054939141608943046
808	0.020481551372582542
809	0.5100639715520391
810	0.050317563743060775
811	0.5062990113731086
812	0.5372357795791933
813	0.5167929515122247
814	0.2305423968852538
815	0.03391161912092182
816	0.2508711140376218
817	0.0076692316526227634
818	0.49409002003187064
819	0.2592659579356156
820	0.020510819883190694
821	0.05353065536177948
822	0.27463164245422644
824	0.3131707454459708
825	0.5075984519037311
826	0.48876401812141274
827	0.2368334320246088
828	0.25143715938736605
829	0.05555697942920768
830	0.3129578198205922
831	0.01939588470566627
832	0.04348871923609952
834	0.5249349859941896
837	0.06772228047723869
838	0.03396865106205915
840	0.04163491821700048
841	0.2465573132686458
842	0.21854662765977964
844	0.042085043453105
845	0.08883539131132527
846	0.2474587077975609
847	0.48120906489962556
848	0.2640950069181324
849	0.023325449378674985
850	0.2921317113932266
851	0.025476791449990037
852	0.30704896339120047
855	0.2521664198243644
856	0.7407887775789294
857	0.09123290720931146
858	0.02764945687173814
859	0.2536806567925951
860	0.24393686248574104
862	0.27240726332202303
863	0.5562194663552918
864	0.04522384619312882
867	0.265079598478261
868	0.004654127037916279
872	0.5341398898402683
873	0.2974122847139484
874	0.07479577767273038
875	0.24236160942081197
876	0.041034591839666165
877	0.028302487302243606
878	0.281300970018421
879	0.23207474753149376
880	0.31128375410615144
881	0.5078983248409754
882	0.04664042091757348
886	0.0027704542283769756
887	0.270761232322059
888	0.31523232301434934
889	0.0486576383040324
890	0.007068872993219247
891	0.006399305113982769
892	0.26751623167431954
893	0.04631609887838534
895	0.05714030191585047
896	0.018000152736066286
897	0.06885726574218673
900	0.2064989017516566
901	0.21604874497954468
902	0.024197370796345062
903	0.05405311777307367
904	0.02445214446667609
905	0.18331915833745702
906	0.048732837125135334
911	0.2814327791587983
914	0.07298244742389134
915	0.07121139271749607
920	0.2711076832598146
921	0.4878384508048154
923	0.5439338425852047
925	0.27994791848357764
926	0.23042085648716318
927	0.5019731556680368
929	0.05937211469957477
930	0.4960434862274817
931	0.03778857894877575
932	0.07126840809626785
933	0.06860297535193395
935	0.5270692361870859
936	0.27755248230480084
937	0.21545868561045423
938	0.05044410803471491
939	0.27503839273619357
941	0.3342132678066493
943	0.25603985841116644
0	0.0
0	0.0
0	0.0
0	0.0
0	0.0
0	0.0
0	0.0
0	0.0
0	0.0
0	0.0
0	0.0
0	0.0
0	0.0
0	0.0
0	0.0
0	0.0
0	0.0
0	0.0
0	0.0
0	0.0
0	0.0
0	0.0
0	0.0
0	0.0
0	0.0
0	0.0
0	0.0
0	0.0
0	0.0
0	0.0
0	0.0
0	0.0
0	0.0
0	0.0
0	0.0
0	0.0
0	0.0
0	0.0
0	0.0
0	0.0
0	0.0
0	0.0
0	0.0
0	0.0
0	0.0
0	0.0
0	0.0
0	0.0
0	0.0
0	0.0
0	0.0
0	0.0
0	0.0
0	0.0
0	0.0
0	0.0
0	0.0
0	0.0
0	0.0
0	0.0
0	0.0
0	0.0
0	0.0
0	0.0
0	0.0
0	0.0
0	0.0
0	0.0
0	0.0
0	0.0
0	0.0
0	0.0
0	0.0
0	0.0
0	0.0
0	0.0
0	0.0
0	0.0
0	0.0
0	0.0
0	0.0
0	0.0
0	0.0
0	0.0
0	0.0
0	0.0
0	0.0
0	0.0
0	0.0
0	0.0
0	0.0
0	0.0
0	0.0
0	0.0
0	0.0
0	0.0
0	0.0
0	0.0
0	0.0
0	0.0
0	0.0
0	0.0
0	0.0
0	0.0
0	0.0
0	0.0
0	0.0
0	0.0
0	0.0
0	0.0
0	0.0
0	0.0
0	0.0
0	0.0
0	0.0
0	0.0
0	0.0
0	0.0
0	0.0
0	0.0
0	0.0
0	0.0
0	0.0
0	0.0
0	0.0
0	0.0
0	0.0
0	0.0
0	0.0
0	0.0
0	0.0
0	0.0
0	0.0
0	0.0
0	0.0
0	0.0
0	0.0
0	0.0
0	0.0
0	0.0
0	0.0
0	0.0
0	0.0
0	0.0
0	0.0
0	0.0
0	0.0
0	0.0
0	0.0
0	0.0
0	0.0
0	0.0
0	0.0
0	0.0
0	0.0
0	0.0
0	0.0
0	0.0
0	0.0
0	0.0
0	0.0
0	0.0
0	0.0
0	0.0
0	0.0
0	0.0
0	0.0
0	0.0
0	0.0
0	0.0
0	0.0
0	0.0
0	0.0
0	0.0
0	0.0
0	0.0
0	0.0
0	0.0
0	0.0
0	0.0
0	0.0
0	0.0
0	0.0
0	0.0
0	0.0
0	0.0
0	0.0
0	0.0
0	0.0
0	0.0
0	0.0
0	0.0
0	0.0
0	0.0
0	0.0
0	0.0
0	0.0
0	0.0
0	0.0
0	0.0
0	0.0
0	0.0
0	0.0
0	0.0
0	0.0
0	0.0
0	0.0
0	0.0
0	0.0
0	0.0
0	0.0
0	0.0
0	0.0
0	0.0
0	0.0
0	0.0
0	0.0
0	0.0
0	0.0
0	0.0
0	0.0
0	0.0
0	0.0
0	0.0
0	0.0
0	0.0
0	0.0
0	0.0
0	0.0
0	0.0
0	0.0
0	0.0
0	0.0
0	0.0
0	0.0
0	0.0
0	0.0
0	0.0
0	0.0
0	0.0
0	0.0
