1	0.3687072378599042
2	0.29330757767664817
3	0.30809076282912407
4	0.017018635359456975
6	0.06957876838212097
10	0.06161073257551692
13	0.06940981829508536
14	0.5397405257836453
18	0.04757242517073153
19	0.03364802793903203
23	0.3157239218128768
25	0.05171287150652299
26	0.1366405692330652
30	0.06100956132781479
31	0.28505312768878605
33	0.231334811514732
35	0.23979923927099606
36	0.24279436027309081
37	0.0778367818063313
38	0.26085095607614706
39	0.08960370783420557
40	0.5061488857704901
44	0.09938787185152666
45	0.01818535185152071
49	0.06000577957119639
52	0.0010483430107276759
53	0.2000294955131216
58	0.04538402096326678
60	0.3059862527891093
61	0.22952976426105287
62	0.2854540454964995
63	0.3405299654409838
65	0.24117935577744926
67	0.011701983938469752
69	0.2590526876928771
72	0.26241382741786073
73	0.041921155917688635
74	0.28483432876939835
82	0.06987967152470256
83	0.25460757301747133
85	0.30251973646431585
87	0.2554208079555247
90	0.3010834029383675
91	0.024447983518924927
94	0.09496218677027213
95	0.002939249535027621
96	0.28336732925690633
97	0.01540591860115273
99	0.0029846861126508334
100	0.04714135730373346
104	0.1348153823635018
105	0.32524049308256425
106	0.2653698640342645
109	0.00898257313596796
110	0.24447649406064692
111	0.5267345111357349
112	0.0009779448599532836
113	0.07130998909252151
121	0.4907243313537051
129	0.06837852762167343
132	0.2934194766639074
136	0.08209568537087404
137	0.2797430794256141
140	0.5051470278985887
141	0.28751316913526825
143	0.2263885727285534
144	0.044742256950279426
146	0.24638542259772211
147	0.0300448431689112
148	0.27131029845848303
150	0.21843939301351173
151	0.49358877351018443
153	0.11243371800598104
159	0.2611332063536672
160	0.08235630614761164
162	0.018879043020690503
164	0.2122790372381136
166	0.0001242902138497981
167	0.0029942154003545496
168	0.03111354113528387
170	0.27401808210801265
172	0.5306582750914599
173	0.29736268611244776
174	0.01575808384954584
175	0.0015457631167590004
176	0.011464168018894765
177	0.27406226644687887
179	0.5098942588650288
182	0.0053585561230811395
184	0.5580189000230589
185	0.009606669546670624
186	0.034070353890772884
188	0.29385363962938155
189	0.3061612743643694
191	0.022518682379086812
201	0.24814663644815915
202	0.026386163569951313
205	0.18628701486799784
206	0.3545809095507244
207	0.06725384415595236
209	0.09784772745014071
210	0.31380657028715586
214	0.0494133666800859
216	0.04868624848831478
217	0.011610522088577782
218	0.26946179296496187
221	0.010874809887590486
222	0.3312283431949098
224	0.248710086354787
226	0.10962692717899924
228	0.1688597069188383
230	0.212413095949404
234	0.08425913005448539
235	0.013191098673333908
236	0.019669067006947143
237	0.0022295269082645633
239	0.3382053596740867
240	0.09174465518541815
242	0.2474816093559148
243	0.07555220847341154
248	0.3224933950931639
252	0.03663121324334219
253	0.012731014387347372
256	0.2861729992692043
257	0.04544601583429862
259	0.04242100072353753
264	0.26897358344203925
265	0.052887468631609987
267	0.06377645633662413
268	0.06936984230500512
269	0.553072505009089
271	0.3192453587535892
272	0.5172082546875499
280	0.04508095448750866
284	0.06152070536531902
285	0.5456644448522567
286	0.28217583742634306
288	0.023623189175496842
291	0.007579572463450972
292	0.05152162380441677
293	0.3636254938376684
295	0.06395554865250472
297	0.561966584518375
298	0.23586181939759587
299	0.07526317130683668
303	0.10857003135396442
308	0.34994190702304184
309	0.21775367511199034
310	0.03924193716441807
311	0.06886584013673733
312	0.7547073345107033
313	0.31490391334202916
315	0.02462553657110967
316	0.07076112102941007
317	0.027300969756793747
320	0.026454668663852765
321	0.2412325871604158
322	0.5235232723966289
326	0.292129732186002
327	0.027737536407631366
328	0.05071920224090434
329	0.2916180640099315
330	0.009811848717483806
331	0.5258472916767177
332	0.04832522908657464
333	0.02005734857248794
334	0.3168884535380316
337	0.02995793146522247
338	0.3308518324724722
339	0.3393323554520203
340	0.2238311403336623
342	0.28584818366515974
344	0.36270113019054034
346	0.2203460112478845
350	0.03775650366350041
351	0.010520559530903743
352	0.02888000865173145
354	0.2892383785403822
358	0.015703755533922045
360	0.07109603977835505
361	0.540623623671559
362	0.08139067082286328
363	0.297164919527647
364	0.3191476878097529
365	0.22361781031464906
367	0.03724832847037149
368	0.013821617762017138
370	0.25681151148452086
372	0.03664357655397253
373	0.04026051470333501
374	0.06962234737649237
379	0.29580256735426863
380	0.5186784861979562
381	0.07280027712334791
382	0.039072822231390046
383	0.009433351412024407
384	0.08063178785125819
385	0.5305017715294355
387	0.3275975763629684
388	0.27462572622027753
389	0.3202558601812903
390	0.2993623573474305
392	0.05269781714441292
393	0.000872128396324244
397	0.07022909988662542
399	0.07722826765900268
400	0.0029501941282124577
403	0.2360476944666024
404	0.34490446562202115
406	0.3081286307405635
407	0.07204188396947785
408	0.0689564623126729
409	0.06212654482061737
414	0.08402554225576175
415	0.012450628957357289
416	0.339246809119125
420	0.07967959225879687
421	0.029841581171666742
423	0.27455941503636877
425	0.10389196915999746
426	0.3055478333518207
428	0.5487974096005088
429	0.07532625362582906
430	0.5529591455709014
431	0.01673754821371351
434	0.20959862358576392
436	0.049068490176713844
437	0.2867841560777322
440	0.010994300764399698
444	0.005771070515114295
445	0.32375162724687384
446	0.25505759439870657
447	0.11990299702307236
448	0.2780877378243823
451	0.07270015316843177
452	0.2548838537698211
454	0.04254255180697841
456	0.32112619987382585
457	0.07664208901834363
458	0.5495367972094757
460	0.06801424731711127
461	0.2132341347146992
462	0.012108601657935245
463	0.41387356274611353
466	0.03256552741923565
467	0.5525375496897035
469	0.5119637348145717
473	0.22211846034037439
474	0.2842568369710351
475	0.4846127732451151
478	0.0166808308341089
479	0.09711747915586237
480	0.5142616208504059
481	0.00658975760869808
484	0.040629830309559856
485	0.34750351461071743
486	0.34071352946160366
488	0.028347929361143616
489	0.2772478938545989
490	0.3375744102416077
491	0.2997676934702126
498	0.29801472486227076
499	0.3167091180384647
500	0.0974031526444055
501	0.02638518859607951
502	0.012650601999244511
504	0.27131003239088697
505	0.23391484685482045
508	0.04814615561787154
509	0.11683656193476595
510	0.024112121755965166
514	0.05814977889288825
515	0.2043625791183573
516	0.02549187888421632
518	0.24987454295654637
519	0.04241403584632079
523	0.001307841754452005
526	0.3347998410598294
527	0.026919031213617627
528	0.029803421130387572
529	0.0037528389960215097
530	0.013912427891315755
531	0.08341103109556852
533	0.2540327341630882
535	0.26196101715355347
536	0.037401628589105715
537	0.09103742021728478
538	0.0002856600067070725
539	0.003918644741961005
541	0.01843966546422137
542	0.37930850436522817
543	0.3062714283965824
545	0.019524298992645555
547	0.11117241414282408
548	0.27855400620599313
553	0.31174575667115845
556	0.0002530386077921748
557	0.0392939354862674
558	0.013627747243224762
559	0.2665602307940857
560	0.3150220966350307
561	0.09829897755174957
562	0.0373716791792162
565	0.029681201188518868
566	0.30676542789390093
567	0.3119749439411936
568	0.03786302654575465
569	0.05238119086426575
570	0.2975375702188861
571	0.2902765926013266
572	0.3128714896325093
573	0.06945394739712607
575	0.07479633901933735
579	0.01147128392240429
583	0.2402135675789597
585	0.0038198188327106114
586	0.016515462817745255
587	0.04338188433043458
590	0.06357163817923134
591	0.24566609982062818
596	0.22360478825686106
597	0.2024706654854078
600	0.06108990440500396
601	0.09901475734235515
604	0.055977073941432066
606	0.0953173395064805
607	0.24085720029906588
608	0.26385630157012324
609	0.0542585286829199
611	0.016620992841698
612	0.008303155135912677
613	0.07754422316293123
615	0.05883218129593247
616	0.05520427220350961
617	0.5668440992062883
619	0.25465262927095145
621	0.001389449141513982
623	0.0012351137233208992
624	0.058085390824398134
626	0.11063622932287012
627	0.050384193784510235
628	0.29204439685904043
629	0.00623492320447103
633	0.24364222355161902
634	0.06182091380543643
635	0.2987551025881376
636	0.01294480738710322
637	0.2246904532156243
638	0.019812214241604426
639	0.3243479871396974
641	0.28412574295542775
643	0.28749267458719274
645	0.546286128851978
646	0.04233259226900425
648	0.3209404296435597
649	0.26877623135498696
650	0.3261009230750895
651	0.3091706988954462
654	0.3125228924279866
658	0.291099528780687
659	0.058032059364449724
660	0.0005306638531871258
661	0.029802181103285127
664	0.07461312143780105
665	0.05707185479415727
666	0.08599908151621607
667	0.007004408050998289
668	0.11687636169675292
669	0.31632888277629134
670	0.49811688032913026
675	0.037256624267658564
676	0.2816139890991953
677	0.016610314675780932
678	0.024960876796736753
679	0.03003265103547101
680	0.008209614184005343
683	0.04888636682602199
684	0.0065440086385221
686	0.06355491188240796
688	0.27192000551596773
689	0.013252527463967621
690	0.032091329239256935
693	0.06477489026638114
695	0.08544737463007403
696	0.09430173418259893
697	0.10353802965321404
700	0.23158976037148069
704	0.2787625970640187
707	0.2842619089770637
710	0.28863408807154833
711	0.3406388733829547
713	0.3381185123785772
714	0.22623183545151612
716	0.06459742711741168
718	0.06345631231204588
719	0.008156545703748151
720	0.2975770584794772
722	0.04850665178945879
724	0.3545809095507244
728	0.19769275350587215
729	0.02980183888619589
730	0.004639736532627274
731	0.014401180739508801
732	0.03582391218810314
733	0.34100243153465
735	0.27192000551596773
737	0.03894766499741925
739	0.01954976198159232
740	0.3165337248321511
741	0.32989624146676083
742	0.019183281866136277
743	0.09726429293222028
744	0.5722259187200024
745	0.3635742318267016
747	0.07818517609161246
748	0.32125915562898233
750	0.01482175076639419
752	0.4994213847443721
755	0.23002862204467592
757	0.3127345726868427
758	0.3283960003133159
759	0.24237906098086495
762	0.3185633341875391
763	0.26563887459019914
764	0.04432386879704675
765	0.016958819988153663
766	0.08871358923123748
770	0.04518327726020789
771	0.04162517710276556
772	0.3087175101199631
773	0.09136682807304199
774	0.19822834163879624
775	0.007934161304396427
777	0.026728589887092938
781	0.07517554543620286
783	0.05376945917471654
784	0.28375361788411235
787	0.06627904866293743
788	0.06176254340803659
789	0.0025803157785819417
793	0.29588096143121445
795	0.07528584541349012
796	0.30163814438354564
799	0.0009361594520104002
800	0.017620878544412938
801	0.040504420548564325
802	0.024843038603283123
804	0.014390815510822899
805	0.08800406000628207
806	0.09246000953227407
807	0.046443457155914025
808	0.09922905045968486
809	0.07056425879965333
812	0.03187582467157876
814	0.04014415960088675
819	0.3144395784175539
820	0.11535812365153397
821	0.31945518982952903
822	0.04505490729557039
823	0.06978938588340741
824	0.2706471437559183
825	0.23915882518781675
827	0.06840909476466127
828	0.11171678731961036
829	0.006643937811827795
830	0.11371461565075922
833	0.322953405040152
836	0.3021782639147807
837	0.2569445624141877
838	0.2327314694503806
839	0.04089393600944358
840	0.28737566170482665
841	0.3453620000846543
842	0.10348646740121314
843	0.5023846897984874
846	0.579858956514401
847	0.23642717496353338
848	0.0920460336354882
851	0.0639518395605953
853	0.5664709992485574
855	0.04575186889237531
864	0.058929126365789175
865	0.470147982056933
867	0.3565261743911857
870	0.07161559670565217
871	0.07493681128712779
874	0.11241969552983506
875	0.022447768819376133
876	0.03548335823159065
878	0.016746971023000046
880	0.08907710419372812
881	0.29963068854612074
882	0.083061940923431
883	0.30347914930400655
886	0.10327381942214327
887	0.3520530235075999
889	0.02516772169173399
890	0.26184022836892357
892	0.3131559270926002
894	0.02771859517308211
896	0.0782410861544845
898	0.01536888982147084
899	0.30594299537695974
903	0.2576360658028873
905	0.33285109260676465
908	0.2957257618003448
911	0.23078418153810218
913	0.29490237493588245
916	0.13443852166654396
918	0.5612631223978684
919	0.3101594555105397
922	0.3244921519195898
924	0.05726956170137309
925	0.03194550415824685
927	0.026804441518548393
928	0.027827361904249566
930	0.020286609874372176
931	0.30534959484336377
932	0.33846834927737796
933	0.07663869014003297
934	0.30192442485493126
935	0.012318784678782519
936	0.025469753116086905
937	0.443793239862944
938	0.024855274640752767
940	0.30145245577989
941	0.027617730223005395
942	0.051679425808382036
943	0.008979884359041006
0	0.0
0	0.0
0	0.0
0	0.0
0	0.0
0	0.0
0	0.0
0	0.0
0	0.0
0	0.0
0	0.0
0	0.0
0	0.0
0	0.0
0	0.0
0	0.0
0	0.0
0	0.0
0	0.0
0	0.0
0	0.0
0	0.0
0	0.0
0	0.0
0	0.0
0	0.0
0	0.0
0	0.0
0	0.0
0	0.0
0	0.0
0	0.0
0	0.0
0	0.0
0	0.0
0	0.0
0	0.0
0	0.0
0	0.0
0	0.0
0	0.0
0	0.0
0	0.0
0	0.0
0	0.0
0	0.0
0	0.0
0	0.0
0	0.0
0	0.0
0	0.0
0	0.0
0	0.0
0	0.0
0	0.0
0	0.0
0	0.0
0	0.0
0	0.0
0	0.0
0	0.0
0	0.0
0	0.0
0	0.0
0	0.0
0	0.0
0	0.0
0	0.0
0	0.0
0	0.0
0	0.0
0	0.0
0	0.0
0	0.0
0	0.0
0	0.0
0	0.0
0	0.0
0	0.0
0	0.0
0	0.0
0	0.0
0	0.0
0	0.0
0	0.0
0	0.0
0	0.0
0	0.0
0	0.0
0	0.0
0	0.0
0	0.0
0	0.0
0	0.0
0	0.0
0	0.0
0	0.0
0	0.0
0	0.0
0	0.0
0	0.0
0	0.0
0	0.0
0	0.0
0	0.0
0	0.0
0	0.0
0	0.0
0	0.0
0	0.0
0	0.0
0	0.0
0	0.0
0	0.0
0	0.0
0	0.0
0	0.0
0	0.0
0	0.0
0	0.0
0	0.0
0	0.0
0	0.0
0	0.0
0	0.0
0	0.0
0	0.0
0	0.0
0	0.0
0	0.0
0	0.0
0	0.0
0	0.0
0	0.0
0	0.0
0	0.0
0	0.0
0	0.0
0	0.0
0	0.0
0	0.0
0	0.0
0	0.0
0	0.0
0	0.0
0	0.0
0	0.0
0	0.0
0	0.0
0	0.0
0	0.0
0	0.0
0	0.0
0	0.0
0	0.0
0	0.0
0	0.0
0	0.0
0	0.0
0	0.0
0	0.0
0	0.0
0	0.0
0	0.0
0	0.0
0	0.0
0	0.0
0	0.0
0	0.0
0	0.0
0	0.0
0	0.0
0	0.0
0	0.0
0	0.0
0	0.0
0	0.0
0	0.0
0	0.0
0	0.0
0	0.0
0	0.0
0	0.0
0	0.0
0	0.0
0	0.0
0	0.0
0	0.0
0	0.0
0	0.0
0	0.0
0	0.0
0	0.0
0	0.0
0	0.0
0	0.0
0	0.0
0	0.0
0	0.0
0	0.0
0	0.0
0	0.0
0	0.0
0	0.0
0	0.0
0	0.0
0	0.0
0	0.0
0	0.0
0	0.0
0	0.0
0	0.0
0	0.0
0	0.0
0	0.0
0	0.0
0	0.0
0	0.0
0	0.0
0	0.0
0	0.0
0	0.0
0	0.0
0	0.0
0	0.0
0	0.0
0	0.0
0	0.0
0	0.0
0	0.0
0	0.0
0	0.0
0	0.0
0	0.0
0	0.0
0	0.0
0	0.0
0	0.0
0	0.0
0	0.0
0	0.0
0	0.0
0	0.0
0	0.0
0	0.0
0	0.0
0	0.0
0	0.0
0	0.0
0	0.0
0	0.0
0	0.0
0	0.0
0	0.0
0	0.0
0	0.0
0	0.0
0	0.0
0	0.0
0	0.0
0	0.0
0	0.0
0	0.0
0	0.0
0	0.0
0	0.0
0	0.0
0	0.0
0	0.0
0	0.0
0	0.0
0	0.0
0	0.0
0	0.0
0	0.0
0	0.0
0	0.0
0	0.0
0	0.0
0	0.0
0	0.0
0	0.0
0	0.0
0	0.0
0	0.0
0	0.0
0	0.0
0	0.0
0	0.0
0	0.0
0	0.0
0	0.0
0	0.0
0	0.0
0	0.0
0	0.0
0	0.0
0	0.0
0	0.0
0	0.0
0	0.0
0	0.0
0	0.0
0	0.0
0	0.0
0	0.0
0	0.0
0	0.0
0	0.0
0	0.0
0	0.0
0	0.0
0	0.0
0	0.0
0	0.0
0	0.0
0	0.0
0	0.0
0	0.0
0	0.0
0	0.0
0	0.0
0	0.0
0	0.0
0	0.0
0	0.0
0	0.0
0	0.0
0	0.0
0	0.0
0	0.0
0	0.0
0	0.0
0	0.0
0	0.0
0	0.0
0	0.0
0	0.0
0	0.0
0	0.0
0	0.0
0	0.0
0	0.0
0	0.0
0	0.0
0	0.0
0	0.0
0	0.0
0	0.0
0	0.0
0	0.0
0	0.0
0	0.0
0	0.0
0	0.0
0	0.0
0	0.0
0	0.0
0	0.0
0	0.0
0	0.0
0	0.0
0	0.0
0	0.0
0	0.0
0	0.0
0	0.0
0	0.0
0	0.0
0	0.0
0	0.0
0	0.0
0	0.0
0	0.0
0	0.0
0	0.0
0	0.0
0	0.0
0	0.0
0	0.0
0	0.0
0	0.0
0	0.0
0	0.0
0	0.0
0	0.0
0	0.0
0	0.0
0	0.0
0	0.0
0	0.0
0	0.0
0	0.0
0	0.0
0	0.0
0	0.0
0	0.0
0	0.0
0	0.0
0	0.0
0	0.0
0	0.0
0	0.0
0	0.0
0	0.0
0	0.0
0	0.0
0	0.0
0	0.0
0	0.0
0	0.0
0	0.0
0	0.0
