1	0.056596489086800095
2	0.07709479143710771
4	0.027016477555976824
5	0.06035811485423042
6	0.29108668502842366
7	0.4888305848287971
8	0.26113009938310683
10	0.28379487895237077
13	0.5780926964659369
14	0.2818733541361412
15	0.016220643617766498
16	0.010800371944890315
18	0.27833484043960016
19	0.22501457213415374
20	0.2230004174915876
21	0.5612864101867289
22	0.54464002694149
23	0.2642116874044476
24	0.026505207054289992
26	0.3336050684915415
28	0.016737815101014533
29	0.2838985839725414
32	0.018638121069157035
37	0.28169223528784093
38	0.541939075868583
39	0.07373260372277113
40	0.047512499116226486
41	0.024899149450353833
42	0.2817425696157041
43	0.2884443077575438
44	0.3209990830559625
45	0.07113452441514306
47	0.031213687627521455
49	0.021813837540239953
50	0.014870022197025018
51	0.03080231438528623
52	0.011827820205529568
54	0.2684591551195592
55	0.020277151887619006
56	0.03396078286610798
57	0.020669969421789683
58	0.044738372839580404
59	0.018917011851321136
60	0.2817968187898902
63	0.1781727355205145
64	0.0049058357774963285
70	0.04094039437189224
71	0.0016279124706680762
72	0.008962832769524476
73	0.02430199557410856
74	0.057342018328086546
75	0.023471570892810135
76	0.2991091073526952
77	0.013143775082423273
79	0.24071504072693378
80	0.08194915934522601
81	0.2497179272349036
82	0.2776631234858817
84	0.28470177933979035
85	0.28253742916576935
86	0.030445793175915295
87	0.040786267737394126
88	0.036313174059406914
90	0.29564190899426707
92	0.525353185261252
93	0.11445626434425357
94	0.5006320207074499
95	0.027712434804055774
96	0.034821482974524406
98	0.2923318603910738
99	0.2421520293138003
102	0.51819867714657
103	0.00423395251637914
104	0.3607492049024139
105	0.08117592882408771
106	0.005620635825715564
108	0.2992777620956049
109	0.004508204431402221
110	0.037003495448611694
114	0.3178815896366014
116	0.5334067779032662
117	0.020129519137007695
119	0.2625764826203058
120	0.018430569381285893
121	0.01514316960407272
123	0.2789083431934011
125	0.0382162555296295
128	0.026159248396945944
129	0.08063432348941904
130	0.2697770555416216
132	0.05554333124981268
133	0.009006011502125405
134	0.25686360713229417
135	0.03891974116989823
136	0.28868821955785817
138	0.03686319736554604
139	0.04580500532334296
140	0.05371505634491823
142	0.2319771612646922
145	0.07944825027275737
147	0.0047996926441550986
149	0.2831002195395866
151	0.011540967040249019
156	0.2589004647526444
157	0.2723719195877256
158	0.5146100010025769
159	0.0019360186570216917
160	0.03842798072247697
162	0.028810277091365792
165	0.5154020563838997
167	0.30934507761804414
172	0.022378017007936186
173	0.04347676486716982
174	0.26655305599423423
175	0.007786029821767744
177	0.047130354019031206
178	0.5043032051021474
179	0.025421137150746335
180	0.03571863597631382
182	0.25904205889142135
183	0.06017309242623092
184	0.2884112197280938
186	0.039398473055117345
188	0.528278441258462
189	0.013862834177726373
190	0.006129594850631678
192	0.006125418806035121
193	0.5064637193158477
194	0.5074429169338387
195	0.023158307816606112
197	0.10205866131802707
198	0.21223080984984363
200	0.5211418939782269
201	0.0032144240453207407
204	0.07513734939840729
207	0.2874977384106182
210	0.043753743598552525
211	0.20715416729810826
212	0.04519835449993458
213	0.011857323110222952
214	0.511082179326462
215	0.2330107421894429
216	0.3035599082610172
218	0.31952134730558035
219	0.0017793429179477488
220	0.0013432407558090706
221	0.013640081530550997
222	0.009928739562497159
223	0.04819319038354014
225	0.25803257177718536
226	0.3257274291037481
227	0.05806491876064243
228	0.06180062789853597
229	0.011114262085209319
230	0.011300864249963738
231	0.27781230150509345
233	0.25320477679489983
234	0.7455134113385364
235	0.2678126100669327
236	0.7753728159421222
237	0.29385390362594466
238	0.26548115490119056
239	0.06486139854684425
240	0.3082243655019643
241	0.09356329417263246
243	0.22272618134883312
244	0.25396554146505823
245	0.018357792577104223
246	0.24195546723392564
247	0.003369224807619607
249	0.5272895651509011
250	0.2869010057284377
251	0.211814439262639
252	0.2497362195332444
253	0.28917414385480117
254	0.039063051022717454
256	0.32381767860290794
258	0.06452444593381514
259	0.5348307520531096
260	0.06347610351680785
261	0.0026402399727055714
262	0.2435002784996475
263	0.0061180479238062
264	0.02540910741331919
267	0.781980809166846
268	0.5583527531778167
269	0.22493176621778999
270	0.23516369813912436
271	0.5282608321303509
276	0.5380288753933796
278	0.1958903295451764
280	0.5396228302139906
282	0.007415711737612955
284	0.07282835703509513
289	0.12126072366048737
290	0.014190882365161472
291	0.006388118583915622
292	0.22860511381125084
293	0.27299242151742475
294	0.24709035093628515
295	0.2792183550427562
296	0.026217984915294437
298	0.022841972135367317
299	0.549054241146743
301	0.2621802500488181
302	0.2738622325177819
303	0.5251435858829694
305	0.2568010455029129
306	0.006691621322805111
307	0.03436457199877131
308	0.057340956403862456
313	0.053479465806715185
314	0.268605742813975
315	0.30591934124623016
316	0.23152974527028197
318	0.005370198185314083
320	0.30020406349386947
321	0.5294406317911964
322	0.05990720436434029
323	0.029133815281745357
325	0.7652995038627811
326	0.05168457692255766
327	0.49001326027369607
328	0.5173172617805426
329	0.5233236522319223
332	0.30563928832058496
334	0.03529278818253241
336	0.025491975171987334
337	0.021016953194261147
338	0.03765049822907941
339	0.25896641629476325
340	0.03209529501961515
341	0.14144121191160547
342	0.05632090216292619
343	0.46642267317846875
344	0.28314849625031124
345	0.2170336488787106
347	0.49981277394195633
348	0.2410650031464813
349	0.010957317189994702
351	0.01655823413120014
352	0.3112869233681386
353	0.01490178396167402
354	0.026557691963028818
355	0.02269260419360882
357	0.03348974506079631
358	0.029491151560102034
359	0.2559372559762926
360	0.5597399645750941
361	0.261482197595943
362	0.30594418084539804
363	0.3077169040952228
364	0.042307010917269176
367	0.07904573788876278
368	0.010137514405134648
369	0.04455348308654339
370	0.0675588162698984
371	0.24557336332601362
373	0.24707567226862195
374	0.44054440289113117
376	0.002603625410623131
378	0.9995951215123364
379	0.2678073024815781
380	0.07385248857772123
381	0.0472957260383046
382	0.00517099096513067
383	0.006269287143880253
384	0.3023593213990628
385	0.3299448845113602
386	0.3158293877428163
387	0.07929003886412442
388	0.0731599965008251
389	0.07354831641036583
390	0.2794579086528663
391	0.06226764335199436
392	0.29959504368868306
393	0.2682017198702223
394	0.7638001865956443
395	0.5499379098652722
397	0.30584364458928714
398	0.50430521982189
399	0.3005884065032601
401	0.0435625086102083
402	0.31731423216702215
405	0.3314552219163309
406	0.2815694116208666
407	0.2800020885881739
408	0.333613810573695
409	0.536941917325769
410	0.251684624424671
411	0.2508107772579006
412	0.00892329316615268
413	0.2311478147057948
414	0.28165828641300117
416	0.5063158119953968
417	0.7689957077446973
420	0.29742367076426174
421	0.060703575720384324
423	0.2817162647789097
424	0.1927257120230269
426	0.29573464717949804
427	0.016141858883545857
428	0.057916774707605014
429	0.5394904788717834
430	0.04409679878755764
431	0.01769828282931544
432	0.023583245402529297
433	0.3224968133385234
435	0.03169414514628009
436	0.026341186109773408
438	0.017274963892979715
441	0.02877159360625644
442	0.7629261385274936
443	0.03747157449178971
445	0.005999830663970418
446	0.018616441719317346
447	0.27479651323141846
448	0.11045283806244566
449	0.055534658664806315
450	0.25552507049763884
453	0.013668585586669127
455	0.24637946742714723
456	0.26541283301665314
457	0.7346466251891518
458	0.07258198286247311
459	0.24289928813895947
460	0.5106638168862603
461	0.04863626622830186
462	0.016496229277547084
463	0.07362883676648779
464	0.271503510507669
465	0.23593936104550717
466	0.29089780045315317
468	0.5055661860270344
469	0.04461667685874844
470	0.027273219490516393
474	0.2738535927045906
477	0.03722661596284259
478	0.045459673775007
479	0.28760995280704027
480	0.04148857361568417
481	0.047801026904491103
484	0.2833385589136405
485	0.11109322706534575
486	0.2300071018468685
487	0.49867272941816154
488	0.5260960948086141
490	0.06787985007329164
491	0.08596529289016977
493	0.5207757436490387
495	0.5051975671404857
496	0.30533339007865223
497	0.2594540393837884
498	0.06477659101209651
499	0.05086323341115486
500	0.32349030870900986
503	0.2491812229505336
504	0.2512842317200633
505	0.031314144327146395
506	0.5458512208472105
508	0.002196079895567138
509	0.12046930859263369
510	0.026214992620473658
511	0.059423246392345634
512	0.0349407180489026
513	0.047931533892414474
514	0.28969517378398923
517	0.49035821497533694
519	0.5076308938075509
520	0.31001577099374555
521	0.21538302211308888
522	0.03854578862637975
524	0.30147485662921936
525	0.2569115317593412
526	0.3186205204273768
528	0.29312655541991334
531	0.29902900123122506
534	0.00993954690596504
536	0.2796602465346985
537	0.2959430016002414
538	0.07193610753755854
539	0.046897185642157085
541	0.25734135564697147
542	0.02011895426573737
543	0.2735167581669219
544	0.33913726931715227
547	0.06652415381308269
548	0.10513118670281554
549	0.2912458540444818
550	0.03378326832086593
551	0.27905490342359207
552	0.020519104412260777
553	0.29504342209130185
554	0.031167847611529027
555	0.2706895329983366
556	0.24138685360443435
557	0.5070225994480939
560	0.07407711258668616
561	0.5317168296654298
562	0.009072938968902877
563	0.022171106683944064
564	0.025978143462944747
565	0.005352672412906004
566	0.0719401804176567
567	0.3006594348509999
568	0.039829608965227005
569	0.5177344219539752
570	0.061498850352970265
571	0.2703686193798396
573	0.5178872006792203
574	0.288011375142371
576	0.25956824330793543
577	0.4703484712777472
579	0.06525404440289659
580	0.0427441533254794
581	0.2551803145780892
582	0.24540080737494466
584	0.018318477655688947
586	0.002886901952858595
587	0.06324284956227816
588	0.24053132166696847
589	0.047698232196699455
590	0.03363895643097129
591	0.03867562196130943
592	0.46672776787323744
595	0.4469972863069947
598	0.23458914636864256
599	0.013953170935341819
600	0.5530500828201161
602	0.23331247181576073
603	0.3369415426253913
605	0.22921953136747147
606	0.762955182597575
611	0.002161175427956852
612	0.03609762454577054
613	0.28729793171581924
614	0.04340468038117936
615	0.289644557071125
616	0.27797450546724944
617	0.2782673021792472
618	0.25910993663272003
619	0.06792101268965522
621	0.29092972336383677
622	0.5269507539800323
623	0.05691265300080779
624	0.053003534736292594
625	0.2702226429276717
626	0.3491967391259609
627	0.29448886736277624
631	0.08279589517454458
632	0.02796720060294433
634	0.06493804543225794
635	0.258859808905522
637	0.08713841191117569
638	0.29791808256587804
639	0.31033849760529253
640	0.49410532588686296
641	0.255915539818266
642	0.02596154840772861
643	0.5302110616801053
645	0.262156720433722
646	0.011600624501012145
647	0.5031079433713259
648	0.07774826746806957
650	0.2740634046698191
651	0.088704883808572
652	0.2569166706986727
653	0.050201440733301884
654	0.3155742917329178
655	0.23641726611630764
656	0.21198692157705468
657	0.267667245004343
658	0.2892257671749248
659	0.2834789570807
660	0.2617090567678978
661	0.49565439070480255
663	0.015525802600093258
664	0.2849616973621673
665	0.3096709138263236
666	0.526982808126812
667	0.2647346044044396
668	0.1060888294107227
669	0.5304145368736508
670	0.060376374165978
672	0.02823849759822411
673	0.06038912054894988
674	0.2110914852257056
676	0.08360614625044445
678	0.012949992680231781
679	0.2746818717205662
680	0.024264234681707568
681	0.29958309272604683
682	0.5321614151632896
683	0.5459000687813265
684	0.26107600855101765
686	0.033539211062544226
687	0.03428732713336522
688	0.041262994413418824
690	0.020089231419670422
691	0.2722341584539641
693	0.5404705793278101
694	0.019395025886428732
696	0.280525680856127
697	0.30160275837196043
699	0.01385720107431665
701	0.23653316057509344
704	0.32041275598899355
705	0.033680179524586615
707	0.5225163370492141
709	0.5144132728804779
710	0.2950275786362988
711	0.27744034101382703
713	0.10296361285774117
715	0.2732524969845661
717	0.3040955042150074
719	0.2348575131250634
720	0.3041453314511014
721	0.2220321781719663
725	0.005886430382832826
726	0.002348447832085404
727	0.5629921145093677
730	0.01666292071809162
733	0.31027151906772343
734	0.25486421666995884
735	0.015203880743741821
736	0.2801721200558179
737	0.2802069423392294
738	0.7700544490297154
740	0.08829077658081852
741	0.5035129167960264
742	0.015902450717741858
743	0.30310859433318116
744	0.06183883761269305
745	0.23685162006180965
746	0.512998815212397
747	0.548968255661282
748	0.05101797088682235
749	0.4963378400982001
751	0.2904326647843891
753	0.2973352070094747
755	0.2736022055303351
756	0.24916271826758452
757	0.5363647343182283
758	0.2827630970679349
760	0.2800303589769286
762	0.04517540277852961
764	0.5231574557289923
765	0.013779981554043454
766	0.3074265781705988
767	0.512703327031651
769	0.25720126653431435
770	0.01954012114839033
772	0.2951749537673292
773	0.739718810909682
774	0.07026356220053612
776	0.30149538690996325
779	0.035689963305803145
781	0.04909214755134979
784	0.04435901843632304
785	0.0034742531686814612
786	0.21639146244285923
787	0.26900763191695964
788	0.3104039715532554
790	0.3193082990863296
791	0.0014286653788114986
792	0.26056128158244846
795	0.5356651856371939
798	0.021114031338375826
800	0.01296443982925774
802	0.27456015588762517
803	0.5112277044085715
804	0.2625737030499028
805	0.30410774540018093
806	0.295272726611517
807	0.2826159926763643
808	0.07281141514791213
809	0.014276384085279335
810	0.24826143334390366
814	0.05702550368525551
815	0.7710575239785679
818	0.0719371168163147
819	0.06228424384438477
820	0.2505343431355231
821	0.26859619316442107
823	0.5142720968803851
826	0.2982776493938474
828	0.28572742230160914
829	0.2512409531303666
830	0.5085923242298304
831	0.24439160148743858
832	0.042702801707828905
833	0.3117774967372404
835	0.7753066457497413
837	0.2364693030413073
838	0.018981187887598443
839	0.020635977837355074
840	0.031325908829188336
841	0.05184882095168177
842	0.08230474480120567
845	0.05008177468372297
846	0.0438247631935539
849	0.2512409531303666
850	0.2549017131368044
851	0.2822300182977771
852	0.0442190049053134
854	0.24415770486449312
855	0.009045183682033386
860	0.30233463124674453
861	0.03249209723694361
862	0.5135666152150064
864	0.027266888906404857
865	0.13668245669179147
866	0.2099759416854609
867	0.2680940400029066
868	0.5456010591018654
869	0.004872531601543641
870	0.28256304271696886
871	0.08478553829392473
872	0.00968002151655855
874	0.5156933732025145
876	0.018966858874296076
877	0.4968583032977414
878	0.267550498865514
879	0.0029431235142299422
880	0.2814668539201442
881	0.30145308811196125
882	0.769231948495092
883	0.3313049105556584
885	0.3135301503856217
886	0.5325879046959842
887	0.27573310406995605
888	0.007263265764032217
889	0.004993015025558954
890	0.26941721659326945
891	0.2742404549183901
892	0.3134882094592767
893	0.04190427563928479
894	0.25371624897494993
895	0.2558894777754371
896	0.522411799463489
897	0.23635813778523676
898	0.33243559429393155
899	0.28193482584548224
900	0.31952385734322675
901	0.06606222118325249
902	0.015397272374852104
903	0.2621888711099273
904	0.28889811622995676
905	0.10788179496975062
906	0.24670875918503027
907	0.019519083378638766
908	0.2701053428215424
910	0.03336256521580103
912	0.21566376845272045
913	0.3284051537272028
914	0.0023827802032099082
915	0.31802305570439093
916	0.2539028129015924
917	0.04109974859663203
918	0.059951224052211614
919	0.043486261632891446
921	0.033213126792975015
922	0.3235898250027383
923	0.009486310787005563
924	0.2283930935381659
926	0.04561452587500819
928	0.012224694900595967
930	0.03902815132315421
931	0.03533730960195808
932	0.5129070502073011
933	0.4981580863281659
934	0.29134502632563575
935	0.014062362894090213
936	0.2641922689675405
938	0.03863300403354074
939	0.03593641884998842
940	0.2569170375868659
941	0.23447150931901306
942	0.7627688375386592
943	0.004274278150333148
0	0.0
0	0.0
0	0.0
0	0.0
0	0.0
0	0.0
0	0.0
0	0.0
0	0.0
0	0.0
0	0.0
0	0.0
0	0.0
0	0.0
0	0.0
0	0.0
0	0.0
0	0.0
0	0.0
0	0.0
0	0.0
0	0.0
0	0.0
0	0.0
0	0.0
0	0.0
0	0.0
0	0.0
0	0.0
0	0.0
0	0.0
0	0.0
0	0.0
0	0.0
0	0.0
0	0.0
0	0.0
0	0.0
0	0.0
0	0.0
0	0.0
0	0.0
0	0.0
0	0.0
0	0.0
0	0.0
0	0.0
0	0.0
0	0.0
0	0.0
0	0.0
0	0.0
0	0.0
0	0.0
0	0.0
0	0.0
0	0.0
0	0.0
0	0.0
0	0.0
0	0.0
0	0.0
0	0.0
0	0.0
0	0.0
0	0.0
0	0.0
0	0.0
0	0.0
0	0.0
0	0.0
0	0.0
0	0.0
0	0.0
0	0.0
0	0.0
0	0.0
0	0.0
0	0.0
0	0.0
0	0.0
0	0.0
0	0.0
0	0.0
0	0.0
0	0.0
0	0.0
0	0.0
0	0.0
0	0.0
0	0.0
0	0.0
0	0.0
0	0.0
0	0.0
0	0.0
0	0.0
0	0.0
0	0.0
0	0.0
0	0.0
0	0.0
0	0.0
0	0.0
0	0.0
0	0.0
0	0.0
0	0.0
0	0.0
0	0.0
0	0.0
0	0.0
0	0.0
0	0.0
0	0.0
0	0.0
0	0.0
0	0.0
0	0.0
0	0.0
0	0.0
0	0.0
0	0.0
0	0.0
0	0.0
0	0.0
0	0.0
0	0.0
0	0.0
0	0.0
0	0.0
0	0.0
0	0.0
0	0.0
0	0.0
0	0.0
0	0.0
0	0.0
0	0.0
0	0.0
0	0.0
0	0.0
0	0.0
0	0.0
0	0.0
0	0.0
0	0.0
0	0.0
0	0.0
0	0.0
0	0.0
0	0.0
0	0.0
0	0.0
0	0.0
0	0.0
0	0.0
0	0.0
0	0.0
0	0.0
0	0.0
0	0.0
0	0.0
0	0.0
0	0.0
0	0.0
0	0.0
0	0.0
0	0.0
0	0.0
0	0.0
0	0.0
0	0.0
0	0.0
0	0.0
0	0.0
0	0.0
0	0.0
0	0.0
0	0.0
0	0.0
0	0.0
0	0.0
0	0.0
0	0.0
0	0.0
0	0.0
0	0.0
0	0.0
0	0.0
0	0.0
0	0.0
0	0.0
0	0.0
0	0.0
0	0.0
0	0.0
0	0.0
0	0.0
0	0.0
0	0.0
0	0.0
0	0.0
0	0.0
0	0.0
0	0.0
0	0.0
0	0.0
0	0.0
0	0.0
0	0.0
0	0.0
0	0.0
0	0.0
0	0.0
0	0.0
0	0.0
0	0.0
0	0.0
0	0.0
0	0.0
0	0.0
0	0.0
0	0.0
0	0.0
0	0.0
0	0.0
0	0.0
0	0.0
0	0.0
0	0.0
0	0.0
0	0.0
0	0.0
0	0.0
0	0.0
0	0.0
0	0.0
0	0.0
0	0.0
0	0.0
0	0.0
0	0.0
0	0.0
0	0.0
0	0.0
0	0.0
0	0.0
0	0.0
0	0.0
0	0.0
0	0.0
0	0.0
0	0.0
0	0.0
0	0.0
0	0.0
0	0.0
0	0.0
0	0.0
0	0.0
0	0.0
