1	0.32191314795080817
3	0.17882969902433835
4	0.24189977183510078
5	0.5015790920316012
6	0.06821296702700856
7	0.21262040271511506
8	0.2053122606170394
10	0.4982534396192383
13	0.28996094074439077
14	0.31143758538320904
17	0.021884379086408737
18	0.7763482384626237
21	0.3187728535642408
22	0.5618745612113639
23	0.56099617977084
24	0.28164899206656574
25	0.2552914353142981
26	0.56368202221094
27	0.13326585297753424
28	0.21423132402326237
29	0.25656752863118004
30	0.2780561492452693
31	0.28343975732724513
32	0.22331879141632205
33	0.2706778026405106
34	0.45252126480928445
35	0.036781687333360326
36	0.005748018835708961
37	0.53272019014092
39	0.07833317221270886
40	0.3083397048230829
41	0.019332431661121585
42	0.016247857849232435
43	0.004813298603627364
44	0.5391995970367572
45	0.2905030100579591
46	0.233420480335501
47	0.48858483841267975
48	0.04043910008549022
51	0.02109616553233748
52	0.21898345078727136
53	0.05588727737786135
54	0.2321102825838325
56	0.4732832636703112
57	0.48270223511432647
58	0.23731991344736286
59	0.4892296868902869
60	0.7529701224659072
62	0.4874895143130375
63	0.3958434429033694
64	0.23835612986176657
65	0.03380117605691219
66	0.23632576863630791
67	0.011936043270295172
68	0.40943365564066747
69	0.03797541613574221
70	0.25296747732951735
71	0.2060153773430802
72	0.2722002137937578
73	0.535400732257611
74	0.5737752987678127
75	0.24715130033663577
76	0.21306796353090157
79	0.0031628694677345304
80	0.3546778576188375
81	0.23532983137542368
82	0.5476530087218543
83	0.039489263969209265
84	0.00677473827382194
86	0.2862714114688642
87	0.26144624442655917
88	0.29443013569540766
89	0.24704935061044075
90	0.07614278643726971
91	0.23145026049251033
92	0.5239470530565129
94	0.27828864060338276
96	0.2611041288364354
97	0.008903173127153718
98	0.042759057794534865
100	0.4949405567533881
103	0.48936561754988084
104	0.30493079409548596
105	0.6268528001376866
106	0.296991541940964
107	0.4900877488541913
108	0.01441407810139416
109	0.23224351383785488
110	0.03996986692901558
111	0.08968613567240673
112	0.2745146233629233
113	0.32063867908163696
114	0.334244929817564
115	0.25927088458809877
117	0.26268596099268676
119	0.010603086624597122
120	0.25181626166364884
121	0.07243999728157194
122	0.013625117119190119
124	0.002041186835875331
128	0.004111936648651789
129	0.582093588150817
131	0.23207842270827164
132	0.5764163292682101
135	0.0205357840781692
136	0.7996722839867806
137	0.05516090318774659
138	0.47954431899909133
139	0.2703015640312162
140	0.5528595367000096
141	0.06110693506506242
142	0.46187553528253256
143	0.039663915909110274
145	0.019407888019701627
148	0.06220563423544054
149	0.5505040538735168
151	0.002091124123721859
153	0.37924491177860375
154	0.010778553664411036
156	0.24256650633740026
157	0.02351382960576279
159	0.2598598668636748
160	0.2734084340136149
162	0.0015290587001828906
163	0.07888697281125459
164	0.26181163059325135
167	0.2551770134600684
168	0.2921266622326607
170	0.26717423067478396
171	0.2955376365219108
172	0.5709265748921083
173	0.5609262358901201
174	0.7542512775171204
176	0.04752396866469162
177	0.2966223748017709
179	0.04160231846385501
180	0.027144425249665247
184	0.3093848624002396
186	0.034516694977491186
188	0.5413846826467525
189	0.22630554541952838
190	0.17417135961570038
192	0.0762093999560827
193	0.020835853481376086
194	0.022042255440957934
195	0.267427848971474
198	0.20486274470203764
199	0.026021814692399305
200	0.28696437161495847
204	0.2951353702654012
206	0.36373565783582323
207	0.5100630362120112
208	0.05441788250091761
210	0.5596411155192248
211	0.20197698526521105
212	0.022215684164693057
213	0.025755442491111454
214	0.3011464970004903
215	0.22675101707670436
216	0.5480967033558912
217	0.2905973679554296
218	0.3212747305231971
219	0.24854139053485094
221	0.030871115638928023
222	0.44544285884010626
224	0.005776159380817485
225	0.016864117704514292
226	0.09329351160362373
227	0.2834237751582103
228	0.039643420105236415
231	0.24227830594852953
232	0.11171678731961036
233	0.007429227526481456
234	0.5292496891912957
235	0.2565835638539275
236	0.009903629966288345
237	0.25509802111263463
238	0.25146193706600634
239	0.772029111687678
240	0.8002886049135653
241	0.0681053673184774
243	0.2783818573862981
244	0.02325438237351686
246	0.22273545880100662
247	0.20120772688298383
248	0.30186192741285445
249	0.5003225139969993
252	0.24247776405280114
253	0.014703546364772547
254	0.48653632474726405
255	0.23865575881941756
256	0.06694181496310582
257	0.2423189549373756
258	0.040329384503291626
259	0.5033042095655303
260	0.5037181579708886
262	0.02985998398141
263	0.013301366295887518
264	0.2822649998229949
266	0.26876976580850215
267	0.4959464834533108
268	0.7417480284631462
269	0.23680404479806544
270	0.22924107820491418
271	0.5280205687033158
272	0.3500997027373017
274	0.262485931541216
276	0.5358699292064963
277	0.2395737496128042
280	0.047885607226692745
284	0.5439508033656626
285	0.3818660854939465
286	0.24759591348273272
287	0.2905020273778709
289	0.3175986394277124
291	0.2704571469608085
292	0.5036448290111418
293	0.06856394741702239
294	0.19402744159601343
295	0.060552233585241644
296	0.26953718322632375
297	0.33800844669847224
298	0.26841377948551276
299	0.7415841395337708
301	0.4593492724827197
302	0.5046182847561895
303	0.5715381193311002
308	0.3263846525441589
309	0.2590333598300186
312	0.07451933085334816
313	0.5273402745949988
315	0.2832233049363353
316	0.31798739449216684
317	0.06194780807936113
318	0.005776499749267767
319	0.2703361705313465
320	0.28354792413684204
322	0.2959908708183138
323	0.24393339155264723
324	0.011416577957852808
325	0.29230923591162505
326	0.26397645841575923
328	0.04525721902195915
329	0.5308105589718337
331	0.328244427343321
332	0.3176354403582127
333	0.24811056197550596
334	0.47624683046834365
335	0.07981917462719795
336	0.2512158146668422
337	0.19794396012451398
338	0.5244415033418554
339	0.530473334161451
341	0.3556051415788813
342	0.03658109022570888
343	0.21686344608431235
344	0.2878528930560602
345	0.7190987637619262
346	0.28030524905842147
347	0.47407209489242313
348	0.22243262908339095
349	0.248423138873031
350	0.054528091962791715
351	0.2994139156438028
352	0.7419897534100972
353	0.2660758996661206
354	0.5642986051722665
356	0.02320007058395327
357	0.2716760695251701
358	0.21272311093453572
359	0.21060359306464715
360	0.5170832669042655
361	0.4933094942961811
362	0.8086850547292334
363	0.2958935184416485
364	0.5674324935670754
366	0.026537755909005534
367	0.5302189681475067
368	0.00969045733291531
369	0.2398211766726198
370	0.3045818422783059
372	0.023000908468425642
375	0.23917389405475034
376	0.4635460426016521
378	0.28093038281075566
379	0.5571437340162352
380	0.33680381680573757
381	0.05490584287913988
382	0.272586431061011
384	0.30916108562349376
385	0.10967769158074839
386	0.4733059208895028
387	0.5343464210908396
389	0.7811919129142824
390	0.2945778745106494
392	0.28139389760847333
393	0.2413306116119023
394	0.3023282764168164
395	0.5015835003525936
396	0.20610686679030937
397	0.5266085786956435
399	0.5505269775855921
400	0.006334666934081537
403	0.29023121490152815
404	0.34047186841917065
406	0.2960487198107472
407	0.3216164191643257
408	0.2769803597754539
409	0.7303708104944773
410	0.016841141427925574
411	0.2920542236236975
412	0.243578001429416
413	0.20713470934506206
414	0.7921187214310637
415	0.2488058517171224
416	0.2782748943211304
417	0.5357780981384949
418	0.08916283278535589
419	0.2550370106461125
420	0.787887387580934
421	0.5132821648243533
423	0.5134225022985831
424	0.32580850133304073
425	0.5965159242114628
426	0.5382367115833561
428	0.09639177654584738
429	0.766831235351455
430	0.5593018482068464
431	0.2526455604515166
432	0.23522813410416357
433	0.29595273361309943
435	0.49078428538317936
436	0.5405218056219829
438	0.25279333060305825
439	0.00020256459119012693
440	0.7003105042779938
441	0.0002288888785659214
442	0.5099883847222652
443	0.47904480236281416
444	0.2798876359993665
446	0.3277712317666858
447	0.47283343121192434
448	0.07851098087163906
449	0.4858411151325667
450	0.4886314509106482
451	0.2848767299667627
452	0.18372098423690902
453	0.23404430779839125
456	0.5090282710200684
457	0.24926475821045446
458	0.32599878842282376
460	0.7657582118649747
461	0.5328482749302584
462	0.027465021831189432
463	0.7714185911714886
464	0.29714857681946544
465	0.49820700574779375
466	0.7495557963877754
467	0.0547434631972054
468	0.17738246400380542
469	0.547428022593373
470	0.005080584753560491
471	0.010017990566461906
472	0.24908125893769376
474	0.7741932314134743
475	0.02442145683312696
476	0.49425478652623633
479	0.5170695484802615
480	0.2730293742467631
481	0.22856970626768297
483	0.21044748331018262
484	0.7420671477178991
485	0.43590116845266935
486	0.48286888452061594
487	0.23449663461174258
488	0.4821627224069241
490	0.775577751301147
491	0.3394413218145196
492	0.510075033752337
494	0.014093792877480343
496	0.5427733534972892
497	0.24982398625181784
498	0.04620505374763925
499	0.3301984817387692
500	0.34565022426479985
501	0.26235206089596136
502	0.25143715938736605
504	0.24306570893705248
505	0.03442863316083072
506	0.2715054236145781
507	0.29260938769372924
508	0.011256490993685454
509	0.35443199612210147
510	0.270693520872479
511	0.263349955170773
512	0.012712108928847804
514	0.26209863584256277
516	0.22497672290344198
517	0.24125467736550238
519	0.2600566404391598
520	0.26748732634478917
521	0.44134403515535287
522	0.2637887447637406
524	0.30910762884052767
525	0.005886743673962139
526	0.05430688392523418
528	0.05392097299186394
530	0.027878478045613705
531	0.7771737687830331
532	0.28572742230160914
533	0.2319035790823299
534	0.02396931139232549
535	0.028982596769971617
536	0.27127180991208216
537	0.5271414682909206
538	0.2416659346912302
540	0.23958145273409595
542	0.3115199860028034
543	0.31807094117323104
544	0.5573445580589508
545	0.24474867218080795
546	0.24796563458170917
547	0.7703167323046506
548	0.2857123105517282
549	0.46006471449970693
550	0.4760054856056338
551	0.2563013385733513
552	0.48029957248296284
553	0.5482716725047483
554	0.2364766963611957
556	0.2598407109569654
557	0.26794644927569344
558	0.026384902455890466
559	0.25498398044453807
560	0.3447706431706684
561	0.7834579836558494
563	0.24308736553174382
565	0.47051091788125915
566	0.572247285154594
567	0.3047398157957928
568	0.492408777071511
569	0.29258364203972004
570	0.6056697857685596
571	0.5172119756088126
573	0.7695418424794759
574	0.26358743320547956
575	0.23652732560111758
578	0.0065573657671488435
579	0.011988928621138636
581	0.0013027650721058534
582	0.5020213576769703
583	0.02367004706578709
586	0.27962177617148
587	0.5437748964123853
590	0.5024364388213685
591	0.2872031533336116
593	9.25541307183024e-05
594	0.2529423025246682
595	0.17130523531125863
596	0.0385411802768718
597	0.01665059699379287
598	0.2814286383314641
600	0.3193221221744186
601	0.41459358616292774
602	0.06966710430622612
603	0.48630351760453916
605	0.20012856757533665
606	0.06346970744402317
607	0.28105576376740177
608	0.28390282081747736
609	0.09034375814343258
610	0.009384105214925584
611	0.48650039833946207
613	0.5243814616804464
614	0.17349087054863113
615	0.5029972751057205
616	0.4888930280373243
617	0.26647294221507417
619	0.3008560401723948
621	0.43727600560538693
622	0.5452080379068739
623	0.19813287929492573
624	0.541469036088577
625	0.21639096779860922
626	0.8030091851866167
627	0.7637224420626557
628	0.5438569333768124
631	0.036210940450986134
632	0.24424938158594464
633	0.0025920324737692367
634	0.7574116113418778
635	0.5425075047729013
636	0.010720275604357912
637	0.012221910394462195
638	0.017167303471114895
639	0.571014635977834
640	0.22968803725698284
641	0.060471309203264295
642	0.2357000170308937
643	0.03639988419898263
644	0.005776464956011022
645	0.5328563074216682
647	0.006911932576945723
648	0.5481555063451804
649	0.0487267897900779
650	0.5225945615144567
651	0.33108784201348146
652	0.27884159765234817
653	0.25949333975737154
654	0.34148434562231333
656	0.48730213112629006
658	0.505775365463705
659	0.051182969905714665
660	0.2630832944013026
661	0.3236444025860173
662	0.09027506593115653
663	0.48036995700475843
664	0.34606160724523477
666	0.7847091884498848
667	0.5009519916663288
669	0.06696274096212981
670	0.3611633836835217
672	0.2880820956960821
673	0.27065068844546086
674	0.4970631604115343
675	0.15362353102692536
676	0.09485334810815012
677	0.026438419985702195
679	0.26547931628213584
681	0.02541061429796045
682	0.5140387482657398
683	0.2679105873926255
684	0.22361638122175326
686	0.5555159392906089
688	0.04776390855994054
689	0.25020570590951885
690	0.013221425658436425
691	0.23656027699286317
693	0.03582217068978179
695	0.2762139505963076
696	0.7764406303159247
697	0.7494318210094416
699	0.4990079185639701
701	0.22794475790695395
703	0.23549365270890202
704	0.2764474364311208
705	0.03106711469050234
707	0.29016155956096795
708	0.23496903670444416
709	0.23345693268002424
710	0.5442204138862639
711	0.3424303193601221
712	0.010188229442040102
713	0.5797509387005323
714	0.23910550241885584
716	0.45488537037209886
717	0.3242300250453089
718	0.2782145515440345
719	0.22091770070280295
720	0.7795661704518899
722	0.4386441828493591
724	0.36373565783582323
725	0.5257281237417553
727	0.36197283098007876
728	0.5002170555341381
731	0.004809210014776702
732	0.03685241446720231
733	0.7700720262036812
734	0.012924851858381898
735	0.23873936532462883
736	0.22011172712714422
737	0.5384785276782253
738	0.3156131028844512
739	0.04992272972179716
740	0.5740507098008032
741	0.523020861402394
742	0.2893512048317115
743	0.5787408899443882
744	0.13308973817363207
745	0.5701574302801258
746	0.05165535717676391
747	0.06902841709092519
748	0.5586838591459549
749	0.02302755186970104
752	0.3727740788813689
754	0.27974184432620547
755	0.21460570578656774
756	0.2736565731056592
757	0.5377021856285906
758	0.2624973753979458
762	0.4964896827445102
764	0.03212911530900106
766	0.7601792502886116
768	0.01858917348909318
770	0.004041537377061588
772	0.7544091239695884
773	0.28387614707402126
774	0.052299104709669614
776	0.25409673989636733
778	0.25749344290489695
780	0.01777806009967678
781	0.5224664118261034
783	0.33876243045195054
784	0.0511220338082104
787	0.732383374073825
788	0.5362838987171877
789	0.49118515038077004
790	0.09241925757224678
791	0.7108800957297442
792	0.4680309154858239
794	0.23681332555829565
795	0.3166091047997475
796	0.312021376859986
797	0.2360038698973834
798	0.013365502060214498
800	0.26466438744670984
801	0.022617744009115162
802	0.26248164568561
803	0.21480306304568617
804	0.25341273747047915
805	0.2609643158868853
806	0.28158013497413986
807	0.5150664716129987
808	0.5796595598143656
809	0.5303602053100847
810	0.493554299862412
811	0.014896177073485943
813	0.44005185905937666
814	0.3157116912581213
815	0.2750144585544835
816	0.03161075108923374
818	0.5023962405236985
819	0.5571614408052962
820	0.6227009080273771
821	0.2903208694013182
822	0.09205373629861237
823	0.24366512631907322
824	0.3132343098765374
825	0.2459869693701114
826	0.5076002629373496
829	0.2646643874467098
830	0.553514886210705
831	0.20415902681062417
832	0.2549606612325829
833	0.0486255255778493
834	2.9455347515066482e-05
835	0.4857685865581299
836	0.11087808092654905
837	0.23342642446654424
838	0.015184350965986502
839	0.00649170633379513
840	0.060577428271435335
841	0.5490362706811287
842	0.5425192505528361
843	0.08135352275228688
844	0.028296648003657117
845	0.025967284027089532
846	0.5329740404639297
847	0.2513979987411932
848	0.3153678173782188
851	0.7429244145229728
852	0.02927104190514161
853	0.35152727684117485
854	0.008540134160623616
855	0.01014680696032836
856	0.2244877017212879
857	0.08878622948940443
858	0.4570787159593279
859	0.032272289933090115
860	0.7547207886219557
862	0.4940459279459498
863	0.4971342937243861
864	0.23776082111957514
865	0.5978546862981118
867	0.7343612297793182
868	0.7481200724353894
869	0.033846976430662534
870	0.29051043137860344
871	0.33926423485833435
872	0.22677094446269444
873	0.28191398876570917
874	0.7925649708850784
877	0.2164080909948893
878	0.49381711905710657
879	0.4947507606517375
880	0.7810601230457422
881	0.7601018880094038
882	0.5348026239929459
883	0.32415720860208114
884	0.01865153942947221
886	0.2852023436959648
887	0.31160882985809124
888	0.27468254911758294
889	0.2310113346914824
890	0.2725045428332212
891	0.24044717431207538
892	0.7864681113006343
893	0.023125314435852612
895	0.23677405251114314
896	0.04878529631584984
898	0.28082025686615747
899	0.06617241683799897
900	0.5957392087233417
903	0.22707397291454273
905	0.8058134055032411
906	0.22507140901012462
908	0.2618097268873807
913	0.5491243571712386
915	0.3098957686994582
916	0.4752250455252584
917	0.06370485348808494
918	0.30487036707495035
919	0.3027800653987376
920	0.5047513072878109
921	0.2112415882579402
922	0.08561326321933757
923	0.4957632195695141
925	0.2773056920412731
926	0.5491252194898674
927	0.4886401690503578
928	0.01763786878411711
929	0.22175661923489254
930	0.2612492275383592
931	0.565269235583783
932	0.5480309041845655
933	0.7941710877016505
934	0.5553091592046078
935	0.23827796821761732
936	0.23810148959060992
938	0.29629190855197757
939	0.45131487513470214
940	0.5247557806445462
941	0.24435600531512608
942	0.27343186860099283
943	0.2831122170341468
0	0.0
0	0.0
0	0.0
0	0.0
0	0.0
0	0.0
0	0.0
0	0.0
0	0.0
0	0.0
0	0.0
0	0.0
0	0.0
0	0.0
0	0.0
0	0.0
0	0.0
0	0.0
0	0.0
0	0.0
0	0.0
0	0.0
0	0.0
0	0.0
0	0.0
0	0.0
0	0.0
0	0.0
0	0.0
0	0.0
0	0.0
0	0.0
0	0.0
0	0.0
0	0.0
0	0.0
0	0.0
0	0.0
0	0.0
0	0.0
0	0.0
0	0.0
0	0.0
0	0.0
0	0.0
0	0.0
0	0.0
0	0.0
0	0.0
0	0.0
0	0.0
0	0.0
0	0.0
0	0.0
0	0.0
0	0.0
0	0.0
0	0.0
0	0.0
0	0.0
0	0.0
0	0.0
0	0.0
0	0.0
0	0.0
0	0.0
0	0.0
0	0.0
0	0.0
0	0.0
0	0.0
0	0.0
0	0.0
0	0.0
0	0.0
0	0.0
0	0.0
0	0.0
0	0.0
0	0.0
0	0.0
0	0.0
0	0.0
0	0.0
0	0.0
0	0.0
0	0.0
0	0.0
0	0.0
0	0.0
0	0.0
0	0.0
0	0.0
0	0.0
0	0.0
0	0.0
0	0.0
0	0.0
0	0.0
0	0.0
0	0.0
0	0.0
0	0.0
0	0.0
0	0.0
0	0.0
0	0.0
0	0.0
0	0.0
0	0.0
0	0.0
0	0.0
0	0.0
0	0.0
0	0.0
0	0.0
0	0.0
0	0.0
0	0.0
0	0.0
0	0.0
0	0.0
0	0.0
0	0.0
0	0.0
0	0.0
0	0.0
0	0.0
0	0.0
0	0.0
0	0.0
0	0.0
0	0.0
0	0.0
0	0.0
0	0.0
0	0.0
0	0.0
0	0.0
0	0.0
0	0.0
0	0.0
0	0.0
0	0.0
0	0.0
0	0.0
0	0.0
0	0.0
0	0.0
0	0.0
0	0.0
0	0.0
0	0.0
0	0.0
0	0.0
0	0.0
0	0.0
0	0.0
0	0.0
0	0.0
0	0.0
0	0.0
0	0.0
0	0.0
0	0.0
0	0.0
0	0.0
0	0.0
0	0.0
0	0.0
0	0.0
0	0.0
0	0.0
0	0.0
0	0.0
0	0.0
0	0.0
0	0.0
0	0.0
0	0.0
0	0.0
0	0.0
0	0.0
0	0.0
0	0.0
0	0.0
0	0.0
0	0.0
0	0.0
0	0.0
0	0.0
0	0.0
0	0.0
0	0.0
0	0.0
0	0.0
0	0.0
0	0.0
0	0.0
0	0.0
0	0.0
0	0.0
0	0.0
0	0.0
0	0.0
0	0.0
0	0.0
