1	0.08006605241145022
2	0.056769912113052254
3	0.4107314127507089
4	0.5001703059862688
5	0.038752355216585196
6	0.04111230155176009
10	0.03891051206892155
13	0.27532653983220834
14	0.2508727325774245
17	0.21572104943559905
18	0.5428742724073913
19	0.19500363202748225
20	0.021384919419547378
21	0.3018351097099308
22	0.32637982174076446
23	0.7701146637147784
24	0.2689675558166184
25	0.5105380909824657
26	0.341670037363962
27	0.10051725119879927
28	0.01123184052009641
29	0.4603684929823338
30	0.08544503904827072
31	0.23431648469891353
33	0.2634095481208389
34	0.4743637603210965
35	0.02294041475043405
37	0.3126380313592709
39	0.059140710209908076
40	0.7460467505020636
44	0.0722943150266934
46	0.2615495001221617
47	0.49670845614492565
48	0.00012979577007202203
50	0.21510286063062206
53	0.29907586101472816
55	0.011425161348312212
56	0.016627421285244758
57	0.01690056033075325
58	0.4680177035732524
59	0.03571671643010418
60	0.5251210559158384
61	0.18783134054815478
62	0.053747647921661854
63	0.20474451260784593
64	0.042492985851457284
65	0.2704064959871905
66	0.50569366559814
67	0.25936993923508406
68	0.02824140309793358
70	0.2414029401972199
71	0.25047510025930725
72	0.5256196327703628
73	0.3034837417328532
74	0.7777557018698413
75	0.0682234216611391
76	0.005235657877589804
80	0.45778970320323215
82	0.3223772093607523
83	0.04615721005891557
86	0.21350529681544092
88	0.27039973129578654
90	0.043498992516218984
91	0.025557460222942526
92	0.2886779024709427
94	0.27006104538791986
96	0.032156445402424565
98	0.06554666907829076
100	0.29544684543989475
103	0.3460554663265971
104	0.09415444242758061
105	0.9901345432337353
106	0.31003609435840856
107	0.5596379405168272
108	0.24243529840256228
110	0.021018366817090812
111	0.059188390205568375
112	0.516702509351808
113	0.2926517635244664
115	0.47851755944856716
117	0.046823263927897096
120	0.007271430940042168
122	0.2677149237774154
124	0.2798248194717967
128	0.010358471957656885
129	0.5291445352765871
131	0.2805729650382748
135	0.28078702652370274
136	0.7598513334407645
137	0.020811458245208483
138	0.04306108028444767
139	0.4698147721375498
140	0.546497050320075
141	0.31311476845252484
142	0.03353698596906991
143	0.2569318938002167
145	2.3057533614256887e-05
146	0.21965256148632972
148	0.2601834555643728
149	0.312981290020432
153	0.672108077595268
154	0.007083001409783712
156	0.2646441347632192
159	0.3044774458400956
160	0.027384058974134127
161	0.4814770238348696
162	0.24334975960783717
163	0.2284964986447805
164	0.5001150509900947
166	0.23305983835061503
167	0.2035726705336852
168	0.26475621092645385
169	0.0403804531540643
170	0.2902862134400555
171	0.504932373952982
172	0.741550216413907
173	0.7668157070211921
174	0.5206125815098517
176	0.4978772783765887
177	0.2788252200937936
179	0.2438727944395289
180	0.029090722637973354
183	0.4335692169949844
184	0.297369551785403
186	0.26235992761153093
187	0.017247464996581932
188	0.30171289720756145
191	0.31361248007804854
192	0.48790821567490084
194	0.024523988094477152
195	0.2852851887125699
196	0.0023281777805329584
198	0.005603812344000307
199	0.02123835455299191
200	0.05739459222289485
202	0.016542591412564575
204	0.26807779058779596
205	0.48700744943021884
206	0.3610016667949919
207	0.27682043694769554
208	0.2837781872349015
210	0.7760086248184843
213	0.2651794485915113
214	0.2940866312407588
215	0.03248889030178051
216	0.5274100312879308
217	0.550920020810208
218	0.24719090128398108
219	0.05423096235267038
220	0.4112714550071549
221	0.2692272616972889
222	0.21785197794199979
225	0.27064803704357726
226	0.05344395264380708
227	0.5045517903980534
229	0.01773811845326407
232	0.2934194766639074
233	0.013387188081921075
234	0.2882680216740851
235	0.03753383403473244
237	0.48914577906247714
239	0.5422216389147675
240	0.7694189864910662
241	0.1656731463889064
242	0.04203135944512195
243	0.27826438406900944
244	0.04453905950830383
247	0.008856870013448544
248	0.2744077428621495
249	0.28251706527385056
252	0.03236601281214485
254	0.030108310260598722
255	0.23701626672653806
256	0.022512565326836494
257	0.05646728846251392
258	0.19822914039454625
259	0.49475236737263206
260	0.47916973946230856
261	0.22762549557747974
262	0.2833849556825534
263	0.034076106879591166
264	0.024874633708872065
265	0.01832069241807973
266	0.47690201268850496
267	0.27585323316443083
268	0.2823147960590889
269	0.22784870015393122
270	0.038176063664826274
271	0.28743295604640057
272	0.5403707638711945
273	0.0714253073987356
274	0.009915899311229326
276	0.2992417406177067
277	0.5323273304456536
280	0.0389944676892729
282	0.014279586141149901
283	0.0006643149686255123
284	0.7524082093741258
285	0.5617748909687006
286	0.2666386110645934
287	0.31049366729975736
288	0.02455551346152518
289	0.1275125690233341
291	0.2905841557843844
292	0.30868970615499874
295	0.04922836800865006
296	0.04412209396384058
297	0.5257124947684939
298	0.04618458079939898
299	0.2790585603226734
300	0.3007531312139755
301	0.028585417925579955
302	0.006927480304448057
303	0.5582143034765439
304	0.25333100706668127
308	0.2930999644491822
309	0.24663797089389078
312	0.2692146334479028
313	0.2903794732187096
315	0.49495889850980973
316	0.1278370597984018
317	0.03263476282016947
318	0.2563267020126541
319	0.5066604441472748
320	0.2517946949124736
322	0.4841749894793165
324	0.0020775936731605923
325	0.057100628837068824
329	0.3077549110240462
331	0.2977841947884508
332	0.06358142626124544
333	0.26808687988723356
334	0.24907052597026952
335	0.4845991040324733
336	0.0008585761034316172
337	0.0186872200930644
338	0.5441524646240506
339	0.5212349732007415
341	0.5508703843638588
342	0.008475299228671913
343	0.0313102954919094
344	0.27408437150901005
345	0.3036783523187672
346	0.2510680768527427
347	0.27351389733093157
349	0.27120806229879246
350	0.26915054849565373
351	0.5314269181708684
352	0.26671300868407705
353	0.499950655875874
354	0.7716562677233882
355	0.0022823071210578694
357	0.2792136116926955
359	0.02432228436353825
360	0.29990151056605147
361	0.269339041930056
362	0.5591051683910844
364	0.7945891577895592
366	0.28190644889384275
367	0.04765302288498852
368	0.03988385940530705
370	0.2745772687456294
372	0.27557968180462655
376	0.2538619559356512
377	0.07586863091724638
378	0.047194395984557984
379	0.5334589239538494
380	0.30362302580884104
381	0.026080080725187613
382	0.5045783205845367
384	0.5266386852205139
385	0.28013848556527654
386	0.29180771665334354
387	0.07239849776464427
388	0.0345837502861085
389	0.31372462839669674
390	0.03951332459392186
391	0.004434445831971431
392	0.2737065384632279
393	0.030638593326919157
394	0.06526722071615108
395	0.047461287318970556
397	0.27259731767521184
399	0.292714493361197
401	0.2303803311799979
403	0.05083644191702688
404	0.5179595166232764
406	0.04614561540230229
407	0.2899108833255814
408	0.2682047661190892
409	0.2814920295159282
411	0.05566741912430745
412	0.03750907171159868
414	0.7835195414714967
415	0.4854978297023795
416	0.05569924434868233
417	0.28526043838276627
419	0.27707061420807466
420	0.5502259981730044
421	0.24540744426994288
423	0.2836404403970833
424	0.3443686935392033
425	0.5553022442033485
426	0.5234450983573957
427	0.021874583252329598
428	0.2943944755874689
429	0.5176734327756709
430	0.7618941867104871
431	0.5023677139960171
432	0.02931526615547231
433	0.5045994998672606
435	0.04221177640342239
436	0.5321928291080659
437	0.024472228323786344
438	0.04455981186446445
439	0.25654029920793203
440	0.28434033580755935
442	0.2948152751072568
443	0.2751079435081961
444	0.7733473944850962
446	0.2331653709046163
447	0.02874107786668445
449	0.037626087719874274
450	0.28334753620640085
451	0.29974054179421156
453	0.017604748830417467
456	0.2796109178678261
457	0.020310865862248242
458	0.2930710403327783
460	0.5391811495486415
461	0.30582359857042296
462	0.24524986078575378
463	0.5691671708056047
464	0.507277524793666
465	0.2942694239816861
466	0.49494525661844674
467	0.02512249121210293
469	0.5266422454131968
471	0.03682487191175259
473	0.012889934571050032
474	0.5363226241231714
475	0.4666021113373237
476	0.06307716889406847
477	0.22963943832714712
479	0.2846279755021525
480	0.24416605076920925
484	0.2790428385434013
485	0.3948596530532136
486	0.24333460349940098
487	0.03704343432610499
488	0.02748929745075534
490	0.30123599745204177
491	0.5129422574764604
492	0.05884862799375333
496	0.27476849009184756
497	0.25836855318289187
498	0.22546899470347664
499	0.5402267703552965
500	0.3112544488227188
501	0.03652406314722424
502	0.013984653140516203
504	0.2725995855240119
505	0.021672593523927156
507	0.04202683082004968
508	0.028209464158925307
510	0.48358403348898493
511	0.22034732588614497
516	0.2582772474134405
519	0.02252352180835028
520	0.011365907376701841
521	0.024839514479942936
522	0.5042938363973213
524	0.06462559485184222
526	0.21470703342017722
529	0.0013162584587181614
530	0.4973146854991099
531	0.5325454098462343
532	0.05554333124981268
534	0.03316781922365384
537	0.2983578070898467
538	0.01398695485388414
542	0.28150474877208054
543	0.5253121730527326
544	0.32813787642377407
545	0.020758145485315387
547	0.5450229288935089
548	0.2539033809778805
549	0.24416605076920922
550	0.02296714768026921
551	0.2768140084171912
552	0.05271177902651276
553	0.5292981531563756
556	0.05318062366448387
557	0.020222200875700827
558	0.5341977306900912
559	0.29176065576697846
560	0.3115541746191816
561	0.5672562517984995
565	0.26622852322764806
566	0.7845998512806224
567	0.2731820183307132
568	0.24512505632370862
569	0.03951332459392185
570	0.5899664207812503
571	0.28009723838788764
572	0.2855046001916952
573	0.5437489708893916
574	0.03000179567591178
575	0.2819649170618912
578	0.004191958349497451
579	0.010212596779904146
581	0.2638032709972538
582	0.10384884380623534
583	0.2431882375620382
586	0.2833858432644255
587	0.5083762801377694
590	0.2876060340345857
591	0.5302674540180387
594	0.283473386770115
596	0.01701260349891354
598	0.08051599472166195
599	0.240031718391849
600	0.2728969646961914
603	0.2782920542431297
605	0.015917064462703242
607	0.51368881761069
608	0.47559556958741034
609	0.0972831780271403
610	0.014454125113501186
611	0.5167269621370834
612	0.024162290390038185
613	0.27217771788642225
615	0.278317506843592
616	0.04227979321313009
617	0.242158402100543
619	0.01752434689089703
621	0.2478182002475411
622	0.3087246712986393
624	0.5320197078895185
626	0.5778106843776759
627	0.26624769764522005
628	0.5191611814701403
630	0.24776028463533564
631	0.272981663557197
633	0.00406660597851527
634	0.28401880327484963
635	0.5314275683756919
639	0.5382457425151442
640	0.02799289922799604
641	0.030366860843882532
645	0.5077562385146581
648	0.29354373884828416
649	0.24521354908089243
650	0.05645438044237172
651	0.28136652000232737
652	0.29840954838480127
653	0.022874675441331514
654	0.08062560306475675
656	0.46651213824255255
658	0.4970776039127604
659	0.02280455841772222
660	0.046088770293794226
661	0.07737590147574518
662	0.5479806626066898
663	0.2810059141408949
664	0.5294343860332394
666	0.5518236359074452
667	0.5099608779896461
669	0.03282029433821038
670	0.5348773527887606
672	0.2895199933070966
673	0.4794350742774755
674	0.3065374725664539
675	0.18668022529100364
676	0.062295089204300096
677	0.25775393565246535
678	0.018001066458225943
679	0.024618341285207415
682	0.03188706929549195
683	0.03429453225150997
686	0.7763761338831081
687	0.0225016857925279
688	0.2689101257086351
690	0.03221069708699478
691	0.25595384577639685
693	0.025310299442079034
695	0.25880240760887285
696	0.5411656194182157
697	0.3140179337491398
699	0.2969323934696984
704	0.6938502987908612
705	0.012492455342919411
707	0.5048921255113054
709	0.018131375302815722
710	0.7638294183069891
711	0.3309099868315491
712	0.015407780114985312
713	0.5636824380831287
714	0.009839172519386215
716	0.25802308641370614
717	0.31525643599613706
718	0.30968006666775405
719	0.2497651532257017
720	0.7428328455803379
724	0.3610016667949919
725	0.32628961436769366
727	0.10433685451793702
728	0.5355740648563906
729	0.21656383679315416
731	0.23899743848654037
733	0.5258943385041647
736	0.21633269737857252
737	0.5208976313178004
738	0.08220240575968227
739	0.277182977362092
740	0.762998739193196
741	0.29377426788212097
742	0.31063452075467946
743	0.564425999232912
744	0.32941934434508274
745	0.7898082074999715
748	0.3012160451407035
752	0.3370309681272673
754	0.3015255635668354
755	0.21187961020385337
756	0.05045064948418137
757	0.3032589994166408
758	0.23914107974527066
759	0.006881461102386965
762	0.06554666907829076
763	0.012794210815877102
765	0.04941917826433996
766	0.30531430198617016
768	0.01690454635175944
770	0.025917873977368215
771	0.021614529335922242
772	0.3068393678109097
773	0.03682744217588573
775	0.005408951404885516
776	0.04013461933994718
777	0.008987497265946782
778	0.2882595735435834
781	0.07042797445092511
782	0.0005852591477337743
783	0.08157304638986623
784	0.2638252378572719
787	0.2976859815441975
788	0.27637285677541323
789	0.48923520815316124
790	0.07788580396935224
791	0.2567871023143974
792	0.03286830471042751
794	0.2695675172660497
795	0.3046104476786831
796	0.2779954130797765
798	0.010099737421937493
799	0.008523969312278674
800	0.26891012570863504
801	0.48739223666961995
803	0.014830160458213316
804	0.258688099733423
805	0.25137929259122155
806	0.04879798057787431
807	0.27564543213375114
808	0.7771860190593061
809	0.3176799321621892
810	0.2958882275838729
812	0.24373777920489426
813	0.26762747420028765
814	0.547993811760027
815	0.034791857277299505
816	0.26498656980039503
817	0.03732146985867334
818	0.05831025095706806
819	0.5427673727140389
820	0.6046384763644345
821	0.27896014499048805
822	0.5321707788697827
823	0.01344596981939171
824	0.5301141760944286
825	0.028623831569476794
826	0.06700556605258047
827	0.26663994638384597
828	0.5764163292682101
829	0.03951332459392191
830	0.3130175662077592
832	0.04465383047447867
833	0.017405095074217128
835	0.26656582141818314
836	0.29476433521244605
837	0.03805166963875305
838	0.034739763460984084
840	0.029710066977111545
841	0.3068151001691382
842	0.5461214112984083
843	0.026860255588385652
844	0.033453095449115754
846	0.5046078222165626
847	0.2688938216278237
848	0.28776527405112146
851	0.2873097372403903
853	0.5363974146054636
854	0.028818875770347745
855	0.2690200924109017
856	0.2435700542683236
857	0.0031420899836819907
858	0.5302959345702559
859	0.5039587683607285
860	0.30496974616944766
861	0.2130212802638706
862	0.030575752780753453
863	0.027505354206053045
864	0.009856688518814945
865	0.5786419575878621
866	0.16689585202621668
867	0.306040562032675
868	0.31047573623497665
870	0.049028625247944324
871	0.07637108520429631
873	0.30155570339160587
874	0.5465878509015227
878	0.5044670078075751
879	0.29606045461485425
880	0.5544575926032271
881	0.512532316846188
882	0.3002134118758519
883	0.290358624849339
884	0.004759655280064813
887	0.06830221348008238
888	0.30258752055344473
889	0.028330268892702272
890	0.47821126572723766
891	0.2624195068390554
892	0.7637859415375479
898	0.27206520362820474
899	0.03421626428870104
900	0.21407671661099142
902	0.21717707596526287
903	0.015792426599410134
904	0.002837205679975398
905	0.7772591233653161
906	0.022450598310098463
908	0.031505541362320075
909	0.020380077400166674
910	0.2262126834033737
911	0.23805024337236966
913	0.753008695689533
914	0.2875932043256975
915	0.27226499218732414
916	0.2567086497368302
917	0.31320107261019225
918	0.5158370482113676
919	0.29308186735204295
920	0.28696895019675456
923	0.29658596128338277
925	0.5322977561132674
926	0.29607719717450126
927	0.2833526557592429
928	0.264761530088955
929	0.03127465267504772
930	0.5154784961847081
931	0.55737534948071
932	0.3146360656021541
933	0.564099095837842
934	0.5439888921109329
935	0.254519735462253
936	0.030779788814493277
938	0.03615818616253608
939	0.25448605904768196
940	0.5145800749118514
941	0.025907800207881113
942	0.03938345284139425
943	0.533472873150467
0	0.0
0	0.0
0	0.0
0	0.0
0	0.0
0	0.0
0	0.0
0	0.0
0	0.0
0	0.0
0	0.0
0	0.0
0	0.0
0	0.0
0	0.0
0	0.0
0	0.0
0	0.0
0	0.0
0	0.0
0	0.0
0	0.0
0	0.0
0	0.0
0	0.0
0	0.0
0	0.0
0	0.0
0	0.0
0	0.0
0	0.0
0	0.0
0	0.0
0	0.0
0	0.0
0	0.0
0	0.0
0	0.0
0	0.0
0	0.0
0	0.0
0	0.0
0	0.0
0	0.0
0	0.0
0	0.0
0	0.0
0	0.0
0	0.0
0	0.0
0	0.0
0	0.0
0	0.0
0	0.0
0	0.0
0	0.0
0	0.0
0	0.0
0	0.0
0	0.0
0	0.0
0	0.0
0	0.0
0	0.0
0	0.0
0	0.0
0	0.0
0	0.0
0	0.0
0	0.0
0	0.0
0	0.0
0	0.0
0	0.0
0	0.0
0	0.0
0	0.0
0	0.0
0	0.0
0	0.0
0	0.0
0	0.0
0	0.0
0	0.0
0	0.0
0	0.0
0	0.0
0	0.0
0	0.0
0	0.0
0	0.0
0	0.0
0	0.0
0	0.0
0	0.0
0	0.0
0	0.0
0	0.0
0	0.0
0	0.0
0	0.0
0	0.0
0	0.0
0	0.0
0	0.0
0	0.0
0	0.0
0	0.0
0	0.0
0	0.0
0	0.0
0	0.0
0	0.0
0	0.0
0	0.0
0	0.0
0	0.0
0	0.0
0	0.0
0	0.0
0	0.0
0	0.0
0	0.0
0	0.0
0	0.0
0	0.0
0	0.0
0	0.0
0	0.0
0	0.0
0	0.0
0	0.0
0	0.0
0	0.0
0	0.0
0	0.0
0	0.0
0	0.0
0	0.0
0	0.0
0	0.0
0	0.0
0	0.0
0	0.0
0	0.0
0	0.0
0	0.0
0	0.0
0	0.0
0	0.0
0	0.0
0	0.0
0	0.0
0	0.0
0	0.0
0	0.0
0	0.0
0	0.0
0	0.0
0	0.0
0	0.0
0	0.0
0	0.0
0	0.0
0	0.0
0	0.0
0	0.0
0	0.0
0	0.0
0	0.0
0	0.0
0	0.0
0	0.0
0	0.0
0	0.0
0	0.0
0	0.0
0	0.0
0	0.0
0	0.0
0	0.0
0	0.0
0	0.0
0	0.0
0	0.0
0	0.0
0	0.0
0	0.0
0	0.0
0	0.0
0	0.0
0	0.0
0	0.0
0	0.0
0	0.0
0	0.0
0	0.0
0	0.0
0	0.0
0	0.0
0	0.0
0	0.0
0	0.0
0	0.0
0	0.0
0	0.0
0	0.0
0	0.0
0	0.0
0	0.0
0	0.0
0	0.0
0	0.0
0	0.0
0	0.0
0	0.0
0	0.0
0	0.0
0	0.0
0	0.0
0	0.0
0	0.0
0	0.0
0	0.0
0	0.0
0	0.0
0	0.0
0	0.0
0	0.0
0	0.0
0	0.0
0	0.0
0	0.0
0	0.0
0	0.0
0	0.0
0	0.0
0	0.0
0	0.0
0	0.0
0	0.0
0	0.0
0	0.0
0	0.0
0	0.0
0	0.0
0	0.0
0	0.0
0	0.0
0	0.0
0	0.0
0	0.0
0	0.0
0	0.0
0	0.0
0	0.0
0	0.0
0	0.0
0	0.0
0	0.0
0	0.0
0	0.0
0	0.0
0	0.0
0	0.0
0	0.0
0	0.0
0	0.0
0	0.0
