1	0.3132564262683188
2	0.3128226983195417
3	0.16349586223489515
4	0.22570394756850573
5	0.25363671285259515
6	0.07078395954795513
7	0.0010721789256610999
8	0.013942709718791212
10	0.05708798453854169
13	0.70907054283848
14	0.2657850751843422
15	0.04588419747092106
17	0.009898736189778365
18	0.5387873038067571
21	0.40414586088305315
22	0.5572508697321561
23	0.7715774287845801
24	0.263601530645527
25	0.2511799505309199
26	0.5801577966104613
28	0.005732677868671085
29	0.5114308016157122
30	0.04450041673209719
31	0.05033791622712551
32	0.028149875347647065
33	0.02202379041164173
34	0.7136319703670961
35	0.020315970030267652
37	0.556711856932427
38	0.06916851467020765
39	0.10988979215605832
40	0.2977362665895935
42	0.003027979829586292
43	0.020570172548454245
44	0.09784751841949334
45	0.04564151849561155
46	0.2703127233517068
47	0.24063822661401074
50	0.13182332777942138
53	0.059685547265638975
54	0.22991618006062645
55	0.00934841733013575
57	0.1968713433063405
58	0.21841365255708722
59	0.014744221008908848
60	0.30028219655867183
62	0.0312520480008813
63	0.4356782635606564
64	0.02474222079406145
65	0.013835835584088928
66	0.020190393291989753
67	0.2411424674594395
68	0.2356662006450156
69	0.06636196408214531
70	0.21258071251786936
71	0.022220469688331673
72	0.4786905852077667
73	0.26308985182829653
74	0.7836794980937744
75	0.28731999650702233
76	0.002533438681354319
77	0.22862497729515202
79	0.20419965513232982
80	0.2994287977795088
82	0.5348799315105065
83	0.012222139980332093
85	0.28253997194396574
87	0.049668720171214736
88	0.26271360472159977
89	0.018363890732437223
90	0.0617555689875698
92	0.7585193124305863
93	0.29745282529150524
94	0.28878135515068387
96	0.05356596528437238
98	0.04645655730959052
100	0.2708884646916877
103	0.3137264143036502
104	0.13045450504510525
105	0.6149992441487931
106	0.0519478300475934
107	0.2714323841904646
108	0.24303776758158285
110	0.006336201100802068
111	0.10367457649288768
112	0.4957946669959996
113	0.33135419876168415
114	0.0842282929639229
115	0.23969889237982417
116	0.2000497323967051
117	0.25580097448842476
119	0.0037869172964531475
120	0.0066937226046263655
121	0.02572695327412929
122	0.21951691922122535
123	0.008031860112655706
129	0.49530034999970907
130	0.23629594806131055
131	0.2678660982425042
132	0.564425999232912
134	0.1863629221994958
135	0.2616569241043982
136	0.5555423650217706
137	0.06028554713049651
138	0.022051264196027466
139	0.024456522427494163
140	0.5417375407142007
141	0.2558603359714038
142	0.25864172501287835
143	0.01564958492850621
148	0.0810461811701941
149	0.575213131562186
153	0.3611683901728986
154	0.011100504258580595
155	0.18904270463004064
156	0.027146818420371345
158	0.2193988948156082
159	0.03406582010036896
160	0.27381926810467505
161	0.16967806279708592
162	0.25161885137278156
163	0.019931877133242973
164	0.24314627094321534
165	0.0033712049497089253
167	0.26479527672035064
168	0.024112810745770156
170	0.02955207204603567
171	0.04979068853443348
172	0.5571066181214147
173	0.7793462958421096
174	0.7539274586409667
176	0.26691369657261543
177	0.08583818117464517
179	0.49835084742028984
183	0.2089295977531544
184	0.5259527276271406
186	0.21921439284581504
187	0.01081199724075061
188	0.30227452152089007
192	0.07920658225570959
193	0.2436538379677578
195	0.4493585992968671
199	0.21025670774704347
200	0.3056240085690439
204	0.24948042636874337
206	0.31743929064897314
207	0.2820208184070888
208	0.2716279984308189
209	0.014829989289104083
210	0.5471036783554788
212	0.033281904901828065
213	0.25395761035749187
214	0.5393495487313404
215	0.2324246471768652
216	0.3291036325751408
217	0.27332129313412296
218	0.24491004272505484
219	0.2349642669721103
221	0.48706916363242836
222	0.03774146973825358
223	0.011951207912027133
225	0.24084532379902307
226	0.10736583736811647
227	0.479543940437004
229	0.0008317888237805368
232	0.09726429293222028
233	0.22788102311468555
234	0.5172287168421172
235	0.24240342805308313
236	0.0869592229808427
237	0.5314914017079447
239	0.5446666061020641
240	0.5667542092901257
241	0.0504112616738729
242	0.20723717651560708
243	0.2605287756563003
244	0.49030388018730886
246	0.16632636530458633
247	0.020898028844288197
248	0.10812839316482403
249	0.525161772948589
250	0.017728216412299797
252	0.4486764991118036
253	0.20198297950846
254	0.21730904380024102
255	0.46383163650539555
256	0.10021187334068578
257	0.24753408897015294
259	0.49202517628009884
260	0.2280432578512398
261	0.02657341937575829
262	0.48015226378157627
263	0.23823801942327444
264	0.03817930207421733
265	0.001622448503060328
266	0.5195998445437826
267	0.5171818084558635
268	0.2868710772373203
269	0.4626867472420299
270	0.021024907571771986
271	0.5176548336815147
272	0.333261992443376
273	0.05291200990521129
276	0.7679164092890519
277	0.25011028955695797
278	0.21181214613438806
280	0.5053049833950248
284	0.534680504317465
285	0.3637306797391351
286	0.22915340427630673
287	0.48778099553660853
288	0.01924910889546408
290	0.020946097714627396
291	0.7136986983669489
292	0.4961346842956368
294	0.19059026618736136
295	0.29251196696975823
296	0.48497478755036477
297	0.32044146560502396
298	0.024814155582532922
299	0.28244633984403983
301	0.011017088827351904
303	0.768044390856963
305	0.04845020083113573
308	0.5300248939386705
312	0.059908141610281365
313	0.08745903596489205
315	0.293497973160408
316	0.2866486932874882
317	0.3124281545830209
318	0.23750227127963688
319	0.4927381375348155
320	0.29039238028962766
321	0.049352757622227975
322	0.06578460875080835
323	0.013108003185611498
324	0.0015277203580566986
325	0.5276453613117995
328	0.2651741990907466
329	0.5488189207909301
331	0.34498861050563717
332	0.1024311080330074
333	0.2299428446860216
334	0.2687278072032822
335	0.05754351001351735
338	0.5120112665358494
339	0.7378999448191137
341	0.5856646056203196
342	0.29612912423213583
343	0.23608885527491702
344	0.5155767357798963
345	0.2626984261323358
346	0.23018056805149412
347	0.444333949386683
349	0.31125960469613384
350	0.2478642511695581
351	0.27969722739809877
352	0.4864323876276505
353	0.3203597004670248
354	0.5511012764347419
357	0.27607799891620816
358	0.2287308678703349
359	0.21933436767511003
360	0.32289127237734677
361	0.2695225790680373
362	0.5665662101582688
363	0.08014478850850623
364	0.7581046730847499
366	0.26303913926474526
367	0.318168578430703
368	0.05701454662547452
369	0.020029047377409914
370	0.2895165481216547
372	0.22972457471249846
373	0.009310996939657909
375	0.28467851262050015
376	0.011349121502111429
377	0.04804714104620479
378	0.3044516191260137
379	0.32264289532406065
380	0.5569471479642573
381	0.07092655750551669
382	0.2527419983478337
384	0.518512564688809
385	0.32832605275580745
386	0.2516000431464532
387	0.09452189196866534
388	0.08809724179553262
389	0.33237033514304487
390	0.28519304191796213
392	0.5088107044034427
394	0.5203265011905911
395	0.0722128753959029
397	0.29189150073720527
399	0.3103477503320246
401	0.1870966559296413
402	0.015276343338961162
403	0.028476116767287764
404	0.5347806702189049
406	0.3085426742739158
407	0.5311019347630327
408	0.08498832189985359
409	0.2836325133909539
410	0.19284774987837808
411	0.24684776464739322
412	0.019114877321486402
413	0.004484489270126738
414	0.5783856117078314
415	0.4703724028975192
416	0.08221025643018334
417	0.3049970826578148
419	0.2817661794886944
420	0.5510255288511282
421	0.05655359130929229
423	0.3007464203138882
424	0.515641044002819
425	0.37070883642312835
426	0.5294732801717239
427	0.021218759894459677
428	0.3025847979918603
429	0.5173774772570189
430	0.5453776474931531
431	0.011473502277193945
432	0.2530529074812274
433	0.5437265970878489
435	0.24404205940913087
436	0.529009910930246
437	0.0034830803159492177
438	0.2484885192742017
439	0.2444169911872847
440	0.246557788519853
441	0.012008202840669314
442	0.31729673461890284
443	0.45366170152920743
444	0.26050165804171244
445	0.24420912367468106
446	0.03240993949063143
447	0.06538149614281796
449	0.22226932957221418
450	0.7054250797202563
451	0.030233329517356626
453	0.21606975529732222
456	0.5030505774378319
457	0.25875557576466823
458	0.5478722591508375
460	0.5381673539783648
461	0.31613184698614194
462	0.24038003265721875
463	0.5741022945876423
464	0.3075158369673547
465	0.4779693662721006
466	0.2920338626654397
467	0.272829284266016
468	0.008010142586017864
469	0.31086977215441336
472	0.036269282921664925
473	0.0041139127944840315
474	0.532587617091293
475	0.002522991956985514
476	0.04116015219758595
477	0.0008493326544483024
479	0.30880267263358113
480	0.49891493404213166
482	0.015862746928568157
484	0.5054149170033294
485	0.611578658249252
486	0.46496107867750275
487	0.4778700942534462
488	0.04735305082360236
490	0.3195317855540557
491	0.5708045171171329
492	0.03808162803877622
496	0.524757383535116
497	0.47758542124862285
498	0.03073710827869948
499	0.5353896757677307
500	0.5593742494216442
501	0.015000565621158923
502	0.0069360012543730545
504	0.0055612301662137445
506	0.0481124641949514
507	0.0779538070645849
508	0.23537979532905373
509	0.14190664428148914
510	0.5364488303165584
511	0.21763304483044246
514	0.08124766407977296
516	0.4699777740455679
519	0.044667860372205985
520	0.18331637701116563
521	0.007535248352404024
522	0.2455635802917592
524	0.10292666662882982
525	0.2174962064899545
526	0.3304439918959567
528	0.044008694147045835
529	0.003755239150342836
530	0.23670760260909435
531	0.7605374465156147
532	0.30310859433318116
534	0.035438074216315237
536	0.28118597388462735
537	0.5367979917283624
540	0.01820666219905383
542	0.29320403426146413
543	0.5358881532113963
544	0.5859134984051505
545	0.0032813237274054614
547	0.5498723310102425
548	0.06062276630455135
549	0.4752817940481693
551	0.47222786907808106
552	0.25879134630511
553	0.3133515536654615
555	0.24937888963829685
556	0.035023987411607074
557	0.2816405395455738
558	0.24536858215754673
559	0.016647385105194847
560	0.5409933488386214
561	0.5714980548429416
563	0.005097730625157729
566	0.7749352775270106
567	0.2901087581533402
568	0.045905680957797776
569	0.3042768108302268
570	0.795225773592902
571	0.5119802896181374
572	0.045320628907906974
573	0.541113986489517
574	0.2938185545692318
578	0.011114331067775804
579	0.41126627119903547
581	0.2479602730438441
582	0.300341888838048
584	0.013463917257091475
586	0.4911171508317604
587	0.31624006595990084
590	0.44834310454814413
591	0.26772046469542576
594	0.04336779833754832
596	0.02077964561840945
598	0.49694881381901496
599	0.0036166675069784354
600	0.09948686786091096
601	0.18821972181835825
602	0.25886970790518227
603	0.790810855478114
605	0.23119555331731736
606	0.08616200024362833
607	0.042704940142944514
608	0.26841528925872116
609	0.11609183411062585
610	0.021688946174780073
611	0.24706944536073924
612	0.23043987221853107
613	0.07202126783580143
614	0.06310513621397568
615	0.2760043335592252
616	0.2911286671071453
617	0.08649750551935703
622	0.5444872838149346
624	0.757325925894985
626	0.7806257369357993
627	0.2786306963697008
628	0.30427681083022673
630	0.02259159404167939
631	0.2430054977236697
634	0.3010092375196697
635	0.7625303452398623
637	0.20313843145323188
638	0.02780045835792966
639	0.34661279914343407
640	0.23712665564795338
641	0.26916754138593235
643	0.050098601924969795
645	0.2964626660874227
647	0.011476873387938076
648	0.10310848689991926
649	0.27130138490179917
650	0.07109746835869697
651	0.3101580893832058
652	0.4968323820494621
653	0.251902499629728
654	0.3183644834329761
656	0.23360387271388014
658	0.7530795611536967
659	0.05692320267475211
660	0.2405999575328892
661	0.3375813440313413
662	0.2990159683452735
663	0.03832578151003034
664	0.5592317344057214
665	0.2955893709092066
666	0.7711552315280641
667	0.24648525478139657
668	0.3411363692445308
669	0.2957661751985245
670	0.3459571041081632
672	0.060222568731801394
673	0.004900127141152941
674	0.7200721398615113
675	0.22054530281965812
676	0.5549091098530181
677	0.24933125303164935
678	0.0692499079610109
679	0.279216109823064
681	0.0314211562263719
682	0.30375910028033914
683	0.3091238606278084
686	0.5427246846808141
687	0.01673520087991314
688	0.0595555388964794
691	0.4928210662110505
693	0.4881464887195149
695	0.28711317345643483
696	0.5431363729759003
697	0.5502174143280869
699	0.25751670871225446
701	0.22210878120159422
702	0.03933205166232896
704	0.5418161208516873
705	0.24763720978841933
706	0.024141526750341535
707	0.27894558025480753
709	0.2322473557012276
710	0.5334390633676124
711	0.5460703909841064
712	0.0173132183590549
713	0.5712314148221277
715	0.2299718232983513
716	0.4436797916049287
717	0.554170815388706
718	0.2608244690426337
720	0.5251481697318344
722	0.17673259975435476
724	0.31743929064897314
725	0.49894545000961166
727	0.5594533876399211
728	0.2867619099505991
729	0.1927616321727508
730	0.006016940223219976
731	0.23197620392541454
733	0.5307296855403658
736	0.2611592280129636
737	0.3175940334871109
738	0.5486747735183191
739	0.024859187344814033
740	0.5656974658561111
741	0.2920574055473258
742	0.7116941538978465
744	0.32576504662470207
745	0.5545094139949684
746	0.27956325457975445
747	0.07118908627058765
748	0.5397652959276551
749	0.22288896363693203
752	0.3596373471592921
754	0.4848835851198185
755	0.2174508702002794
756	0.4744967715057628
757	0.5300636089609841
758	0.04301019983391322
759	0.007549744126373534
760	0.19479313685152475
762	0.0829161339323072
763	0.02354922403282113
764	0.050254491805350285
765	0.01756362763541652
766	0.30883813953358225
767	0.2189906568076036
768	0.4994391076041194
769	0.2138845565443149
770	0.22472775035293902
771	0.02010319486432333
772	0.31160233256209124
773	0.2815636212238427
775	0.0009016117232938797
776	0.022327093041706436
778	0.034604617734387444
781	0.11059396085792014
783	0.12221499622239494
784	0.06300314374035636
787	0.31576495721542785
788	0.5001381825968184
789	0.22996984323754516
790	0.32408543997500194
791	0.21867787615845052
792	0.23860868946494396
794	0.24561410394040395
795	0.5501374085213239
796	0.3032428233360612
800	0.24702550409343269
801	0.2558924561282611
803	0.23990021318224092
805	0.2711246890761744
806	0.31544567959201014
807	0.5306020895733977
808	0.7888854895370638
809	0.5354291648020307
810	0.2568013373885197
812	0.007283594921296523
813	0.0045643696133439715
814	0.5449459723125261
815	0.27172018410178966
816	0.28302597190534307
817	0.26795035210426993
818	0.2956629378028264
819	0.3289503423193754
820	0.7818160412088373
821	0.2813016760520036
822	0.49044458297939714
823	0.03343675319897905
824	0.2880142556403873
826	0.3129805491977243
827	0.102154932157751
828	0.5787408899443882
829	0.2470255040934327
830	0.5355583001877321
831	0.005070203587155819
832	0.251137041073462
833	0.2885490324279767
835	0.28545510863233525
836	0.11763840739218374
837	0.0007641532018667907
838	0.2301805681194858
839	0.020927867054445673
840	0.269561222041694
841	0.5310226877652686
842	0.5318492253056636
844	0.05509857787292806
846	0.3121626723270176
847	0.23127783202067723
848	0.3175316141313931
851	0.30582349705362843
852	0.24871208358161614
853	0.3381412590480888
854	0.011770480478088
855	0.18915240056873886
856	0.21997314724086797
857	0.018734684321544345
858	0.23578425573198158
859	0.2810418128277686
860	0.5492729793582324
861	0.2047832268652498
862	0.5076365400611182
863	0.007199806503808224
865	0.5908475323248468
866	0.0989454712204639
867	0.3068332455710878
868	0.5610602043261086
869	0.008868788010401755
870	0.31183845086195894
871	0.11937496474551726
873	0.47369735527545564
874	0.5501581204833983
878	0.24716100549531916
879	0.2895497856372972
880	0.5522816722016206
881	0.29778993341441523
882	0.30393810888670236
883	0.5404524658583459
886	0.09936143275723905
887	0.5160641425324515
888	0.2557748898498637
889	0.010910325731155232
890	0.2612733476638746
891	0.24270076628228338
892	0.5493397348115656
893	0.23222688615268092
896	0.27995641991807574
898	0.2912626939011229
899	0.26869689126315033
900	0.18040741346828892
901	0.2019568106715603
905	0.5933513602814834
906	0.24701426793801196
907	0.00830679537316345
908	0.05153398228682694
910	0.44279299418399765
913	0.5399548813661147
915	0.3125526154298157
916	0.47880545091031995
917	0.2976720388715468
918	0.2961209511631952
919	0.3134915524928783
920	0.4684335377154074
922	0.13260852873861834
923	0.48249004001645085
925	0.257629930913266
926	0.313288728578288
927	0.02814780273348106
928	0.25149147861896876
929	0.014259170443625534
930	0.24550785485108023
931	0.7685757756580105
932	0.5351809334412928
933	0.7662993867098952
934	0.5431882418231841
935	0.22694268083910957
936	0.45142098732806674
937	0.03537116024213424
938	0.29281497821871316
939	0.2494996133543276
940	0.7584928380202837
941	0.45640408375175984
942	0.2934260883096239
943	0.2650965932918806
0	0.0
0	0.0
0	0.0
0	0.0
0	0.0
0	0.0
0	0.0
0	0.0
0	0.0
0	0.0
0	0.0
0	0.0
0	0.0
0	0.0
0	0.0
0	0.0
0	0.0
0	0.0
0	0.0
0	0.0
0	0.0
0	0.0
0	0.0
0	0.0
0	0.0
0	0.0
0	0.0
0	0.0
0	0.0
0	0.0
0	0.0
0	0.0
0	0.0
0	0.0
0	0.0
0	0.0
0	0.0
0	0.0
0	0.0
0	0.0
0	0.0
0	0.0
0	0.0
0	0.0
0	0.0
0	0.0
0	0.0
0	0.0
0	0.0
0	0.0
0	0.0
0	0.0
0	0.0
0	0.0
0	0.0
0	0.0
0	0.0
0	0.0
0	0.0
0	0.0
0	0.0
0	0.0
0	0.0
0	0.0
0	0.0
0	0.0
0	0.0
0	0.0
0	0.0
0	0.0
0	0.0
0	0.0
0	0.0
0	0.0
0	0.0
0	0.0
0	0.0
0	0.0
0	0.0
0	0.0
0	0.0
0	0.0
0	0.0
0	0.0
0	0.0
0	0.0
0	0.0
0	0.0
0	0.0
0	0.0
0	0.0
0	0.0
0	0.0
0	0.0
0	0.0
0	0.0
0	0.0
0	0.0
0	0.0
0	0.0
0	0.0
0	0.0
0	0.0
0	0.0
0	0.0
0	0.0
0	0.0
0	0.0
0	0.0
0	0.0
0	0.0
0	0.0
0	0.0
0	0.0
0	0.0
0	0.0
0	0.0
0	0.0
0	0.0
0	0.0
0	0.0
0	0.0
0	0.0
0	0.0
0	0.0
0	0.0
0	0.0
0	0.0
0	0.0
0	0.0
0	0.0
0	0.0
0	0.0
0	0.0
0	0.0
0	0.0
0	0.0
0	0.0
0	0.0
0	0.0
0	0.0
0	0.0
0	0.0
0	0.0
0	0.0
0	0.0
0	0.0
0	0.0
0	0.0
0	0.0
0	0.0
0	0.0
0	0.0
0	0.0
0	0.0
0	0.0
0	0.0
0	0.0
0	0.0
0	0.0
0	0.0
0	0.0
0	0.0
0	0.0
0	0.0
0	0.0
0	0.0
0	0.0
0	0.0
0	0.0
0	0.0
0	0.0
0	0.0
0	0.0
0	0.0
0	0.0
0	0.0
0	0.0
0	0.0
0	0.0
0	0.0
0	0.0
0	0.0
0	0.0
0	0.0
0	0.0
0	0.0
0	0.0
0	0.0
0	0.0
0	0.0
0	0.0
0	0.0
0	0.0
0	0.0
0	0.0
0	0.0
0	0.0
0	0.0
0	0.0
0	0.0
0	0.0
0	0.0
0	0.0
0	0.0
0	0.0
0	0.0
0	0.0
0	0.0
0	0.0
0	0.0
0	0.0
0	0.0
0	0.0
0	0.0
0	0.0
0	0.0
0	0.0
0	0.0
0	0.0
0	0.0
0	0.0
0	0.0
0	0.0
0	0.0
0	0.0
0	0.0
0	0.0
0	0.0
0	0.0
0	0.0
0	0.0
0	0.0
0	0.0
