4	0.028680036951452204
5	0.07392847186897433
6	0.020665569647164376
7	0.510933735883048
8	0.2794203445250089
9	0.029870046890147408
10	0.03157092359932086
11	0.23928440255685962
12	0.03097238316212555
15	0.2329550495421158
16	0.016598145504602545
17	0.06758215126700484
18	0.2696331602685257
19	0.5341418933163287
20	0.49682165431661635
22	0.2571491225550837
24	0.027816206998098704
25	0.006137562258333881
26	0.20429880027568767
27	0.19599427134099168
28	0.29046894899671594
30	0.4676433879567237
32	0.524403282885755
35	0.24782846877360698
36	0.2927104533292933
37	0.23531194383096152
39	0.22316074407677242
41	0.5497438336961183
42	0.5188372197726226
44	0.2631543148281886
45	0.31741572944711716
46	0.03320535478559068
47	0.3005309465123873
48	0.04422627744470142
49	0.024503653775024333
50	0.0159833913011521
51	0.3352958341400289
52	0.7496228362629053
53	0.24783851350836897
54	0.3094127573179007
55	0.2741243619330482
56	0.31613625841077947
57	0.31968282288359257
59	0.05955167453079572
60	0.2779547596709019
61	0.4598519661755009
62	0.26326635771451257
64	0.25645095333980245
66	0.25246529634523085
68	0.23345304862624888
70	0.06428582528262988
71	0.27968394944742236
72	0.008837192706688549
73	0.04725675132509983
75	0.23170512457866524
76	0.2882622171894387
78	0.022109033476107598
79	0.26085808011554884
80	0.1065102708629555
83	0.024429298130098503
84	0.3068792042215901
85	0.012737825928698165
86	0.5756813349827857
87	0.06643923596756182
88	0.27201227060252914
89	0.525169123488825
91	0.2760311633052617
92	0.04240897054596257
93	0.4021846094866436
95	0.26948008600210305
96	0.25797967927181265
97	0.025775371919406695
98	0.2595634014563513
99	0.4999199272811781
100	0.028528579422238482
101	0.2918623697382966
102	0.27622657259200284
103	0.23527391233304787
104	0.4008785852695758
106	0.2410437014418337
108	0.2699393685571696
109	0.04026576041546277
110	0.27899979338283065
111	0.01240792225170077
112	0.007370325294123278
114	0.2829603919714386
117	0.042025043117146665
118	0.2895216609572997
119	0.2845896428394447
120	0.3080865581996188
121	0.03327326045675555
122	0.02574763300080075
123	0.260080283439077
124	0.26416952392341453
125	0.26928452240287964
126	0.022494235647325188
127	0.04297517701444452
128	0.2885279836652746
130	0.24114593644504406
131	0.19929582300485318
133	0.24539453073463857
134	0.5082409344497755
136	0.033733695932814556
137	0.029710759764514986
138	0.2650407608381971
139	0.06886624310115119
140	0.025434262635581996
142	0.498100995050953
144	0.003080674347189869
145	0.031250313124549775
146	0.018977366494908495
147	0.2783849833131373
149	0.2054265845696949
150	0.004299652472457491
151	0.2567757448883202
152	0.2998634327000303
153	0.055096919492753665
154	0.03139846368039567
156	0.25723291794229153
157	0.5262842811633934
158	0.2700230297166993
159	0.24434219550164668
162	0.25068245594519845
163	0.3319116159900952
165	0.2762270423334372
166	0.2659033566024848
168	0.27363319745789644
169	0.27914913965148697
170	0.23159013743927206
171	0.06325907571926212
174	0.045464990077769364
175	0.5199099092611514
176	0.041873022544221455
178	0.017246232220933466
180	0.5376032038097758
182	0.2768396142708454
184	0.0027665582981688634
185	0.02103474742181592
187	0.2571641262826129
188	0.025968447188410314
189	0.25720077860641954
190	0.44248032185759933
191	0.1917537520667784
192	0.007637226075330267
193	0.2927177786193989
194	0.2974646238099428
195	0.0244852887444162
196	0.005365178272903549
197	0.2782065549780208
198	0.23226172990020774
199	0.29539426956211134
200	0.24162552338282056
201	0.0010887266123833714
202	0.26909728692197243
203	0.20514024327609473
204	0.273827594487146
207	0.016364730983416596
209	0.010583327100009692
211	0.7046269559095182
212	0.2812583752563732
213	0.013398289771732741
214	0.2458497702741885
215	0.5063689003706766
216	0.04430056750702348
219	0.24748378997165021
220	0.3016819437248255
222	0.02175056150691752
223	0.22971413644894417
224	0.26266912034247103
225	0.01104950083602338
227	0.05979329769877836
228	0.3737224991593706
229	0.22727835663475338
230	0.26176768742429923
231	0.7626964168259235
233	0.05144016385776615
234	0.2504455791396906
235	0.288285255611544
236	0.23985709440393344
238	0.5359556626865354
239	0.017795083361684182
240	0.0337557449576598
241	0.30331588144972804
243	0.22954582276143634
245	0.2611169531537767
246	0.30095098531468567
247	0.275402348345926
249	0.014084356856993843
250	0.2530242905944472
251	0.2571052575342358
252	0.2689224993584135
253	0.2944834585614249
254	0.5258618425538906
256	0.030256432685456386
257	0.2264498551614093
258	0.3384468532409716
259	0.04613218171465443
260	0.31974626032631115
261	0.2530750065791953
262	0.02522795242099586
264	0.2768730865946936
265	0.03831978311779265
267	0.0037904157016195802
268	0.2801285784940154
270	0.5027366213977413
271	0.027245174229513724
273	0.22710613900975163
274	0.3046651895357084
275	0.2945476434205124
276	0.02532756724655324
278	0.24016216973107418
280	0.2568214688253224
281	0.0595966383418891
282	0.008919514443200716
286	0.2167377129718857
289	0.6221302504940797
290	0.004335737696672396
292	0.011615865190832197
293	0.18703308014265968
294	0.5414601049664641
295	0.22017201849276802
298	0.025461125081160378
299	0.27420216964639454
300	0.13402098939409463
301	0.5267383797537174
302	0.5760607453854246
304	0.24040839753371426
306	0.2848293441474602
307	0.2722347129999359
309	0.07138404621880334
310	0.2286282146130116
311	0.0010667435951949786
313	0.028483688118832735
314	0.5236722395176913
315	0.06111891402883968
316	0.21084135317534525
318	0.0069182972350348634
321	0.003590754944871398
323	0.2878007821292263
324	0.040108425889715416
325	0.2629675969882411
326	0.05934481868240926
327	0.24789955536540378
328	0.044735622505559874
329	0.012644088406427247
330	0.01320707675731956
332	0.024763276609962193
333	0.23928619566187545
336	0.5498975854595753
337	0.5447099415339768
338	0.010957861319325416
340	0.23406253725489307
341	0.032737536302988576
343	0.0030118940131851277
345	0.4902123345878605
347	0.02263125043953816
348	0.5188496620162584
349	0.030709281143489444
351	0.23754280629379781
352	0.3267574188180409
353	0.03383466585672855
355	0.02410394990111428
356	0.3029172433262539
357	0.28299594446069387
358	0.26790338420014964
359	0.2862621012033991
360	0.0063845770565026175
361	0.016452137571974276
362	0.20954050962122006
363	0.2835966474239897
367	0.05949286368562509
369	0.5282358701520047
370	0.019592699587606597
371	0.4959154084881134
373	0.21518596923905395
375	0.032894682717031984
376	0.285990420707394
378	0.2496346760981508
379	0.018281756095815005
381	0.024630072154619154
383	0.2657328230324353
384	0.00565636050648648
386	0.26139889352105483
387	0.031742788505804156
389	0.03977306957165841
390	0.26807882729719384
391	0.006778727668641196
392	0.27056847662077704
393	0.26757463729715736
394	0.2618943313514192
395	0.2702395421896908
396	0.26348372716345714
398	0.045105630163983466
399	0.03358936222194474
400	0.5129502255579106
402	0.24553521967593517
403	0.25933481392179586
405	0.33107145805995514
406	0.03439179108203719
408	0.2656642898482333
409	0.2742195736499151
410	0.2916632985543719
411	0.048554169880092514
412	0.5184425005359541
413	0.510067249848031
417	0.2799378457844146
418	0.14207551449651273
419	0.0127425647846406
420	0.25106927184201344
421	0.3126597929703633
423	0.29350467965174704
426	0.027667123816970257
427	0.004431982065896532
429	0.0336466752714871
430	0.014489010218356291
431	0.27096821458302056
432	0.044827873633431936
435	0.053842596466907505
438	0.5185108363975399
440	0.26823778058852027
441	0.5125286536076871
442	0.25538643328039734
443	0.058706760500190545
445	0.052660748744587545
446	0.30275727135828223
447	0.018993301706637905
448	0.27383043093752935
449	0.3340355803776298
450	0.03743350153491254
451	0.022198569772867757
452	0.0167309713847948
453	0.03550190677763282
454	0.47542427933095965
455	0.021511226520629548
456	0.024700274112334282
457	0.02317463307785074
459	0.279049062691715
460	0.25555715887672026
461	0.28568817741370905
462	0.017949680409466495
464	0.0004046260171822885
465	0.2632337086065588
466	0.3132793961241426
468	0.739064298206532
470	0.2739978555239968
471	0.02660859039430332
472	0.28276565047510355
474	0.031187235424828014
476	0.24594231645650966
477	0.25285784060675565
478	0.28742231703003474
479	0.008267547014105592
481	0.03605028484584233
482	0.02983578914896777
483	0.2873227371970673
484	0.31081743304139425
487	0.02969686706668595
488	0.2839706545707227
489	0.005369598644661293
490	0.04749749353545549
492	0.2861308473609631
493	0.03279829446200408
494	0.020290017904462693
495	0.03252654539940335
496	0.04174809008220075
497	0.036060247479271265
501	0.033678755083385886
502	0.05112439132505742
503	0.2396106501992143
504	0.03482422041012235
506	0.05268806829853756
507	0.02721408151555502
509	0.02829740509755409
510	0.013706120849632901
511	0.08416239250584784
512	0.020638391968087408
513	0.053542215125235555
514	0.033190818699611935
515	0.24072975488341747
517	0.7858456747168845
518	0.03999914853815745
519	0.25768813915110617
520	0.5697532284340217
521	0.49207622469147294
523	0.02264991677651136
525	0.2951750358333308
531	0.024651468957871046
532	0.2497179272349036
533	0.2884942789833137
534	0.01601185320264239
535	0.0006733151120932486
536	0.056825505147975366
537	0.028772765487536458
538	0.024440720747869196
539	0.03624974412865546
540	0.05044679805850837
541	0.030082983708175658
544	0.18461913071451155
545	0.0474285612026544
546	0.2792210086229334
547	0.23682631542060412
548	0.008783476180380556
549	0.03481660363326661
550	0.5218820676598206
552	0.5194188842328589
554	0.5478597308958423
555	0.0018188975297412958
556	0.2624485367009078
557	0.49911490983133167
559	0.2399017743562624
561	0.0032584677420979605
562	0.0135730578766972
563	0.5505312073640205
564	0.29022627519238103
565	0.5155991143172691
568	0.060785962595618984
569	0.26807882729719384
571	0.022068378160894752
573	0.01875491521403158
574	0.03963727236973089
575	0.25076520803131164
576	0.29096673863468303
577	0.02184477774850517
578	0.05317500719103424
580	0.3254057684752263
582	0.27542723867998303
584	0.27100075083788233
587	0.05890749594014985
588	0.03979140146736278
589	0.01162222682327323
590	0.055558144276948745
592	0.02245272720916302
593	0.06813931210010857
594	0.25646179227645494
595	0.22019785656019086
596	0.04128009916338904
597	0.5321705431551724
598	0.036373496666716826
599	0.013771626272892797
600	0.039311097874008855
601	0.027145457323326225
602	0.03472398203303002
604	0.002890207465897559
605	0.2464593804422198
606	0.0038275506832729234
609	0.13318447331638342
611	0.2631059872463434
613	0.0429784506067788
614	0.27397994935129893
615	0.24962765510257195
616	0.27196115884160016
618	0.2695746110194997
619	0.3034369505112643
620	0.29463147459690375
621	0.26026254392840137
622	0.2642792637629353
623	0.24526002873686664
625	0.04924455093473099
626	0.034212926422461515
627	0.07930046380939113
629	0.2527817582424712
631	0.08457545715613482
632	0.306071684966583
633	0.25663010700796557
634	0.0483128837963156
636	0.25786813096967015
637	0.06929539281819855
638	0.0619388488076454
639	0.011355740073040844
640	0.25948561349017807
641	0.002184350440827893
642	0.5245139712207845
643	0.035415495373329185
644	0.3073891376600921
645	0.025778816158990563
646	0.24678948558905223
647	0.025434262635581996
648	0.26349243737516487
650	0.27060714151897297
651	0.0420831536915231
652	0.2181530244056408
653	0.037908072671936494
654	0.02066021240027734
655	0.2570432528985468
656	0.20287402377541147
657	0.24832076367064446
658	0.006900778213897275
659	0.013401647408411543
660	0.04641039973087626
661	0.010207070359567097
663	0.5134506566669547
665	0.014351626222780134
666	0.028604844242733345
667	0.2865505288727844
669	0.018351842617392346
671	0.017340138962395526
672	0.28960110180046605
673	0.30709263491161537
674	0.007004143688799706
678	0.22885594287820527
679	0.26654991975921827
680	0.2795188189248772
681	0.5111827041365342
682	0.060325035314197126
683	0.25993948518678234
684	0.30058317886323516
687	0.24174534255601093
688	0.24828544238017308
689	0.29304207802019083
690	0.24085408773155403
691	0.03246905193739575
692	0.046568872798706466
694	0.28458325461976347
696	0.007252484679031335
697	0.24991513873635124
698	0.2737956146211337
699	0.2730176541948672
700	0.27798277805290317
701	0.30511421397935945
702	0.22996729623337395
703	0.26423979035434136
705	0.04275507712621032
706	0.2428813237503131
708	0.2958501468502753
709	0.26109454478824295
712	0.026693506003976738
714	0.30074163390170255
715	0.28269392268825766
716	0.015236326238661304
717	0.01548524924523969
718	0.2406757837241725
719	0.011545127540627316
720	0.03524848671227305
721	0.03429670938765814
722	0.5557287066716807
723	0.3066637374814547
725	0.24473891863812308
726	0.40764136145580604
727	0.01247146750024904
728	0.002374259962047539
729	0.22461743286269742
730	0.2898208461834495
731	7.913653049614403e-05
732	0.2580386134107127
733	0.02453975842340584
734	0.036981448510928404
735	0.2895216609572997
736	0.29835673827890724
737	0.04713130237589683
738	0.0162092624162399
739	0.010937815474838401
741	0.012023596797289836
742	0.015825190950249746
746	0.04437527073632866
749	0.03285522283954215
750	0.2897463268029871
751	0.29659263713960515
753	0.04743496753699123
754	0.02475026898448557
755	0.27127448413895816
756	0.03292602724144715
757	0.2589061299640184
759	0.0363333714877216
760	0.5103712503494332
762	0.2466025125687173
764	0.2796063927555101
765	0.2647903982600311
766	0.2779098948473853
767	0.2411054846071603
769	0.2768902635997061
770	0.25327936517939614
772	0.2659886931053576
773	0.25018816500290486
774	0.09415901489254236
776	0.25541067132501877
779	0.2491163258212725
780	0.008585280550539615
781	0.24950488432765913
783	0.019663877726181396
784	0.24814905384760996
785	0.2696390788239028
786	0.472105232201534
787	0.51556797532927
788	0.05217978168123455
789	0.28378497081106013
791	0.5513568967084611
792	0.526740538637294
793	0.02830613540635415
794	0.019090068924440567
795	0.2289474049534024
796	0.02297465809139185
797	0.3417118227904822
798	0.28077043287195513
799	0.48730973875506656
800	0.03220765703602941
802	0.3077089714337639
803	0.27833565335241933
804	0.2813388885219765
806	0.2566074870911983
807	0.045642592013202615
810	0.4928971626779353
811	0.3014383489416361
813	0.25834608981414225
815	0.27340837638451176
818	0.017051399181994237
819	0.007531751011861491
823	0.015686099464779023
825	0.28790804424001837
826	0.25552979968947964
828	0.23532983137542368
829	0.03220765703602945
830	0.013467669148336713
831	0.7501275543775257
832	0.3000274896280854
834	0.29300111857439975
835	0.2525413841509303
837	0.4913113962169521
838	0.24997679735351772
839	0.2564257245399959
842	0.011963626363803131
844	0.0141529122276134
845	0.31949304360834313
847	0.0391209010338602
849	0.5253928312184641
850	0.03474849927509007
851	0.2856030513106878
852	0.03453354321251448
854	0.23608493919205042
855	0.0008026639902534369
856	0.027279462449745502
857	0.33424127689170957
858	0.24259653177390803
860	0.2763754023117531
861	0.30036672584429
862	0.29614474706772387
863	0.2951503886448325
864	0.022408896358651828
866	0.21147553661136645
867	0.24230004773223018
868	0.2621869816374008
869	0.26827095772678244
870	0.015345070473398368
871	0.033255362767692594
872	0.5303561663635332
873	0.021855678639390863
874	0.231112077890912
875	0.027674944846495287
876	0.25028399292610265
877	0.528237382714026
878	0.03291001027849791
879	0.26929423029192634
880	0.021304451426335153
881	0.28471360641898374
882	0.252594120464652
886	0.24679306490878858
888	0.24394664635129737
889	0.025742042841785804
891	0.2940118917621312
892	0.03420586067158356
893	0.04845171960271755
894	0.006949991452524104
895	0.5579053844183219
896	0.033587105721283636
897	0.2536324674111597
898	0.06561701963660634
900	0.21578251273442453
902	0.2707866808883233
903	0.5022657849441198
904	0.042575884423084145
906	0.503781209262479
908	0.2522909147726516
909	0.47400275106110684
910	0.03289680308438961
912	0.2373110971910833
914	0.20133179206370017
915	0.24195344433307867
916	0.0043069371363239
917	0.042996021260645556
920	0.28052631540088774
921	0.5224442282895646
922	0.2102270444665229
923	0.029999555254132355
924	0.5428269047757346
925	0.0007700131353639249
926	0.053451538662345345
927	0.27439906938045233
928	0.012049774787162505
929	0.0063767155274872325
930	0.05953480099888715
931	0.007070490304031323
932	0.016112618770836324
933	0.03653757446869684
935	0.26611716627354876
936	0.04322301956149052
939	0.2907349310595746
941	0.24592050102553742
942	0.018580362366622354
943	0.005861111797291554
0	0.0
0	0.0
0	0.0
0	0.0
0	0.0
0	0.0
0	0.0
0	0.0
0	0.0
0	0.0
0	0.0
0	0.0
0	0.0
0	0.0
0	0.0
0	0.0
0	0.0
0	0.0
0	0.0
0	0.0
0	0.0
0	0.0
0	0.0
0	0.0
0	0.0
0	0.0
0	0.0
0	0.0
0	0.0
0	0.0
0	0.0
0	0.0
0	0.0
0	0.0
0	0.0
0	0.0
0	0.0
0	0.0
0	0.0
0	0.0
0	0.0
0	0.0
0	0.0
0	0.0
0	0.0
0	0.0
0	0.0
0	0.0
0	0.0
0	0.0
0	0.0
0	0.0
0	0.0
0	0.0
0	0.0
0	0.0
0	0.0
0	0.0
0	0.0
0	0.0
0	0.0
0	0.0
0	0.0
0	0.0
0	0.0
0	0.0
0	0.0
0	0.0
0	0.0
0	0.0
0	0.0
0	0.0
0	0.0
0	0.0
0	0.0
0	0.0
0	0.0
0	0.0
0	0.0
0	0.0
0	0.0
0	0.0
0	0.0
0	0.0
0	0.0
0	0.0
0	0.0
0	0.0
0	0.0
0	0.0
0	0.0
0	0.0
0	0.0
0	0.0
0	0.0
0	0.0
0	0.0
0	0.0
0	0.0
0	0.0
0	0.0
0	0.0
0	0.0
0	0.0
0	0.0
0	0.0
0	0.0
0	0.0
0	0.0
0	0.0
0	0.0
0	0.0
0	0.0
0	0.0
0	0.0
0	0.0
0	0.0
0	0.0
0	0.0
0	0.0
0	0.0
0	0.0
0	0.0
0	0.0
0	0.0
0	0.0
0	0.0
0	0.0
0	0.0
0	0.0
0	0.0
0	0.0
0	0.0
0	0.0
0	0.0
0	0.0
0	0.0
0	0.0
0	0.0
0	0.0
0	0.0
0	0.0
0	0.0
0	0.0
0	0.0
0	0.0
0	0.0
0	0.0
0	0.0
0	0.0
0	0.0
0	0.0
0	0.0
0	0.0
0	0.0
0	0.0
0	0.0
0	0.0
0	0.0
0	0.0
0	0.0
0	0.0
0	0.0
0	0.0
0	0.0
0	0.0
0	0.0
0	0.0
0	0.0
0	0.0
0	0.0
0	0.0
0	0.0
0	0.0
0	0.0
0	0.0
0	0.0
0	0.0
0	0.0
0	0.0
0	0.0
0	0.0
0	0.0
0	0.0
0	0.0
0	0.0
0	0.0
0	0.0
0	0.0
0	0.0
0	0.0
0	0.0
0	0.0
0	0.0
0	0.0
0	0.0
0	0.0
0	0.0
0	0.0
0	0.0
0	0.0
0	0.0
0	0.0
0	0.0
0	0.0
0	0.0
0	0.0
0	0.0
0	0.0
0	0.0
0	0.0
0	0.0
0	0.0
0	0.0
0	0.0
0	0.0
0	0.0
0	0.0
0	0.0
0	0.0
0	0.0
0	0.0
0	0.0
0	0.0
0	0.0
0	0.0
0	0.0
0	0.0
0	0.0
0	0.0
0	0.0
0	0.0
0	0.0
0	0.0
0	0.0
0	0.0
0	0.0
0	0.0
0	0.0
0	0.0
0	0.0
0	0.0
0	0.0
0	0.0
