3	0.19911493486214654
4	0.2744345238388008
5	0.2035638962339966
6	0.246124671386102
7	0.1100060565213658
8	0.31666129903729423
11	0.15677967939733012
12	0.4300121170482445
14	0.042311506832892025
15	0.34646847232640904
17	0.36858755117814235
18	0.4089061199320768
19	0.41061724500853075
20	0.29110073439321565
21	0.20025670420466912
22	0.583217227949639
23	0.2553910910855958
24	0.3097549413657853
25	0.15031734600649121
26	0.5157723588478559
27	0.4568989706230801
28	0.521372669011513
29	0.47206038098766595
32	0.33361771838690846
33	0.028327182982648805
34	0.4913618179370679
35	0.2899962104625022
37	0.3245024225955179
40	0.16657726591737668
42	0.1368244395250694
43	0.2830319487381912
45	0.08692685481500231
46	0.503793243882351
47	0.2854249180072019
50	0.395384226131121
51	0.08545712462763254
52	0.09459761835178229
53	0.32470993870226733
54	0.33843145534462726
55	0.5123829365729196
56	0.39895785342630846
57	0.31457945475425453
58	0.22006780573824947
59	0.1327284918404158
60	0.2803565924269007
61	0.16271597542447774
62	0.12490756354801591
63	0.2550785385717685
64	0.10026561926064329
66	0.4701145626964999
67	0.4973448372515874
68	0.5614279682678195
70	0.5395762824275904
71	0.6761961207597416
72	0.28809358628821263
73	0.40473679982030825
74	0.5057325587310483
75	0.12891936419942432
76	0.501770722393795
77	0.15571689731686214
79	0.3274227555138823
81	0.1065102708629555
82	0.317539003852452
84	0.5047077949221215
86	0.43792836586688894
87	0.0855389977699971
88	0.8177807815494451
89	0.14004022412533165
91	0.027553919163032903
92	0.6086133842410165
94	0.07375155956136831
95	0.25848107193563424
98	0.12411566337134236
99	0.08834827241766967
100	0.5244974007357184
101	0.07181296242170707
102	0.3140966281109875
103	0.8218509775922367
105	0.4077408933455245
106	0.2699143273499093
107	0.32019667297332033
108	0.2482849169408077
110	0.23160951846773928
112	0.5296676592367642
113	0.21484062015546765
114	0.03399521338874483
115	0.2466975145644846
117	0.6317549222296334
118	0.06112770916025649
119	0.3389036813800482
120	0.30457221225558445
122	0.19890410506051162
123	0.08943000821950031
124	0.19937538080258557
128	0.5195238140502143
129	0.5258266345621122
130	0.014011479368306084
131	0.46827096826260106
132	0.45778970320323215
133	0.29555995024508097
134	0.2741968109633037
135	0.5078152385701693
136	0.5509337020268184
138	0.13479963365218844
139	0.7667921424497954
140	0.10941896456003719
141	0.18993261739472148
142	0.6314377373898687
143	0.013106417234163118
145	0.3231446422236795
146	0.23529511512011372
147	0.46037885476226187
148	0.13387099002415712
149	0.6203649618605588
152	0.25222146279744084
153	0.44592174589333616
154	0.5264271897171116
155	0.20737454441592457
156	0.5543314666890305
157	0.34762384570690397
158	0.2655280121088885
159	0.27577489787961884
160	0.3088739884774021
161	0.6205066181411873
162	0.2629480178771926
163	0.3699312313234756
164	0.27359575781324963
165	0.25073159114014365
166	0.3670911010753347
167	0.5352765806660446
168	0.3286510132373358
169	0.017295184236459125
170	0.24992155246921138
171	0.47871105659865154
172	0.23150620111199927
173	0.4917077383872457
174	0.6520548070127623
176	0.680322976721802
177	0.3168391461160696
178	0.07773295309259429
180	0.013123607579190791
182	0.27161931174402754
183	0.6066969054866295
186	0.1609657943648439
187	0.2067641589142694
188	0.08766808886016005
190	0.31202620709939927
191	0.44866780491899744
192	0.4771731657853169
193	0.34772822216254606
194	0.5335660715129109
195	0.3070892820389405
196	0.1593965271372855
197	0.05967863223664749
198	0.3433579148381649
199	0.231340845630479
203	0.1531560367246754
204	0.8420814553936649
205	0.10364445959375804
207	0.07676634093679827
208	0.5049970467759035
210	0.2728950122037152
211	0.09269946294627315
212	0.5406373332880932
213	0.5064246745274541
214	0.10263753950067123
215	0.577800803494148
216	0.5858793767407316
217	0.3457112193675301
218	0.28970737440083966
219	0.2934751163104769
220	0.3682297722216288
221	0.5054959542699075
222	0.2751319078817049
225	0.48413077741891675
227	0.5116093678553009
228	0.3095195636080563
229	0.47945748314777276
230	0.025510101335160157
231	0.13176452386880155
233	0.5120519375303689
234	0.07930499040761878
235	0.40638613210470736
237	0.25195991496495107
239	0.0727690960712087
240	0.5395637977843408
241	0.7427707160267609
242	0.2422448554486582
243	0.22228175064875316
244	0.3228557525799451
246	0.32596398139632443
247	0.4979201961495859
249	0.5814956158156652
251	0.2277526155684887
252	0.3002261782190109
253	0.05158427849187405
254	0.3447059910096854
255	0.20766889932187355
256	0.018870214821598678
257	0.2902617608286342
258	0.6822490038878628
259	0.06965360497412085
260	0.5861939344269956
261	0.687780891948282
262	0.5102458350256895
263	0.30448687694588517
265	0.032722936051095206
266	0.7454239047205297
267	0.062498505944671025
268	0.10350039512561104
270	0.3711973405080358
271	0.08908450958230812
272	0.03919524623079643
273	0.26788391236614395
274	0.3285726919428538
275	0.23613460025490207
276	0.5769428147216071
277	0.7037558343715544
278	0.30858232658589096
280	0.008974084974145022
281	0.22009932658473202
282	0.20143239348071243
283	0.2031124814958885
284	0.25656314605450936
285	0.012850898217140885
286	0.07942807254142048
287	0.34587697684234336
288	0.2634855344317021
289	0.42529025999523956
291	0.3165720512934967
292	0.36712056059797804
294	0.29398921910919834
295	0.008124038575191006
296	0.3590309071756651
297	0.015824791916471872
298	0.13752643661662117
299	0.1012872748028738
300	0.22765546947291793
301	0.38274269297137575
302	0.14917947801581666
303	0.06958854321404627
304	0.39072604442798475
305	0.22292645651765736
306	0.45143518186818743
309	0.026430768418179765
310	0.09585902649268227
313	0.01686226590841104
315	0.2674933565953798
316	0.2764324457177618
317	0.07221517774190278
318	0.49591764475887107
319	0.5242320852837549
320	0.5355342471296163
322	0.18546927499594745
323	0.15925939853723994
325	0.30899254782029567
328	0.0783847745577117
329	0.07232337324751646
330	0.05518215498968324
332	0.13158872044353176
333	0.08038023092983643
334	0.06197998083091663
335	0.22700992251895802
336	0.28733010946272286
337	0.26601263787093715
338	0.20459638065660435
339	0.0713509573815281
341	0.4648891008113149
343	0.35592734100520385
344	0.03977116127983886
345	0.349518845685135
346	0.5606209940010298
347	0.38798793902399437
348	0.11558905212062767
349	0.8112498516766805
350	0.221988866366844
351	0.2974334256324167
352	0.36928236350021626
353	0.9784082476677629
354	0.2865365663346505
355	0.18702518679145888
357	0.8142092932046395
359	0.47484677825602783
360	0.34123461387058673
361	0.07658239429414943
362	0.41587560782504623
364	0.49300159878658123
366	0.5074305111493147
367	0.36385596477275267
368	0.26273660077313415
369	0.36612415738366516
371	0.24781105098607129
372	0.20832013159646334
373	0.02506780308769663
374	0.2287012020153066
375	0.0638804117287109
376	0.5715429795872065
377	0.2821882599672306
378	0.08344179258034183
379	0.32561315252211515
382	0.2550042202549359
383	0.0341380764970397
384	0.18177350702856251
386	0.38265510362457433
389	0.13724429534995916
391	0.002508402221124695
392	0.28711723336186606
393	0.09821895212738435
394	0.297098204652777
395	0.06914124611405911
397	0.10169737343954575
399	0.12064157765143337
401	0.17804689399454093
403	0.15053490537831662
404	0.19628172881108888
406	0.12515473271715516
409	0.07625644315291227
410	0.5275861396782788
411	0.14941003147397752
412	0.09296096214083613
413	0.3159745018364748
414	0.5451261080490641
415	0.4835630278066149
416	0.057911846813340113
417	0.3943062575189403
419	0.814354655210106
420	0.38515940555831985
421	0.34080420955053065
422	0.22593463708450415
423	0.38208448486317653
424	0.308226770432396
425	0.02523362333079428
426	0.49214223988240513
427	0.017785646693355375
429	0.36794645158508665
430	0.24827978263005354
431	0.4638257715891242
432	0.6129413395285892
433	0.41936650092683014
434	0.11810723961972697
435	0.3549679283850724
436	0.10319322118662078
438	0.10016802700978414
439	0.24051683907366717
440	0.3815045848308362
441	0.07563830938113837
442	0.34120526065942625
443	0.614282909606107
444	0.47806521997302426
447	0.09562616087871112
449	0.6119057196592083
450	0.6093522569376156
451	0.02152167207758369
453	0.5878341969994051
456	0.30267524717178645
457	0.08424953167433825
460	0.37177068580233524
461	0.14560457071689076
462	0.1817076764643764
463	0.023182588515270712
464	0.2561905003111956
465	0.08847789302378946
466	0.58093771955874
468	0.06799193557656161
469	0.3259789568208963
470	0.3239820398637641
472	0.37705441929778005
473	0.24237870535643422
474	0.383690927017885
475	0.19485451832510525
476	0.1284480071636138
477	0.3803513180622597
478	0.013942260342805605
479	0.3421118811650807
481	0.03668133299909214
482	0.5211116450388998
483	0.473238203543785
484	0.3330708078052924
486	0.10648765641357669
487	0.5989418438837273
488	0.08978189384801562
490	0.09834625700562413
491	0.002340719634866123
492	0.16532127246494596
495	0.09453989598278867
496	0.6112700106682253
497	0.797861128609174
499	0.19922081412429737
502	0.24902912488665008
504	0.29055377829842344
505	0.2698371004631598
510	0.5107846523700155
511	0.541861587545714
512	0.13066689453967095
513	0.2708592843621333
516	0.2515262883157777
517	0.12461555631513148
518	0.005704745253262953
519	0.07915504621327321
520	0.6060475236640313
521	0.3585726009413425
522	0.26426363289536137
524	0.12501268249731204
525	0.3221290875424266
528	0.08397761558819805
530	0.3883624753158367
531	0.5868346145527741
532	0.08194915934522601
534	0.3339318678415253
536	0.05724836611808991
537	0.5773817314448124
538	0.1203074475574313
540	0.3487428886846366
541	0.027585285775315632
544	0.5144467337157426
545	0.23496513033954772
546	0.13761241171868183
547	0.055168281682759446
549	0.36912540821150536
550	0.12275526997990019
551	0.08816980839728539
552	0.6262027253565847
553	0.31299983498771755
554	0.32238876770498304
555	0.1715722760423595
556	0.40867883394448734
557	0.336171377027696
558	0.7061840597344841
559	0.27994978015435906
560	0.06243621797655735
561	0.35633626268432345
563	0.3378155380714647
564	0.23833609247122994
565	0.28664249055189783
566	0.4900514943625925
568	0.3165571080344534
569	0.1308132976029488
570	0.3104191147276739
572	0.09600833060290112
573	0.37396851055878233
574	0.3152459101613573
575	0.1839736727315641
577	0.05231675993263256
578	0.5234358054368309
579	0.029758101875974857
580	0.020228257845496093
581	0.28378633250998997
582	0.45203122509611543
583	0.1793012699754606
584	0.07550692694428354
585	0.10751235019460931
586	0.5467692431204916
587	0.2655366880941472
588	0.04533465989322343
590	0.5768546562592941
591	0.2916905485210745
592	0.08336415709903652
593	0.05366296356347249
594	0.5861113110056687
595	0.3021170902433351
596	0.2529133439447697
598	0.6486167395389362
599	0.16594700229266512
600	0.27062599538023313
601	0.2956215209202343
602	0.4095704677701364
603	0.2661058886797455
605	0.33602499671629815
607	0.5191127049387577
608	0.010849611891028982
609	0.30875633839379435
610	0.5322125183205045
611	0.5777311797464911
612	0.20262178503780567
614	0.23282095020331814
616	0.2997994403993707
619	0.03681900028557383
620	0.07230092245227719
621	0.26203519275406006
622	0.6024361358240813
624	0.3101085891077911
626	0.5566302107543654
627	0.14205918097545556
628	0.034027758099209424
629	0.03201666338403708
630	0.21423888017010165
631	0.4903732943599921
634	0.13747264737597875
635	0.09553035114072941
637	0.0743179438104947
638	0.20853938333250105
639	0.2861966487461197
640	0.08005174669364894
642	0.09069790841475076
644	0.21536239655831174
645	0.2618999137158337
646	0.3031079142219513
647	0.12277417008449569
648	0.004472477910668172
651	0.19816675518388221
652	0.0962188960317532
653	0.1319290967862504
655	0.08677056572695227
656	0.11893416932300493
657	0.4934014027568535
658	0.06634659186824657
660	0.334016694451374
661	0.16043447284897358
662	0.7247569608675933
663	0.600416814275801
664	0.019099936162584347
666	0.37309605791151873
667	0.5934614710013174
670	0.041185733012509024
672	0.6012600259488813
673	0.5015465863864639
674	0.6343942133593967
675	0.4356428924667953
676	0.04243372293345276
677	0.026013462935977467
678	0.28068134129780536
679	0.32735572144320124
681	0.38792490655149564
682	0.12623170016811025
683	0.0867369433737376
684	0.11844945992136902
686	0.27558466423001354
687	0.20887284145568089
689	0.0434751076376889
691	0.7778680910074331
695	0.2099294217254448
696	0.3551408409831932
697	0.28822728995813085
698	0.0375586665022444
699	0.11121866674877488
700	0.07155684711461448
701	0.3203805500077673
703	0.12926693466401157
704	0.13271622695697188
705	0.5536608071648819
708	0.08301024590665074
709	0.37937110336186936
710	0.28767631661874393
711	0.01229364713817583
712	0.5406574147112964
713	0.07244896409075395
714	0.02584546418353944
715	0.4969902628355475
716	0.5715427550489146
717	0.30856333936421243
718	0.18846877560636627
719	0.25743386671337487
720	0.5703694907555152
722	0.2782503338994596
723	0.21810369535156274
725	0.6278359317588533
727	0.2925681662226851
728	0.6044209674212121
729	0.1611205200438463
731	0.1870367057450349
732	0.15771574316229442
733	0.35212092621169994
736	0.505041974495213
737	0.5891237221875874
738	0.28835411781351267
739	0.0003310502816594278
740	0.2487432481640048
741	0.0721072443952871
742	0.3299014842843791
743	0.2994287977795088
745	0.2470668689886138
746	0.09220484429039363
749	0.06016951260820282
750	0.04367005534214964
754	0.3303349018674284
755	0.2749310987436725
756	0.33606375739173006
757	0.09107805112141737
763	0.03237770931925611
765	0.4924897859611897
766	0.09632802323349332
767	0.004460730730956118
768	0.04240868834516731
769	0.4662577738750081
770	0.28869595149694244
772	0.07381327723591641
773	0.09509024718855448
774	0.14124559366005224
776	0.40268839721980293
778	0.09029691541659973
780	0.13400725637324162
781	0.09525132687117364
786	0.07024225603152244
787	0.3817977144526562
788	0.3297677325233499
789	0.2690442342845976
790	0.008205600731857346
791	0.3488399250207106
792	0.4129552986448862
794	0.4817744230918781
795	0.07773033262122553
797	0.19225320222789227
798	0.3270527124527261
800	0.03402775809920944
801	0.39165549726730936
802	0.031682038958864275
803	0.3540929072489845
804	0.30232624963840016
805	0.055530338398261644
807	0.6204054185050285
808	0.4620083200058239
809	0.2973673343474167
810	0.38613283748849264
811	0.04019216860031821
812	0.12257838638078015
813	0.5585963533244719
814	0.5406920368110029
815	0.31949102792083106
816	0.5305054732251571
817	0.25816362438549284
818	0.25331604669619856
819	0.3203170808637762
820	0.13231439097967254
822	0.4376554492622023
823	0.07620713638566715
824	0.2340320966824798
825	0.031284347650052446
826	0.27883296155529086
827	0.1177410355682371
828	0.3546778576188375
829	0.1308132976029488
830	0.28636747449418465
831	0.0754235929898918
832	0.6204589414178383
834	0.06266614043311416
835	0.34238462883563314
836	0.017990546018783884
837	0.05797855465145302
838	0.02810815972837847
839	0.1223527384235974
841	0.31515376519209515
842	0.1736351629918584
844	0.5505754413209681
845	0.48181030452556095
846	0.2586570068441602
847	0.21324838395486248
850	0.0603470902433588
851	0.3930147240751313
852	0.3690608957586076
853	0.01457346205469081
854	0.08567734659325713
855	0.17425632194330018
856	0.2101492987584704
857	0.19117817193563666
858	0.5436598496429274
859	0.7096505318493997
860	0.5774263423543882
861	0.4235726577922814
862	0.32479180478517494
863	0.15244299792338706
864	0.11708058413407879
865	0.10489444057303696
866	0.32591349796652763
867	0.06393425966408241
868	0.3812187253055347
869	0.15563230555471638
870	0.10239127276985144
872	0.28538152927477267
873	0.27558900515675605
874	0.35524914371548405
876	0.31632574437007477
877	0.0985308022323306
878	0.5594674519612797
879	0.799670740980592
880	0.3643367969399494
881	0.2927029142117138
882	0.08578105222806418
884	0.18783672464710383
887	0.02518635641956373
888	0.4721192451063381
889	0.37468574234715796
891	0.7497581511209568
892	0.547615266613058
893	0.35525042075354774
895	0.12892827322958084
896	0.04485650539416863
898	0.07441388850323677
900	0.32363378378833074
902	0.4545238329976493
903	0.08962582308533512
904	0.17750887467288667
905	0.24101196405226996
906	0.6011648512271941
907	0.051778976721525365
908	0.08875875537796067
909	0.20142550600038606
910	0.4206935225229819
913	0.2621144593356603
914	0.40590615130246815
915	0.507055189664657
916	0.5233551583606451
917	0.5392063030776991
919	0.08751883255668524
920	0.3011423163839062
921	0.046365844005545685
923	0.6058166603686066
925	0.2946469855351095
926	0.49546370781799415
927	0.3341941136252642
928	0.26714024380176
929	0.08820777502257043
930	0.6930864691722266
931	0.3123814146347062
932	0.07656238162487494
933	0.3950193803809876
934	0.07515509891121036
935	0.5210015238099928
936	0.3219334589814804
939	0.8034124111382919
940	0.07112382856383952
941	0.3165837757757619
942	0.07944987917067048
943	0.3180039597551669
0	0.0
0	0.0
0	0.0
0	0.0
0	0.0
0	0.0
0	0.0
0	0.0
0	0.0
0	0.0
0	0.0
0	0.0
0	0.0
0	0.0
0	0.0
0	0.0
0	0.0
0	0.0
0	0.0
0	0.0
0	0.0
0	0.0
0	0.0
0	0.0
0	0.0
0	0.0
0	0.0
0	0.0
0	0.0
0	0.0
0	0.0
0	0.0
0	0.0
0	0.0
0	0.0
0	0.0
0	0.0
0	0.0
0	0.0
0	0.0
0	0.0
0	0.0
0	0.0
0	0.0
0	0.0
0	0.0
0	0.0
0	0.0
0	0.0
0	0.0
0	0.0
0	0.0
0	0.0
0	0.0
0	0.0
0	0.0
0	0.0
0	0.0
0	0.0
0	0.0
0	0.0
0	0.0
0	0.0
0	0.0
0	0.0
0	0.0
0	0.0
0	0.0
0	0.0
0	0.0
0	0.0
0	0.0
0	0.0
0	0.0
0	0.0
0	0.0
0	0.0
0	0.0
0	0.0
0	0.0
0	0.0
0	0.0
0	0.0
0	0.0
0	0.0
0	0.0
0	0.0
0	0.0
0	0.0
0	0.0
0	0.0
0	0.0
0	0.0
0	0.0
0	0.0
0	0.0
0	0.0
0	0.0
0	0.0
0	0.0
0	0.0
0	0.0
0	0.0
0	0.0
0	0.0
0	0.0
0	0.0
0	0.0
0	0.0
0	0.0
0	0.0
0	0.0
0	0.0
0	0.0
0	0.0
0	0.0
0	0.0
0	0.0
0	0.0
0	0.0
0	0.0
0	0.0
0	0.0
0	0.0
0	0.0
0	0.0
0	0.0
0	0.0
0	0.0
0	0.0
0	0.0
0	0.0
0	0.0
0	0.0
0	0.0
0	0.0
0	0.0
0	0.0
0	0.0
0	0.0
0	0.0
0	0.0
0	0.0
0	0.0
0	0.0
0	0.0
0	0.0
0	0.0
0	0.0
0	0.0
0	0.0
0	0.0
0	0.0
0	0.0
0	0.0
0	0.0
0	0.0
0	0.0
0	0.0
0	0.0
0	0.0
0	0.0
0	0.0
0	0.0
0	0.0
0	0.0
0	0.0
0	0.0
0	0.0
0	0.0
0	0.0
0	0.0
0	0.0
0	0.0
0	0.0
0	0.0
0	0.0
0	0.0
0	0.0
0	0.0
0	0.0
0	0.0
0	0.0
0	0.0
0	0.0
0	0.0
0	0.0
0	0.0
0	0.0
0	0.0
0	0.0
0	0.0
0	0.0
0	0.0
0	0.0
0	0.0
0	0.0
0	0.0
0	0.0
0	0.0
0	0.0
0	0.0
0	0.0
0	0.0
0	0.0
0	0.0
0	0.0
0	0.0
0	0.0
0	0.0
0	0.0
0	0.0
0	0.0
0	0.0
0	0.0
0	0.0
0	0.0
0	0.0
0	0.0
