1	0.560663502968936
2	0.30491458436899604
3	0.06968124507010956
5	0.02002144069371995
6	0.0541799052663485
10	0.30961728796223764
13	0.5953824763213784
14	0.7262957788050577
18	0.045986781394914765
21	0.18435807462060072
23	0.5472941021977844
24	0.04839309659788433
25	0.2881732465451923
29	0.07675084902626383
31	0.045520189591577574
35	0.010998331613083182
37	0.07614801132703676
38	0.3270560335175198
39	0.07419725370908298
40	0.27079877559989024
43	0.070119765706914
44	0.09705696044259782
49	0.03425136447017641
58	0.30643746276075035
59	0.027474322326706865
60	0.29230395130037656
62	0.03220206672324523
63	0.3042941419077754
65	0.022081830093774846
69	0.013111583474773113
72	0.26149377459795664
73	0.020632060929820582
74	0.27179409713806546
79	0.018813304744574523
82	0.33975074470942823
83	0.033800876000841314
85	0.28454088480902673
87	0.005000010586182872
90	0.531505494645112
91	0.013482073722751675
92	0.060213163654658404
94	0.312012475705992
97	0.018178501546415787
100	0.03651634405838935
105	0.3130779666158214
106	0.059092624913756005
109	0.027920812435282272
110	0.0098047377583457
111	0.07506124028397121
114	0.09492621454957634
116	0.33016384955189765
121	0.27275044797394743
123	0.06716980235271722
129	0.0667289213058484
132	0.28013848556527654
136	0.08039138140890631
137	0.03380723662521689
138	0.05088439860616885
140	0.052739409051980754
141	0.0791749975501465
143	0.006313742006954143
144	0.01659193665656479
145	0.03906088238601421
148	0.045698414561180865
151	0.02583264836993939
153	0.09927272133096729
159	0.035384956481352974
160	0.05220789470457829
162	0.01835181724748819
167	0.26720873369798825
169	0.010911670130379816
170	0.052343694792416184
172	0.28226760876654633
173	0.2842484450763937
174	0.01428781355799983
177	0.04067646827232435
178	0.062029034138595396
179	0.506772148930021
182	0.0023966019321793736
183	0.04149308448202427
184	0.5412287486752194
186	0.3106358060879315
188	0.3333400881361392
189	0.039449860368343186
193	0.018346173755041453
200	0.08758112623461584
201	0.23545460357571835
202	0.021211839804406288
205	0.17398430629734637
206	0.3570891433578133
207	0.0652314148137232
209	0.08091744994477403
210	0.2999032286567793
214	0.05688226102047598
216	0.03402347862784417
217	1.866785744392141e-05
218	0.4941235214810622
221	0.22674312160208615
222	0.2842402448453837
226	0.5583816569793099
232	0.5305017715294355
234	0.3289628260153995
236	0.33014821697835806
237	0.08397987602368243
238	0.02645969047115703
239	0.3105233903868989
240	0.08978084462571707
242	0.0016330074573394499
243	0.09924017205764168
244	0.03741810262213646
245	0.028572154582779834
248	0.07034747059630361
249	0.0821186286217585
252	0.04858860158206032
253	0.03738920800739922
256	0.3050238447065719
259	0.27857838060204354
264	0.043489768354541165
267	0.5860404453917987
268	0.319955845132932
269	0.5810680776505392
271	0.5382350028226046
272	0.2910389213639466
276	0.09075348733440165
280	0.06601266423386123
284	0.05961878960388607
285	0.3340454578924571
286	0.03685144527982064
288	0.22980632685364352
290	0.01203112703262875
291	0.041768018668615514
292	0.2758796684933465
293	0.13044778952370922
296	0.04120084490602657
297	0.5224212012050354
298	0.03765786872389247
299	0.3256534120667637
303	0.5809327230961698
305	0.3301487824215154
308	0.5573780179538239
309	0.004350306583624869
311	0.27498028077614683
312	0.5054331025534933
313	0.30127201455013664
316	0.11397099960279883
320	0.28049078183357845
321	0.5304053865270333
322	0.27279946414633455
325	0.07955097762446772
326	0.044556052380341556
327	0.2590120069147809
328	0.27585313995040955
329	0.34884683791207216
331	0.3109362693706686
332	0.07841969289248846
334	0.2878675774993861
338	0.3160705859422431
339	0.5476349520486907
340	0.02551603783451869
342	0.31920267470064106
343	0.03724955814882484
344	0.34119732928300484
347	0.28135901732349067
350	0.0497386788657192
351	0.0005975736611694774
352	0.02736661115459022
354	0.2760754084153284
358	0.056167419797730114
360	0.3228660505369538
361	0.26808303706046777
362	0.07911427278532357
363	0.08080258183610578
364	0.30470949234563727
365	0.004124413767716703
370	0.040574468032396574
372	0.025515661212419542
373	0.06947428987357746
374	0.5018286193441482
378	0.3300927686187012
379	0.2821164852614197
380	0.5506231964994464
381	0.044566673268814014
382	0.05106932916798723
384	0.07856727717303368
386	0.058481239028195464
387	0.3018768816623952
388	0.2965288959830891
389	0.29406013315508517
390	0.30804591749729754
391	0.030078089602802976
393	0.042831361638121956
394	0.07970590442626797
395	0.1115627540450751
397	0.31104297434492517
398	0.032069027704951264
399	0.07535107776678876
401	0.25523555657158037
402	0.07822924865322764
404	0.08619712420306222
406	0.28039264768476946
407	0.31475541964923787
408	0.05444624797150494
409	0.3251845615157977
411	0.03334835818587432
414	0.08185590890524058
416	0.3301594663960524
417	0.0602113735452212
420	0.0777609018449487
421	0.015155751577319077
424	0.05287785039149655
425	0.1017212768056463
426	0.29179061132083567
428	0.5443983626359017
429	0.3257537517710692
430	0.2965588154024247
431	0.006130426677026429
433	0.12190766722862273
435	0.04113172120697903
436	0.0474802090870265
437	0.03146215092346738
442	0.07671759519386508
445	0.2885009501896514
446	0.24189756601660464
447	0.32481816419673615
448	0.07589346687042091
450	0.034028429389159336
451	0.06108769781318256
452	0.2159667514749109
455	0.03546038981413316
456	0.29237644850345323
457	0.5356937789649274
458	0.557780570098699
460	0.06626931146774032
462	0.0028553067846849856
463	0.38667178849062533
465	0.04269152686383302
466	0.01796558100016831
467	0.3009526225457678
469	0.282329769557327
474	0.06579619892642218
479	0.0685337921550096
480	0.29037199540473163
481	0.07592793310177715
484	0.039068632670916086
485	0.3531069103287489
486	0.5330050489463996
487	0.04325412099973497
488	0.06734365120009725
489	0.020816638174891787
490	0.3109280866900851
491	0.5550871316121216
493	0.2616116850753094
495	0.04773541055740198
497	0.006422513634863847
498	0.5539034342205444
499	0.3031852352818395
500	0.5917162791201636
501	0.03810888795787622
502	0.00288874983885741
504	0.4740554409383859
505	0.24944556941458204
506	0.31672643879959383
508	0.07068935005866514
510	0.009661238875764915
513	0.008238751853599208
514	0.29133042220674066
516	0.2790355277190598
518	0.007472285538906977
522	0.05151450953767775
523	0.008384475637083846
524	0.08405486523828429
526	0.40613515040144166
527	0.06685374979073885
528	0.04295939387937636
530	0.0034123771224955635
531	0.08140030766194803
532	0.3299448845113602
533	0.006981866594013626
534	0.005832458415140358
535	0.01597621938779953
536	0.0585743438013906
537	0.06184530087756826
538	0.06989116858835621
541	0.22940346192866995
542	0.5674563119283376
543	0.5431651991700944
545	0.00915115426680984
547	0.10901114729672379
548	0.5505227029950769
549	0.06543812525883873
551	0.3018490335527615
553	0.538976368403237
559	0.03889694530490988
560	0.5338194514960094
561	0.3353791559596021
562	0.03485807188600031
565	0.018468064343492394
566	0.29308346347951914
567	0.5417734107247028
568	0.02265210925109456
569	0.059892958406447226
570	0.10345663977901268
571	0.3175780585434211
572	0.27791145488816443
573	0.31964140811405717
575	0.06286794801753488
576	0.03612354395756691
577	0.280088070819052
579	0.310940670854598
581	0.49378707310006065
583	0.0116467680025771
585	0.26681609636145426
586	0.24869092313656713
587	0.029048863797048047
588	0.037304448884749444
590	0.03816971935509883
591	0.4703207214535321
592	0.27096422218646116
595	0.07121972436814246
596	0.005815399562796308
600	0.2767849647707456
601	0.06691515545607125
603	0.13299053505581793
606	0.5593327176615295
607	0.20575570716377814
608	0.2504280187589525
611	0.005574362406295615
612	0.02698708451784062
613	0.33131850687552594
615	0.3267232607478723
617	0.792511435535244
619	0.030436628976638055
621	0.2839785938616132
623	0.07095393689063786
624	0.056250539451581344
625	0.2812558959012206
626	0.10809863936230588
627	0.29462121514285733
628	0.27809642243460875
630	0.0034206561988913142
634	0.06000925450556466
635	0.30748338547745097
637	0.2511760673749393
638	0.0056268980270814326
639	0.31065882586421434
640	0.055134037438086675
641	0.29279370968934826
643	0.5262075159322985
645	0.5072883537601485
647	0.050191638637580915
648	0.30725837922180294
649	0.07963866779733748
650	0.2990516378393342
651	0.29612527025820357
652	0.05710643489679641
653	0.05546961749835806
654	0.33716258299355684
658	0.3251655385428047
659	0.07234256403225928
660	0.03825296811444
661	0.06046089866824086
664	0.3207566023958888
665	0.08391351676296109
666	0.32108675858093677
668	0.12353851179630665
669	0.547447176374012
670	0.27545154693198926
674	0.009680925735665986
676	0.10111725288028978
677	0.2716425385383787
678	0.025690259680922346
682	0.309618036803933
683	0.08134593179269525
684	0.008192868575913087
686	0.06205424097440997
690	0.04407967791515573
691	0.019712692257199883
693	0.562377049532031
696	0.0923747162255831
697	0.10133547736186357
704	0.5624245420764521
705	0.0009599379342130968
707	0.5389869622882691
709	0.05466981968172341
710	0.5280765856102065
711	0.3148621097635285
713	0.1138011418857682
715	0.005375435494866
716	0.036256939873919806
718	0.05343550994950333
719	0.2435969072468106
720	0.2837563425957786
721	0.2591478441738553
724	0.3570891433578133
727	0.13481433095727882
729	0.019130125729656826
733	0.31323265178447346
734	0.03405374498495167
735	0.2581937605370821
737	0.011994497235479178
738	0.3364525865704824
740	0.30300681593523976
741	0.5511252301258941
742	0.030723382288562744
743	0.32832605275580745
744	0.5672077300971727
745	0.56625015398703
746	0.044525906583072775
747	0.543627103510153
748	0.5359104117264547
749	0.2891396592169678
752	0.09157614724282287
753	0.047058105934629
755	0.2533891639897243
756	0.04867136013418875
757	0.32074458755689333
758	0.5576040496440027
759	0.045885963452382654
761	0.025261029509680316
762	0.08682959918848107
763	0.24410264295862166
764	0.0547405471726645
766	0.08674361118475346
767	0.05664079333833051
768	0.08863270144398895
771	0.05941673432331858
772	0.09155569731749352
773	0.3015581308203669
774	0.15436133322334816
782	0.24500632684201326
784	0.02718149970156624
788	0.059885649648890565
790	0.10341047588783685
793	0.047332907721036585
795	0.08824016349446623
796	0.2880708939631142
800	0.2548320825198415
801	0.02941511675176401
802	0.25886643320659664
804	0.2441477237752747
805	0.3457455817340746
806	0.08075244338807117
807	0.01906065343548713
808	0.09711430355908379
809	0.0687696580430798
812	0.020920268492641184
814	0.024825384297701633
815	0.0679035857463604
819	0.29993756161393603
820	0.29541252304536114
821	0.29100420669494126
822	0.2553524456239049
823	0.30548011528102703
824	0.05167661676326301
825	0.01667097343718362
827	0.0540617420438429
828	0.10967769158074839
829	0.03662861849167994
830	0.3385272793060165
833	0.5575104293204907
835	0.09219349818497743
836	0.04744862908206249
839	0.025513935453443513
840	0.2921483171691093
841	0.3159845525713137
842	0.10122702904371543
843	0.2525597235555103
846	0.5381990619644403
847	0.006333667838478274
848	0.09026555651414442
851	0.035605554640299034
853	0.31388340406287696
855	0.2957502407664067
862	0.05200701037100996
864	0.2788323621932299
865	0.4354519142631368
867	0.3278197743404144
868	0.09210003305375654
870	0.0755874968851988
871	0.09457621331169241
874	0.11037919014015395
877	0.03573224797806808
878	0.2653111074143949
880	0.0873459670784336
881	0.28637821779136324
882	0.32730987096893877
883	0.5900879747694593
885	0.11649945480411152
886	0.32506547263274116
887	0.5637609799914024
890	0.5071953429776348
892	0.29951668503678425
894	0.26228314056452906
896	0.2895364282057572
899	0.5134738094808448
900	0.11244805492786733
901	0.5210215469322077
903	0.011562078943711689
905	0.31979019977639833
907	0.02102392618037456
908	0.03960517393586405
911	0.2735692583866577
913	0.5431476078777413
916	0.09952538693948589
918	0.5199330721680806
919	0.057376998972924136
922	0.13319411182334118
925	0.020730480104750974
927	0.015681591507139728
928	0.012840179957922554
930	0.008871900179243844
931	0.07060757360551992
932	0.5498225396450089
933	0.2992442640685799
934	0.3331377323372981
935	0.0013534651944282772
936	0.25360740942842297
937	0.49562189235144327
938	0.054776499578781335
940	0.3282407758052713
941	0.04756546660413252
942	0.32418364226427954
0	0.0
0	0.0
0	0.0
0	0.0
0	0.0
0	0.0
0	0.0
0	0.0
0	0.0
0	0.0
0	0.0
0	0.0
0	0.0
0	0.0
0	0.0
0	0.0
0	0.0
0	0.0
0	0.0
0	0.0
0	0.0
0	0.0
0	0.0
0	0.0
0	0.0
0	0.0
0	0.0
0	0.0
0	0.0
0	0.0
0	0.0
0	0.0
0	0.0
0	0.0
0	0.0
0	0.0
0	0.0
0	0.0
0	0.0
0	0.0
0	0.0
0	0.0
0	0.0
0	0.0
0	0.0
0	0.0
0	0.0
0	0.0
0	0.0
0	0.0
0	0.0
0	0.0
0	0.0
0	0.0
0	0.0
0	0.0
0	0.0
0	0.0
0	0.0
0	0.0
0	0.0
0	0.0
0	0.0
0	0.0
0	0.0
0	0.0
0	0.0
0	0.0
0	0.0
0	0.0
0	0.0
0	0.0
0	0.0
0	0.0
0	0.0
0	0.0
0	0.0
0	0.0
0	0.0
0	0.0
0	0.0
0	0.0
0	0.0
0	0.0
0	0.0
0	0.0
0	0.0
0	0.0
0	0.0
0	0.0
0	0.0
0	0.0
0	0.0
0	0.0
0	0.0
0	0.0
0	0.0
0	0.0
0	0.0
0	0.0
0	0.0
0	0.0
0	0.0
0	0.0
0	0.0
0	0.0
0	0.0
0	0.0
0	0.0
0	0.0
0	0.0
0	0.0
0	0.0
0	0.0
0	0.0
0	0.0
0	0.0
0	0.0
0	0.0
0	0.0
0	0.0
0	0.0
0	0.0
0	0.0
0	0.0
0	0.0
0	0.0
0	0.0
0	0.0
0	0.0
0	0.0
0	0.0
0	0.0
0	0.0
0	0.0
0	0.0
0	0.0
0	0.0
0	0.0
0	0.0
0	0.0
0	0.0
0	0.0
0	0.0
0	0.0
0	0.0
0	0.0
0	0.0
0	0.0
0	0.0
0	0.0
0	0.0
0	0.0
0	0.0
0	0.0
0	0.0
0	0.0
0	0.0
0	0.0
0	0.0
0	0.0
0	0.0
0	0.0
0	0.0
0	0.0
0	0.0
0	0.0
0	0.0
0	0.0
0	0.0
0	0.0
0	0.0
0	0.0
0	0.0
0	0.0
0	0.0
0	0.0
0	0.0
0	0.0
0	0.0
0	0.0
0	0.0
0	0.0
0	0.0
0	0.0
0	0.0
0	0.0
0	0.0
0	0.0
0	0.0
0	0.0
0	0.0
0	0.0
0	0.0
0	0.0
0	0.0
0	0.0
0	0.0
0	0.0
0	0.0
0	0.0
0	0.0
0	0.0
0	0.0
0	0.0
0	0.0
0	0.0
0	0.0
0	0.0
0	0.0
0	0.0
0	0.0
0	0.0
0	0.0
0	0.0
0	0.0
0	0.0
0	0.0
0	0.0
0	0.0
0	0.0
0	0.0
0	0.0
0	0.0
0	0.0
0	0.0
0	0.0
0	0.0
0	0.0
0	0.0
0	0.0
0	0.0
0	0.0
0	0.0
0	0.0
0	0.0
0	0.0
0	0.0
0	0.0
0	0.0
0	0.0
0	0.0
0	0.0
0	0.0
0	0.0
0	0.0
0	0.0
0	0.0
0	0.0
0	0.0
0	0.0
0	0.0
0	0.0
0	0.0
0	0.0
0	0.0
0	0.0
0	0.0
0	0.0
0	0.0
0	0.0
0	0.0
0	0.0
0	0.0
0	0.0
0	0.0
0	0.0
0	0.0
0	0.0
0	0.0
0	0.0
0	0.0
0	0.0
0	0.0
0	0.0
0	0.0
0	0.0
0	0.0
0	0.0
0	0.0
0	0.0
0	0.0
0	0.0
0	0.0
0	0.0
0	0.0
0	0.0
0	0.0
0	0.0
0	0.0
0	0.0
0	0.0
0	0.0
0	0.0
0	0.0
0	0.0
0	0.0
0	0.0
0	0.0
0	0.0
0	0.0
0	0.0
0	0.0
0	0.0
0	0.0
0	0.0
0	0.0
0	0.0
0	0.0
0	0.0
0	0.0
0	0.0
0	0.0
0	0.0
0	0.0
0	0.0
0	0.0
0	0.0
0	0.0
0	0.0
0	0.0
0	0.0
0	0.0
0	0.0
0	0.0
0	0.0
0	0.0
0	0.0
0	0.0
0	0.0
0	0.0
0	0.0
0	0.0
0	0.0
0	0.0
0	0.0
0	0.0
0	0.0
0	0.0
0	0.0
0	0.0
0	0.0
0	0.0
0	0.0
0	0.0
0	0.0
0	0.0
0	0.0
0	0.0
0	0.0
0	0.0
0	0.0
0	0.0
0	0.0
0	0.0
0	0.0
0	0.0
0	0.0
0	0.0
0	0.0
0	0.0
0	0.0
0	0.0
0	0.0
0	0.0
0	0.0
0	0.0
0	0.0
0	0.0
0	0.0
0	0.0
0	0.0
0	0.0
0	0.0
0	0.0
0	0.0
0	0.0
0	0.0
0	0.0
0	0.0
0	0.0
0	0.0
0	0.0
0	0.0
0	0.0
0	0.0
0	0.0
0	0.0
0	0.0
0	0.0
0	0.0
0	0.0
0	0.0
0	0.0
0	0.0
0	0.0
0	0.0
0	0.0
0	0.0
0	0.0
0	0.0
0	0.0
0	0.0
0	0.0
0	0.0
0	0.0
0	0.0
0	0.0
0	0.0
0	0.0
0	0.0
0	0.0
0	0.0
0	0.0
0	0.0
0	0.0
0	0.0
0	0.0
0	0.0
0	0.0
