1	0.03167070111255592
2	0.01888421372211315
3	0.16055635460225098
4	0.22212660844980575
5	0.2625101416107937
7	0.010977580999852129
8	0.029899911152985438
9	0.052353834472830166
10	0.02562416836942291
12	0.014734219066663654
17	0.2555448342509894
18	0.5004997831716843
20	0.27535847358880866
22	0.009432544937581902
23	0.48589929054141995
24	0.270383685848742
25	0.5057528774495168
28	0.25499637268001957
30	0.29697269310061414
31	0.05727171070296261
32	0.28671693381136315
33	0.5167419668421893
34	0.42743571474754827
35	0.2435540951397445
36	0.2909395966192035
37	0.23748900204217327
39	0.2546165687760042
40	0.22867881927953865
41	0.06870581315487295
42	0.004057866817806784
44	0.009523991893896498
45	0.052016047269467985
46	0.26800041097947264
47	0.5121843769674971
48	0.5166663070446624
51	0.06793146927430718
52	0.27723348419206206
53	0.5149475095696039
54	0.035114179046828724
55	0.24125298526623712
56	0.25716069918742984
57	0.2663368468542397
58	0.21610329622998098
59	0.2885134528908191
60	0.4930165087498613
61	0.401793527146958
62	0.28911027970308056
64	0.27282135915764066
65	0.47219824789979675
66	0.7551339472883567
67	0.4726047494928126
68	0.2402056566400576
70	0.211580871055413
71	0.2571767051369588
72	0.4892939814675292
73	0.2614582838232717
74	0.48478581332347714
75	0.5135808821655323
76	0.007682969884656297
78	0.0438557382628151
80	0.2690442342845976
81	0.28378497081106013
82	0.058459486278773086
83	0.5425844120534342
86	0.3188887846726059
88	0.03656703142268981
89	0.30462896221177244
91	0.5247704998613177
92	0.01626378836006597
93	0.20915480584767587
96	0.016629336858832916
97	0.03323201990668403
98	0.27269863905271197
99	0.002639767077843292
100	0.5290833287057664
101	0.023436523422245958
103	0.3153867831046157
104	0.1545892595929898
105	0.45611201473207474
106	0.5038404577391653
107	0.5054817781776901
108	0.008716699878079763
109	0.03571613547206796
110	0.010940160974019956
111	0.019586734509044378
112	0.7216374082641726
113	0.03679537778386933
114	0.0528739710898816
115	0.44287789300367786
117	0.019849691050682003
118	0.05443523914757524
120	0.058925393736363824
122	0.2602026044482823
124	0.5259629904822158
125	0.05234263094380824
126	0.0433207662579414
127	0.06558739862349305
128	0.24910488793014046
129	0.026672387213832683
131	0.23671858396349182
132	0.48923520815316124
133	0.0026792012755307015
135	0.014854420363471614
136	0.25618524002246024
137	0.2751666964970957
138	0.5197776748417081
139	0.2488742957822784
140	0.25636996273795615
141	0.5114877126772048
142	0.25953712781627397
143	0.49699344109464466
145	0.23140172392020442
146	0.20088028126921675
148	0.029048451662911978
149	0.21900031526306438
152	0.28987861634858014
153	0.8447947217836572
154	0.013399912805760777
156	0.2661831086639936
157	0.012780498033351066
159	0.5077375930520731
161	0.22944870936911066
162	0.4580375869184722
163	0.5380183508487609
164	0.46433867413913404
166	0.339101365647168
168	0.25269793639470356
169	0.550725469216641
170	0.49905254031745283
171	0.5545067608587416
172	0.43732435927167074
173	0.4765923060035883
174	0.2513328050217976
176	0.26423197236937773
177	0.020835371903300953
179	0.009959028225963305
180	0.5317597478186633
183	0.17933629051582267
186	0.46781986383457147
187	0.012449316795223174
188	0.0020209717169378943
190	0.1908653836740371
191	0.25767937988238077
192	0.2764274104945772
194	0.007591385782929144
195	0.24635271110111412
196	0.002083644066500856
197	0.025575692405702927
199	0.5412850499623593
200	0.012087150525188335
202	0.36208834909081733
204	0.1996375567217087
205	0.42698275330645274
206	0.33037058420405213
208	0.04776228042357071
210	0.47853478388541915
213	0.24397433546037728
214	0.017718258195794097
215	0.006426083990209205
216	0.241917231309119
217	0.5157543589334083
219	0.2556516892263597
220	0.47716830502076296
221	0.24763540500779838
222	0.23520219421337185
224	0.26284893535755843
225	0.011031839104287691
227	0.46697646242294794
229	0.208672407369288
231	0.24967017832826183
232	0.0025803157785819417
235	0.009861243141142235
238	0.2741866151701178
239	0.47845633355145833
240	0.24681128895149212
241	0.16469102849383982
242	0.026455062927901098
243	0.03544220986336423
244	0.017326024509736367
245	0.2985506245946874
246	0.0024245539371127514
247	0.02160786947063248
248	0.2139293709116699
249	0.008146979297730658
254	0.47746925613234237
255	0.21289063975197745
257	0.24812500074434224
258	0.22185249098060436
259	0.2151450568079174
260	0.4712024584962123
261	0.23623152891117094
262	0.02410631372184783
263	0.007468813573347756
264	0.2987476461713948
265	0.25417422875688045
266	0.2613155758724914
268	0.22148592010063511
270	0.011861092801572829
272	0.5029935566591005
273	0.019452689127861272
274	0.5284488088228104
275	0.05240300802093374
277	0.5353215704372479
279	0.02984618942977247
281	0.05018267758776687
283	0.020623232306864074
284	0.22780358610941603
285	0.489817276120206
286	0.22649444846639258
287	0.5041702578064393
288	0.026343744043237034
289	0.6081445162318779
290	0.01414221565524737
291	0.24849943157201343
292	0.26603491422248043
296	0.024876476159465203
297	0.25392519092405186
298	0.026727281680030357
299	0.22054907075565017
300	0.33076097348159683
301	0.5163978979175992
302	0.25800671619120397
303	0.23502190182857757
304	0.2739762045878993
306	0.012660382816448785
308	0.0022640649221832843
309	0.7880658446818258
311	0.244670065487531
312	0.005210219088809413
313	0.26225263362761375
315	0.01929706108109109
316	0.08611802220959336
317	0.028004404785771445
318	0.23578452541701655
319	0.4705968584543751
320	0.012235491143348431
323	0.034264231453394946
324	0.048886443639837435
329	0.007334188253631524
331	0.24445068654951346
332	0.030524446150139384
333	0.4820293045812248
335	0.4880486929028355
336	0.5082816825741119
337	0.015844712292752212
338	0.5093464641096125
339	0.23071843219689236
340	0.01859470997921754
341	0.23703569205015226
343	0.004957729459087984
345	0.5222889892008192
346	0.2379933453449382
347	0.23321820593857334
348	0.2420580156987528
349	0.032353423025614184
350	0.03280930037196105
351	0.7265183971163305
352	0.24338403237451686
353	0.27072208350494803
354	0.48787233122023077
356	0.5251980564230071
357	0.2553421809968384
358	0.2394370869033832
359	0.028446246113920444
362	0.43407614606049544
364	0.49997553439219666
366	0.020680680639928936
367	0.028001039658540564
369	0.25287878381942164
370	0.011349973241631423
372	0.4862656188541216
375	0.2769009294038676
376	0.5038818365640102
377	0.06301075659807714
379	0.26791330373540406
380	0.012835063756460145
382	0.25035389469640673
386	0.4683874268669336
387	0.017611320683604055
388	0.003582006382271144
389	0.26678556359337374
390	0.039717302560455955
391	0.011495752578218194
393	0.24018376363198435
395	0.020921611709528228
396	0.23325504685701506
399	0.0053218745527066555
400	0.2882607059405451
401	0.2005869606291941
403	0.2724263194043473
404	0.01766481343659107
407	0.012347302344975233
408	0.20938339253341376
409	0.24940323489931893
411	0.03545105803517445
412	0.5403160179003679
413	0.025003700326794987
414	0.2475478204650415
415	0.22823731109284914
418	0.3429374344026656
419	0.25598551254525437
420	0.47287541339165867
421	0.5153896905366399
423	0.008869326484785865
424	0.30074017556502736
425	0.28901108284223637
426	0.2215759604537788
427	0.02805686978148888
428	0.25583625763464024
429	0.21586666263086457
430	0.46842814546909894
431	0.4875331696313306
432	0.0017134131694959281
435	0.2809929518287986
436	0.47874672381058014
438	0.5396058718671197
439	0.19897356607911076
440	0.5065739858763936
441	0.04765022231016158
443	0.23294914944586462
444	0.6901153408810733
446	0.5474784570079356
447	0.009706458828186826
448	0.028605223055950507
449	0.27220042723949034
450	0.24138378062889962
451	0.7863571782007086
452	0.20712377627117434
454	0.033296352211088606
458	0.005158675029019552
460	0.24003879976575407
461	0.3258677578544932
462	0.21367253926123342
463	0.43840411106872496
464	0.005677908801953568
465	0.5175416546314197
466	0.49775357467492276
468	0.0024634440068017696
469	0.25960840983233535
471	0.2810758405777769
472	0.3018154980824995
473	0.29400795612419495
474	0.24671026827059817
475	0.23900292405684845
476	0.5344118270626269
477	0.2025355113268862
481	0.03598192635557945
482	0.2445177024309224
483	0.02727748650623582
484	0.27101174727798466
485	0.03495687660779656
487	0.009599917709338865
488	0.02375924993433913
489	0.26888828033605755
490	0.2688552152071096
491	0.4627369758590385
492	0.5507194094022404
494	0.28136359124930815
497	0.2375378960070963
499	0.24681120207605617
500	0.010514389415507516
501	0.2828396195474171
502	0.24957180748092897
504	0.2410877604998577
505	0.013102852891140888
507	0.2957539062898226
510	0.4785202641301673
512	0.00926469430955356
513	0.013352939413501234
515	0.2685442156394304
516	0.49560654522646425
517	0.25962196167243234
518	0.5152365715339257
520	0.2334241245349066
521	0.262992551604447
522	0.24257890079113656
523	0.04440469912285829
530	0.2374291406358503
531	0.21521074125623185
533	0.28495847929539436
534	0.2742868353862632
537	0.001126460863924688
540	0.0554607402769033
542	0.018880728663653076
543	0.2430674431164191
544	0.16597029827660104
545	0.2748964699083101
546	0.3132708379005632
547	0.7149345685229366
548	0.46963908903560403
549	0.20468680920960508
550	0.4724740149040818
551	0.2352125405442583
552	0.523661361720448
553	0.2505418038886979
554	0.2776441393441388
556	0.025566244965306746
558	0.2793062365734003
559	0.49378152663375036
560	0.020002232838964448
561	0.23443244463831017
563	0.2884363574031798
565	0.7467760811181412
566	0.4809017106011628
568	0.2716000878594484
570	0.2585447233930005
571	0.2589629161894152
572	0.05187154216984665
573	0.24795626485459882
575	0.5634571348367278
576	0.05600472682440904
578	0.2814173765012496
581	0.2461574575596565
582	0.31503896450563645
583	0.013449621267845258
585	0.010913204705982366
586	0.26918795678752616
587	0.5053382585918748
590	0.2445150761531787
591	0.4925808059507745
594	0.5157817948873263
596	0.258960869049295
597	0.27369392866618597
598	0.052212237133871964
601	0.21770820603107893
603	0.20122067422358786
604	0.023633740612554126
607	0.271597301382506
608	0.22365512503567064
609	0.3295862523190527
610	0.0156090509631126
611	0.7365066337432339
612	0.2362046119792067
613	0.0551154727739658
614	0.006546182181908323
615	0.5031993118071495
616	0.018555517200626745
619	0.2779077782836029
620	0.04900511618919409
621	0.4622899616231888
622	0.01496711931054433
623	0.2454727516995057
624	0.23004256638454518
625	0.022862745167688124
626	0.22226006676282706
627	0.27681321438623313
628	0.5205032310730201
630	0.27790455420039656
631	0.24895355559132765
632	0.03492698184143035
633	0.4954504146729052
634	0.2530812776690997
635	0.23878288522804053
636	0.28904952368970666
639	0.22769794689269005
642	0.2645945881506906
644	0.28211810761312917
645	0.23381141347291384
648	0.4935412126575555
649	0.02648727460911498
650	0.04165235994373477
651	0.24298495568762288
652	0.4757886678096583
653	0.24521028350859048
654	0.007734187061808069
656	0.20180912944028623
658	0.2146296730050779
660	0.008580846081462222
662	0.5137104598062592
663	0.7572797882503459
664	0.03022539102343514
666	0.23615557499942774
667	0.47349482730455256
670	0.24930841635846157
672	0.30488001045281626
673	0.4642175997128739
674	0.2656869542487766
677	0.49674344382862257
678	0.23322179212306068
679	0.002770225355731744
682	0.04389848439914989
684	0.022297104328387198
686	0.2622356964021816
688	0.016971400562180626
689	0.3013706916890241
690	0.23814962454250824
691	0.23419467917004272
694	0.045436791661986276
695	0.032599310778596194
696	0.22543752307444756
697	0.23346020303310605
698	0.0500312668669326
699	0.5193712261551078
701	0.04922544495013424
702	0.01672773928476247
703	0.28864476540643436
704	0.19583721092400963
705	0.2572995320415256
706	0.03009558218528304
707	0.2304696083307345
708	0.27355265410874313
709	0.23065722333995878
710	0.47282700708305586
711	0.025774892816036295
712	0.2630003713404435
713	0.2122644932689433
714	0.5307446634719509
716	0.21792283787337374
717	0.014425283704332686
718	0.7623557910084738
719	0.2193828226085663
720	0.4361412625263192
722	0.240885055863199
723	0.2981114728892044
724	0.33037058420405213
725	0.515432678915349
726	0.1461473949814794
728	0.5000927955024361
729	0.44022583145575855
730	0.037932892313711296
732	0.022187040956459795
733	0.19847594454386555
735	0.039717302560455955
737	0.03453275608906152
739	0.277587941768586
740	0.41957493520764255
741	0.006600171537339716
742	0.2677024898022559
743	0.22996984323754516
744	0.035039810415570874
745	0.48641509048401504
748	0.2852834231568259
752	0.02340512869362897
754	0.5091910780571051
755	0.18398653863614772
756	0.030233880167518677
759	0.01821540080091627
761	0.031879913870403696
762	0.27237155021217585
763	0.013570015130823357
766	0.24341988388390423
768	0.23476613984305994
772	0.24760235608056408
775	0.011347635452180774
776	0.2360169067001332
778	0.7496161824348828
781	0.28918514796683564
782	0.2541691158675864
783	0.29208304420831455
784	0.24024301550025923
785	0.03374226420345369
787	0.27229847882708286
791	0.768694067988157
792	0.252178035288057
794	0.2700254563822528
796	0.5166683798372746
797	0.290922944213896
798	0.26640051584055485
799	0.27603565718739026
800	0.5205032310730202
801	0.47627165557085893
802	0.3039590007147014
804	0.47658003886002365
806	0.01340090977942239
807	0.005464575683191839
808	0.23720428316847142
809	0.03772169454757348
810	0.4921416900039456
811	0.27133478750279244
812	0.2701853385524795
813	0.5203477405719078
814	0.28540795162492133
816	0.48459633081843484
818	0.009047246577820637
819	0.48861786785493805
820	0.2594504255037389
822	0.30574181687157764
824	0.49134571229273705
825	0.5334334681741676
826	0.009573410658402334
828	0.49118515038077004
829	0.02009338711096358
830	0.0025439293580463013
831	0.26804922017810895
832	0.26557400393371855
834	0.04747062889258295
836	0.02694863568260008
837	0.0017878931074471263
839	0.012633120793937174
841	0.017315732283199017
842	0.23365607686199658
843	0.05324930022363309
846	0.22377239834880502
847	0.5071439767934514
848	0.039327272956377904
851	0.26610701052446584
853	0.44872698257924826
854	0.002705069771767661
855	0.5036489607711899
856	0.4715984749695236
857	0.1431924235216627
858	0.48940062852461497
859	0.26836600674525074
860	0.25762494180228973
862	0.027390789470154067
863	0.5106543838316563
864	0.2259800598280647
865	0.22704302581760766
867	0.24820351090159654
868	0.24093420599942528
869	0.0236542826075923
871	0.2849135339754762
872	0.5007481741202013
873	0.5252823144365611
874	0.21998198754802428
877	0.028097653663557112
878	0.4680850696273376
879	0.3141407903148733
880	0.24883680221219173
881	0.4662776165677493
884	0.05758186051026961
888	0.2666094574668045
889	0.0018071552134089897
890	0.21327748663165733
891	0.02140888363806983
892	0.44624236463486966
895	0.021971646700847055
900	0.4040440549026037
901	0.229857147129508
905	0.6587695444864603
909	0.004873328324119915
911	0.01127806974293756
913	0.4377479250836782
914	0.30244585223278486
917	0.05773804696123535
918	0.4470436135190815
919	0.004485304106669148
920	0.7714301923577366
921	0.26645464187764334
923	0.2541955460112948
925	0.7435838493087541
926	0.08323424080050584
927	0.7686362180260813
928	0.01183211271827718
929	0.2551309987449835
930	0.2710973050769396
931	0.2688011829707373
932	0.0056104959597523645
933	0.26944056441260633
934	0.23677827408406882
935	0.4690888111415865
937	0.24434409292452408
938	0.05098107963761596
939	0.23893924734903355
940	0.2345893380822255
943	0.4977301850490804
0	0.0
0	0.0
0	0.0
0	0.0
0	0.0
0	0.0
0	0.0
0	0.0
0	0.0
0	0.0
0	0.0
0	0.0
0	0.0
0	0.0
0	0.0
0	0.0
0	0.0
0	0.0
0	0.0
0	0.0
0	0.0
0	0.0
0	0.0
0	0.0
0	0.0
0	0.0
0	0.0
0	0.0
0	0.0
0	0.0
0	0.0
0	0.0
0	0.0
0	0.0
0	0.0
0	0.0
0	0.0
0	0.0
0	0.0
0	0.0
0	0.0
0	0.0
0	0.0
0	0.0
0	0.0
0	0.0
0	0.0
0	0.0
0	0.0
0	0.0
0	0.0
0	0.0
0	0.0
0	0.0
0	0.0
0	0.0
0	0.0
0	0.0
0	0.0
0	0.0
0	0.0
0	0.0
0	0.0
0	0.0
0	0.0
0	0.0
0	0.0
0	0.0
0	0.0
0	0.0
0	0.0
0	0.0
0	0.0
0	0.0
0	0.0
0	0.0
0	0.0
0	0.0
0	0.0
0	0.0
0	0.0
0	0.0
0	0.0
0	0.0
0	0.0
0	0.0
0	0.0
0	0.0
0	0.0
0	0.0
0	0.0
0	0.0
0	0.0
0	0.0
0	0.0
0	0.0
0	0.0
0	0.0
0	0.0
0	0.0
0	0.0
0	0.0
0	0.0
0	0.0
0	0.0
0	0.0
0	0.0
0	0.0
0	0.0
0	0.0
0	0.0
0	0.0
0	0.0
0	0.0
0	0.0
0	0.0
0	0.0
0	0.0
0	0.0
0	0.0
0	0.0
0	0.0
0	0.0
0	0.0
0	0.0
0	0.0
0	0.0
0	0.0
0	0.0
0	0.0
0	0.0
0	0.0
0	0.0
0	0.0
0	0.0
0	0.0
0	0.0
0	0.0
0	0.0
0	0.0
0	0.0
0	0.0
0	0.0
0	0.0
0	0.0
0	0.0
0	0.0
0	0.0
0	0.0
0	0.0
0	0.0
0	0.0
0	0.0
0	0.0
0	0.0
0	0.0
0	0.0
0	0.0
0	0.0
0	0.0
0	0.0
0	0.0
0	0.0
0	0.0
0	0.0
0	0.0
0	0.0
0	0.0
0	0.0
0	0.0
0	0.0
0	0.0
0	0.0
0	0.0
0	0.0
0	0.0
0	0.0
0	0.0
0	0.0
0	0.0
0	0.0
0	0.0
0	0.0
0	0.0
0	0.0
0	0.0
0	0.0
0	0.0
0	0.0
0	0.0
0	0.0
0	0.0
0	0.0
0	0.0
0	0.0
0	0.0
0	0.0
0	0.0
0	0.0
0	0.0
0	0.0
0	0.0
0	0.0
0	0.0
0	0.0
0	0.0
0	0.0
0	0.0
0	0.0
0	0.0
0	0.0
0	0.0
0	0.0
0	0.0
0	0.0
0	0.0
0	0.0
0	0.0
0	0.0
0	0.0
0	0.0
0	0.0
0	0.0
0	0.0
0	0.0
0	0.0
0	0.0
0	0.0
0	0.0
0	0.0
0	0.0
0	0.0
0	0.0
0	0.0
0	0.0
0	0.0
0	0.0
0	0.0
0	0.0
0	0.0
0	0.0
0	0.0
0	0.0
0	0.0
0	0.0
0	0.0
0	0.0
0	0.0
0	0.0
0	0.0
0	0.0
0	0.0
0	0.0
0	0.0
0	0.0
0	0.0
0	0.0
0	0.0
0	0.0
0	0.0
0	0.0
0	0.0
0	0.0
0	0.0
0	0.0
0	0.0
0	0.0
0	0.0
0	0.0
0	0.0
0	0.0
0	0.0
0	0.0
0	0.0
0	0.0
0	0.0
0	0.0
0	0.0
0	0.0
0	0.0
0	0.0
0	0.0
0	0.0
0	0.0
0	0.0
0	0.0
