1	0.013396500487533339
4	0.049744955781175576
6	0.055860070265584746
7	0.010035912753631401
10	0.30705568763885205
11	0.04779178982384756
13	0.02641424502121678
16	0.5226249981617325
19	0.07901131220404653
30	0.5267972381649793
33	0.08204700292432524
35	0.024586904902697014
36	0.026700118677629593
38	0.22465854675073663
42	0.031213458298992587
44	0.24528645829328052
47	0.04480048356304877
48	0.07775081720249225
49	0.2865149873503198
50	0.12742215823286868
56	0.012585726597954865
57	0.06325579933280683
58	0.05873251862869161
59	0.2835963656018477
62	0.04087610446327392
64	0.28513450549035707
65	0.07287012973456874
70	0.05139883691424084
72	0.04156528761917318
73	0.08577556650882445
77	0.03821821796509851
78	0.014110013826410313
81	0.0135730578766972
82	0.06115355099796847
85	0.030475201083067657
90	0.49759048680656437
91	0.09010798967245416
94	0.000348943523731729
95	0.23997571843113608
97	0.5336843553871587
98	0.03977021233125406
102	0.034993761943076324
107	0.04572307681606529
108	0.06050506861362155
109	0.25309062441622476
110	0.32784320956247887
115	0.3378620119415248
116	0.06902116655381697
119	0.05491987708120038
121	0.07084330220004245
123	0.011136102212383842
130	0.2390431517616534
138	0.03494861363455849
140	0.030560638025537053
143	0.10766075821125504
144	0.0015559455012270768
145	0.038058790554222996
146	0.0337305296345488
150	0.28585683338226586
151	0.2807137595465387
158	0.08995040763629983
164	0.11132332041242075
168	0.04365615771041202
175	0.3263620412410116
179	0.04193625395418317
182	0.027200417194417348
184	0.03216868937034773
185	0.04345007368126422
186	0.09517594081335481
188	0.03672419191081523
189	0.0013079019237645026
195	0.3477284420567973
198	0.031410835476927745
200	0.06358213003224801
201	0.5270783847098307
203	0.11788688232792371
206	0.39876711910901813
207	0.286009221368535
210	0.08237907706925919
211	0.24318224836402907
213	0.07753615216500709
214	0.025621807753834373
215	0.056077827654803125
217	0.23637357248386756
218	0.007856795131217897
219	0.11225945338670401
223	0.23547301390442918
224	0.26401101873580873
225	0.021703527092617164
227	0.07557676360243643
230	0.25509568570627295
232	0.0373716791792162
234	0.07443756768520735
236	0.23127533370515518
238	0.05779070836030765
243	0.09358571830188933
244	0.012969000465167607
250	0.24448077156376216
251	0.09759171532982916
252	0.04931706175594657
253	0.2963620083215974
255	0.2920648370450002
256	0.012249593446901914
259	0.31665974141162273
263	0.24822611439297093
264	0.08009051329458597
265	0.061490708540816445
267	0.019784333736974913
268	0.009221313864504518
269	0.008427869262290513
270	0.30821378616827416
280	0.043248272719733714
282	0.08741380612956412
283	0.0719456823524163
284	0.07564557594673495
286	0.2757284031048638
288	0.015736893792954343
290	0.013635625849647504
293	0.20515516586722993
295	0.2397474675943977
297	0.08195598522941563
298	0.24870598549331824
299	0.022220334289370577
302	0.033993653186957205
303	0.03749178530087371
307	0.04243722386896455
308	0.05487938870261146
311	0.01783362997612769
312	0.08041103299918237
313	0.09484663480275174
314	0.02276719824901003
316	0.2928035381027054
318	0.02659801262896199
319	0.06590939417890848
321	0.2560072778456565
327	0.2665032009786784
333	0.05361848039267959
334	0.03542299047592872
335	0.11851262798375707
340	0.0322965953057904
342	0.013447129144041017
345	0.1066046660374563
347	0.036839144102807586
350	0.2702848397821353
351	0.08524659411870897
354	0.03586308953408347
355	0.10085951355242449
358	0.2231566912576313
365	0.06778537972842671
370	0.5648523717716031
371	0.28154212544798324
372	0.09761793425597001
378	0.002923186909528447
379	0.0678301007119491
382	0.2718856817991219
383	0.31578880114676355
384	0.055653356764139586
385	0.03485807188600031
386	0.03915726296652711
387	0.024283049779535687
390	0.29639151715865353
391	0.055007996274273774
392	0.057529400298065615
393	0.028745743835220133
396	0.04435832063785467
397	0.2357376032632929
398	0.2868195490471082
399	0.27321623570678044
401	0.33353743226216825
402	0.26779061890018374
403	0.03180993329497749
404	0.06042822362753543
405	0.38017429637755473
407	0.28662450212627094
408	0.08712040083582014
409	0.025049262381343515
411	0.3358890918380714
412	0.05449432688649643
424	0.29894632386591075
425	0.043231290692478094
427	0.07215792711169812
428	0.030828827651840605
429	0.02885899202782019
430	0.07329756026705234
434	0.013684730563457384
435	0.028177502320228004
436	0.038626784325143985
437	0.2866344574558384
442	0.03213006410530858
443	0.06881048552628627
445	0.3327472609088331
446	0.04419324359964717
451	0.09355277881953411
452	0.03941844375359426
455	0.2790352503339364
458	0.016499930474803158
459	0.08872461459198798
460	0.07439361506884759
462	0.38036980403357606
464	0.08123274581563703
465	0.08211742717180665
467	0.27331954198602915
468	0.05123313666035174
475	0.009083216433323937
476	0.10266143075934592
478	0.32152233144109243
480	0.06144151354951298
481	0.05916751042416034
485	0.20478914306082627
493	0.3217334210579482
498	0.3116193392937778
499	0.09074123305159446
500	0.2667035082244832
501	0.4688381087614465
502	0.11032387457329129
503	0.4921060672542096
504	0.015515200602925008
505	0.02040320975986408
506	0.03157189206578555
507	0.026397257551844792
508	0.5241253604602293
511	0.03186353477411291
512	0.036300872566496334
515	0.038805335913366094
519	0.02304208923234482
522	0.2967276283375133
524	0.22502626414796317
525	0.04021642496407633
527	0.04070556455213527
528	0.008299872509454298
529	0.3362724055612211
530	0.08653690209073236
532	0.009072938968902877
535	0.2804120122229992
538	0.46737754502577283
539	0.29160084713179907
541	0.28805470273226474
542	0.21947248685888085
543	0.09669295753053662
545	0.04617239501784876
548	0.041535604265113296
549	0.04577186579863046
550	0.08347885418662718
551	0.032689057014721315
553	0.017422854575295063
557	0.01603755233035243
560	0.004483924474297671
561	0.006260088503413974
564	0.027547898108574262
567	0.2712020768698121
569	0.028440423137348972
572	0.11612779473798328
573	0.031316856751015434
574	0.10016631763430849
577	0.00026152949370758516
579	0.28900165141650597
580	0.132480145845568
583	0.11368707300980288
588	0.05214210188259651
589	0.46894710486556773
591	0.044420926851362105
592	0.01645300600611954
593	0.021201851493431123
595	0.020784246917003382
597	0.32183094899076536
599	0.04297307402172172
600	0.011541308912415546
605	0.07723750378872568
606	0.0013070013087183585
608	0.32609394625739474
610	0.033451328119771015
613	0.03883617724116922
615	0.04976648298721517
617	0.04815236931134845
618	0.06634613778195908
621	0.06241275792348109
623	0.051067227833014955
624	0.01670642046637246
625	0.2313886743301976
627	0.026036906200354842
628	0.0775647903745882
629	0.26188648842616497
631	0.08888570736550609
632	0.27354271926826823
633	0.2680223917932646
634	0.020867397474180704
635	0.03293671785936117
637	0.001314979829028902
638	0.12851858360319154
639	0.055806077350792946
640	0.33255754078204525
641	0.5254577484187573
642	0.05341489838657128
647	0.23743858943529994
649	0.0803258426195533
650	0.08352206323491902
652	0.09029086607566382
655	0.28930767715989836
658	0.03686591153274956
659	0.46819977985884315
660	0.02742074864297951
664	0.055793358770607634
665	0.2351518764901647
667	0.0568785562631416
668	0.012492623462794047
669	0.46822471951699407
670	0.057847704972195955
671	0.040773642177005756
677	0.06158482969305898
683	0.0474232565564984
686	0.08061855225467363
687	0.09469730140081373
690	0.5328343706704345
692	0.24184024797593331
696	0.08043278399577401
699	0.32119883676643396
707	0.29893690600172207
710	0.019213712358659388
711	0.08056676954997007
713	0.25843393379347596
717	0.0008601685775397952
719	0.3244821337625583
722	0.057816872602886024
724	0.39876711910901813
726	0.0862805975540511
729	0.12228203645115468
731	0.07744726198142643
732	0.020925290863008678
734	0.5537137175296546
735	0.037372126271392525
739	0.09106150825391646
740	0.05555347248383035
741	0.04706707355151334
742	0.031473045213267145
744	0.2856370429846832
745	0.0460554408743665
746	0.05303670998489567
747	0.013910658997324896
749	0.29006514973047853
750	0.07192182015892491
751	0.281857199384325
752	0.2743670496043298
753	0.26101578593328106
755	0.02175589661741733
756	0.0879609889929869
757	0.01940566817454155
758	0.01969301604450069
759	0.044465845215932095
760	0.08934449944896829
761	0.03970773632166333
764	0.3025703487713681
766	0.06211631562562899
767	0.25505952968491324
770	0.03108580927255905
771	0.5307759846120725
775	0.07981110206970685
777	0.012619389756800804
778	0.06135213816326161
779	0.039132249805647785
780	0.19534975320942316
782	0.29115153674551636
784	0.04580499617550612
786	0.5263220648029289
788	0.0007165610345100729
790	0.013144013188740908
795	0.02075898823335333
800	0.06863308724054469
803	0.07277491841144774
804	0.017038291711096637
805	0.025177599114867014
806	0.04182281071623807
809	0.11672460107713845
810	0.08143317550116039
812	0.1047917263978703
815	0.01842407103176817
817	0.009708252170148854
820	0.040632066243728615
821	0.31945938171191524
824	0.14571638676197074
829	0.06863308724054473
830	0.033251406008796155
835	0.04649058365119804
837	0.3440811987146257
838	0.29682846368005594
840	0.5259895698091217
845	0.006912797784159368
848	0.028628894101529856
849	0.028440423137348972
850	0.07134665935793566
852	0.014877196516746342
853	0.024997758457961018
854	0.5192233058165978
855	0.052357441144461656
856	0.095753598636702
861	0.09464112957010586
863	0.07091839136625695
864	0.009624637662068503
866	0.017088547065254908
869	0.00299621930276206
873	0.09955973144417093
874	0.058518947488416476
875	0.029597446178489556
878	0.04516261893044527
880	0.08384379837435157
882	0.26551056577254406
883	0.23696926387098474
885	0.05469467068468459
890	0.2742266008195524
894	0.201887018354165
897	0.298740690661227
898	0.10921467130266334
899	0.29017868565529625
900	0.08340235975305026
901	0.042365379012513624
903	0.2925804739791702
904	0.31461493125777085
906	0.029923799743544248
907	0.23212589289011987
909	0.028220481369294156
911	0.3171323939515239
912	0.28285433889226946
913	0.017046648059137456
921	0.10187192805826673
923	0.07955457019008995
924	0.07867561479467308
925	0.07462890113396277
929	0.2646843972398787
931	0.050164445575238234
934	0.0327633608164199
940	0.0512983162170779
941	0.04170122471862722
943	0.30934318983458386
0	0.0
0	0.0
0	0.0
0	0.0
0	0.0
0	0.0
0	0.0
0	0.0
0	0.0
0	0.0
0	0.0
0	0.0
0	0.0
0	0.0
0	0.0
0	0.0
0	0.0
0	0.0
0	0.0
0	0.0
0	0.0
0	0.0
0	0.0
0	0.0
0	0.0
0	0.0
0	0.0
0	0.0
0	0.0
0	0.0
0	0.0
0	0.0
0	0.0
0	0.0
0	0.0
0	0.0
0	0.0
0	0.0
0	0.0
0	0.0
0	0.0
0	0.0
0	0.0
0	0.0
0	0.0
0	0.0
0	0.0
0	0.0
0	0.0
0	0.0
0	0.0
0	0.0
0	0.0
0	0.0
0	0.0
0	0.0
0	0.0
0	0.0
0	0.0
0	0.0
0	0.0
0	0.0
0	0.0
0	0.0
0	0.0
0	0.0
0	0.0
0	0.0
0	0.0
0	0.0
0	0.0
0	0.0
0	0.0
0	0.0
0	0.0
0	0.0
0	0.0
0	0.0
0	0.0
0	0.0
0	0.0
0	0.0
0	0.0
0	0.0
0	0.0
0	0.0
0	0.0
0	0.0
0	0.0
0	0.0
0	0.0
0	0.0
0	0.0
0	0.0
0	0.0
0	0.0
0	0.0
0	0.0
0	0.0
0	0.0
0	0.0
0	0.0
0	0.0
0	0.0
0	0.0
0	0.0
0	0.0
0	0.0
0	0.0
0	0.0
0	0.0
0	0.0
0	0.0
0	0.0
0	0.0
0	0.0
0	0.0
0	0.0
0	0.0
0	0.0
0	0.0
0	0.0
0	0.0
0	0.0
0	0.0
0	0.0
0	0.0
0	0.0
0	0.0
0	0.0
0	0.0
0	0.0
0	0.0
0	0.0
0	0.0
0	0.0
0	0.0
0	0.0
0	0.0
0	0.0
0	0.0
0	0.0
0	0.0
0	0.0
0	0.0
0	0.0
0	0.0
0	0.0
0	0.0
0	0.0
0	0.0
0	0.0
0	0.0
0	0.0
0	0.0
0	0.0
0	0.0
0	0.0
0	0.0
0	0.0
0	0.0
0	0.0
0	0.0
0	0.0
0	0.0
0	0.0
0	0.0
0	0.0
0	0.0
0	0.0
0	0.0
0	0.0
0	0.0
0	0.0
0	0.0
0	0.0
0	0.0
0	0.0
0	0.0
0	0.0
0	0.0
0	0.0
0	0.0
0	0.0
0	0.0
0	0.0
0	0.0
0	0.0
0	0.0
0	0.0
0	0.0
0	0.0
0	0.0
0	0.0
0	0.0
0	0.0
0	0.0
0	0.0
0	0.0
0	0.0
0	0.0
0	0.0
0	0.0
0	0.0
0	0.0
0	0.0
0	0.0
0	0.0
0	0.0
0	0.0
0	0.0
0	0.0
0	0.0
0	0.0
0	0.0
0	0.0
0	0.0
0	0.0
0	0.0
0	0.0
0	0.0
0	0.0
0	0.0
0	0.0
0	0.0
0	0.0
0	0.0
0	0.0
0	0.0
0	0.0
0	0.0
0	0.0
0	0.0
0	0.0
0	0.0
0	0.0
0	0.0
0	0.0
0	0.0
0	0.0
0	0.0
0	0.0
0	0.0
0	0.0
0	0.0
0	0.0
0	0.0
0	0.0
0	0.0
0	0.0
0	0.0
0	0.0
0	0.0
0	0.0
0	0.0
0	0.0
0	0.0
0	0.0
0	0.0
0	0.0
0	0.0
0	0.0
0	0.0
0	0.0
0	0.0
0	0.0
0	0.0
0	0.0
0	0.0
0	0.0
0	0.0
0	0.0
0	0.0
0	0.0
0	0.0
0	0.0
0	0.0
0	0.0
0	0.0
0	0.0
0	0.0
0	0.0
0	0.0
0	0.0
0	0.0
0	0.0
0	0.0
0	0.0
0	0.0
0	0.0
0	0.0
0	0.0
0	0.0
0	0.0
0	0.0
0	0.0
0	0.0
0	0.0
0	0.0
0	0.0
0	0.0
0	0.0
0	0.0
0	0.0
0	0.0
0	0.0
0	0.0
0	0.0
0	0.0
0	0.0
0	0.0
0	0.0
0	0.0
0	0.0
0	0.0
0	0.0
0	0.0
0	0.0
0	0.0
0	0.0
0	0.0
0	0.0
0	0.0
0	0.0
0	0.0
0	0.0
0	0.0
0	0.0
0	0.0
0	0.0
0	0.0
0	0.0
0	0.0
0	0.0
0	0.0
0	0.0
0	0.0
0	0.0
0	0.0
0	0.0
0	0.0
0	0.0
0	0.0
0	0.0
0	0.0
0	0.0
0	0.0
0	0.0
0	0.0
0	0.0
0	0.0
0	0.0
0	0.0
0	0.0
0	0.0
0	0.0
0	0.0
0	0.0
0	0.0
0	0.0
0	0.0
0	0.0
0	0.0
0	0.0
0	0.0
0	0.0
0	0.0
0	0.0
0	0.0
0	0.0
0	0.0
0	0.0
0	0.0
0	0.0
0	0.0
0	0.0
0	0.0
0	0.0
0	0.0
0	0.0
0	0.0
0	0.0
0	0.0
0	0.0
0	0.0
0	0.0
0	0.0
0	0.0
0	0.0
0	0.0
0	0.0
0	0.0
0	0.0
0	0.0
0	0.0
0	0.0
0	0.0
0	0.0
0	0.0
0	0.0
0	0.0
0	0.0
0	0.0
0	0.0
0	0.0
0	0.0
0	0.0
0	0.0
0	0.0
0	0.0
0	0.0
0	0.0
0	0.0
0	0.0
0	0.0
0	0.0
0	0.0
0	0.0
0	0.0
0	0.0
0	0.0
0	0.0
0	0.0
0	0.0
0	0.0
0	0.0
0	0.0
0	0.0
0	0.0
0	0.0
0	0.0
0	0.0
0	0.0
0	0.0
0	0.0
0	0.0
0	0.0
0	0.0
0	0.0
0	0.0
0	0.0
0	0.0
0	0.0
0	0.0
0	0.0
0	0.0
0	0.0
0	0.0
0	0.0
0	0.0
0	0.0
0	0.0
0	0.0
0	0.0
0	0.0
0	0.0
0	0.0
0	0.0
0	0.0
0	0.0
0	0.0
0	0.0
0	0.0
0	0.0
0	0.0
0	0.0
0	0.0
0	0.0
0	0.0
0	0.0
0	0.0
0	0.0
0	0.0
0	0.0
0	0.0
0	0.0
0	0.0
0	0.0
0	0.0
0	0.0
0	0.0
0	0.0
0	0.0
0	0.0
0	0.0
0	0.0
0	0.0
0	0.0
0	0.0
0	0.0
0	0.0
0	0.0
0	0.0
0	0.0
0	0.0
0	0.0
0	0.0
0	0.0
0	0.0
0	0.0
0	0.0
0	0.0
0	0.0
0	0.0
0	0.0
0	0.0
0	0.0
0	0.0
0	0.0
0	0.0
