5	0.04162558556350254
7	0.28474808531723084
10	0.02277161473104789
11	0.32959176152306957
13	0.22010770539420815
14	0.03567320438242133
15	0.26466283039710736
16	0.524242131509705
18	0.010325260693657128
19	0.04737400896422861
23	0.3022325984927554
24	0.07139683968901626
25	0.2991743446308713
30	0.5444144807475881
33	0.017022680995510048
34	0.20039368571124808
35	0.03406328775981202
36	0.03940115571815979
37	0.029649854485731084
38	0.031002365464714576
40	0.020615717559727367
41	0.02452385329687461
42	0.051357721932087486
44	0.03078842024260467
48	0.012565686763695148
49	0.19930749521747845
53	0.011537950639020057
54	0.22524543027664912
56	0.20430640020289698
57	0.20104658446232404
58	0.0031208899418974367
59	0.007274442834734052
60	0.021087515619487903
61	0.233562607795117
62	0.05099938339297175
64	0.22744527466947573
65	0.3146169887811775
70	0.19896068785165874
72	0.5223332796546106
73	0.2214849204708142
74	0.029712419479089605
75	0.02634569454991299
77	0.47746781214269185
78	0.0034166361446547264
85	0.050884887089661046
89	0.04748170670148609
90	0.06323960304752671
91	0.02413113782749811
92	0.023106129871736464
93	0.34111431033758943
95	0.030318253915998097
96	0.2617058566257377
97	0.7789471791699719
99	0.24640661834550667
105	0.013255560487243336
106	0.07242827517725181
107	0.1794217511127784
108	0.22533151691107536
109	0.09065921806396265
110	0.05751019328267487
112	0.008542411908032378
115	0.5170378793555719
116	0.012732521633473284
120	0.03667953817001837
121	0.32186542251510397
122	0.008258076026351618
123	0.07998474323742122
125	0.08404273997761622
130	0.5140685204393591
131	0.028460260667512425
132	0.028209464158925307
133	0.05885451603712949
134	0.2759375567383415
136	0.01568934506582945
140	0.271044176320387
141	0.059445679737463786
143	0.03874898478909357
144	0.5226053715040321
146	0.30124417378079044
151	0.03030980157983385
153	0.08769038254528325
155	0.09823508803507533
158	0.23581851307711174
159	0.04921859088130999
162	0.3006855075265137
164	0.24980489536892414
165	0.02031615888383955
168	0.055175818754604186
170	0.049809825297531
173	0.03149766122546923
175	0.03854366591011454
176	0.03320407842673332
178	0.2649166566352947
179	0.321261874601094
182	0.019200539361620847
184	0.5077149749845432
185	0.11684342560314287
186	0.03161551192284856
187	0.019253809814137445
188	0.01639757685632484
189	0.06981507970635692
190	0.016919956091719632
193	0.2720582870903401
195	0.17175801462219561
196	0.06032265907806579
200	0.21212391663619043
201	0.5812599522302099
203	0.2539151311995266
206	0.38014645362787003
207	0.4608869501049563
209	0.12476476625346886
210	0.2246231778199275
211	0.2851990835751515
212	0.21568439314687
214	0.2608049258086579
215	0.009253516644359444
216	0.0007297624584762137
217	0.42936734418759936
219	0.2568155817529846
221	0.016608382388852004
223	0.33240578767678064
224	0.32376953081110393
227	0.008931116823271579
228	0.06176647462332824
229	0.03418047207197833
230	0.06447495560197589
232	0.04814615561787154
233	0.001604501877029537
234	0.2616685712456712
235	0.25444139210328337
236	0.07723595778436114
237	0.05220684722579372
238	0.04847769419129416
240	0.014660205363434521
242	0.20336664079190872
243	0.5467696677778607
244	0.22568402101167617
246	0.21370953888643843
250	0.5133431329213758
251	0.5017318546000732
252	0.5294171133079537
253	0.3083328004650278
254	0.007799707294280794
255	0.220524432859231
256	0.2628257146126018
257	0.0330100099170724
260	0.007476258655480062
262	0.00975631921942284
263	0.238412194258913
265	0.27655574627974566
267	0.25069215232459935
269	0.46620228372707856
270	0.20676977564564702
271	0.2523400642388809
273	0.005464143509477638
276	0.002609557917434783
278	0.20466055318613513
279	0.08951297057415267
280	0.25215758016328044
284	0.2361137009143446
286	0.22134864240213695
290	0.08962010133805795
291	0.2745398977312157
292	0.2900643125496618
294	0.2841712984856038
295	0.26479393059510054
296	0.06388622166021571
297	0.019977485800715657
298	0.04269578254482841
300	0.061041738811354454
303	0.2511796926688169
307	0.07179742710479484
308	0.24179640261327276
311	0.29988046126701035
312	0.01480798795567815
313	0.029287666546526658
314	0.06307307808279772
316	0.30632688715737955
318	0.01974642936004912
319	0.2166912688269473
321	0.0860647041664981
323	0.0328369601438565
324	0.31770841759839835
325	0.015605759377312439
327	0.2687971461196811
329	0.29402822530482087
333	0.0012730744552631804
334	0.07982699773440222
335	0.044583797882903675
337	0.059333312632429226
338	0.019599260682173915
339	0.2595667466452115
340	0.051991172682273906
342	0.2637548301736466
343	0.2825158346136229
344	0.2163891507911656
345	0.03671239816592284
347	0.22223817055293582
348	0.21423435218116632
350	0.062168197283827276
351	0.026692124232809346
352	0.006707017105816719
354	0.2734191630040645
357	0.01396429939076067
358	0.7704377898008924
359	0.0225734431760954
363	0.036084133303724786
364	0.016311467947517477
365	0.4768990418479639
370	0.22687356509075132
371	0.2737929879446342
372	0.23566256619051287
373	0.046782476763442396
378	0.010750560559948087
380	0.05073181673583066
382	0.25772669027215633
383	0.01474166973195962
385	0.07068935005866514
386	0.030651281685564358
387	0.06024599949897685
388	0.0159117601065714
390	0.30790546634726573
392	0.0011430577011282902
393	0.006608290044495077
396	0.09137063777022428
397	0.06566613522008538
398	0.01932619498711527
399	0.049652707230302004
401	0.2306874803796941
402	0.05548994462556669
403	0.04126640596097011
404	0.07339231430999829
406	0.052069096685087954
407	0.3244913335853251
411	0.2545611295786383
418	0.03574082586101035
420	0.001621641423056458
422	0.04405162195601632
423	0.028649212819711826
424	0.05341276939022736
426	0.007369874642333161
427	0.016225436988583718
428	0.291195292008513
429	1.1338130108944078e-05
430	0.2945249382145898
431	0.024119121345312248
434	0.08434005294776077
436	0.2847023940783448
437	0.3449039577655414
438	0.25993223838814367
441	0.04190124823479999
443	0.2331627121452431
444	0.019833433553706523
445	0.6772286934812536
449	0.026329275162158643
450	0.2715969161845054
451	0.033162545216825844
452	0.08278353625812337
453	0.01267174369001767
454	0.029467747528052656
455	0.27977899180213045
456	0.010409978206041202
458	0.2948374512811287
459	0.01847000169381395
461	0.0105811642190358
462	0.2328463761451701
463	0.027424021989661748
465	0.2732002850096522
467	0.23223050762213093
468	0.2661065567179923
474	0.015228400267889842
475	0.019724360960773457
476	0.033926022556120025
478	0.20031545263647502
480	0.34974975053123847
484	0.012475090944300913
485	0.38036507586011853
486	0.02364971747937704
487	0.015978830947340518
491	0.08879402065553395
493	0.0005329480422880534
495	0.2661688478730131
497	0.014423181056872882
498	0.0040764756174472006
499	0.23979248869670522
500	0.25246930104553333
501	0.3101851042405408
502	0.04209147594499285
503	0.5463233235940654
504	0.01746029870075743
507	0.015431238210647215
511	0.1810397839521892
514	0.08433032254519257
516	0.06852965416209339
519	0.0008990819005811404
522	0.21428803678821462
523	0.02661638103442668
525	0.09731090127243484
526	0.02087160756957725
529	0.009839744554075658
530	0.23924413379374865
532	0.002196079895567138
534	0.015137226653237208
535	0.293692763655605
538	0.2674279967253804
542	0.058473830168313014
543	0.5018196577871862
545	0.08295341091846108
549	0.48936382903852327
550	0.21899803593962452
551	0.27248513526471946
555	0.03581929187318859
559	0.03272020130666095
562	0.5241253604602293
565	0.008753905645974475
566	0.03228095739132141
569	0.04876295649120972
571	0.2666614809351516
573	0.01219240214307598
579	0.270644481560373
581	0.0008900128284856507
582	0.012684693797902345
583	0.044990337507370914
584	0.31256723725556557
586	0.06016755576590961
589	0.5452417913606532
590	0.035977531666651616
591	0.03329691393689661
592	0.19790782143294464
593	0.013522175463758303
597	0.025611356567997255
598	0.23586670362786652
599	0.4833280889333743
603	0.041187529075989784
605	0.5069069749330426
608	0.29407528577965675
610	0.028293010745769037
611	0.004311661418075173
612	0.039514977753021506
614	0.1595954360983164
615	0.013620900440126302
618	0.01940422982841535
621	0.01055991167258083
624	0.26912706489146565
625	0.3145681110236149
626	0.0004823021442476108
628	0.013058877355486463
629	0.07719572470936192
630	0.022743397471334997
632	0.045807818998602576
633	0.3293660507002634
634	0.05823951510109855
635	0.4968455403396261
637	0.31238939198255505
640	0.48827315183298464
641	0.5851885255837979
643	0.0532274492447413
645	0.036746231836354476
647	0.05199322498450149
649	0.3728957799071805
652	0.28487680397148873
653	0.07875898894189609
654	0.040908885474774434
655	0.2340822473496222
658	0.5441510246955966
659	0.05591890432835059
660	0.02205730387862264
664	0.05673748400062788
665	0.3057173125213474
666	0.2570498192190398
667	0.015295668591102436
668	0.2381686187628621
669	0.3128852023641012
673	0.013920414111348624
674	0.23282221912415477
676	0.0571450636952961
677	0.27746220148960793
678	0.12294687822477142
680	0.07609992250549547
683	0.04396715536299836
684	0.007008719091237622
686	0.23198863939952735
688	0.004338526230171606
690	0.477589689147667
691	0.041492025915448955
692	0.5072040488970173
696	0.2076325523296499
699	0.2255743905659269
701	0.0016103488939400515
702	0.0820984725514094
704	0.2923991728046694
706	0.045139419182649076
707	0.013898903681342986
709	0.0064516699254080975
710	0.0034092370320025073
711	0.04084413415394667
713	0.4255414260253983
715	0.27744546800003206
717	0.01610109167281447
718	0.07062311224724338
719	0.2467323344962462
721	0.05342728838239141
722	0.2650205970499401
724	0.38014645362787003
725	0.012671105197145024
726	0.6204431353064745
730	0.2857097971791603
731	0.0007531237176035196
734	0.5261601615536343
735	0.3079054663472658
736	0.3288150628830967
740	0.18747336618066737
741	0.021920197394999404
742	0.5185550576900755
743	0.23537979532905373
744	0.4804553217554311
745	0.022501309790723636
748	0.05733936382181695
749	0.058524597957544174
750	0.034963805506244644
751	0.23344681258621564
752	0.23032936373490429
753	0.0885276315157092
754	0.0187627673185071
755	0.5181902272508305
756	0.07169052493445761
757	0.49437406376451626
759	0.3350204692223783
760	0.26790491638255975
763	0.027683327062491943
764	0.25969515811762156
765	0.017826177769695088
766	0.20739698259865336
767	0.2577718739232538
768	0.3368731381249843
769	0.27362062335366116
770	0.004003075453871623
771	0.6064015491150978
772	0.0005939278085446975
775	0.013889860716955776
777	0.42986526525842206
779	0.043061955223542954
780	0.05674562528479875
782	0.5394778754220453
784	0.22391495394067146
786	0.49782380818859223
787	0.0161901022697066
788	0.23929818774823577
791	0.0032150787719555166
792	0.2472151596663999
793	0.061167403579655735
795	0.23344055632718225
800	0.05912865688545199
801	0.018944205822759498
803	0.28158909832962825
804	0.00836198232712787
806	0.06786423527761136
808	0.0013438735746379923
809	0.043866960942215275
810	0.010542256388846191
812	0.037131766502504764
817	0.24346884661343124
820	0.35340504424256125
821	0.21597236474414833
822	0.05828716412566485
824	0.2767913213291808
828	0.011256490993685454
829	0.05912865688545199
830	0.018627163388409446
831	0.28011678266309215
833	0.059783225183112486
837	0.265793305488897
838	0.25196564239960745
839	0.06545458200517953
840	0.7876804539202975
845	0.2512747111529115
847	0.018889384112682893
848	0.061567562173512405
849	0.04876295649120972
850	0.015492374919870551
852	0.24727988481437724
853	0.036974486428133384
854	0.21168965245624424
855	0.006903201718681237
856	0.23870082397124873
857	0.1854312678095955
858	0.0007256552409484612
861	0.028733861110142044
862	0.006368576414548147
863	0.0053543672463985635
865	0.0024619179629418245
867	0.018522859891928593
868	0.008674117511442102
869	0.3066088417966125
870	0.3130979111947266
873	0.2445550342593805
875	0.025753129015271225
877	0.25960823666369726
878	0.02133238006686375
880	0.2308674511230651
881	0.014769300539948207
882	0.00044603200390141984
883	0.28407017998829454
887	0.06637554262896213
888	0.0530878608798999
890	0.2954976461319327
892	0.009689357880505359
893	0.04823174865034
894	0.5208012054143926
895	0.24044655105907542
897	0.2844363456589785
899	0.2989264461419835
901	0.045251338404729405
902	0.265900362599207
903	0.2238168508114984
906	0.001783512688005147
908	0.2581989859066738
909	0.02956395701355544
910	0.3175119995656636
911	0.02291718825633899
912	0.5406010539550414
919	0.23745858715482493
920	0.018352594104111167
922	0.05551632451372476
923	0.22964814270230377
924	0.0824089087155081
925	0.2188785720390496
928	0.2648938379392788
929	0.23986338880596886
930	0.03729690940804113
931	0.2741768584932035
932	0.2683258173971265
933	0.26675508057256786
934	0.012169786606358257
935	0.0014466826162066113
936	0.268738817042134
937	0.10000849253124913
938	0.02026129697680469
940	0.5279111619127089
941	0.4967357494521751
942	0.0035978200755124173
943	0.20550318464560924
0	0.0
0	0.0
0	0.0
0	0.0
0	0.0
0	0.0
0	0.0
0	0.0
0	0.0
0	0.0
0	0.0
0	0.0
0	0.0
0	0.0
0	0.0
0	0.0
0	0.0
0	0.0
0	0.0
0	0.0
0	0.0
0	0.0
0	0.0
0	0.0
0	0.0
0	0.0
0	0.0
0	0.0
0	0.0
0	0.0
0	0.0
0	0.0
0	0.0
0	0.0
0	0.0
0	0.0
0	0.0
0	0.0
0	0.0
0	0.0
0	0.0
0	0.0
0	0.0
0	0.0
0	0.0
0	0.0
0	0.0
0	0.0
0	0.0
0	0.0
0	0.0
0	0.0
0	0.0
0	0.0
0	0.0
0	0.0
0	0.0
0	0.0
0	0.0
0	0.0
0	0.0
0	0.0
0	0.0
0	0.0
0	0.0
0	0.0
0	0.0
0	0.0
0	0.0
0	0.0
0	0.0
0	0.0
0	0.0
0	0.0
0	0.0
0	0.0
0	0.0
0	0.0
0	0.0
0	0.0
0	0.0
0	0.0
0	0.0
0	0.0
0	0.0
0	0.0
0	0.0
0	0.0
0	0.0
0	0.0
0	0.0
0	0.0
0	0.0
0	0.0
0	0.0
0	0.0
0	0.0
0	0.0
0	0.0
0	0.0
0	0.0
0	0.0
0	0.0
0	0.0
0	0.0
0	0.0
0	0.0
0	0.0
0	0.0
0	0.0
0	0.0
0	0.0
0	0.0
0	0.0
0	0.0
0	0.0
0	0.0
0	0.0
0	0.0
0	0.0
0	0.0
0	0.0
0	0.0
0	0.0
0	0.0
0	0.0
0	0.0
0	0.0
0	0.0
0	0.0
0	0.0
0	0.0
0	0.0
0	0.0
0	0.0
0	0.0
0	0.0
0	0.0
0	0.0
0	0.0
0	0.0
0	0.0
0	0.0
0	0.0
0	0.0
0	0.0
0	0.0
0	0.0
0	0.0
0	0.0
0	0.0
0	0.0
0	0.0
0	0.0
0	0.0
0	0.0
0	0.0
0	0.0
0	0.0
0	0.0
0	0.0
0	0.0
0	0.0
0	0.0
0	0.0
0	0.0
0	0.0
0	0.0
0	0.0
0	0.0
0	0.0
0	0.0
0	0.0
0	0.0
0	0.0
0	0.0
0	0.0
0	0.0
0	0.0
0	0.0
0	0.0
0	0.0
0	0.0
0	0.0
0	0.0
0	0.0
0	0.0
0	0.0
0	0.0
0	0.0
0	0.0
0	0.0
0	0.0
0	0.0
0	0.0
0	0.0
0	0.0
0	0.0
0	0.0
0	0.0
0	0.0
0	0.0
0	0.0
0	0.0
0	0.0
0	0.0
0	0.0
0	0.0
0	0.0
0	0.0
0	0.0
0	0.0
0	0.0
0	0.0
0	0.0
0	0.0
0	0.0
0	0.0
0	0.0
0	0.0
0	0.0
0	0.0
0	0.0
0	0.0
0	0.0
0	0.0
0	0.0
0	0.0
0	0.0
0	0.0
0	0.0
0	0.0
0	0.0
0	0.0
0	0.0
0	0.0
0	0.0
0	0.0
0	0.0
0	0.0
0	0.0
0	0.0
0	0.0
0	0.0
0	0.0
0	0.0
0	0.0
0	0.0
0	0.0
0	0.0
0	0.0
0	0.0
0	0.0
0	0.0
0	0.0
0	0.0
0	0.0
0	0.0
0	0.0
0	0.0
0	0.0
0	0.0
0	0.0
0	0.0
0	0.0
0	0.0
0	0.0
0	0.0
0	0.0
0	0.0
0	0.0
0	0.0
0	0.0
0	0.0
0	0.0
0	0.0
0	0.0
0	0.0
0	0.0
0	0.0
0	0.0
0	0.0
0	0.0
0	0.0
0	0.0
0	0.0
0	0.0
0	0.0
0	0.0
0	0.0
0	0.0
0	0.0
0	0.0
0	0.0
0	0.0
0	0.0
0	0.0
0	0.0
0	0.0
0	0.0
0	0.0
0	0.0
0	0.0
0	0.0
0	0.0
0	0.0
0	0.0
0	0.0
0	0.0
0	0.0
0	0.0
0	0.0
0	0.0
0	0.0
0	0.0
0	0.0
0	0.0
0	0.0
0	0.0
0	0.0
0	0.0
0	0.0
0	0.0
0	0.0
0	0.0
0	0.0
0	0.0
0	0.0
0	0.0
0	0.0
0	0.0
0	0.0
0	0.0
0	0.0
0	0.0
0	0.0
0	0.0
0	0.0
0	0.0
0	0.0
0	0.0
0	0.0
0	0.0
0	0.0
0	0.0
0	0.0
0	0.0
0	0.0
0	0.0
0	0.0
0	0.0
0	0.0
0	0.0
0	0.0
0	0.0
0	0.0
0	0.0
0	0.0
0	0.0
0	0.0
0	0.0
0	0.0
0	0.0
0	0.0
0	0.0
0	0.0
0	0.0
0	0.0
0	0.0
0	0.0
0	0.0
0	0.0
0	0.0
0	0.0
0	0.0
0	0.0
0	0.0
0	0.0
0	0.0
0	0.0
0	0.0
0	0.0
0	0.0
0	0.0
0	0.0
0	0.0
0	0.0
0	0.0
0	0.0
0	0.0
0	0.0
0	0.0
0	0.0
0	0.0
0	0.0
0	0.0
0	0.0
0	0.0
0	0.0
0	0.0
