2	0.29380568839771937
4	0.23219391158317695
6	0.32520041840898517
8	0.0065540644795575725
9	0.1572133029578882
11	0.14476765656024043
12	0.4993558309669027
15	0.03713813170419206
17	0.47477746553460476
19	0.4788783475405396
20	0.5730156822903907
22	0.19948737384560697
23	0.09426327689241643
25	0.28742935762278127
27	0.21830335693842431
28	0.3351325492584708
29	0.17231549233977494
30	0.003954171138416
32	0.21521671768346845
34	0.16861067585362893
35	0.30953721659552313
37	0.19859911415012113
39	0.5209415264682029
40	0.2957787492670074
46	0.20932735977705036
47	0.22104817539445887
48	0.2760700097157307
50	0.4549905974736195
53	0.3180289345094087
54	9.246027938850793e-05
55	0.5268164950679526
60	0.10404903270762537
61	0.4820680728518279
64	0.010826412722962996
65	0.28164916943742496
66	0.5133539364373988
67	0.5159609843763222
70	0.32189627404560106
71	0.5319778000829198
72	0.12331652833902446
74	0.3129916268873656
76	0.1754879484320821
77	0.1493131778211468
79	0.17487273357372135
80	0.40590615130246815
81	0.20133179206370017
83	0.3032280052878671
84	0.5512203602886583
85	0.003253077530801479
86	0.26525743483494263
88	0.15158378280468723
91	0.09878190126943087
93	0.13952324074464498
95	0.3657148878034707
98	0.2330496031717332
100	0.10236348913304623
102	0.2264858107066522
103	0.17333919549785232
104	0.16548285853628003
105	0.2014505239233113
106	0.2795038320718525
108	0.24600256583022256
110	0.326893923677116
111	0.08598732675747425
112	0.5327237836326316
115	0.06138248083185843
119	0.22849416224998653
122	0.40278853236299583
124	0.5376315331994043
126	0.11206860394523058
127	0.14489226181150472
128	0.5295148947194787
130	0.23431487438249857
131	0.38167400584389566
132	0.2875932043256975
133	0.1740449460571396
134	0.1324428455567474
135	0.21358482619007008
137	0.2854626840225732
139	0.2888117805437839
141	0.5004276054963539
142	0.2157159199347613
143	0.08438531504822201
145	0.06525365469866913
146	0.09945948579938066
147	0.14168643698845546
148	0.29317867129105235
149	0.1495837269696241
150	0.35337150665883177
152	0.3024740943576185
153	0.42746049331275426
154	0.16029856383830507
155	0.17542943751907358
156	0.1610806903485626
157	0.4142044098497868
158	0.224045521099719
159	0.3200006328593701
161	0.7898485117855092
162	0.2955191897935696
163	0.6498196531704672
164	0.09805033695918715
165	0.2093047814948902
166	0.7691430706896523
167	0.09949635609195384
169	0.3635174768577852
170	0.2833613033065212
171	0.28306312211847
172	0.015292253274866892
173	0.31529584274919575
174	0.009878535327065615
176	0.496442073784929
179	0.11874623532808928
180	0.5537296384709487
182	0.3678873742005101
183	0.42001639547764735
185	0.12837916691684348
186	0.4605040231685355
187	0.3940215897350834
190	0.15978557142900568
191	0.564251951412141
192	0.4704986429574547
194	0.5582367026953677
195	0.21959162193092807
196	0.14619084085976944
199	0.5379085553002322
202	0.3669684876970525
203	0.1431677580459406
204	0.33914133047383965
205	0.4963608816986079
208	0.13749921812708027
210	0.10564276756958574
212	0.19942130168901295
213	0.5545019730493486
214	0.015425952463012621
215	0.21605305436664693
216	0.10411218646318175
217	0.13286099677859567
218	0.08286909156231267
219	0.18032311728100647
220	0.7780329691829695
221	0.3040095093807172
223	0.18960426112325324
225	0.4203877450104266
227	0.5587788129175563
229	0.4828413603309393
230	0.1188688372767136
231	0.1942046587708963
233	0.1920173958591713
241	0.6290782161704224
242	0.3726444389228363
245	0.31188934442334165
247	0.20218550893191306
250	0.02572925893477463
254	0.16435791482496848
257	0.1806112474012103
258	0.6517268376945051
259	0.05126943651021244
260	0.17095429830378292
261	0.7340316640370345
262	0.44505697254886945
265	0.0873701348085987
266	0.28916674728742586
270	0.01594589112972832
272	0.07428895202465603
273	0.43526015835774995
274	0.07241272730363776
275	0.15685127967785767
277	0.5319176846140683
278	0.20448739528412369
279	0.05800721395413444
280	0.23919324230663896
281	0.09563665976388203
282	0.4378818967193628
283	0.1267201839874167
285	0.05714129990566974
286	0.005806184989724669
287	0.16710501460754465
288	0.12896186743907084
289	0.42897705568184663
290	0.3266443226614349
295	0.20685246537837892
300	0.5789063460249126
304	0.7525914317498741
306	0.3491931217506493
309	0.12125841907595689
310	0.0028124379296751746
315	0.24714270291346835
318	0.5677545507500363
319	0.3262002878092898
320	0.09251553856246592
321	0.0862601939125471
322	0.061727701295069576
325	0.21478100940348813
331	0.09046787242466016
333	0.2110816292677062
335	0.2087130061195412
336	0.2790540671914978
338	0.33154473165254184
340	0.34369445608317406
341	0.38235762939464635
346	0.0929006775843905
349	0.22271088509668469
351	0.5249707518296939
353	0.5168227690845836
354	0.08811908032956872
355	0.44829930076616187
356	0.259222933847426
357	0.31949393206403104
359	0.17636535387589186
364	0.3147084629325986
365	0.0943533138724009
366	0.20033207297310193
368	0.1932800508619739
369	0.19347018454670104
371	0.34657154298266574
372	0.5250680892101618
374	0.06463725286485328
375	0.006412402009152433
376	0.09821490564339491
377	0.1520099932647953
379	0.11560863563990716
381	0.19216561807154342
383	0.0024866157038166276
384	0.4113340577360762
388	0.07049591193311175
391	0.17634667495303283
392	0.24485079643961438
394	0.21669509274751236
400	0.1411530119401062
401	0.2849632316401147
405	0.33983095702291366
408	0.34643005158068974
410	0.37033539249482333
412	0.22628089146569486
413	0.22670673515689937
415	0.18678618275595926
417	0.005867365164527995
418	0.07062140672083128
419	0.31451528138499996
421	0.09119390154222289
424	0.19475011727910818
426	0.3126927842140036
427	0.18333874597439576
428	0.09313249267564933
430	0.08972740956029823
431	0.5087735524160024
432	0.01325795195149225
433	0.17303440500527503
434	0.2699383560347412
439	0.4037891391040728
442	0.02569987680633784
443	0.0041351595301284995
444	0.4871014863376889
446	0.2857773109468821
448	0.008810717934061234
451	0.10590117179458958
460	0.011387642421404262
462	0.5395487133294035
464	0.1906642826807376
465	0.009845318946451957
466	0.1030548750870663
468	0.029923885214682828
470	0.1719733653893825
471	0.17903185418133993
473	0.3391419135670396
475	0.07461910543247527
477	0.9582223177928626
478	0.2605307099704307
482	0.31122964533791436
483	0.1709385506345038
484	0.004059488261078704
489	0.0926178155722609
491	0.05088066674141271
497	0.3070502958901129
499	0.3098071225729677
502	0.07298244742389134
504	0.12320516308649898
505	0.1034598719663424
510	0.5503401218723425
511	0.1780637018871806
513	0.10207842696418634
515	0.04683052473213895
516	0.13692073275160344
517	0.2002834284239534
518	0.08913929458189765
519	0.0013346477669182177
520	0.4018925700054543
529	0.20158751153465465
530	0.5175214691286486
532	0.0023827802032099082
534	0.08461773076737325
539	0.16994028294208358
541	0.13428316379674596
543	0.09380041609459089
544	0.1340935188610338
545	0.08884174402193262
548	0.06348413102223954
552	0.18582691311212413
554	0.1741596735697708
555	0.40404098416945433
556	0.0035180848385655064
557	0.22739677857361457
558	0.5392771588012866
559	0.31133275275237327
563	0.1938930655956238
564	0.20067176228914704
565	0.30873802391753846
566	0.32248671641078
572	0.45332483968649334
574	0.035950169105792976
575	0.30611839932868035
578	0.3143623325363026
580	0.015791260871708287
581	0.10793334875253628
583	0.059267456128603443
585	0.46138052427464815
586	0.09685557531515224
587	0.09920272107834655
591	0.11547252453297449
594	0.3102468480110754
596	0.292458013507334
597	0.024396834761397382
599	0.2974494864025877
600	0.06957241260846386
607	0.07398723477619662
609	0.3964338014208051
610	0.097219662520591
611	0.32104107028425294
612	0.5043944414107658
619	0.0675345525694045
621	0.09223445877825825
622	0.21063131019584672
630	0.2710000940696105
631	0.5949361056173925
633	0.0785688937102651
638	0.35631014199916833
639	0.10053063774710339
640	0.010365837362071067
642	0.21202175509042448
644	0.26865186909981215
645	0.07818462424818913
646	0.16556118328029723
648	0.06555918612178545
651	0.26651208733557563
652	0.19481759462264642
655	0.0034787481849059138
656	0.11228482861398942
657	0.17548083007711024
662	0.6624693790005776
663	0.30457461878218056
665	0.0022927579989134167
667	0.34998764351821837
670	0.09225806342813478
671	0.18355044468371345
672	0.1700162878886225
673	0.49761843606991074
675	0.19122556545209526
677	0.10306831719005954
678	0.04094287103703094
679	0.19239544830562
681	0.4386949370922308
687	0.6221006753795185
688	0.1759876123250518
691	0.3136366134551057
699	0.019216030486790103
701	0.0024432932189926183
704	0.26588865526462635
705	0.2878567909288781
707	0.33578033124440176
710	0.11521244594775516
711	0.20378068081114947
712	0.307998400210005
714	0.09317722261435413
715	0.2942142105827364
717	0.22595273304930386
718	0.4962054687396248
719	0.09832502562280473
720	0.0840327509087965
723	0.2869462501039296
725	0.1650672151776615
728	0.0916337753588222
729	0.7562823592291061
731	0.4196997194840736
739	0.18732453914124755
740	0.0679173694384397
745	0.08856356112872979
746	0.009169832221536996
749	0.00020034701130993565
753	0.00181364944056666
754	0.20553365198953588
755	0.08042757965320185
756	0.0019244914701712114
760	0.2303381399428454
761	0.09388396990528507
763	0.09016677984412463
765	0.21227122505000803
767	0.22228400957246064
769	0.14965195152798724
770	0.23065242384114154
775	0.15904079755788547
778	0.09312736257789159
779	0.1925817494999375
784	0.3071582433402719
789	0.30244585223278486
790	0.1675482651924729
794	0.16976901576894932
795	0.010742089753773831
796	0.2943719958001338
798	0.33657039086031837
799	0.15626629019690275
800	0.12979889092810148
801	0.7188542068691289
802	0.09336293032166974
803	0.023851345341059964
804	0.3107380768714274
807	0.004727901704189474
808	0.15637678037410216
810	0.2160305529579204
811	0.05899278225078081
812	0.4862408677418787
813	0.12186009493781183
814	0.36162623032994373
815	0.21551693548244127
816	0.5177247498546583
819	0.08950543880631259
822	0.28222970005493775
824	0.0584354427804402
825	0.0958881063086483
827	0.4514827086766092
832	0.21406988783861994
835	0.014087714474661048
837	0.016295923671296626
838	0.24475138005490876
842	0.16400422358592107
844	0.1983415091580782
845	0.09782125104370248
847	0.32609797510922545
850	0.005785279958583071
853	0.06726915294654101
855	0.5163229831450067
856	0.3182337626140145
857	0.17591464395643053
858	0.19493296908447819
859	0.5476629413631144
861	0.4181959397962496
866	0.6492778587970974
872	0.28875418488021026
873	0.1925685490730804
876	0.16159123918231613
878	0.09605554817945772
879	0.16125485032573095
881	0.08641349572542256
882	0.0016509731301035113
885	0.15303829819935133
888	0.3646887553439012
890	0.08624819065972616
891	0.43315259667394707
892	0.09598327449090654
896	0.005942188705577396
898	0.07069340664977387
901	0.2819381489198768
902	0.2765054230556774
903	0.023599772385445392
904	0.4240844216009894
905	0.05290739138758183
906	0.24317517422714716
909	0.6003236415601224
910	0.16026341029721414
911	0.06702865113081544
912	0.1806399823262715
913	0.09504542066695829
915	0.3452605674161816
917	0.45219011668330955
918	0.29505140850346456
920	0.18627186081062924
921	0.23899465943567155
925	0.32016611922118016
927	0.09838207492844925
930	0.5459317845713385
935	0.5351220243181576
939	0.1987269509788283
943	0.35059695294366455
0	0.0
0	0.0
0	0.0
0	0.0
0	0.0
0	0.0
0	0.0
0	0.0
0	0.0
0	0.0
0	0.0
0	0.0
0	0.0
0	0.0
0	0.0
0	0.0
0	0.0
0	0.0
0	0.0
0	0.0
0	0.0
0	0.0
0	0.0
0	0.0
0	0.0
0	0.0
0	0.0
0	0.0
0	0.0
0	0.0
0	0.0
0	0.0
0	0.0
0	0.0
0	0.0
0	0.0
0	0.0
0	0.0
0	0.0
0	0.0
0	0.0
0	0.0
0	0.0
0	0.0
0	0.0
0	0.0
0	0.0
0	0.0
0	0.0
0	0.0
0	0.0
0	0.0
0	0.0
0	0.0
0	0.0
0	0.0
0	0.0
0	0.0
0	0.0
0	0.0
0	0.0
0	0.0
0	0.0
0	0.0
0	0.0
0	0.0
0	0.0
0	0.0
0	0.0
0	0.0
0	0.0
0	0.0
0	0.0
0	0.0
0	0.0
0	0.0
0	0.0
0	0.0
0	0.0
0	0.0
0	0.0
0	0.0
0	0.0
0	0.0
0	0.0
0	0.0
0	0.0
0	0.0
0	0.0
0	0.0
0	0.0
0	0.0
0	0.0
0	0.0
0	0.0
0	0.0
0	0.0
0	0.0
0	0.0
0	0.0
0	0.0
0	0.0
0	0.0
0	0.0
0	0.0
0	0.0
0	0.0
0	0.0
0	0.0
0	0.0
0	0.0
0	0.0
0	0.0
0	0.0
0	0.0
0	0.0
0	0.0
0	0.0
0	0.0
0	0.0
0	0.0
0	0.0
0	0.0
0	0.0
0	0.0
0	0.0
0	0.0
0	0.0
0	0.0
0	0.0
0	0.0
0	0.0
0	0.0
0	0.0
0	0.0
0	0.0
0	0.0
0	0.0
0	0.0
0	0.0
0	0.0
0	0.0
0	0.0
0	0.0
0	0.0
0	0.0
0	0.0
0	0.0
0	0.0
0	0.0
0	0.0
0	0.0
0	0.0
0	0.0
0	0.0
0	0.0
0	0.0
0	0.0
0	0.0
0	0.0
0	0.0
0	0.0
0	0.0
0	0.0
0	0.0
0	0.0
0	0.0
0	0.0
0	0.0
0	0.0
0	0.0
0	0.0
0	0.0
0	0.0
0	0.0
0	0.0
0	0.0
0	0.0
0	0.0
0	0.0
0	0.0
0	0.0
0	0.0
0	0.0
0	0.0
0	0.0
0	0.0
0	0.0
0	0.0
0	0.0
0	0.0
0	0.0
0	0.0
0	0.0
0	0.0
0	0.0
0	0.0
0	0.0
0	0.0
0	0.0
0	0.0
0	0.0
0	0.0
0	0.0
0	0.0
0	0.0
0	0.0
0	0.0
0	0.0
0	0.0
0	0.0
0	0.0
0	0.0
0	0.0
0	0.0
0	0.0
0	0.0
0	0.0
0	0.0
0	0.0
0	0.0
0	0.0
0	0.0
0	0.0
0	0.0
0	0.0
0	0.0
0	0.0
0	0.0
0	0.0
0	0.0
0	0.0
0	0.0
0	0.0
0	0.0
0	0.0
0	0.0
0	0.0
0	0.0
0	0.0
0	0.0
0	0.0
0	0.0
0	0.0
0	0.0
0	0.0
0	0.0
0	0.0
0	0.0
0	0.0
0	0.0
0	0.0
0	0.0
0	0.0
0	0.0
0	0.0
0	0.0
0	0.0
0	0.0
0	0.0
0	0.0
0	0.0
0	0.0
0	0.0
0	0.0
0	0.0
0	0.0
0	0.0
0	0.0
0	0.0
0	0.0
0	0.0
0	0.0
0	0.0
0	0.0
0	0.0
0	0.0
0	0.0
0	0.0
0	0.0
0	0.0
0	0.0
0	0.0
0	0.0
0	0.0
0	0.0
0	0.0
0	0.0
0	0.0
0	0.0
0	0.0
0	0.0
0	0.0
0	0.0
0	0.0
0	0.0
0	0.0
0	0.0
0	0.0
0	0.0
0	0.0
0	0.0
0	0.0
0	0.0
0	0.0
0	0.0
0	0.0
0	0.0
0	0.0
0	0.0
0	0.0
0	0.0
0	0.0
0	0.0
0	0.0
0	0.0
0	0.0
0	0.0
0	0.0
0	0.0
0	0.0
0	0.0
0	0.0
0	0.0
0	0.0
0	0.0
0	0.0
0	0.0
0	0.0
0	0.0
0	0.0
0	0.0
0	0.0
0	0.0
0	0.0
0	0.0
0	0.0
0	0.0
0	0.0
0	0.0
0	0.0
0	0.0
0	0.0
0	0.0
0	0.0
0	0.0
0	0.0
0	0.0
0	0.0
0	0.0
0	0.0
0	0.0
0	0.0
0	0.0
0	0.0
0	0.0
0	0.0
0	0.0
0	0.0
0	0.0
0	0.0
0	0.0
0	0.0
0	0.0
0	0.0
0	0.0
0	0.0
0	0.0
0	0.0
0	0.0
0	0.0
0	0.0
0	0.0
0	0.0
0	0.0
0	0.0
0	0.0
0	0.0
0	0.0
0	0.0
0	0.0
0	0.0
0	0.0
0	0.0
0	0.0
0	0.0
0	0.0
0	0.0
0	0.0
0	0.0
0	0.0
0	0.0
0	0.0
0	0.0
0	0.0
0	0.0
0	0.0
0	0.0
0	0.0
0	0.0
0	0.0
0	0.0
0	0.0
0	0.0
0	0.0
0	0.0
0	0.0
0	0.0
0	0.0
0	0.0
0	0.0
0	0.0
0	0.0
0	0.0
0	0.0
0	0.0
0	0.0
0	0.0
0	0.0
0	0.0
0	0.0
0	0.0
0	0.0
0	0.0
0	0.0
0	0.0
0	0.0
0	0.0
0	0.0
0	0.0
0	0.0
0	0.0
0	0.0
0	0.0
0	0.0
0	0.0
0	0.0
0	0.0
0	0.0
0	0.0
0	0.0
0	0.0
0	0.0
0	0.0
0	0.0
0	0.0
0	0.0
0	0.0
0	0.0
0	0.0
0	0.0
0	0.0
0	0.0
0	0.0
0	0.0
0	0.0
0	0.0
0	0.0
0	0.0
0	0.0
