1	0.28139594511784416
2	0.3361137888438071
3	0.004152758373546381
5	0.4489412012583974
6	0.048394911051458905
8	0.20774402296753783
9	0.2690738402185612
10	0.4647077773089033
12	0.28039385959401925
13	0.05527218921585696
14	0.29793080913377606
17	0.02599421634516689
18	0.5183270056503174
20	0.29027470687759604
21	0.07012456281816833
22	0.06823529895494367
23	0.0875539311328835
24	0.2806805280261608
25	0.02822165287543338
26	0.103727222649982
30	0.0393312600552824
31	0.2456252322475287
32	0.4558020046520353
33	0.26114516918253194
35	0.2813187191232451
36	0.5165585956900204
37	0.5086125239939094
38	0.06390694447643047
39	0.27088620853500467
40	0.31563932249460414
41	0.5030889657623342
42	0.035440706254660385
43	0.011886503114146102
44	0.5019452101967983
45	0.7456152014630124
48	0.2529597375452733
51	0.5184011211832349
52	0.49411582399216286
53	0.03055355370822309
55	0.284718304119604
56	0.007005286097348792
57	0.2600225062875731
59	0.2277754678292363
60	0.4992802365050499
62	0.22762486239918372
63	0.18219568239166958
65	0.3034680277243044
67	0.06351481443194239
68	0.24817728699594868
69	0.24970057918788582
70	0.04153325025098441
73	0.08764257162083139
74	0.06127323384300423
75	0.21968266251053112
78	0.24025901218990917
79	0.017361425018475422
81	0.2466025125687173
82	0.2612980883076845
83	0.5139908848713476
84	0.036660750878697364
86	0.028199260810346703
87	0.48648909720452577
89	0.21704069672947254
90	0.055096503932824364
91	0.47993255157025316
92	0.025745747874593165
96	0.2594796734647306
99	0.29928654630860435
100	0.24141321607540908
101	0.4804805264526475
102	0.013448651376789085
104	0.5139800599165537
105	0.12487495978903433
106	0.5510347063466252
109	0.47503644252890376
110	0.050504572100641035
111	0.28620589435963234
112	0.03321999318462285
113	0.28064880735183934
114	0.515512939130686
117	0.032923038130340795
118	0.22968689005241422
121	0.3223674236461234
122	0.30659814868186297
123	0.00405297983187685
125	0.4582333891633077
126	0.2583520700703771
127	0.26810419109434885
128	0.29152421511682225
129	0.317971191300723
131	0.26668586396357646
132	0.06554666907829076
133	0.2522937042311355
134	0.04504338576300215
136	0.3094125973584144
137	0.5362259595938097
138	0.4548073520476048
140	0.29555861958864815
141	0.32903867528133895
143	0.3083032910301849
145	0.021349897127848863
147	0.059914575126661984
148	0.2621460075280455
149	0.26603984669829117
151	0.2585248048998445
152	0.2383426333683395
153	0.06420922538549576
154	0.0228737546520972
156	0.01933283360048975
157	0.29645792320219866
159	0.5272110867444418
160	0.020277798353190584
163	0.020123930237729303
164	0.035266954737507794
165	0.0006976304345819306
167	0.01675463229097785
168	0.28203222561003577
169	0.2482724262698049
170	0.5637480448713561
172	0.37139206325542307
173	0.07145686912424838
174	0.24127527783235309
175	0.20027478367640156
177	0.2821318122328887
178	0.017222080886170082
179	0.02372064369086316
180	0.2456135584579042
184	0.06670216464688017
185	0.004317195117525104
186	0.07404769523382414
187	0.029867140342170348
188	0.5501788663548067
189	0.1909405840027237
190	0.1674478782421448
191	0.2074472892294075
197	0.44227218672869706
199	0.0156706213711648
200	0.026202133626898043
202	0.03621624765107545
204	0.016900716019278967
205	0.19176589346936634
206	0.37187996964628744
207	0.2803707425729916
210	0.07470674433311913
216	0.04650310594406422
218	0.3094923858927682
219	0.2767952229714533
222	0.18091603468191256
224	0.4838631534224665
226	0.04594868984961284
228	0.20283305207862848
230	0.018522797433304667
231	0.4798814408319756
232	0.3185633341875391
233	0.03589968930619829
234	0.307717893866672
237	0.018038182126294624
238	0.49299901202604723
239	0.2743176887967577
240	0.30815949450990315
241	0.05025423979035533
243	0.08996785487961016
245	0.2419441998454026
246	0.0012871415419692077
248	0.3119555285421023
249	0.010057050129978214
252	0.037214565251261864
253	0.02495287889514396
254	0.5001384653091371
256	0.047156141662434564
257	0.5384794371808221
258	0.09533298095426729
259	0.0323929580178189
260	0.297243558502984
261	0.01484414044927319
264	0.7581398682808496
267	0.2643868655333875
268	0.4918531217417566
269	0.028235041635488015
271	0.29660559641625994
272	0.5588657487286814
274	0.23722721653198459
275	0.495524983895076
276	0.0587751233838545
278	0.01765263509505033
281	0.2317907396368718
284	0.049280805637898675
285	0.580828427858301
287	0.28194534011757094
289	0.2955437524745367
291	0.05130470453376198
292	0.04453698252043266
293	0.04728710511387446
296	0.26446437116501886
297	0.0771284809186394
298	0.27219529701466555
299	0.5018551109076552
301	0.23593722377251944
302	0.5009037170118841
303	0.09600575976138268
306	0.34673327309461205
308	0.0691361001810886
309	0.4996900932451304
310	0.4564119145288252
311	0.21269476096959178
312	0.297183915130039
313	0.4939050076539459
314	0.21757148688524597
316	0.10641920455441714
317	0.29555861958864815
320	0.016879493109925127
322	0.5554856814428538
323	0.24391235870965441
325	0.04520514245055661
326	0.4815538396375425
328	0.029505289095209556
329	0.5308124698389042
330	0.2517550247889206
331	0.5213469055799508
332	0.5384914201838701
333	0.32745708268772533
334	0.24144536426625635
336	0.4962917170530399
337	0.19136015653427407
338	0.2696766111751054
339	0.05570853941573496
340	0.027403071871065776
341	0.0720802580238275
345	0.2568797370888068
346	0.2971427573460689
347	0.004291834225975413
348	0.23517865706189978
351	0.044617324789498924
352	0.47737643860387863
354	0.06182727451102035
356	0.04501248628051098
360	0.040321716845708885
361	0.5444041022636936
362	0.5145269054567955
363	0.49761120061545405
364	0.06978277071799585
367	0.489609139333309
368	0.4692003866960936
369	0.46133611452315354
370	0.03166272950356486
372	0.05685196349442391
375	0.23276838978407388
376	0.24345475458533591
377	0.02089418486595242
378	0.04395043107982717
379	0.28333710998343015
380	0.28472588160969925
381	0.01061992173471353
383	0.019311716181048977
384	0.06736149725972926
385	0.08682959918848107
386	0.2162508560623434
387	0.49917829543658787
388	0.31542934525328215
389	0.49442441039600044
390	0.2552076556137936
393	0.5319900062115207
394	0.06427199873113022
395	0.25052441748785
396	0.6684095608312008
397	0.28450020681309546
398	0.016174083277077804
399	0.29650769398545873
400	0.2724744780909449
403	0.5513508162400839
404	0.07613671577885571
406	0.02873962486472287
407	0.060991328666970476
408	0.023356504987565682
409	0.4747416791569873
410	0.06232973313494958
411	0.05062281578722627
412	0.014562791716254245
413	0.23582153706151718
414	0.2802780598507884
415	0.059481809327642084
416	0.2843336260474049
417	0.05478822322374805
418	0.11246833365684597
419	0.0063613690041255735
420	0.5398609741936405
421	0.49794776487763986
423	0.2632622982434082
425	0.28309293544449754
426	0.3011081844435146
428	0.3201804933290274
429	0.3085280789279393
430	0.08622926246600933
431	0.2820425407890336
432	0.014575270988140949
435	0.2319255447534881
436	0.27498349327007465
438	0.006518218846034485
439	0.25544893601490354
440	0.48001281643693466
441	0.22722845280474133
442	0.0311286130052948
444	0.02701317951458001
446	0.5140352223745317
447	0.20661963667321023
448	0.46409244583750275
449	0.001582990902014702
450	0.02411060179686201
451	0.2801131697658328
452	0.17500058955233577
454	0.20785719585271037
456	0.2733607140879118
457	0.01324952316612834
458	0.06574096019230097
459	0.21964902544924939
460	0.27904115024508586
461	0.23356919694554976
463	0.32444678721753256
465	0.012768153910785562
466	0.24773720090623583
467	0.03631127023526086
469	0.5309886681525803
470	0.28800943440492227
471	0.48980312797520237
472	0.2234979454243705
473	0.07093340677216349
474	0.5449063781199914
475	0.08171276482905258
476	0.4441050802094296
479	0.05476999345839788
480	0.25968486904826615
481	0.46788360366197435
482	0.2953194818415006
483	0.24789469016563948
484	0.47335438083236675
485	0.13460683005796292
486	0.2335887084452265
488	0.4791855500833014
489	0.2236762788338781
490	0.5123760057048543
491	0.3193836657034801
492	0.7061166532205532
494	0.2371633475481429
495	0.012020555799845851
496	0.08118206325802294
498	0.028143505496430507
499	0.08410970733624941
500	0.08451184265677147
501	0.0013712203714715474
502	0.2444016866636172
504	0.020978161127889472
505	0.29303592625357694
506	0.23525642465124608
507	0.2519493103241247
509	0.5191808274323247
510	0.04612032180438626
511	0.0540174374478021
512	0.2732241281146633
513	0.21715895736815324
514	0.22382503012725488
515	0.2708075198397406
517	0.2569285033730403
518	0.24180843751097506
519	0.29296517538611333
520	0.08562522967810454
523	0.24669687899203668
524	0.033637440020917606
526	0.057804235485026334
527	0.011064487300767978
528	0.29776979930079944
529	0.048323841986309166
531	0.3083791679191114
532	0.04517540277852961
533	0.7385987433697041
534	0.009293912136770516
536	0.49072030555705076
537	0.04202808408757327
538	0.016346982619946174
540	0.22439049289923807
542	0.07107882377083621
543	0.07825016333255737
544	0.3332687376392796
545	0.2358542499928998
546	0.4782466582967806
547	0.5485325344669052
548	0.4874733062743137
549	0.023879068418231352
550	0.4876070062035332
551	0.03407205389566885
552	0.2211228714005472
553	0.2915312153635087
554	0.5054808885857535
556	0.027245663809417342
557	0.0355198520760685
559	0.5364357672579978
560	0.05739498162882629
561	0.2922715563308116
563	0.4728396168380061
565	0.4908889909909565
566	0.07283185993995968
567	0.04362719476832861
568	0.2250311668759495
569	0.02552076556137936
570	0.3148070765860343
571	0.5223853770542974
573	0.28131636535747756
574	0.005901515570778112
575	0.4871395921537798
576	0.48317516640419533
578	0.30001794564772993
580	0.19864740770158062
582	0.179076258925956
583	0.2876800582422825
586	0.024973054591174233
587	0.029138605616578928
590	0.054497048469200504
593	0.23550148786674904
594	0.26654587969071897
596	0.5476542764012359
597	0.4664087391617508
600	0.07786451366984534
601	0.18861406562628796
602	0.03097760906296162
603	0.012536477681246678
604	0.19455001367702326
606	0.04254362784659853
607	0.01001137263596992
608	0.03158593576697251
609	0.09585312062736656
611	0.2801835060095543
612	0.05027538530713772
613	0.48972284129245375
615	0.4986631301906593
616	0.49671273949553
617	0.24904874574274893
618	0.27725251667800216
619	0.7497190160465641
620	0.4801996627688925
621	0.20601368962551703
622	0.046484494155522096
623	0.6927220356993918
624	0.046280059574284285
625	0.2069186747216491
626	0.3107118144476077
627	0.4969304629504321
628	0.25520765561379355
629	0.016759176744518475
632	0.48667989397867967
633	0.23265548608829306
634	0.4803137325825718
635	0.04731008910256171
636	0.24617520501683796
637	0.022607831451789007
638	0.00012638836372172446
639	0.3115483627782168
640	0.02300305728975778
641	0.041697504902200026
642	0.47506944060896017
643	0.019294959056265396
644	0.49849271363788544
645	0.3012545433067033
646	0.2397437187955538
648	0.7534067572854704
649	0.05380607584905355
650	0.49139270790713185
651	0.5862112013716267
652	0.03064755494084298
653	0.5218698839246553
654	0.8017234555288324
656	0.200671893294725
658	0.03628875253745631
660	0.2857073980172458
661	0.2671265461379548
663	0.21786175562032262
664	0.06297654364411527
666	0.3013441262753373
667	0.033434650449440446
668	0.08567857451042335
669	0.04415996997258044
670	0.3120477655793765
672	0.2569792729913745
673	0.2787731062202842
675	0.2726683788269835
676	0.0634686498000889
677	0.04763637308480374
679	0.535079344206602
680	0.21735617753371878
681	0.21943657662421973
682	0.23590751593634823
683	0.015886267045823823
684	0.22923073981993625
686	0.0539605899181208
688	0.3062491867365523
689	0.7464857034849287
690	0.04347637805405396
692	0.01048080211307259
694	0.48167611969080615
695	0.29185002809792787
696	0.3098080112553271
697	0.49723815542397853
698	0.4771998607012445
700	0.24157291348709423
701	0.23756583843068488
702	0.21152645054141495
703	0.4858360899010543
704	0.0460125557540547
705	0.03381688507718603
706	0.22854802718949163
707	0.04946886635241432
708	0.7191230580466713
709	0.027150268401340223
710	0.04760511275725126
711	0.09588606810865798
712	0.28322075824197024
713	0.10052088086058578
714	0.7462127562714826
716	0.007257078564388023
718	0.29207220589217425
719	0.011676437449545947
720	0.31419607328670546
722	0.2249971988743582
723	0.5209150417574179
724	0.37187996964628744
725	0.2609104855205706
727	0.11967909349448261
728	0.2309729603601228
729	0.06719651861826505
730	0.0034758953557131253
731	0.05967348742897027
732	0.2693457751797548
733	0.3144484484487048
734	0.023006101974482163
735	0.22968689005241422
737	0.022856092415746813
738	0.07851604515324659
739	0.31829509650686477
740	0.09356892968044349
741	0.2975749658366465
743	0.0829161339323072
744	0.1099105560572456
745	0.11736843956613546
746	0.035072153030504524
747	0.04934580181800372
748	0.2757650955252882
749	0.033313249671708255
750	0.21767746220018158
751	0.0399051708292778
752	0.28986278267752286
754	0.29389616804910956
755	0.019682478087795066
756	0.03900591720216056
757	0.29634919729981296
758	0.24800976025995822
759	0.22373111079333186
764	0.01509131889508749
766	0.5061305173912609
768	0.016907775059570584
772	0.7512750727270628
773	0.0533507200479426
774	0.06020068236388612
775	0.29947582549127444
776	0.2413289283498002
778	0.1907546634409916
779	0.04766381558530072
780	0.011791556753230285
781	0.7406606748283682
783	0.5086414433681431
784	0.05251328058577449
785	0.5125364226660435
787	0.21219211638655758
788	0.3047655935672587
789	0.27237155021217585
790	0.0818455036979058
791	0.5030344269441879
796	0.5174519363454182
797	0.5703470032321925
798	0.2914805144861159
799	0.27384308793904566
800	1.3877787807814457e-17
801	0.052142317597193136
802	0.48514533731776943
804	0.29599864555388333
806	5.809680285136232e-05
807	0.028232213082918147
808	0.08566658885054304
809	0.24505092121101876
810	0.26389943415632156
811	0.5054125945693999
812	0.060266579008234906
815	0.02948117196394206
818	0.2454320343278175
819	0.5266790801505296
820	0.09985941021145099
821	0.04904296804711586
823	0.015158028716554584
824	0.11625008613981613
825	0.7436810876054633
826	0.25298140862558915
827	0.07127766825408455
828	0.4964896827445102
829	0.2807284211751729
830	0.3345220280999585
831	0.2133611081238661
832	0.2767455514213437
834	0.48967571445010133
835	0.015592127972393705
836	0.3260419869443051
837	0.28182157769575966
838	0.04538653892333812
839	0.005267031859342779
840	0.041025509001233945
841	0.2813125204628736
842	0.2829613948698619
843	0.2797093692656603
844	0.00548056604025067
846	0.29022071551785916
847	0.2624824624575653
848	0.27547061104228016
849	0.22968689005241422
850	0.024072777031398193
851	0.23262814373525678
853	0.32088493805087454
855	0.08094607320942612
858	0.2617472520723987
860	0.25359713874615153
862	0.2345855141825336
863	0.471121571245187
864	0.2540091879109778
865	0.14171226434702172
867	0.48749532855387157
868	0.24287193538429475
869	0.01327854617103296
870	0.03095282917833173
871	0.5410119015331563
872	0.2473648263639402
873	0.1061248315997379
874	0.3364365759219028
875	0.19897430494059118
876	0.26638279180781704
878	0.04059856107244515
880	0.3004125340003748
881	0.5127767754659052
882	0.2982635925293399
883	0.06935927491941078
884	0.03092237302146225
885	0.012059103072283334
886	0.24617153167031455
887	0.2962751260736353
888	0.29294921062820556
889	0.016100316887815005
890	0.03729461191501977
892	0.3157261281092506
893	0.04534494138566329
895	0.24851024806199715
896	0.029901106423135353
897	0.016554733867501666
898	0.027939764839495507
899	0.04563057490375019
900	0.1603796024238548
901	0.02885124967168201
903	0.023325484533983722
905	0.30698791910553075
908	0.021468971202616496
911	0.04980092805980718
913	0.06419684195222042
915	0.2888231936107604
916	0.018907242581655916
918	0.29441340364253354
920	0.26708605760238524
921	0.4521802779695834
922	0.5259235307073246
923	0.02289385700648146
925	0.05657013480764565
926	0.24409081867114868
927	0.47717986815227764
930	0.013049233922762717
931	0.06250929009314224
932	0.31902199617988136
933	0.2947793294004114
934	0.325445030471257
935	0.2784422330284926
936	0.016138857447137857
937	0.22531102321928498
938	0.24962278340831232
940	0.05243031481110447
941	0.05327935068478787
942	0.29652140700617813
0	0.0
0	0.0
0	0.0
0	0.0
0	0.0
0	0.0
0	0.0
0	0.0
0	0.0
0	0.0
0	0.0
0	0.0
0	0.0
0	0.0
0	0.0
0	0.0
0	0.0
0	0.0
0	0.0
0	0.0
0	0.0
0	0.0
0	0.0
0	0.0
0	0.0
0	0.0
0	0.0
0	0.0
0	0.0
0	0.0
0	0.0
0	0.0
0	0.0
0	0.0
0	0.0
0	0.0
0	0.0
0	0.0
0	0.0
0	0.0
0	0.0
0	0.0
0	0.0
0	0.0
0	0.0
0	0.0
0	0.0
0	0.0
0	0.0
0	0.0
0	0.0
0	0.0
0	0.0
0	0.0
0	0.0
0	0.0
0	0.0
0	0.0
0	0.0
0	0.0
0	0.0
0	0.0
0	0.0
0	0.0
0	0.0
0	0.0
0	0.0
0	0.0
0	0.0
0	0.0
0	0.0
0	0.0
0	0.0
0	0.0
0	0.0
0	0.0
0	0.0
0	0.0
0	0.0
0	0.0
0	0.0
0	0.0
0	0.0
0	0.0
0	0.0
0	0.0
0	0.0
0	0.0
0	0.0
0	0.0
0	0.0
0	0.0
0	0.0
0	0.0
0	0.0
0	0.0
0	0.0
0	0.0
0	0.0
0	0.0
0	0.0
0	0.0
0	0.0
0	0.0
0	0.0
0	0.0
0	0.0
0	0.0
0	0.0
0	0.0
0	0.0
0	0.0
0	0.0
0	0.0
0	0.0
0	0.0
0	0.0
0	0.0
0	0.0
0	0.0
0	0.0
0	0.0
0	0.0
0	0.0
0	0.0
0	0.0
0	0.0
0	0.0
0	0.0
0	0.0
0	0.0
0	0.0
0	0.0
0	0.0
0	0.0
0	0.0
0	0.0
0	0.0
0	0.0
0	0.0
0	0.0
0	0.0
0	0.0
0	0.0
0	0.0
0	0.0
0	0.0
0	0.0
0	0.0
0	0.0
0	0.0
0	0.0
0	0.0
0	0.0
0	0.0
0	0.0
0	0.0
0	0.0
0	0.0
0	0.0
0	0.0
0	0.0
0	0.0
0	0.0
0	0.0
0	0.0
0	0.0
0	0.0
0	0.0
0	0.0
0	0.0
0	0.0
0	0.0
0	0.0
0	0.0
0	0.0
0	0.0
0	0.0
0	0.0
0	0.0
0	0.0
0	0.0
0	0.0
0	0.0
0	0.0
0	0.0
0	0.0
0	0.0
0	0.0
0	0.0
0	0.0
0	0.0
0	0.0
0	0.0
0	0.0
0	0.0
0	0.0
0	0.0
0	0.0
0	0.0
0	0.0
0	0.0
0	0.0
0	0.0
0	0.0
0	0.0
0	0.0
0	0.0
0	0.0
0	0.0
0	0.0
0	0.0
0	0.0
0	0.0
0	0.0
0	0.0
0	0.0
0	0.0
0	0.0
0	0.0
0	0.0
0	0.0
0	0.0
0	0.0
0	0.0
0	0.0
0	0.0
0	0.0
0	0.0
0	0.0
0	0.0
0	0.0
0	0.0
0	0.0
0	0.0
0	0.0
0	0.0
0	0.0
0	0.0
0	0.0
0	0.0
0	0.0
0	0.0
0	0.0
0	0.0
0	0.0
0	0.0
0	0.0
0	0.0
0	0.0
0	0.0
0	0.0
0	0.0
0	0.0
0	0.0
