1	0.034525192579371075
2	0.24698077302556054
3	0.13580566819317558
5	0.4406011097011978
8	0.03133903864867484
9	0.2937687943659893
10	0.029952104526147966
12	0.2577908856481479
14	0.004264583410650138
17	0.2878023175119808
18	0.2300021678273333
20	0.2954277143943582
23	0.2592486487659611
24	0.23010511676151324
25	0.3194391271512078
28	0.07359303841919959
30	0.07369916050759916
31	0.2664605373207052
32	0.26786210737564575
33	0.7489187355607612
34	0.1544134494465886
35	0.25102372790173916
36	0.5192665092360657
39	0.28738811277229026
40	0.23821272904674254
41	0.2902639655752136
44	0.01409740700229252
45	0.2684299743403182
46	0.24529012058662986
47	0.25956629316693125
48	0.5396681695886001
51	0.2922931988676304
52	0.2960232890187949
53	0.47896157027420305
55	0.25530373248155674
56	0.03645274348471584
57	0.05984527219996763
59	0.27165788407818187
60	0.30050441506690606
61	0.1670842572037628
62	0.27052484627238177
64	0.04453156495899501
65	0.475113028875234
66	0.5476410138997948
67	0.4941607176867413
68	0.29034577417864027
69	0.051529170058428594
70	0.005013626665623681
71	0.0634933305483516
72	0.25604003165197875
73	0.020699162544189333
74	0.23812106224675997
75	0.4914138121100436
78	0.27070213113045305
80	0.026430768418179765
81	0.07138404621880334
82	0.023923399969278218
83	0.7775713014161972
86	0.12069114498603978
87	0.04842296139586983
89	0.29056593775659467
91	0.5457955597405857
93	0.004636899136973974
96	0.042593587887942715
97	0.03776856993274352
98	0.19323952824714027
99	0.015464007524267749
100	0.5346476716093401
101	0.24709125429208018
103	0.06683821389604175
104	0.1912905464998535
105	0.23738450151646417
106	0.4900488589474209
107	0.279209422274586
109	0.259410752399452
110	0.0230612100054803
111	0.2728085903134927
112	0.47566244409704905
113	0.2519077553636627
114	0.0635118154671627
115	0.2212594674363964
118	0.06275559437397017
120	0.054877917383967384
121	0.014450295000481717
122	0.23178278653748388
124	0.3338306737214998
125	0.2790929602028182
126	0.2946232871094268
127	0.30015501106563874
128	0.258543802839917
131	0.013441745032402735
132	0.24663797089389078
136	0.006040719927750047
137	0.5427668901429786
138	0.49393201371728146
139	0.023727802339704177
140	0.20247367492432652
141	0.5169774273225154
142	0.04400944489141488
143	0.695338467433466
145	0.2290512283804997
146	0.21612313626978263
148	0.28421654238290606
150	0.01884599838197791
152	0.3230883544140456
153	0.58515993800101
156	0.015496430217831467
159	0.499594140357781
162	0.23169667558312745
163	0.3194112646541519
164	0.4445972358755099
166	0.13873045082952237
168	0.21323602001071734
169	0.5679556196366684
170	0.5131181721763366
171	0.5347342558167029
172	0.48040941804142934
173	0.2419456233275779
175	0.010962649417673477
176	0.025994859168646557
177	0.24843796543090774
179	0.025503660431881715
180	0.5209798962125373
186	0.26572908587131633
191	0.276269772774988
192	0.05738727754454227
195	0.01501893250879402
197	0.2278144821563005
199	0.34791825755360617
202	0.39772818488581546
205	0.43538234578035545
206	0.30617856347948874
208	0.041344066087736414
210	0.2537633550244749
213	0.02678060518119557
216	0.016174622404088873
217	0.28386157936440165
218	0.014113826757286133
219	0.011364849582025608
220	0.2682776471979326
221	0.027004508083726536
222	0.25371592740718063
224	0.4850622356535479
227	0.21237535166378757
230	0.01285544353391676
231	0.2550787159192214
232	0.21775367511199034
238	0.270702131130453
239	0.24412967705035113
242	0.07686869455868299
245	0.5444396627505766
248	0.4746401702425879
254	0.26125540310119305
255	0.1761389976969576
257	0.2478155126451057
258	0.014094101118836182
260	0.1966512761187778
261	0.03300612764723104
264	0.5234956587137501
265	0.25260057642915523
266	0.0016136689836119752
268	0.010029546911755435
272	0.7032868045735986
274	0.5422724208328408
275	0.2897645761152424
277	0.34181105151138075
279	0.2821952411728612
281	0.31389310032601003
285	0.6756303335777465
287	0.47071732838247354
288	0.03323690625499783
289	0.3923290986160302
290	0.05379952119108843
291	0.2118947907180832
292	0.01730932213348972
296	0.206961590868551
297	0.24623040236994154
298	0.214892068865159
299	0.017279812697218636
300	0.09817396058439863
301	0.2824322860370524
302	0.2436275373532966
304	0.07061590421248017
306	0.04952026855716411
307	0.02603659574731359
310	0.2157985424800486
311	0.24125927221518667
312	0.23354652085124827
313	0.2895304547052346
314	0.030508821548664525
317	0.22083644257856136
318	0.021256551021795772
319	0.23436345077720716
320	0.016626261200667458
322	0.23904976898788555
323	0.25740931062486516
324	0.0446715124761872
326	0.03141229554812526
331	0.4757957426480216
332	0.21593834355628314
333	0.4663487207904743
335	0.4702096448848164
336	0.5353203684993375
337	0.00508741688850152
338	0.32398728080770767
340	0.2560531214082435
345	0.29541628436754036
346	0.44966920394039545
348	0.0393374505870599
350	9.049719466942135e-05
351	0.48055358537457576
352	0.012706899530794121
353	0.020470812662039102
354	0.26236073349496075
356	0.35497269110429885
357	0.012581702319091014
358	0.038198491377345906
361	0.005316316836471123
362	0.19985590049975105
363	0.017089314706760825
364	0.27464042988489246
365	0.022787673751294063
367	0.22957550997944998
369	0.23936840568033046
372	0.27751537149854866
375	0.26513385115027177
376	0.5386043391277885
377	0.24106761976994112
379	0.25964841518218795
380	0.1788257289787042
382	0.010921690530964923
385	0.004350306583624869
386	0.17049891840546294
387	0.021127123993298805
388	0.23657146785811928
389	0.2485265217627759
390	0.04412502729419786
393	0.22086703733117957
396	0.44655308662254467
400	0.31415609012032336
403	0.4545852223750889
408	0.0394856515083483
409	0.033894803758615435
411	0.0027459169238639586
412	0.29587677927783196
413	0.05111422395312151
414	0.005384407023865705
415	0.21449494439725394
418	0.4099122651478357
419	0.2550886741826421
420	0.2141616882800543
421	0.5267793179606307
424	0.05715716015482395
425	0.26932591699505953
426	0.01503500708562859
427	0.00023687391666270263
428	0.26358602175695744
430	0.2376449196445437
431	0.26204470140629904
434	0.0024969106619890866
435	0.26313526093869655
436	0.2199335825513085
438	0.28938013422480835
439	0.18363196598090895
440	0.5092169596612028
441	0.05683250724818378
444	0.4502410660777741
446	0.5730205171981355
447	0.004619243967689514
448	0.21375468262613592
449	0.02834282339905336
451	0.7894168869876131
452	0.23340566572104912
454	0.04104451995535161
459	0.036492544992114156
461	0.28332740012630925
462	0.013989579625920553
463	0.22879025640186834
465	0.2795573097175746
466	0.29315313457639647
469	0.4725096886333181
471	0.49040476804814115
472	0.2869427918199314
473	0.505789679802046
474	0.21677846642364573
475	0.4956593509628269
476	0.5083337583335599
480	0.17133921214856906
481	0.2567001927655344
482	0.4794728531715171
483	0.06321983228342264
484	0.04022111322934221
485	0.0021400756237974217
488	0.042191291440950816
489	0.522087090498141
490	0.25321048784906486
491	0.4469334764775451
492	0.7323072447643898
494	0.4897741791738548
497	0.02290132152445094
499	0.0352397196644272
501	0.26584792696583637
502	0.2752564049211019
504	0.02464022358079438
505	0.24535637353794365
507	0.28213005892011683
509	0.024753544080680867
510	0.2524938575417903
512	0.21156308945329394
513	0.26421585411106197
515	0.5460301432708597
516	0.5065591333461329
517	0.05751326522468551
518	0.7333547975619672
521	0.040510773777423306
523	0.27691330488416815
527	0.17545365028510312
530	0.020359053274556775
533	0.5083154323639342
534	0.2703368246243262
536	0.05001213329208837
540	0.27103367688022795
543	0.03597408950299378
545	0.30296167959079384
546	0.5262855828567659
547	0.4852962975492775
548	0.49001783598668325
550	0.25593021155355666
551	0.19179193758977434
552	0.28166552019376156
553	0.24515409073034655
554	0.2863729852066798
558	0.07652916901053186
559	0.5031140510620815
563	0.2704005628912443
565	0.5555367661580959
566	0.23429695807073214
568	0.29346471850538464
570	0.22000447795984465
571	0.2767272359106601
572	0.06100424184582777
575	0.5847018984551815
576	0.28846967986644356
578	0.49705489105386086
580	0.029265816926218494
581	0.06064762925927021
582	0.2638645640100572
583	0.2488540546169636
585	0.029411847947467665
586	0.26020129498689376
587	0.2920698552239724
591	0.24963330310092102
593	0.05567771133122479
594	0.5043138140040622
596	0.47499583194624106
597	0.47521534004922117
601	0.20263940753788848
602	0.012102642114840322
604	0.22353146710302532
607	0.26186190338151183
608	0.21815493154709414
609	0.35407754822772397
610	0.019832187970157126
611	0.5020401869297176
612	0.26539312995473724
613	0.05959771054327759
615	0.2802143999803368
616	0.04742239461661961
619	0.5246353945303851
620	0.2720151556652234
621	0.26627762708070274
623	0.47080804479912425
625	0.028155379222613235
627	0.260610485926699
628	0.5285197713682801
630	0.2752967166959122
631	0.0016947151934849289
632	0.25990328572196764
633	0.5168476157307904
634	0.2358077308985015
635	0.003965985278255965
636	0.5016988578320184
639	0.22045227914982043
642	0.26133896643561777
644	0.5374867281014978
645	0.02654555514814045
648	0.5142392006427619
649	0.2004781343948262
650	0.0442305582388369
651	0.2469572643126192
652	0.2190537301650617
653	0.4194783486393241
654	0.1997583433948932
661	0.00817354205943063
662	0.26907287127334834
663	0.5414982969405847
667	0.23314811751634829
670	0.452207834368656
671	0.017734026703030308
672	0.23212032920698328
673	0.2274229009953936
674	0.01677347063620416
675	0.025010645757937995
677	0.4837071918144986
678	0.2281115111699237
679	0.0038617587705247446
680	0.037006555759186134
682	0.039336070478503536
684	0.025213825092006575
686	0.002089381004040991
688	0.006863893134652993
689	0.528681024323423
691	0.009539915335898694
692	0.06016222560400633
694	0.2797050025343271
695	0.2999489345141483
697	0.022129312662804965
698	0.29104330142451407
699	0.26695899940746765
700	0.05471065926569301
701	0.058283674121289986
702	0.24345151230798698
703	0.5218278072336591
704	0.0021077481583712462
705	0.25355068866169206
706	0.26044291866937436
707	0.023960480854196393
708	0.48989555207438207
710	0.24149620414320025
712	0.4911839570413561
714	0.7733323208302705
718	0.5569088396087878
719	0.015107315001381898
720	0.22550034808912978
722	0.043609475181608875
723	0.5690635531883337
724	0.30617856347948874
725	0.2503899049728334
728	0.4916510302861495
729	0.2777892766738054
730	0.05371335346793239
732	0.23443143275373748
735	0.04412502729419786
739	0.45323560278118297
740	0.20501158934111435
742	0.001354925563870596
744	0.049571859747497136
745	0.29346844156172536
748	0.26845032274849495
750	0.026969042782983288
752	0.175393481429597
754	0.4483769326200921
759	0.23499827043026827
761	0.2864191734413615
762	0.4996900932451304
763	0.016185789742131626
766	0.027964455765401377
768	0.19686468193052384
772	0.2542616220140599
775	0.22388330596927974
776	0.18631755772135433
778	0.7471444239139167
779	0.0034969450216473866
780	0.0028228746092058554
781	0.5055852815955475
782	0.28369981888399126
783	0.4820617329064825
784	0.03258014407353929
785	0.30438505587027204
787	0.03966413720737757
789	0.7880658446818258
791	0.5272986651170476
792	0.02954212209895757
794	0.03635077385835273
796	0.5373771541739967
797	0.553949387476998
798	0.4844326476644254
799	0.30855521995355945
800	0.5285197713682802
801	0.27235642941997423
802	0.3378096587475055
804	0.26245430004235804
806	0.0074800661105613245
809	0.004446753845940978
810	0.22985786992552587
811	0.5415646672232454
812	0.2770734445202311
813	0.33814497477883393
814	0.03796084644739044
816	0.2595069480266156
818	0.005722852682055017
819	0.47515474575813577
820	0.03246248584803878
822	0.29609077981385745
824	0.48569248888047584
825	0.7694485585759993
828	0.2590333598300186
829	0.21180013101214937
831	0.05818210341168381
832	0.2046579810733245
834	0.28357284400979865
836	0.2310627412418979
842	0.02181037148136772
843	0.30958423455648854
846	0.216461141278838
847	0.5320329046144046
848	0.042505395807437236
849	0.04412502729419783
851	0.0389793828547415
853	0.4360080764750063
855	0.3092579239748433
856	0.27430349412533617
858	0.2324650011738808
859	0.04011720502414851
860	0.03126775508685366
863	0.4869669112166912
864	0.18877119648854837
865	0.00791609666963567
867	0.03736744595293717
868	0.01342753331917097
871	0.47994597084842144
872	0.3279624889664664
873	0.2652811987657181
875	0.023545286087707885
878	0.23825847260442456
879	0.07923597557097463
881	0.2776412621067784
884	0.2916463401392383
888	0.02134405817987559
890	0.010546424672434593
892	0.21709563522534173
895	0.031777892281096246
900	0.19245094080382957
901	0.2370187414696884
905	0.4563300758328873
911	0.24105928316812983
913	0.20957675761114086
914	0.12125841907595689
918	0.23088480211436718
920	0.5211178801649555
921	0.262254042242938
925	0.5098703338306526
926	0.07737206139869368
927	0.7678282996801873
929	0.035819866998489824
930	0.029917567431356356
931	0.009300103307823757
933	0.005623618258488752
934	0.20849569133637272
935	0.2574703196526764
937	0.4861888942293634
938	0.2564536145605014
939	0.006551682350670385
940	0.004971000612747883
943	0.26491003958884163
0	0.0
0	0.0
0	0.0
0	0.0
0	0.0
0	0.0
0	0.0
0	0.0
0	0.0
0	0.0
0	0.0
0	0.0
0	0.0
0	0.0
0	0.0
0	0.0
0	0.0
0	0.0
0	0.0
0	0.0
0	0.0
0	0.0
0	0.0
0	0.0
0	0.0
0	0.0
0	0.0
0	0.0
0	0.0
0	0.0
0	0.0
0	0.0
0	0.0
0	0.0
0	0.0
0	0.0
0	0.0
0	0.0
0	0.0
0	0.0
0	0.0
0	0.0
0	0.0
0	0.0
0	0.0
0	0.0
0	0.0
0	0.0
0	0.0
0	0.0
0	0.0
0	0.0
0	0.0
0	0.0
0	0.0
0	0.0
0	0.0
0	0.0
0	0.0
0	0.0
0	0.0
0	0.0
0	0.0
0	0.0
0	0.0
0	0.0
0	0.0
0	0.0
0	0.0
0	0.0
0	0.0
0	0.0
0	0.0
0	0.0
0	0.0
0	0.0
0	0.0
0	0.0
0	0.0
0	0.0
0	0.0
0	0.0
0	0.0
0	0.0
0	0.0
0	0.0
0	0.0
0	0.0
0	0.0
0	0.0
0	0.0
0	0.0
0	0.0
0	0.0
0	0.0
0	0.0
0	0.0
0	0.0
0	0.0
0	0.0
0	0.0
0	0.0
0	0.0
0	0.0
0	0.0
0	0.0
0	0.0
0	0.0
0	0.0
0	0.0
0	0.0
0	0.0
0	0.0
0	0.0
0	0.0
0	0.0
0	0.0
0	0.0
0	0.0
0	0.0
0	0.0
0	0.0
0	0.0
0	0.0
0	0.0
0	0.0
0	0.0
0	0.0
0	0.0
0	0.0
0	0.0
0	0.0
0	0.0
0	0.0
0	0.0
0	0.0
0	0.0
0	0.0
0	0.0
0	0.0
0	0.0
0	0.0
0	0.0
0	0.0
0	0.0
0	0.0
0	0.0
0	0.0
0	0.0
0	0.0
0	0.0
0	0.0
0	0.0
0	0.0
0	0.0
0	0.0
0	0.0
0	0.0
0	0.0
0	0.0
0	0.0
0	0.0
0	0.0
0	0.0
0	0.0
0	0.0
0	0.0
0	0.0
0	0.0
0	0.0
0	0.0
0	0.0
0	0.0
0	0.0
0	0.0
0	0.0
0	0.0
0	0.0
0	0.0
0	0.0
0	0.0
0	0.0
0	0.0
0	0.0
0	0.0
0	0.0
0	0.0
0	0.0
0	0.0
0	0.0
0	0.0
0	0.0
0	0.0
0	0.0
0	0.0
0	0.0
0	0.0
0	0.0
0	0.0
0	0.0
0	0.0
0	0.0
0	0.0
0	0.0
0	0.0
0	0.0
0	0.0
0	0.0
0	0.0
0	0.0
0	0.0
0	0.0
0	0.0
0	0.0
0	0.0
0	0.0
0	0.0
0	0.0
0	0.0
0	0.0
0	0.0
0	0.0
0	0.0
0	0.0
0	0.0
0	0.0
0	0.0
0	0.0
0	0.0
0	0.0
0	0.0
0	0.0
0	0.0
0	0.0
0	0.0
0	0.0
0	0.0
0	0.0
0	0.0
0	0.0
0	0.0
0	0.0
0	0.0
0	0.0
0	0.0
0	0.0
0	0.0
0	0.0
0	0.0
0	0.0
0	0.0
0	0.0
0	0.0
0	0.0
0	0.0
0	0.0
0	0.0
0	0.0
0	0.0
0	0.0
0	0.0
0	0.0
0	0.0
0	0.0
0	0.0
0	0.0
0	0.0
0	0.0
0	0.0
0	0.0
0	0.0
0	0.0
0	0.0
0	0.0
0	0.0
0	0.0
0	0.0
0	0.0
0	0.0
0	0.0
0	0.0
0	0.0
0	0.0
0	0.0
0	0.0
0	0.0
0	0.0
0	0.0
0	0.0
0	0.0
0	0.0
0	0.0
0	0.0
0	0.0
0	0.0
0	0.0
0	0.0
0	0.0
0	0.0
0	0.0
0	0.0
0	0.0
0	0.0
0	0.0
0	0.0
0	0.0
0	0.0
0	0.0
0	0.0
0	0.0
0	0.0
0	0.0
0	0.0
0	0.0
0	0.0
0	0.0
0	0.0
0	0.0
0	0.0
0	0.0
0	0.0
0	0.0
0	0.0
0	0.0
0	0.0
0	0.0
0	0.0
0	0.0
0	0.0
0	0.0
0	0.0
0	0.0
0	0.0
0	0.0
0	0.0
0	0.0
0	0.0
0	0.0
0	0.0
0	0.0
0	0.0
0	0.0
0	0.0
0	0.0
0	0.0
0	0.0
0	0.0
0	0.0
0	0.0
0	0.0
0	0.0
0	0.0
0	0.0
0	0.0
0	0.0
0	0.0
0	0.0
0	0.0
0	0.0
0	0.0
0	0.0
0	0.0
0	0.0
0	0.0
0	0.0
0	0.0
0	0.0
0	0.0
0	0.0
0	0.0
0	0.0
0	0.0
0	0.0
0	0.0
0	0.0
0	0.0
0	0.0
0	0.0
0	0.0
0	0.0
0	0.0
0	0.0
0	0.0
0	0.0
0	0.0
0	0.0
0	0.0
