1	0.2548917835243511
2	0.2320367575315752
5	0.4935088686072743
7	0.040271846290952
8	0.5075156913339902
9	0.5227987326606673
10	0.253472942892802
12	0.4933980457620666
14	0.03592524962054189
15	0.250055807498605
17	0.3182152239046257
18	0.24339229861213588
20	0.2675567106871889
24	0.25384479893527134
25	0.06866561552541031
27	0.14738545558455088
28	0.28289371357298554
30	0.07959338342129513
31	0.05897984184758928
32	0.7401180717106948
33	0.30168898722762616
34	0.24554100131091372
35	0.5048503674379037
36	0.5373111668970556
37	0.46995117878908244
39	0.24179194991470118
40	0.039034911044144714
41	0.5439279383201541
42	0.020893498795940452
43	0.011822213057512812
44	0.24543511407143923
45	0.7531520282534068
46	0.2898975444866804
47	0.024923258653385846
48	0.5236484097309173
51	0.7742956094378377
52	0.5328191793256585
53	0.003649540987959051
54	0.2714831373879152
55	0.5001054638161
56	0.07165001606232901
57	0.5364974944089597
59	0.28155078351326934
60	0.28703103108119604
62	0.2767948125519392
63	0.20345028041966193
65	0.264573872246216
66	0.027093485883193477
67	0.26599657499891916
68	0.5274582212864891
69	0.31352546650806745
70	0.2703012554312766
71	0.2678518488852917
73	0.08067796446027098
74	0.013641809116702226
75	0.24541140668774727
76	0.262018101481461
78	0.5263482612335086
79	0.23248778125758826
80	0.0434751076376889
81	0.29304207802019083
82	0.2093069478970894
83	0.757293309211893
84	0.26172118896960994
86	0.1056757992231856
87	0.5474400111664934
88	0.02891636756827751
89	0.26033051122701545
91	0.5080554660699853
92	0.0035478309663273984
93	0.18138249667048273
95	0.005645000313887975
96	0.05082562085316837
97	0.03874855764354354
99	0.27775894090007175
100	0.5179974575267228
101	0.715798883670393
102	0.2401921921967678
103	0.18606121347765023
104	0.1937528683235144
106	0.5178190739128175
107	0.014875626864442389
109	0.5194495125586109
110	0.2636300464052876
111	0.2533942627323516
112	0.24356093081381247
113	0.26034802405866375
114	0.47402172143295834
117	0.263972789394478
118	0.5048495268709444
119	0.023971004530117263
120	0.06177168154777844
121	0.3095476221369033
122	0.4932067377607644
124	0.02922653906328114
125	0.49685833875225716
126	0.49652944576438174
127	0.4942635678823296
128	0.4994198241402165
129	0.24120657289777112
131	0.5009539138895733
133	0.4494574769858135
134	0.23293582272078384
136	0.03816786616392557
137	0.517317606011444
138	0.48507873112899313
140	0.026102422425478854
141	0.5111914434492525
142	0.28544834882706394
143	0.268359500694788
145	0.007210777833057833
147	0.27542146309163296
148	0.27234885555574995
149	0.2164744079294861
150	0.034683511414362295
151	0.2474328097848929
152	0.5153725035996654
153	0.03376007577881998
154	0.24452775117710532
155	0.24091150672294337
156	0.003099677439978063
157	0.4994759890838454
159	0.49388072402639066
163	0.2904065841985509
164	0.017505292663255845
165	0.0013533411428821099
166	0.05272790002772245
167	0.03969437100628967
168	0.25687117995257136
169	0.27826203965168067
170	0.529291473774043
171	0.04427557437672962
172	0.07685282629576627
173	0.03532871494264424
174	0.24670538544446172
175	0.2548906364075799
177	0.017262029415594283
178	0.01700584660104027
179	0.020940189526316363
180	0.2787147183187528
182	0.013964005472326652
185	0.19792070729256545
186	0.24861345093930082
187	0.24312993909207847
188	0.2703099404548011
189	0.008192629816356305
190	0.4405122323947902
191	0.18673931067391092
193	0.028275636131172177
194	0.02018979406764463
197	0.683026074263825
199	0.3023512268179749
202	0.0639375956972021
203	0.002996600865905946
204	0.236436895793263
205	0.15665523378104523
206	0.34754533926232944
208	0.008203334520372418
211	0.05359985019513755
212	0.07187730813404813
218	0.269636123712394
219	0.47205199312081453
222	0.007033799204466087
224	0.5045195057933952
228	0.37369944871008615
229	0.17954330053994122
230	0.01843411427365939
231	0.5201356740936617
232	0.013252527463967621
233	0.27716936738298903
234	0.0331498359449135
238	0.5237717443531328
239	0.03222809611893479
240	0.01907602737711485
241	0.31246797895231776
242	0.0529072271042372
243	0.08079860128396293
245	0.2782592945282642
246	0.2735965352825098
247	0.2841143031098931
248	0.050690920776946403
252	0.2533063935186573
253	0.2253441347638099
254	0.758775523163994
255	0.2280837234821417
257	0.7392114623937347
258	0.2875304617309848
260	0.27175938196535554
261	0.26132085200567695
264	0.5436137534703303
268	0.2628714440112767
271	0.016556087161522407
272	0.2555906139052529
273	0.2253374642029095
274	0.2866181147474722
275	0.7691531541088359
276	0.0010691469797785187
278	0.25914957697968033
279	0.04496897727654794
281	0.5671171484703175
282	0.007154774113062035
285	0.25443107736845433
287	0.4632475575310899
289	0.3387685015718911
290	0.027904527071118727
291	0.2719121892655745
292	0.03666179907344548
294	0.24952529896981068
296	0.4803395609317762
298	0.2607153473180609
299	0.27759858964827566
301	0.2778490492328363
302	0.5554330550007295
304	0.02729695220458908
306	0.5290854301947812
307	0.0331745930385455
309	0.528681024323423
310	0.7159802921895313
311	0.23488963824620002
312	0.01859766802411878
313	0.269250731539303
314	0.2762040007977454
316	0.3021898688565985
317	0.26522645283229807
319	0.01646981123956522
320	0.005304389329264532
322	0.26835394174893284
323	0.2986318717650492
326	0.2896949490482038
328	0.02074909474897552
329	0.2502891149213443
330	0.4689017776852999
331	0.5046626197395534
332	0.2405676424571829
333	0.28746777045468364
336	0.5415091433204559
337	0.2430296010185524
338	0.26576213975949503
340	0.0009153519912786234
345	0.30600716558565333
346	0.5130444229853423
348	0.2780174567223455
349	0.03924943577679073
350	0.010609681099037191
351	0.011368700849009004
352	0.5156942300871851
353	0.0069296987472057675
356	0.0940934891141899
357	0.006869653544985369
358	0.037260560544750604
359	0.25326497179636653
361	0.2787164657458305
362	0.19604901058496793
363	0.2653678787856126
366	0.030960781219555335
367	0.5097291080034874
368	0.4653879446887358
369	0.7461019088562452
372	0.2524214683232595
375	0.29935703985145695
376	0.3028439707898185
377	0.21264765211837997
379	0.02000628084128743
381	0.03531451827013137
383	0.24020404572827753
386	0.19147892653947307
387	0.2555587373266693
388	0.005332704597991216
389	0.26171298629909756
390	0.04538595272686752
393	0.49986531450739846
394	0.0006690653598878278
395	0.034973036480199726
396	0.6974126514855364
397	0.0013825591669036214
398	0.0161573740043746
399	0.01659877597583925
400	0.31178113977012173
403	0.5191977963832419
404	0.0013529213403704957
409	0.2600143047474547
410	0.28510365022732
411	0.04399503507403629
412	0.05049360333363867
413	0.5375834143456232
415	0.2847805412140811
418	0.18829489080410217
419	0.24917087820056405
420	0.23694910422050927
421	0.29243741080190977
422	0.015447425916220388
423	0.011522781270088874
424	0.05470450353828456
425	0.027921365823178394
426	0.2467378535694097
428	0.009906042163013724
429	0.03577150024633482
431	0.2544368061697457
432	0.2612936658839378
434	0.021985648238037482
435	0.5099520931943431
437	0.021454134322208288
438	0.04406545025201834
439	0.48409110218362317
440	0.5262738815436084
441	0.5117835470479929
443	0.2153532182000088
446	0.31507495851158096
447	0.003921172378014995
448	0.20861945502653348
449	0.27252550666814734
450	0.25289775332604925
451	0.30545821269651124
452	0.22344790297833056
453	0.009559755765894622
454	0.2472301815644396
455	0.006510973984873887
456	0.24566277382495855
459	0.27573843268290665
460	0.009195299642445157
461	0.06366903491342112
462	0.043640991823605174
463	0.04340159122714597
465	0.05772870298468569
466	0.061472948925810664
467	0.02435872894765304
468	0.009761352155542472
469	0.2607167254946091
470	0.4898430973045657
471	0.7387507276581229
472	0.5015384136199039
473	0.26927643417153824
474	0.28047410715420296
475	0.06337392041073182
476	0.4770527919338033
480	0.0038152059261841523
481	0.7292836623413077
482	0.5207292050562894
483	0.5454223509081797
484	0.5150341138461636
487	0.004425072520120948
488	0.2869019669192386
489	0.25327494917330423
490	0.2804992041554459
491	0.01026279210151047
492	0.7341796088308139
494	0.2703760204119728
495	0.012231423847526922
496	0.043385610160046745
497	0.011602271329781946
499	0.025079917819151587
501	0.04689577217383879
502	0.5179366916411342
504	0.014561121905138037
505	0.5095827552074905
506	0.035789351360568135
507	0.030478187861720858
509	0.4181882831635008
510	0.038818235303524726
511	0.29438387233301144
512	0.2534815711273087
513	0.5176480942727648
514	0.018815868118130408
515	0.3083867765522628
516	0.2586926016720434
517	0.30278987012340935
518	0.27285615717656714
519	0.033591053118621886
520	0.26418376879182826
521	0.029495977723067758
523	0.2766712966310301
528	0.28139705030246753
529	0.2730798135292845
530	0.017681295803848644
531	0.2485363587665104
533	0.7636493265767245
536	0.5228728804204588
538	0.010683733429793202
540	0.5101062446955097
544	0.1922131562071624
545	0.513395533750248
546	0.5165352960363591
547	0.2692464712089285
548	0.24045459064990207
549	0.01858276883258427
550	0.5194280694082066
551	0.0164238679708959
552	0.49169993449721666
553	0.014069005507458494
554	0.7597768890547602
555	0.016465142019332225
556	0.0273301433983935
557	0.038377932867551395
559	0.5037837829962631
563	0.7598058140269793
564	0.27079338619066673
565	0.523799666338081
566	0.006122918217106265
568	0.0443860055667577
570	0.2039248940046136
571	0.30480648713011077
572	0.06588833172303513
573	0.015542995356511408
575	0.5108032495319339
576	0.5232327106338939
578	0.5056630912995486
580	0.4585494143521388
582	0.23241520083905784
583	0.27511900450074184
584	0.26357128375217775
586	0.24993100681294383
590	0.2529205114310002
593	0.5228811656106571
594	0.2446533325373321
596	0.7534858439148999
597	0.4910247775250659
598	0.004864787016375646
601	0.45154192378479396
602	0.25495002950427137
603	0.006203464711026719
604	0.2211696276381831
607	0.00379441939550057
609	0.3832034750857496
610	0.0005350431665303162
611	0.25213938200551395
612	0.23264480068641233
613	0.2798696374679841
615	0.27438048099371315
616	0.5179988511930069
618	0.2563753290814384
619	0.5238602611735482
620	0.7486456850197059
621	0.2535683127494836
623	0.7149578913321741
625	0.25963214113418764
626	0.18329649924846353
627	0.3084954206169889
628	0.04538595272686752
629	0.23626142146813445
632	0.5344195325533654
633	0.2566878429616274
634	0.26385283322837144
636	0.27542986887629395
637	0.22084783168547886
639	0.0018432989887049028
640	0.01652076048207426
642	0.7495913592563599
644	0.5370221940804552
645	0.04738893674165488
646	0.44132977215510294
648	0.4847065196394593
649	0.03514976531740492
650	0.2865294040395284
651	0.4612276160361291
653	0.49058554837161666
654	0.47184385921454575
657	0.03839592728250729
660	0.5108592461513713
661	0.007628731338280993
663	0.25975953599322205
666	0.015500930989819178
667	0.027696044411042422
670	0.017456392278745892
671	0.2551918915539943
672	0.2362165359224229
673	0.25379475591745365
674	0.23291091484145413
675	0.5213590919267594
677	0.013477820642884462
679	0.5062908217696895
680	0.2732025137792671
681	0.46772425142655344
682	0.04425488840819761
684	0.2857003381322074
688	0.023015278317823264
690	0.009851334156582757
692	0.06614750437360134
694	0.5190719647105421
695	0.290907941546297
696	0.021923805234358322
697	0.479328604235874
698	0.7379944125309639
699	0.03892132394153604
700	0.5433736474665343
701	0.5326723051604899
702	0.48505443751730204
703	0.5232109909500439
705	0.24567650289049067
706	0.5200295502063672
708	0.9970776039697498
709	0.01225114017310977
711	0.02971517439892794
712	0.495926530455254
714	0.772317201237653
715	0.014362061384016231
716	0.2281385566027784
718	0.5225944828279336
719	0.005025910683451214
720	0.03007961606677613
721	0.018667856842582674
722	0.49696871449295404
723	0.7688046418281523
724	0.34754533926232944
725	0.4504531162543968
728	0.2199563086302663
729	0.27171236768749785
730	0.059019909820451
731	0.2908898755628469
732	0.25050142904218464
733	0.01493675328399044
734	0.016644378565881947
735	0.281659752147097
739	0.27810519147304846
741	0.03484381516126268
746	0.03607587915041653
748	0.05275665761847528
749	0.2552213674310369
750	0.48527403089590027
751	0.041004397817482996
754	0.48187502073568206
755	0.01475170316829939
756	0.25641080189025434
757	0.006770425825497094
759	0.26157381894875614
761	0.2739646969667386
762	0.7464857034849287
766	0.2730905444249764
768	0.19638802734771096
769	0.01305625935081297
772	0.508441149784527
774	0.06771997486723486
775	0.5007630779310578
776	0.22310082646077878
778	0.2121297534014559
779	0.020136477954587426
780	0.011299665134861574
781	0.4909647780764878
782	0.029791570579786566
783	0.25057309426056285
785	0.5457355173484136
787	0.01650750366225487
788	0.255375898240629
789	0.3013706916890241
791	0.5425404211676601
792	0.046704356538536246
794	0.006708650973321267
796	0.5135723148271876
797	0.6234479575659523
798	0.27005489514378717
799	0.30884468835553724
800	0.04538595272686752
801	0.27573514847647806
802	0.2901704776209718
804	0.26899102379767087
807	0.02822490437258485
808	0.0027815022799945396
809	0.17694192255402
810	0.23703834173752097
811	0.547594342061216
812	0.25508534856324666
813	0.03109823414952526
815	0.007513904373813753
816	0.018234456044825525
818	0.20164553849277406
819	0.21882203707795914
822	0.03240726995324967
824	0.09518937253509199
825	0.7670873922501575
826	0.240234860444398
828	0.25020570590951885
829	0.2691584929185135
830	0.2717561540507927
831	0.2577770845087539
832	0.48578849000043983
834	0.751207547211013
836	0.01658286432749205
837	0.26918061651798075
838	0.2637982368258835
841	0.20891356014556325
842	0.23644467536309638
843	0.06437878724567003
844	0.2536823488206155
845	0.057348787193482104
846	0.010721054172105358
847	0.5327666843932295
848	0.28046978805665285
849	0.2879103817613889
850	0.2546708931888629
851	0.03820201858533087
852	0.025622989881916042
855	0.2466816997929078
856	0.26159552650291085
857	0.1370895390045945
858	0.23318363586008425
860	0.25501407272202814
862	0.2828686205073814
863	0.5063152536999663
864	0.22844639930116456
867	0.263149619663743
868	0.014990254714429104
871	0.2677426251885644
872	0.29496807389274515
873	0.2863414607016469
874	0.037231438959774925
875	0.25405673190992495
876	0.4719792380451215
877	0.04234401377127198
878	0.03382594352096854
879	0.24282293167857233
880	0.0247651426646609
881	0.29520801338902536
882	0.010805182831681928
884	0.2840749650953562
885	0.1957384563517742
886	0.015226079597290828
887	0.23184882131063608
888	0.4886876592398843
889	0.016181757419697712
892	0.0219231382321496
893	0.2682359490764117
895	0.3070292059665961
897	0.000762004962248302
900	0.205143983014707
901	0.21476870689057287
903	0.017564060102804663
905	0.015206725398270223
906	0.02284073383120827
909	0.000558442379947767
911	0.031503811904804745
915	0.23650701987974337
920	0.5203756023896534
921	0.7124382053003582
922	0.19137386548598886
923	0.2457631331771677
924	0.008180461992162689
925	0.02218790976706855
926	0.24588389311853937
927	0.5052839533740455
930	0.22804767393361403
931	0.018940023307958777
932	0.034164894611415794
933	0.03155451390431533
934	0.03591937158773767
935	0.4938088865302265
936	0.2382675308178691
937	0.26362139753454605
938	0.04480934074502338
939	0.28050322844697845
941	0.29236755192457875
942	0.02571813765077422
0	0.0
0	0.0
0	0.0
0	0.0
0	0.0
0	0.0
0	0.0
0	0.0
0	0.0
0	0.0
0	0.0
0	0.0
0	0.0
0	0.0
0	0.0
0	0.0
0	0.0
0	0.0
0	0.0
0	0.0
0	0.0
0	0.0
0	0.0
0	0.0
0	0.0
0	0.0
0	0.0
0	0.0
0	0.0
0	0.0
0	0.0
0	0.0
0	0.0
0	0.0
0	0.0
0	0.0
0	0.0
0	0.0
0	0.0
0	0.0
0	0.0
0	0.0
0	0.0
0	0.0
0	0.0
0	0.0
0	0.0
0	0.0
0	0.0
0	0.0
0	0.0
0	0.0
0	0.0
0	0.0
0	0.0
0	0.0
0	0.0
0	0.0
0	0.0
0	0.0
0	0.0
0	0.0
0	0.0
0	0.0
0	0.0
0	0.0
0	0.0
0	0.0
0	0.0
0	0.0
0	0.0
0	0.0
0	0.0
0	0.0
0	0.0
0	0.0
0	0.0
0	0.0
0	0.0
0	0.0
0	0.0
0	0.0
0	0.0
0	0.0
0	0.0
0	0.0
0	0.0
0	0.0
0	0.0
0	0.0
0	0.0
0	0.0
0	0.0
0	0.0
0	0.0
0	0.0
0	0.0
0	0.0
0	0.0
0	0.0
0	0.0
0	0.0
0	0.0
0	0.0
0	0.0
0	0.0
0	0.0
0	0.0
0	0.0
0	0.0
0	0.0
0	0.0
0	0.0
0	0.0
0	0.0
0	0.0
0	0.0
0	0.0
0	0.0
0	0.0
0	0.0
0	0.0
0	0.0
0	0.0
0	0.0
0	0.0
0	0.0
0	0.0
0	0.0
0	0.0
0	0.0
0	0.0
0	0.0
0	0.0
0	0.0
0	0.0
0	0.0
0	0.0
0	0.0
0	0.0
0	0.0
0	0.0
0	0.0
0	0.0
0	0.0
0	0.0
0	0.0
0	0.0
0	0.0
0	0.0
0	0.0
0	0.0
0	0.0
0	0.0
0	0.0
0	0.0
0	0.0
0	0.0
0	0.0
0	0.0
0	0.0
0	0.0
0	0.0
0	0.0
0	0.0
0	0.0
0	0.0
0	0.0
0	0.0
0	0.0
0	0.0
0	0.0
0	0.0
0	0.0
0	0.0
0	0.0
0	0.0
0	0.0
0	0.0
0	0.0
0	0.0
0	0.0
0	0.0
0	0.0
0	0.0
0	0.0
0	0.0
0	0.0
0	0.0
0	0.0
0	0.0
0	0.0
0	0.0
0	0.0
0	0.0
0	0.0
0	0.0
0	0.0
0	0.0
0	0.0
0	0.0
0	0.0
0	0.0
0	0.0
0	0.0
0	0.0
0	0.0
0	0.0
0	0.0
0	0.0
0	0.0
0	0.0
0	0.0
0	0.0
0	0.0
0	0.0
0	0.0
0	0.0
0	0.0
0	0.0
0	0.0
0	0.0
0	0.0
0	0.0
0	0.0
0	0.0
0	0.0
0	0.0
0	0.0
0	0.0
0	0.0
0	0.0
0	0.0
0	0.0
0	0.0
0	0.0
0	0.0
0	0.0
0	0.0
0	0.0
0	0.0
0	0.0
0	0.0
0	0.0
0	0.0
0	0.0
0	0.0
0	0.0
0	0.0
0	0.0
0	0.0
0	0.0
0	0.0
0	0.0
0	0.0
0	0.0
0	0.0
0	0.0
0	0.0
0	0.0
0	0.0
0	0.0
0	0.0
0	0.0
0	0.0
0	0.0
0	0.0
0	0.0
0	0.0
0	0.0
0	0.0
0	0.0
0	0.0
0	0.0
0	0.0
0	0.0
0	0.0
0	0.0
0	0.0
0	0.0
0	0.0
0	0.0
0	0.0
0	0.0
0	0.0
0	0.0
0	0.0
0	0.0
0	0.0
0	0.0
0	0.0
0	0.0
