1	0.0276702017497666
2	0.4191588730526273
7	0.00575343092061896
8	0.3094100230935477
9	0.22502259271980882
12	0.20735876971700673
13	0.3448708493063912
16	0.22587406032851748
20	0.2019752056937768
21	0.024159220121404257
24	0.01142017782410569
29	0.13819779971372848
32	0.19902018353853884
36	0.004051124268809617
38	0.5637067774261153
39	0.18150069956182643
41	0.21450942723366906
42	0.23126065873322535
43	0.35739539698984524
45	0.18255011511824665
49	0.018517111721175344
50	0.021358473311962528
51	0.47476024682928897
54	0.0004368531925493663
55	0.2113192960177937
67	0.21536533342880204
68	0.03594430743585439
69	0.00635484312109387
75	0.23385089813190388
76	0.09794873487348223
77	0.05438546335122191
78	0.2204731493275528
79	0.18880776521581594
82	0.07892931896300431
83	0.18197574726846588
84	0.2083448058671512
85	0.22893686455101123
90	0.07770927944249023
92	0.008287003399290935
93	0.29493523111578346
94	0.06288502393076822
98	0.4977395340330494
99	0.2451589163462783
101	0.1683302237415997
102	0.5189971161507266
104	0.18062407455479798
108	0.06337266877185038
109	0.05672537117160563
114	0.22996204595947958
116	0.4312374503339501
122	0.2079709009183444
123	0.3499473467549629
125	0.26492740212250854
126	0.1667024943192275
127	0.17974337525411432
128	0.1988129570751349
130	0.25783615618535394
133	0.17697841004539505
134	0.22791565652743997
135	0.28685324023758385
137	0.2098150056295585
138	0.0927899901367091
141	0.16263606944490114
145	0.11298622993216945
150	0.21372489247491525
155	0.19518923243994024
156	0.09023734587906813
157	0.3945219520517674
158	0.2638327545997503
162	0.022671199298295086
165	0.253092893654734
166	0.030333704781604312
167	0.12702897668294436
169	0.21249331095708499
178	0.3531898846468111
179	0.027383930941284162
180	0.19068129749344884
182	0.2218584592837825
183	0.1516093822970261
185	0.15411529703356142
186	0.31374143909251934
187	0.19614848489736258
188	0.061306637063963484
193	0.2917061667799208
194	0.25941092263927223
197	0.5335476286167044
199	0.1957091424012891
201	0.0027560932632469254
202	0.030465420249071493
208	0.2792092860059807
209	0.019157157816500917
214	0.010066858171182705
218	0.043197733686644146
220	0.05630896833439797
221	0.008429767317291656
223	0.4648361815049291
225	0.29309313068516046
226	0.08486304971732832
228	0.04588137683731576
231	0.17969670445630317
233	0.22418647260998548
234	0.008448972298590651
236	0.3711537823019383
237	0.042964444764352294
238	0.2203505342050412
242	0.2321401932251671
244	0.32209974858325596
245	0.4378765171357375
249	0.10173287650288093
250	0.27376631337969004
252	0.008547628921882253
253	0.23138342966569567
257	0.2091875093813707
259	0.10796724792289819
261	0.008779927395454287
262	0.2160010038349003
263	0.06163214907222178
264	0.21595168865853565
267	0.1385853228067196
273	0.18002730167211167
275	0.2155523113988747
276	0.0010493577955301425
278	0.23065353027007895
279	0.0038115122274817587
280	0.2415871010164945
281	0.02506402703937602
282	0.19953191815700688
283	0.2992796910222002
287	0.18689020446594368
288	0.07423848664807717
290	0.24200380372685007
291	0.23310660842437092
296	0.23061311180344046
298	0.07887086436093474
301	0.08359391593139397
303	0.083975255505432
304	0.005848897227692135
305	0.13405852677942667
306	0.22242575711504695
307	0.24799190908735935
310	0.2502618635615457
314	0.2355095844516737
316	0.0389735698712631
317	0.21629901735897908
320	0.09655767087393097
321	0.3686063452388628
323	0.014102353441231244
325	0.21420084678262105
327	0.3348897687518569
328	0.22121198081242704
329	0.011603865512396519
330	0.19428202569089603
332	0.2770871096441965
333	0.22673685732525248
340	0.4545767935231374
343	0.10655048932229758
347	0.12999970398749616
350	0.07147372449645378
355	0.018941636858200758
359	0.0072516536224724315
365	0.01278448672260328
368	0.19853721222859097
369	0.18135815670287012
373	0.23864557394484365
374	0.09118739156012523
375	0.01974205786330202
377	0.1675705569286025
378	0.3165339497205401
383	0.20564115262556304
385	0.11649945480411152
386	0.10234259162279752
388	0.2208170987241782
390	0.012775717683718976
391	0.3265573838967648
393	0.30396256911033603
394	0.20454375593174662
398	0.5441621323682663
401	0.09155987012772779
402	0.3874268571027881
405	0.2987345669322376
407	0.004971495610446033
410	0.20566285106540608
413	0.21255303631083808
415	0.015392474259405556
416	0.03595605554213516
417	0.056279309520459425
424	0.22668017308772248
427	0.23042099187201068
433	0.080295795201562
435	0.07292581283339479
438	0.00837535172518128
439	0.2147200326742711
441	0.23457235054716868
442	0.08417230769813522
445	0.02310255863138712
448	0.17219928742971868
450	0.015362136175218921
455	0.10847375152609512
457	0.09960203673101418
459	0.2325493240897795
462	0.0082274698362719
465	0.0074646269197254644
468	0.05622664451401403
470	0.18541407703452317
471	0.19196914497676668
473	0.22081823965879882
477	0.21972485494711344
478	0.012746939148399916
480	0.01685522661972831
481	0.31766101238542604
482	0.23922927335162697
487	0.33145866315314754
488	0.09285360340985635
491	0.023186417748234503
493	0.3683948445650358
495	0.32896259537310474
497	0.013041827996496641
500	0.10574008436891412
503	0.02142509382341827
505	0.27487678584161906
506	0.11202064033368903
510	0.016417769233544557
512	0.29578992028513945
513	0.31189820027401904
516	0.03406472659784378
517	0.20356909790273287
520	0.17061620454226742
523	0.23635330327437196
525	0.2063444461814048
526	0.026666600756074854
527	0.2924400157104725
528	0.2878689990030463
529	0.21864845966794055
532	0.3135301503856217
534	0.007663775256872424
536	0.2296339231550697
539	0.5111886525129795
541	0.07906828275894542
548	0.1146003336966519
551	0.3439140849491792
554	0.1857362963467336
555	0.4879072741555934
560	0.05508842558428001
562	0.05469467068468459
563	0.177621556156088
567	0.0838603518385874
569	0.01277571768371899
571	0.021332139741577938
574	0.009872527998800354
576	0.5390553648863112
577	0.4977254175258803
578	0.2241111565124136
579	0.36502961974292825
580	0.18436798954768963
581	0.14419699110113726
584	0.02625017636718263
585	0.3421736056654189
586	0.005946845596429939
588	0.19932828669591207
589	0.26072706943931423
592	0.08605653557534847
595	0.08067099137232331
596	0.2037823068509245
597	0.21354117671826683
602	0.3973829656640067
603	0.04940735625429728
606	0.3080114207779167
609	0.0885243397455361
612	0.4519667582393678
615	0.10239066220490561
618	0.4493144618401773
620	0.1983964446908651
623	0.35204304184731594
625	0.12083319349820937
629	0.19327657409155635
631	0.001657228987632764
636	0.20803748493189994
637	0.025429766920984212
638	0.010735468549733576
640	0.03521544778430913
641	0.004259924072693724
642	0.20605748800758777
643	0.1164473780504682
646	0.1587096954547351
647	0.3382078557849899
649	0.020283533237588094
652	0.22668475015642114
653	0.24219868018246107
654	0.1960075736838922
657	0.1079697230826123
659	0.09147158722073975
660	0.2740192649283552
661	0.20647545167235887
664	0.004239978266609018
665	0.2417704976887026
668	0.19886283886356584
669	0.3029340129836645
671	0.1697967266308701
674	0.0062278526950300395
675	0.09475142095852258
676	0.22051357615388256
677	0.03531464544892432
678	0.022861316430514825
679	0.21095457313503885
680	0.03598827055635022
681	0.386432315813902
682	0.10359563385593074
683	0.051244144293010455
687	0.19031521800421553
689	0.1957384563517742
690	0.0798997641553929
691	0.02979422528138817
692	0.008934381031814709
693	0.3479785272107941
694	0.2862819067200775
695	0.016741027285321064
698	0.19380057089276037
700	0.006534333232109682
701	0.21936801175387047
702	0.463081296368518
705	0.22639573986027786
706	0.4574546355474717
707	0.09474805303893107
708	0.20845100090229
709	0.3376686408827788
712	0.2120031312572982
715	0.019426711277645878
721	0.06542789980602658
723	0.2201172808180275
727	0.16691898809519892
729	0.2461425257657045
730	0.023088066693615336
731	0.23135500440341367
734	0.017169209485217718
738	0.27836857279486815
739	0.20019882094746044
746	0.22696038909437372
747	0.10358951350707978
749	0.5364680064754992
751	0.2261949246832508
753	0.5471365101065606
754	0.19691361911179245
756	0.22331379892781522
759	0.022990219876306547
760	0.26170837411886283
761	0.31938162056757896
762	0.012059103072283334
764	0.02864900764230932
767	0.5617984735272756
768	0.27802312924362216
769	0.01814020972084225
775	0.21302044340666015
776	0.2966233872784072
777	0.04444711120199317
779	0.47492714781819056
780	0.06477542247585885
785	0.25756529199012623
790	0.26102621383019975
795	0.009776478414384934
797	0.022582911987683377
798	0.20529632291273822
800	0.012775717683718976
802	0.08212886917880503
803	0.018232756005910927
804	0.06689308889823162
806	0.008709933341925172
815	0.2933416077099256
817	0.01806873607294472
829	0.23476728313394885
830	0.041340996661685114
831	0.01647380809114478
832	0.19197609122638115
833	0.11617666114690883
834	0.19128556573734687
835	0.11701574033760268
838	0.2149413962122838
839	0.007977133817233834
844	0.1985480323669685
849	0.23476728313394885
850	0.4514128752163115
852	0.01838349686364342
854	0.08000644972824492
855	0.2980564874038186
861	0.002132760094956526
862	0.011092265947400454
864	0.06510891459696684
866	0.173373362889356
871	0.2515461439636685
876	0.17606842176416998
877	0.10316877682779513
882	0.0660004140828597
883	0.1220686654547738
884	0.29910081379903636
893	0.22987752028163677
894	0.10738243949548512
896	0.22208885535894712
897	0.21723148703450307
898	0.02191424436300657
899	0.011226819979691771
901	0.5806623414655672
904	0.3067190187256782
907	0.2853294723970652
909	0.17609510169048015
910	0.023685080964152727
911	0.09136989647038857
914	0.15303829819935133
917	0.16299646841609017
921	0.23032324917417651
922	0.20701767434350032
924	0.007080350491930676
934	0.0735118186922751
936	0.012064920553736591
937	0.05590793466737884
941	0.02150984940609893
942	0.3258424776611837
0	0.0
0	0.0
0	0.0
0	0.0
0	0.0
0	0.0
0	0.0
0	0.0
0	0.0
0	0.0
0	0.0
0	0.0
0	0.0
0	0.0
0	0.0
0	0.0
0	0.0
0	0.0
0	0.0
0	0.0
0	0.0
0	0.0
0	0.0
0	0.0
0	0.0
0	0.0
0	0.0
0	0.0
0	0.0
0	0.0
0	0.0
0	0.0
0	0.0
0	0.0
0	0.0
0	0.0
0	0.0
0	0.0
0	0.0
0	0.0
0	0.0
0	0.0
0	0.0
0	0.0
0	0.0
0	0.0
0	0.0
0	0.0
0	0.0
0	0.0
0	0.0
0	0.0
0	0.0
0	0.0
0	0.0
0	0.0
0	0.0
0	0.0
0	0.0
0	0.0
0	0.0
0	0.0
0	0.0
0	0.0
0	0.0
0	0.0
0	0.0
0	0.0
0	0.0
0	0.0
0	0.0
0	0.0
0	0.0
0	0.0
0	0.0
0	0.0
0	0.0
0	0.0
0	0.0
0	0.0
0	0.0
0	0.0
0	0.0
0	0.0
0	0.0
0	0.0
0	0.0
0	0.0
0	0.0
0	0.0
0	0.0
0	0.0
0	0.0
0	0.0
0	0.0
0	0.0
0	0.0
0	0.0
0	0.0
0	0.0
0	0.0
0	0.0
0	0.0
0	0.0
0	0.0
0	0.0
0	0.0
0	0.0
0	0.0
0	0.0
0	0.0
0	0.0
0	0.0
0	0.0
0	0.0
0	0.0
0	0.0
0	0.0
0	0.0
0	0.0
0	0.0
0	0.0
0	0.0
0	0.0
0	0.0
0	0.0
0	0.0
0	0.0
0	0.0
0	0.0
0	0.0
0	0.0
0	0.0
0	0.0
0	0.0
0	0.0
0	0.0
0	0.0
0	0.0
0	0.0
0	0.0
0	0.0
0	0.0
0	0.0
0	0.0
0	0.0
0	0.0
0	0.0
0	0.0
0	0.0
0	0.0
0	0.0
0	0.0
0	0.0
0	0.0
0	0.0
0	0.0
0	0.0
0	0.0
0	0.0
0	0.0
0	0.0
0	0.0
0	0.0
0	0.0
0	0.0
0	0.0
0	0.0
0	0.0
0	0.0
0	0.0
0	0.0
0	0.0
0	0.0
0	0.0
0	0.0
0	0.0
0	0.0
0	0.0
0	0.0
0	0.0
0	0.0
0	0.0
0	0.0
0	0.0
0	0.0
0	0.0
0	0.0
0	0.0
0	0.0
0	0.0
0	0.0
0	0.0
0	0.0
0	0.0
0	0.0
0	0.0
0	0.0
0	0.0
0	0.0
0	0.0
0	0.0
0	0.0
0	0.0
0	0.0
0	0.0
0	0.0
0	0.0
0	0.0
0	0.0
0	0.0
0	0.0
0	0.0
0	0.0
0	0.0
0	0.0
0	0.0
0	0.0
0	0.0
0	0.0
0	0.0
0	0.0
0	0.0
0	0.0
0	0.0
0	0.0
0	0.0
0	0.0
0	0.0
0	0.0
0	0.0
0	0.0
0	0.0
0	0.0
0	0.0
0	0.0
0	0.0
0	0.0
0	0.0
0	0.0
0	0.0
0	0.0
0	0.0
0	0.0
0	0.0
0	0.0
0	0.0
0	0.0
0	0.0
0	0.0
0	0.0
0	0.0
0	0.0
0	0.0
0	0.0
0	0.0
0	0.0
0	0.0
0	0.0
0	0.0
0	0.0
0	0.0
0	0.0
0	0.0
0	0.0
0	0.0
0	0.0
0	0.0
0	0.0
0	0.0
0	0.0
0	0.0
0	0.0
0	0.0
0	0.0
0	0.0
0	0.0
0	0.0
0	0.0
0	0.0
0	0.0
0	0.0
0	0.0
0	0.0
0	0.0
0	0.0
0	0.0
0	0.0
0	0.0
0	0.0
0	0.0
0	0.0
0	0.0
0	0.0
0	0.0
0	0.0
0	0.0
0	0.0
0	0.0
0	0.0
0	0.0
0	0.0
0	0.0
0	0.0
0	0.0
0	0.0
0	0.0
0	0.0
0	0.0
0	0.0
0	0.0
0	0.0
0	0.0
0	0.0
0	0.0
0	0.0
0	0.0
0	0.0
0	0.0
0	0.0
0	0.0
0	0.0
0	0.0
0	0.0
0	0.0
0	0.0
0	0.0
0	0.0
0	0.0
0	0.0
0	0.0
0	0.0
0	0.0
0	0.0
0	0.0
0	0.0
0	0.0
0	0.0
0	0.0
0	0.0
0	0.0
0	0.0
0	0.0
0	0.0
0	0.0
0	0.0
0	0.0
0	0.0
0	0.0
0	0.0
0	0.0
0	0.0
0	0.0
0	0.0
0	0.0
0	0.0
0	0.0
0	0.0
0	0.0
0	0.0
0	0.0
0	0.0
0	0.0
0	0.0
0	0.0
0	0.0
0	0.0
0	0.0
0	0.0
0	0.0
0	0.0
0	0.0
0	0.0
0	0.0
0	0.0
0	0.0
0	0.0
0	0.0
0	0.0
0	0.0
0	0.0
0	0.0
0	0.0
0	0.0
0	0.0
0	0.0
0	0.0
0	0.0
0	0.0
0	0.0
0	0.0
0	0.0
0	0.0
0	0.0
0	0.0
0	0.0
0	0.0
0	0.0
0	0.0
0	0.0
0	0.0
0	0.0
0	0.0
0	0.0
0	0.0
0	0.0
0	0.0
0	0.0
0	0.0
0	0.0
0	0.0
0	0.0
0	0.0
0	0.0
0	0.0
0	0.0
0	0.0
0	0.0
0	0.0
0	0.0
0	0.0
0	0.0
0	0.0
0	0.0
0	0.0
0	0.0
0	0.0
0	0.0
0	0.0
0	0.0
0	0.0
0	0.0
0	0.0
0	0.0
0	0.0
0	0.0
0	0.0
0	0.0
0	0.0
0	0.0
0	0.0
0	0.0
0	0.0
0	0.0
0	0.0
0	0.0
0	0.0
0	0.0
0	0.0
0	0.0
0	0.0
0	0.0
0	0.0
0	0.0
0	0.0
0	0.0
0	0.0
0	0.0
0	0.0
0	0.0
0	0.0
0	0.0
0	0.0
0	0.0
0	0.0
0	0.0
0	0.0
0	0.0
0	0.0
0	0.0
0	0.0
0	0.0
0	0.0
0	0.0
0	0.0
0	0.0
0	0.0
0	0.0
0	0.0
0	0.0
0	0.0
0	0.0
0	0.0
0	0.0
0	0.0
0	0.0
0	0.0
0	0.0
0	0.0
0	0.0
0	0.0
0	0.0
0	0.0
0	0.0
0	0.0
0	0.0
0	0.0
0	0.0
0	0.0
0	0.0
0	0.0
0	0.0
0	0.0
0	0.0
0	0.0
0	0.0
0	0.0
0	0.0
0	0.0
0	0.0
0	0.0
0	0.0
0	0.0
0	0.0
0	0.0
0	0.0
0	0.0
0	0.0
0	0.0
0	0.0
0	0.0
0	0.0
0	0.0
0	0.0
0	0.0
0	0.0
0	0.0
