1	0.04937260441441683
3	0.5360424817526449
4	0.528100680862372
5	0.1176212244334719
6	0.04498144958607132
7	0.050127053640028396
8	0.03105285103319136
10	0.01548487491719238
12	0.0316667404329175
13	0.035955941246400044
14	0.295755512861317
15	0.041550235565872
17	0.03166512870848576
18	0.5471060179702429
19	0.246010894996116
20	0.026189524338222723
21	0.49146814332973743
22	0.5671144864866049
23	0.2549904929848782
24	0.28596581517351705
26	0.5539021720434139
27	0.3072260598834354
28	0.0424650527759181
29	0.4561823135675309
31	0.48998363538093775
32	0.04429402330456854
34	0.17126846559485912
37	0.2719567799026196
40	0.26059559916047476
42	0.05769151058064248
43	0.2613904396046208
44	0.06751400886154428
45	0.05306880074910411
46	0.27300441238296513
47	0.29199847362726444
49	0.05874931335649014
50	0.22611616380080676
52	0.03723143789561345
53	0.08873916507844268
54	0.06360862703734346
55	0.0461368371147931
56	0.30978752446389546
57	0.04665329774372784
58	0.4704734650360824
59	0.05484543062979202
60	0.2723986903963244
62	0.2915507339325299
63	0.4924369701824111
64	0.05169851565275372
66	0.2864111042435664
67	0.041854261905475795
68	0.2636629737581568
70	0.06800767442159106
71	0.27197126679957395
72	0.0442704495205351
73	0.5233829243036147
74	0.30184044683469163
75	0.0781515559796285
76	0.27741725380207277
79	0.31494630331131046
80	0.5891237221875874
81	0.04713130237589683
82	0.27512712715773235
84	0.05533793907612128
85	0.006539619524520479
86	0.26448439491903863
87	0.24257493295551696
88	0.5676437680166803
89	0.06165321601928073
90	0.0011166305942768018
92	0.5385651348846937
94	0.5232909586461642
96	0.011646462713214553
98	0.07466323522477297
99	0.03004402333601813
100	0.04019260978858363
102	0.041480321797789904
103	0.5883709280406695
104	0.06809149017415816
105	0.5336060011867867
106	0.030494318416635805
107	0.33187735703136406
108	0.25397704627872736
112	0.06340796744640118
113	0.28738559552346377
114	0.061972963919943606
115	0.030885604019490587
116	0.1714358047560605
117	0.32362764667045407
118	0.023984409056126546
119	0.2859132700077332
120	0.28319802664148186
121	0.024978153015131944
122	0.024761346981531623
123	0.016384057356587746
124	0.03653495306768729
128	0.05241390451411615
129	0.5601737137333446
131	0.22680671203975825
132	0.5208976313178004
133	0.03409892471433152
134	0.022511335279052865
135	0.29248560928212475
136	0.7557453232639009
138	0.05700987611177814
139	0.5350830236320973
140	0.2908850851840552
142	0.3093698466840649
144	0.2372228409296174
145	0.06030886494015485
147	0.25341188995605396
148	0.021888169488306075
149	0.5576864064444821
151	0.04523962286805602
153	0.16703903565470696
154	0.28267462467076726
156	0.5240514533080953
157	0.074011353904652
158	0.012132881149254513
159	0.026649645464493613
160	0.5150125465543909
161	0.18756308944603614
162	0.030925975639910834
163	0.03818859406421257
164	0.04218136910504909
165	0.25092605809601376
167	0.25374796215330375
168	0.30283092070162015
170	0.008354594101355434
171	0.3050575042451153
172	0.2775908066928695
173	0.27575451997519373
174	0.5445629326892103
176	0.293136600574446
177	0.28729290716961525
178	0.02157998679571447
183	0.26272717800082096
184	0.25848268119256407
187	0.01767645963420214
188	0.27452071686222956
189	0.2461063948911981
190	0.030948401687048446
191	0.2541120015847515
192	0.534567403941852
193	0.07072430111448984
194	0.07216560036326075
195	0.06323217467171273
196	0.27016200562138126
198	0.555649074321463
200	0.03503499826539293
204	0.5889458351572786
207	0.2750503929091612
208	0.29852903265405234
209	0.222292907499277
210	0.2776704987853604
211	0.033210627950307256
212	0.2823261532950489
213	0.0562445005629693
214	0.28559610051713663
215	0.2838396022372157
216	0.5594575384860287
217	0.09101264201398643
218	0.0682987929749409
219	0.026579341742010227
220	0.20765168833074296
221	0.2992082566402805
222	0.5369135304844485
225	0.2829262146481853
226	0.25904435976398454
227	0.08884710591203143
228	0.08661490054608523
229	0.03608607583753525
231	0.06977451292512006
232	0.03894766499741925
233	0.28066414882396434
234	0.2661300155972395
235	0.5447705641215466
237	0.4842813661178134
239	0.5224783925215667
240	0.7634226323226337
241	0.3038235312808668
243	0.21851127725129885
244	0.05374169825204867
246	0.06307610895379323
247	0.4835040443109173
248	0.05411495175751764
249	0.5113657828745439
251	0.2269028054603124
252	0.031584300998418996
254	0.06605496007529763
256	0.04367622207700621
257	0.014845245747439024
258	0.31948393196075037
259	0.24663510226584462
260	0.5501087078788438
261	0.25017580489706215
262	0.2950677865146844
263	0.043093222226209364
266	0.49417612973877456
267	0.25909937855030146
268	0.2977506653805574
269	0.26067289336977467
270	0.28628126444882707
271	0.5120602890874305
272	0.052639819892521644
273	0.0718275277415365
274	0.06009401620858454
275	0.01660941663757313
276	0.5416726005738477
277	0.2885092999877459
278	0.00926212933352481
280	0.018487126373474886
282	0.015025789133244826
283	0.015289455533700515
284	0.5124788205307368
285	0.056229411102262844
286	0.2984324055086281
287	0.08633712204161524
288	0.025230507883234915
289	0.1495007069755876
291	0.042803985912078915
292	0.5058664067886456
293	0.3321181075341162
294	0.03409447506829872
295	0.027654453748520273
296	0.0651437505529616
297	0.2708342668155578
298	0.05926340889596138
299	0.28946200609556627
300	0.11581000984960434
301	0.2963320959333668
302	0.08364291984089386
303	0.28579241638771624
304	0.026283587963910063
305	0.4751896896632409
306	0.25282680022297926
308	0.29319780335333195
310	0.05754933420099018
312	0.01502071603555372
313	0.030813971244882034
315	0.7054298645220376
316	0.026440060535860323
317	0.02688800895469328
318	0.0352871462655
319	0.06179576287955599
320	0.2785903795249446
322	0.2631350356959037
323	0.07796997457478105
324	0.01656862602379553
325	0.2894179968235035
326	0.28489978547744954
328	0.2691912939387625
329	0.26199732035477163
330	0.025813482619153314
332	0.30670812696223354
333	0.03374750612968565
334	0.4881279946398389
335	0.0480259048705873
336	0.051600937673775035
337	0.26387300715522566
338	0.013919740251283005
339	0.5147562894259243
341	0.539191616407157
342	0.26069617701116693
343	0.272935135631683
344	0.5272070585944716
345	0.2663009134512006
346	0.07724261882720602
347	0.30150193690196353
348	0.054186459999322034
349	0.7174725975349284
350	0.027655132651951214
351	0.06926828885480069
352	0.30791941651099086
353	0.5325432667322096
354	0.28460133174294777
355	0.21424961584700095
357	0.33298671027481946
359	0.27574528774116314
360	0.7287940337488897
361	0.4837982432112707
362	0.5952761814141179
363	0.060455835245828024
364	0.2894048109619341
366	0.29412143848183553
367	0.3092959893273007
368	0.2612586915769331
369	0.07172468810741589
370	0.034102128521069766
371	0.01271918023438266
373	0.04021159453962968
374	0.2978580443116238
376	0.2944834335652029
377	0.09301899993807192
378	0.27656310877111323
379	0.2917751672859385
380	0.29990557343405505
381	0.2427266169701986
382	0.260509072304653
384	0.2723733189324923
385	0.011994497235479178
386	0.30083771116868285
387	0.27078440827593875
389	0.5371881768680443
391	0.24323674608288853
392	0.2643787054000382
393	0.03987888961713675
394	0.2948420085941291
395	0.26857437509746973
397	0.2801007180951514
399	0.29352790167121984
403	0.07032054313951713
404	0.26006688047796117
406	0.5146632540304374
407	0.031286852928219006
408	0.0356110821357227
409	0.26437357607784007
410	0.2972051311768833
411	0.06944764626564337
412	0.04584955463258555
413	0.028546266320369457
414	0.7787735011320337
415	0.26129618944332134
416	0.5330149801312515
417	0.5480657482024638
419	0.3136710633784544
420	0.5510606404040844
421	0.2956769160467772
423	0.5266136300314317
424	0.053123895443158486
425	0.30721669923872696
426	0.2842618541146372
427	0.03699285138184373
429	0.5252130396059033
430	0.26208891865222284
431	0.2760303435518409
432	0.29453447880156836
433	0.4932402936626086
435	0.06080594056681457
436	0.28084505946662863
438	0.05282046077814057
439	0.03150247639525491
440	0.2956904601016809
442	0.5142239522887656
443	0.31897314665039594
444	0.3209883258156304
447	0.5390233482722998
448	0.0424304871665402
449	0.3268285342731892
450	0.30078376313504857
452	0.043448063271506326
453	0.5352662243957902
454	0.06034499378234469
456	0.5061065686372296
457	0.5074044615026809
458	0.2765567458618107
460	0.5267226388422289
461	0.298941948343605
463	0.49676546603827537
464	0.5019096802939922
465	0.040947338959103435
466	0.536321948479942
467	0.02736181627543298
468	0.013018793511893341
469	0.2894788941096228
470	0.05359892525984338
472	0.07266292302821406
473	0.013551804574231097
474	0.5274765735562839
475	0.01776051082084277
476	0.05201401414094024
477	0.02210676465025316
478	0.0009385445456023926
479	0.7534164750652187
480	0.004565898938249952
482	0.02907823621067588
483	0.24860839851394265
484	0.27715574264467524
485	0.15611065897927995
486	0.5413649179794542
487	0.2929595589342729
488	0.2605981327970135
490	0.5087901173907168
491	0.04147057680208854
492	0.08437426344424336
494	0.011344098051492672
495	0.03703444790497333
496	0.5531755342812048
497	0.3097924926401071
498	0.21065725051601092
499	0.027144954586910398
500	0.052441272128019585
504	0.2797268418827855
506	0.04001032639577452
507	0.03616373427966714
509	0.08515111092211901
510	0.2556905244558258
511	0.2985087766638268
512	0.052764154449791364
514	0.2348332547439992
517	0.06196568925804075
518	0.048592242850787365
519	0.2582210030825999
520	0.33184862174649266
521	0.5429277951549158
522	0.27240464936137676
524	0.29788891017183333
525	0.045907060763662966
526	0.46327778725265356
527	0.048345683337413965
528	0.03867443632633719
530	0.021808886951086036
531	0.5421760100782476
532	0.2802069423392294
533	0.02521823025593183
534	0.06368492008425483
536	0.024701339893258054
537	0.7742939666832959
538	0.043791978599633824
540	0.05552323644470829
541	0.018502608383792356
542	0.2839766511222562
543	0.011399212800189885
544	0.5450500622987462
546	0.05961320942757922
547	0.2831252080062781
549	0.28353337132230394
550	0.06048757736033127
551	0.041147628779576624
552	0.3214647134637283
553	0.2875036204123924
554	0.05769932263755537
556	0.5495280798317693
557	0.2703036131530595
558	0.5001378502409273
559	0.02412758267512396
560	0.3029563693819565
561	0.5454195157569246
563	0.048136547372919676
564	0.016897491104363557
565	0.03048477870422683
566	0.29765257651132515
567	0.27321268634327106
568	0.26514420210448586
569	0.2857716823708697
570	0.3374409452878484
571	0.006429975217527594
572	0.004533607972389525
573	0.5251484969708206
574	0.25396981269402613
577	0.0677986888634796
578	0.04557582043488272
581	0.22769026622916227
582	0.3609516136691815
583	0.005076387164245237
586	0.06173757705266236
587	0.286174548758819
588	0.07317839499948749
590	0.5428064729173386
591	0.2685974044424676
592	0.29133083289589734
594	0.3115901264834254
595	0.5149582449309802
598	0.3424606947912677
599	0.023201690637722025
600	0.31267684773530907
601	0.3242348186703682
602	0.1133375953151946
603	0.265682986934083
604	0.047945812553935485
605	0.2554090497312544
606	0.2706848061689232
607	0.5351221950735428
608	0.00923597869462979
610	0.04821678679156844
611	0.29660725734442134
613	0.23336206015762712
614	0.20781066784320346
615	0.0020945974105227444
616	0.26754668302814255
617	0.270034104652119
619	0.04708219044547038
621	0.026501197890938674
622	0.5554152249832311
624	0.2876149747313845
626	0.5785195384824732
627	0.28234868067777047
628	0.03368023399370963
630	0.027118341461928645
631	0.06815663420730558
634	0.30086146700692123
635	0.2813383122645009
636	0.04035172332661119
637	0.04822030016592349
639	0.30809939409407355
640	0.023551571385807595
643	0.24473057280759086
644	0.03408355040309264
645	0.4970144723625726
646	0.3186869201453997
647	0.04600091945093666
648	0.05097590211114374
650	0.2580715738518683
651	0.06162786442527243
652	0.04779724008324757
653	0.05370023520750994
654	0.06712277805896244
655	0.2615111686898676
656	0.4462986824526766
657	0.2565615451854789
658	0.2460208550000056
659	0.017502924077804537
660	0.050652993416537194
661	0.3167727673131266
662	0.35454072301960576
663	0.32227462434834503
664	0.2787512474758406
666	0.5431427087754865
667	0.31651713943870996
670	0.07732143583747743
672	0.5637889858941634
673	0.3116997339964714
674	0.31918352537004047
675	0.1880747038910875
676	0.05460564431807412
678	0.031938477031898144
679	0.267629297861042
680	0.0036960250702288283
681	0.07576272382749209
682	0.2819245327392666
683	0.2558842706984274
684	0.29764783415787033
686	0.511329475591948
687	0.022704265831196398
688	0.25183629508932903
691	0.29520176074720333
693	0.2348779285982553
695	0.256647695823178
696	0.5270742330460824
697	0.2859250098522409
699	0.06254542264626224
700	0.012889235190141467
701	0.04132827794643533
703	0.05213735080322632
704	0.2238497937692662
705	0.0727236857832077
707	0.00625542719219329
709	0.2926909502717594
710	0.28456823646668455
711	0.25330692881552846
712	0.04958277437676449
713	0.31643226773232297
715	0.04713080438087161
716	0.5447394252744011
717	0.30435877129889793
719	0.01613210598788696
720	0.5503123493664052
721	0.05761652299986156
722	0.01651679166617428
725	0.3338663854935244
727	0.3363604640660458
728	0.3371058341786822
732	0.07765398017284741
733	0.7706514256988523
735	0.023984409056126546
736	0.47148093942583086
738	0.3036961451099256
739	0.020754877258916716
740	0.31657243887513314
741	0.4815916157490917
742	0.07307218676082905
743	0.3175940334871109
745	0.2538701792145759
746	0.03586754787130932
747	0.2727298504293927
748	0.2649208481961574
752	0.10025912239016797
754	0.06655231395875688
755	0.0323807600940272
756	0.04657150140023236
757	0.29272725573086544
758	0.4870485951771312
762	0.022856092415746813
763	0.08489630729352708
764	0.014100695307851692
765	0.5102694661767068
766	0.295511583077067
769	0.25189589011709734
770	0.2882101830566045
772	0.28136524361767695
773	0.5271371573655284
774	0.4902100375427073
776	0.3145111897570258
777	0.009584075730562278
780	0.056619154567114284
781	0.2835665343501283
783	0.07360164024045208
784	0.021592288484632304
786	0.014843503938771502
787	0.5302424665053557
788	0.3012126417512888
789	0.03453275608906152
790	0.054386663646451
791	0.26643600253570543
792	0.3225058771986316
793	0.2591352186800736
794	0.5395354816247163
795	0.29337169951868014
797	0.16803253986352507
798	0.05382757241135906
799	0.00918162118023146
802	0.01095222116866186
803	0.2731349329583577
804	0.051118184809222054
805	0.4972168563473335
806	0.04113074394129141
807	0.755775171603074
808	0.5242978238324529
809	0.2730013817723292
810	0.30001236382472973
813	0.26690937028280937
814	0.304152013055881
815	0.2775384715759805
816	0.06231883351656167
817	0.05308079035054411
818	0.27112251644977947
819	0.30410105691805567
820	0.3649035507601285
821	0.2656913918374559
822	0.0428137663688247
823	0.4929045923508451
824	0.020874067647276187
826	0.28310359320163636
827	0.04379309274755393
828	0.5384785276782253
829	0.05307188386887578
830	0.2720460551898554
831	0.019831789590651447
832	0.316134970921238
833	0.24625669191841265
835	0.49494345769178505
836	0.505529510183172
837	0.0032376669756949486
839	0.28573484840972535
841	0.5438469227854287
842	0.2881673610670842
843	0.011501277250560913
844	0.2931735626434102
845	0.2696508817225357
846	0.5212412251402582
848	0.010375138781150681
851	0.7729666316966974
852	0.07117295858704173
853	0.06976008960752118
854	0.037930011682272655
857	0.0030360146977884694
858	0.5269998082339612
859	0.2802445694413344
860	0.5409965808839167
861	0.22375591471501657
862	0.27192148356029644
863	0.07203777616112941
864	0.30903547205325343
865	0.648292874271584
866	0.1680401518886921
867	0.5030014091000973
868	0.5553018189197958
869	0.07520693904683393
870	0.2780129349110121
871	0.06633210285660412
872	0.03508305788852359
873	0.02414156326178549
874	0.5370269162445097
875	0.03214014460640882
876	0.30316309058332414
877	0.04040691927428757
878	0.29045329549007837
879	0.5514376308764144
880	0.5252908354733987
881	0.29249725749212185
882	0.28548386521964175
883	0.04126739611536984
884	0.019205753776422592
886	0.2864837958107307
887	0.26841030853868486
888	0.26178890182503656
889	0.5470419071267048
891	0.5150258296286462
892	0.5430806455627227
893	0.06477835507334623
894	0.013374163709460672
895	0.06655638363828478
896	0.26491449633258946
898	0.26277048667759983
899	0.0094837704856391
900	0.24359663557514472
902	0.2705019730496945
903	0.2747315639151178
904	0.0028931136208768457
905	0.33384744148895346
906	0.2832661938543296
907	0.03927993551941865
908	0.5040080574119579
909	0.021011474297557987
910	0.236781696495794
913	0.29430682645331047
915	0.5311795818255897
916	0.7766502441287645
917	0.32509279569906796
918	0.2861104454630643
919	0.5274451193309925
920	0.04113804563225624
922	0.05177108743718187
923	0.30254090202342987
925	0.04781174359778853
926	0.5274966864429396
927	0.05901701410847324
928	0.5108852072253233
929	0.040434660286148824
930	0.2795166987798351
931	0.2833665145193393
932	0.49396497017709806
933	0.5421398249676685
934	0.27585257529550244
935	0.0396601569070028
936	0.28495360087129634
938	0.029760020937139055
939	0.5416324168927993
940	0.24702851094958125
941	0.025365970694433294
942	0.26942332254624307
943	0.07342003450809582
0	0.0
0	0.0
0	0.0
0	0.0
0	0.0
0	0.0
0	0.0
0	0.0
0	0.0
0	0.0
0	0.0
0	0.0
0	0.0
0	0.0
0	0.0
0	0.0
0	0.0
0	0.0
0	0.0
0	0.0
0	0.0
0	0.0
0	0.0
0	0.0
0	0.0
0	0.0
0	0.0
0	0.0
0	0.0
0	0.0
0	0.0
0	0.0
0	0.0
0	0.0
0	0.0
0	0.0
0	0.0
0	0.0
0	0.0
0	0.0
0	0.0
0	0.0
0	0.0
0	0.0
0	0.0
0	0.0
0	0.0
0	0.0
0	0.0
0	0.0
0	0.0
0	0.0
0	0.0
0	0.0
0	0.0
0	0.0
0	0.0
0	0.0
0	0.0
0	0.0
0	0.0
0	0.0
0	0.0
0	0.0
0	0.0
0	0.0
0	0.0
0	0.0
0	0.0
0	0.0
0	0.0
0	0.0
0	0.0
0	0.0
0	0.0
0	0.0
0	0.0
0	0.0
0	0.0
0	0.0
0	0.0
0	0.0
0	0.0
0	0.0
0	0.0
0	0.0
0	0.0
0	0.0
0	0.0
0	0.0
0	0.0
0	0.0
0	0.0
0	0.0
0	0.0
0	0.0
0	0.0
0	0.0
0	0.0
0	0.0
0	0.0
0	0.0
0	0.0
0	0.0
0	0.0
0	0.0
0	0.0
0	0.0
0	0.0
0	0.0
0	0.0
0	0.0
0	0.0
0	0.0
0	0.0
0	0.0
0	0.0
0	0.0
0	0.0
0	0.0
0	0.0
0	0.0
0	0.0
0	0.0
0	0.0
0	0.0
0	0.0
0	0.0
0	0.0
0	0.0
0	0.0
0	0.0
0	0.0
0	0.0
0	0.0
0	0.0
0	0.0
0	0.0
0	0.0
0	0.0
0	0.0
0	0.0
0	0.0
0	0.0
0	0.0
0	0.0
0	0.0
0	0.0
0	0.0
0	0.0
0	0.0
0	0.0
0	0.0
0	0.0
0	0.0
0	0.0
0	0.0
0	0.0
0	0.0
0	0.0
0	0.0
0	0.0
0	0.0
0	0.0
0	0.0
0	0.0
0	0.0
0	0.0
0	0.0
0	0.0
0	0.0
0	0.0
0	0.0
0	0.0
0	0.0
0	0.0
0	0.0
0	0.0
0	0.0
0	0.0
0	0.0
0	0.0
0	0.0
0	0.0
0	0.0
0	0.0
0	0.0
0	0.0
0	0.0
0	0.0
0	0.0
0	0.0
0	0.0
0	0.0
0	0.0
0	0.0
0	0.0
0	0.0
0	0.0
0	0.0
0	0.0
0	0.0
0	0.0
0	0.0
0	0.0
0	0.0
0	0.0
0	0.0
0	0.0
0	0.0
