2	0.2432617460946101
4	0.009804977290350722
5	0.06101402759635366
7	0.04142198847094994
11	0.03939140827350677
13	0.021042037644965025
15	0.013233095409290244
16	0.06170852552182299
18	0.24795679702672813
19	0.28705590556404914
20	0.26408907622890393
21	0.04558185216648689
22	0.0073860098767959785
23	0.47004060819268867
24	0.26204050964297515
25	0.2572360852858146
26	0.21198444971988975
28	0.006870282087950791
30	0.02832301387741107
32	0.013071643410129858
34	0.13220834821497165
35	0.224043244929673
36	0.04817364020672009
38	0.045064585508728626
40	0.002500251790865271
41	0.2679976528815721
42	0.4960485877248632
43	0.03518694945999368
46	0.009763889320678502
47	0.029780711590999952
49	0.2279851313345419
52	0.2521351778181822
53	0.7421253827592841
54	0.04628575431495974
55	0.232923587188975
60	0.001759314222492224
61	0.7506490435228864
62	0.023042633708815295
64	0.011923550464464715
65	0.20557655220379445
66	0.46952051474806544
67	0.44928729927089717
70	0.0029562694240528008
71	0.0031606649518169695
72	0.7608198366279049
74	0.24125433682658073
75	0.5236669304701524
77	0.29021040676679577
79	0.224008055932448
80	0.2629480178771926
81	0.25068245594519845
85	0.06627269219895804
86	0.2306536314422019
88	0.26772262119545553
89	0.5244992210918206
91	0.00591541531758465
92	0.2822974389771112
93	0.5771338068385848
95	0.029220570487109847
96	0.03550507619966129
97	0.0445571496627195
98	0.250384675341066
99	0.5172052599836194
103	0.09028062822788621
105	0.2023827594777493
106	0.20386660925084701
107	0.03303407191626582
108	0.48956532300100153
110	0.003489553131873876
111	0.016035576374826506
112	0.4701255734840139
115	0.19717425708795766
116	0.2277447661099626
117	0.015837961077631097
120	0.27542281296754006
121	0.03303572333664691
122	0.02243750388157075
123	0.5214318683901756
124	0.4770504309757583
125	0.06646142106509564
128	0.2396339530376707
130	0.30293578531900794
132	0.24334975960783717
134	0.539006916304085
135	0.01315587222106105
136	0.00815769490128622
139	0.24521434887430285
140	0.28122964675754913
141	0.20867803227115167
142	0.00314077851253812
143	0.21611393561668268
144	0.2887225080298413
145	0.19614201882523868
146	0.4879364542592756
147	0.03506291033854239
149	0.19620910755363427
150	0.02916485587115189
153	0.5911825759324904
156	0.24194668737969457
157	0.0057092158213583565
158	0.056666356443032105
159	0.23971389093861026
161	0.24362667049920045
163	0.204281347405447
164	0.22645761385117544
165	0.04562319276611443
166	0.5422148558610473
168	0.24524600835155386
169	0.5178667230187318
170	0.20626738057089256
171	0.2531909705502761
172	0.17606206253281825
173	0.22180283175821783
174	0.033503122956531545
176	0.5379974576309504
177	0.00394676096323264
178	0.03817594107997977
179	0.31697269013738316
180	0.2498178375385753
182	0.2781598289441492
183	0.17320115690315713
184	0.291494606310235
185	0.0455638130231916
186	0.1932681348742446
187	0.2821849234736203
191	0.2511866383853205
192	0.26791721014078085
193	0.31322256053715813
194	0.01975975623163314
195	0.020072551189794216
199	0.45632177922036266
200	0.022878300389883234
201	0.04575022364161544
202	0.5521046800459044
203	0.004839615205737315
204	0.18212679398985523
205	0.14186493764088223
208	0.04000615010316015
209	0.5241093322414452
210	0.2280426196455828
211	0.007045743473727745
212	0.01825095168905567
213	0.2387209202876188
214	0.5361885321707228
215	0.28430276641727004
216	0.23792284970022187
217	0.29166284695754224
220	0.44968070791143944
221	0.5100881563999656
223	0.308599689112538
224	0.0284464318286713
225	0.007937392792934247
227	0.24995129823133005
228	0.09465174794993898
229	0.20375225566669275
230	0.024412532164920626
232	0.018879043020690503
233	0.029151489845789295
234	0.018931490874980774
235	0.519074270519772
236	0.09190104599254623
237	0.29288905439245944
238	0.02123462031992706
240	0.009419762650902972
241	0.16047950400924543
242	0.4997934364413263
243	0.2623754885226522
244	0.28283213715490674
245	0.27507971045058377
249	0.005186357468733298
250	0.3194983201167895
251	0.2927856577373972
252	0.3042434400189259
253	0.07859610460488568
256	0.299959936049455
258	0.2117527874285315
260	0.2315345838214602
261	0.22759034583746376
262	0.26515548111935694
263	0.004074436369533717
265	0.7706544737357868
266	0.2504912356134463
267	0.039477767640909565
269	0.23976542063624334
270	0.2834421237213134
271	0.027918306322155334
272	0.22168460956796837
273	0.24860813287668626
274	0.20458747853711046
276	0.24933568213489027
277	0.28702118831142304
278	0.22234937310589767
279	0.01975359691807517
280	0.2921619110010414
284	0.008661745124599315
285	0.18913867917263205
286	0.23393862890246042
287	0.2576849440446797
288	0.009672771242720063
289	0.34043489716532344
290	0.04143119184735802
291	0.26513573787495076
292	0.26301672869128817
294	0.32469373467148305
295	0.02248361092049981
296	0.05293456893445471
298	0.03564376735916096
300	0.31927584012928767
301	0.2293050342773697
303	0.22549661210560906
304	0.49225741668430434
305	0.06863846678265204
306	0.0017421054555559097
307	0.0876766269862611
308	0.007696095965143097
309	0.23169667558312745
311	0.004142935319989903
314	0.07840942054034093
315	0.017476197916040825
318	0.23175535565008115
319	0.2414683044457045
321	0.31633628227615057
323	0.27874033711860535
324	0.2765348888329959
325	0.04312667837069054
327	0.3096216171004016
329	0.04823098248850764
333	0.2298977047176904
335	0.22876656005927642
336	0.20759748033809536
337	0.10075792722020807
338	0.01792550882948086
339	0.24008111726089024
340	0.5249308383955951
341	0.22148180171249945
342	0.2772873108640263
343	0.2557165133030129
344	0.4566509876409364
347	0.2507104622074303
348	0.21297908000240875
349	0.029632287578225287
350	0.044295559244206514
351	0.4571550642049505
353	0.2668330839333316
354	0.2347971116475675
356	0.1911056259834495
357	0.5058018600539907
358	0.3335957830380176
359	0.04965771376734583
362	0.20487496071809722
363	0.05130423287440964
364	0.25127570118670917
365	0.5096859445161679
366	0.018013513429740065
370	0.010850833906580142
371	0.24671510087800158
372	0.22874303219599756
373	0.06088063030656061
374	0.20397980250850092
376	0.22870681052875508
377	0.025367745668629354
378	0.03716507670084065
379	0.008477689035721287
380	0.04438677166405425
382	0.2728734578701603
385	0.01835181724748819
386	0.23398814721630945
388	0.2444725717160567
390	0.06408241289347265
392	0.25681084946230304
394	0.010183066467802083
400	0.2447966891820506
402	0.2781420685076456
403	0.234339985443079
404	0.04734992183767992
406	0.2966885603904155
407	0.018792804483988804
410	0.21673368750448496
411	0.017223263361044693
412	0.2462461235246946
414	0.02603443719815974
415	0.004000088165524593
419	0.24927409184992042
420	0.22018543917131123
421	0.22284756510960108
423	0.2894695822528407
424	0.012258262687601586
427	0.2563238608639474
428	0.5038678687664394
430	0.47285432835950975
431	0.239140690676131
432	0.0003823561757446553
434	0.023610084820968727
436	0.22622953545438504
438	0.7537700022291307
440	0.013766566506767643
441	0.27261672156310085
443	0.024827269251068478
444	0.4263780314102765
445	0.41924813251372495
449	0.008467844649854974
450	0.2710364649027481
451	0.21098909489638717
457	0.022888036015917525
458	0.27476272317603334
460	0.0032702229897814995
461	0.2842579566914433
464	0.0014205052462077927
465	0.2582767425851741
466	0.22382340986244417
468	0.3055229638677266
469	0.007917903480197195
472	0.007292828371814705
473	0.25461733971860706
474	0.0001637028257421326
475	0.24745708403475353
477	0.19529790448479917
478	0.043498107923607664
480	0.3397548300573471
482	0.20777742494030033
485	0.23307117742978012
486	0.0024312737997625525
487	0.2701326541815312
491	0.4689733834162856
492	0.019270024770787878
495	0.029367950579064522
497	0.5027863096344626
499	0.003491186928990156
500	0.022442046385199595
501	0.028658840893633408
503	0.08073722900637322
504	0.019032886029222616
508	0.3006855075265137
510	0.45390837912357035
515	0.1926949130298128
516	0.2842609483570625
517	0.21609038708688336
518	0.2111460198808509
520	0.21216944811972613
522	0.01013150084637924
523	0.02965701924855109
525	0.32497008641539826
526	0.0435924538857507
530	0.010189236336912905
532	0.028810277091365792
534	0.49966384856586754
538	0.006265087713631073
543	0.2588412227284337
544	0.1458069370267579
546	0.0065020120197193595
547	0.20731584104620168
549	0.28863497893723034
551	0.2712557297613102
552	0.24021606836751652
554	7.616049677426975e-05
555	0.06183819005721143
556	0.021952929617942697
557	0.023136093631281843
558	0.2725516084158988
559	0.22703010279781768
561	0.006484249987552308
565	0.22543572341424906
566	0.2385246734577448
569	0.29354674521586893
570	0.022949868543658394
571	0.03031584658054664
573	0.005713772009564383
575	0.030527073287411853
576	0.02261917541545108
578	0.24196880371743784
579	0.25795788022286187
581	0.518346294033127
582	0.31636427211097135
584	0.0674542306573009
586	0.26656571601016543
587	0.21960276274025187
589	0.12681070556999982
591	0.24404547914351485
592	0.016744130987083224
594	0.4888292644255207
597	0.002200682907564297
598	0.28876928874094454
599	0.5308590847757775
602	0.047254344886269055
603	0.2652511963157072
605	0.520511190584971
607	0.02535828365397357
609	0.08992074733704043
611	0.47772057325912787
612	0.5114807860100202
614	0.3986378795110112
618	0.03410129227201127
622	0.01205264439266783
624	0.006830819197459315
626	0.011518911819809016
628	0.0032041206446736387
630	0.49118200087178077
631	0.2471180634076951
633	0.2533228733586834
635	0.5353122544446817
637	0.10716362192913825
640	0.04993430873377242
641	0.05446296896188178
643	0.06870220924000384
647	0.02454922389154346
649	0.32440085943739694
652	0.4815546444636345
653	0.2659105917826546
654	0.0026238106742938992
657	0.003027668883461135
658	0.5501597147270496
659	0.04579669422093645
661	0.056798678334910604
662	0.48863444107262455
663	0.4731765254914741
664	0.04298674677506297
665	0.07643032994808469
666	0.2509640060254573
667	0.24022939194929688
668	0.2642942768993083
669	0.10283803783515985
670	0.0012155002216283697
672	0.2793334928938461
673	0.23839325401575817
674	0.2846842436619583
676	0.29901341847601526
677	0.510466403143842
678	0.7932295011155454
680	0.0920873086020909
682	0.03188929846172979
683	0.272772476162766
684	0.034535633251485384
686	0.014379266242886775
688	0.2716929992804026
690	0.26513371165546973
691	0.5177058295873075
692	0.05685864774880289
693	0.02160221507426996
699	0.022798750297133782
701	0.0295136706316288
702	0.2963312832456305
704	0.30223856535581173
705	0.48561397325084965
706	0.2686389100938924
707	0.0021114273422145474
709	0.47289677700032223
710	0.24150759123992493
712	0.22582455319515687
713	0.23524777843888106
714	0.004473724415578629
715	0.5338484934460264
717	0.012838577020723524
718	0.22372302183593834
720	0.20808967423889133
722	0.061614012918161015
723	0.005638151217473492
725	0.25461864343595525
726	0.5063588379212618
728	0.28414155471642893
729	0.18185406819592198
730	0.3263839106647819
732	0.2699695681971415
735	0.06408241289347266
736	0.5793321069142265
737	0.030925975639910834
738	0.017887926046193846
740	0.2006847580941507
742	0.5495554727424119
743	0.25161885137278156
744	0.2569443093741682
745	0.2057655052375718
748	0.0176771342339681
751	0.04307311185405792
752	0.03879987827172045
753	0.10443042718931424
754	0.25663875263770314
755	0.5434436039042588
756	0.024366414251008744
757	0.28764553133639525
759	0.10188252616047924
760	0.3068725989860185
763	0.4961162883030915
764	0.06919372008493631
765	0.05752442831455803
767	0.29741325024696325
768	0.5608845470674445
769	0.3131525382569593
770	0.25526153316773803
771	0.055339477367125925
773	0.0178398520428706
776	0.2144620272995919
777	0.26743014932514747
778	0.264606579317622
779	0.28139651029713125
780	0.036777018673968355
782	0.038827679763499545
784	0.4982234759516454
785	0.011380666293261996
786	0.028793553823172145
787	0.2915891287577899
789	0.4580375869184722
791	0.21285947732065846
792	0.520907068375194
793	0.077408789899576
794	0.0174809203123001
795	0.4957277473512737
798	0.22905673969683918
799	0.23496277785351155
800	0.26544907187026934
801	0.21632603508684528
802	0.003031863348042965
803	0.2678581410352363
804	0.2327267607573015
806	0.3035864011292369
807	0.0033333757250562993
808	0.0035330511049287
810	0.23256997674468036
812	0.0015610726531816513
813	0.24318615000699134
814	0.28259605459151454
816	0.4589608336981349
817	0.314035504898655
819	0.22673057224568474
820	0.22757679627441532
822	0.26271797906269967
824	0.1867542497077404
825	0.005012369761356425
828	0.0015290587001828906
829	0.03130179399027321
831	0.538738261345041
832	0.24415785859478784
833	0.27252250940645184
837	0.019035794471631257
838	0.033825322698856575
839	0.5193596715607753
840	0.057354359639865904
845	0.017719393344954187
847	0.010444960406354217
849	0.06408241289347266
851	0.005910041942417288
852	0.27770863199087426
853	0.4556144984729112
854	0.2686433553094544
855	0.24394587418597843
856	0.0015558263987393087
857	0.011359415704287584
858	0.23465882628755502
859	0.26429092750266464
861	0.27437616388072594
862	0.033311026350916026
865	0.02486783835478413
868	0.26228344381552154
869	0.5002522039403958
870	0.2780679921756361
872	0.2088784591067585
873	0.23251686958071932
877	0.3002165290309908
878	0.2188112637230254
879	0.05458371828290576
883	0.2628295528063601
885	0.022671199298295086
891	0.018548621254941954
892	0.20974614429066404
893	0.2832260532311825
894	0.30054841870258564
895	0.28062035253973355
897	0.01843857483004255
901	0.25387639827238356
902	0.24634796369588616
903	0.009952214295712698
905	0.1910116319082208
906	0.25650366330060825
908	0.025204889484923974
909	0.2901775567480208
910	0.5573151283414526
912	0.27838568657066
913	0.21669555231080703
914	0.2955191897935696
917	0.05650470682021696
918	0.21718385846101376
919	0.24721371852019347
920	0.22700949852709973
922	0.2734737080166754
923	0.014886391465003139
924	0.10000996866544332
925	0.47486575310373347
927	0.23784531080695046
928	0.5366106884661035
929	0.0013929555426526463
930	0.056017507625904385
931	0.27264052975332015
932	0.01656529799072113
933	0.2554072247122573
935	0.23002534306016362
936	0.05173764166780949
937	0.07860961034603235
938	0.015427174663046911
940	0.5323080435477371
941	0.26082388001756773
942	0.029536654924760146
943	0.2659563044442721
0	0.0
0	0.0
0	0.0
0	0.0
0	0.0
0	0.0
0	0.0
0	0.0
0	0.0
0	0.0
0	0.0
0	0.0
0	0.0
0	0.0
0	0.0
0	0.0
0	0.0
0	0.0
0	0.0
0	0.0
0	0.0
0	0.0
0	0.0
0	0.0
0	0.0
0	0.0
0	0.0
0	0.0
0	0.0
0	0.0
0	0.0
0	0.0
0	0.0
0	0.0
0	0.0
0	0.0
0	0.0
0	0.0
0	0.0
0	0.0
0	0.0
0	0.0
0	0.0
0	0.0
0	0.0
0	0.0
0	0.0
0	0.0
0	0.0
0	0.0
0	0.0
0	0.0
0	0.0
0	0.0
0	0.0
0	0.0
0	0.0
0	0.0
0	0.0
0	0.0
0	0.0
0	0.0
0	0.0
0	0.0
0	0.0
0	0.0
0	0.0
0	0.0
0	0.0
0	0.0
0	0.0
0	0.0
0	0.0
0	0.0
0	0.0
0	0.0
0	0.0
0	0.0
0	0.0
0	0.0
0	0.0
0	0.0
0	0.0
0	0.0
0	0.0
0	0.0
0	0.0
0	0.0
0	0.0
0	0.0
0	0.0
0	0.0
0	0.0
0	0.0
0	0.0
0	0.0
0	0.0
0	0.0
0	0.0
0	0.0
0	0.0
0	0.0
0	0.0
0	0.0
0	0.0
0	0.0
0	0.0
0	0.0
0	0.0
0	0.0
0	0.0
0	0.0
0	0.0
0	0.0
0	0.0
0	0.0
0	0.0
0	0.0
0	0.0
0	0.0
0	0.0
0	0.0
0	0.0
0	0.0
0	0.0
0	0.0
0	0.0
0	0.0
0	0.0
0	0.0
0	0.0
0	0.0
0	0.0
0	0.0
0	0.0
0	0.0
0	0.0
0	0.0
0	0.0
0	0.0
0	0.0
0	0.0
0	0.0
0	0.0
0	0.0
0	0.0
0	0.0
0	0.0
0	0.0
0	0.0
0	0.0
0	0.0
0	0.0
0	0.0
0	0.0
0	0.0
0	0.0
0	0.0
0	0.0
0	0.0
0	0.0
0	0.0
0	0.0
0	0.0
0	0.0
0	0.0
0	0.0
0	0.0
0	0.0
0	0.0
0	0.0
0	0.0
0	0.0
0	0.0
0	0.0
0	0.0
0	0.0
0	0.0
0	0.0
0	0.0
0	0.0
0	0.0
0	0.0
0	0.0
0	0.0
0	0.0
0	0.0
0	0.0
0	0.0
0	0.0
0	0.0
0	0.0
0	0.0
0	0.0
0	0.0
0	0.0
0	0.0
0	0.0
0	0.0
0	0.0
0	0.0
0	0.0
0	0.0
0	0.0
0	0.0
0	0.0
0	0.0
0	0.0
0	0.0
0	0.0
0	0.0
0	0.0
0	0.0
0	0.0
0	0.0
0	0.0
0	0.0
0	0.0
0	0.0
0	0.0
0	0.0
0	0.0
0	0.0
0	0.0
0	0.0
0	0.0
0	0.0
0	0.0
0	0.0
0	0.0
0	0.0
0	0.0
0	0.0
0	0.0
0	0.0
0	0.0
0	0.0
0	0.0
0	0.0
0	0.0
0	0.0
0	0.0
0	0.0
0	0.0
0	0.0
0	0.0
0	0.0
0	0.0
0	0.0
0	0.0
0	0.0
0	0.0
0	0.0
0	0.0
0	0.0
0	0.0
0	0.0
0	0.0
0	0.0
0	0.0
0	0.0
0	0.0
0	0.0
0	0.0
0	0.0
0	0.0
0	0.0
0	0.0
0	0.0
0	0.0
0	0.0
0	0.0
0	0.0
0	0.0
0	0.0
0	0.0
0	0.0
0	0.0
0	0.0
0	0.0
0	0.0
0	0.0
0	0.0
0	0.0
0	0.0
0	0.0
0	0.0
0	0.0
0	0.0
0	0.0
0	0.0
0	0.0
0	0.0
0	0.0
0	0.0
0	0.0
0	0.0
0	0.0
0	0.0
0	0.0
0	0.0
0	0.0
0	0.0
0	0.0
0	0.0
0	0.0
0	0.0
0	0.0
0	0.0
0	0.0
0	0.0
0	0.0
0	0.0
0	0.0
0	0.0
0	0.0
0	0.0
0	0.0
0	0.0
0	0.0
0	0.0
0	0.0
0	0.0
0	0.0
0	0.0
0	0.0
0	0.0
0	0.0
0	0.0
0	0.0
0	0.0
0	0.0
0	0.0
0	0.0
0	0.0
0	0.0
0	0.0
0	0.0
0	0.0
0	0.0
0	0.0
