4	0.05803045093441699
5	0.012074972998908216
7	0.08113447951533795
13	0.06692254992304017
16	0.5425590687240852
19	0.33796138166962997
20	0.0015926213424305308
21	0.29290176223426345
24	0.036071682615142785
25	0.035036392803281406
29	0.0025698288981037404
30	0.03901652089651586
36	0.22372207121639182
38	0.7590338450556235
41	0.23835552382241137
42	0.34448198833798044
43	0.4793475817889281
47	0.04297995039424944
49	0.32743620247262134
50	0.15872899487406358
52	0.0020901551394572893
58	0.004414448699879572
72	0.05622251059111975
75	0.037553323123368836
77	0.31912057888273365
81	0.04743496753699123
84	0.043336095206835616
85	0.341011231096265
89	0.061180641513545686
90	0.0337576977614938
93	0.16253715929407841
94	0.02030811732791793
95	0.06460468540888867
96	0.006608942559686283
97	0.04351157710190429
98	0.23792764624678842
99	0.27829946805627703
102	0.2508437402869534
104	0.05346715508591701
108	0.5682328999896668
110	0.07346092685699622
116	0.40988776445359265
120	0.2699081533056408
121	0.22932040434705703
123	0.32773014893276176
124	0.025518667261990445
125	0.06742924086318086
130	0.36054466554702225
134	0.11395521596383908
135	0.1853698735584176
144	0.27537913560337995
146	0.019901397529718715
147	0.24746686117888897
150	0.2634975437869952
151	0.260541638560535
157	0.006990416705364218
158	0.1542458870966467
162	0.10443042718931424
165	0.5493296931497755
168	0.0069498721195327545
175	0.2701375364754172
176	0.01083758618862038
178	0.267299693867099
179	0.08025748988433191
180	0.012071359664458887
182	0.3196250028948334
183	0.06187516310295188
184	0.05790335483625759
185	0.22868582604025872
187	0.22228995122242784
191	0.01799971566151523
192	0.009239791900932721
193	0.2594859971090152
194	0.018620008715086817
197	0.003098585821042693
200	0.07504374432182129
201	0.31697232245147033
202	0.2049870618038908
208	0.17565068999931185
209	0.3278618216220901
211	0.016741084627935873
214	0.33307662945250727
215	0.09303054939369602
220	0.05569411219992037
223	0.36444911699037474
224	0.013412230730498846
225	0.27043105923013716
226	0.22580097374103886
228	0.1703879075887777
230	0.26514992175312113
231	0.0267171225691131
233	0.22487391029630407
234	0.08549026074684021
235	0.05072390423849829
236	0.5952489328576743
237	0.29434723200306157
238	0.07950727578048838
242	0.23517247500720193
243	0.2524081559401612
244	0.03808766321667041
245	0.29469177495936194
250	0.5923539020329246
251	0.2675094561437572
252	0.07593171673068369
253	0.3669325113047246
256	0.08499735041690173
259	0.08369832292393779
262	0.2927394971737285
264	0.03739233635966659
265	0.09036567023133371
267	0.06415545951821783
269	0.040027251966224725
270	0.09131844837350549
273	0.19532785245660636
279	0.23382210337681625
280	0.3558440016364479
282	0.2490280344308335
286	0.04883399961104379
290	0.09197679472964107
291	0.020398010788584657
294	0.10544812496534423
295	0.04281376155727599
296	0.030590977845243054
298	0.21540269171125281
303	0.01334517743979119
305	0.26594663623158044
307	0.7850892895515025
314	0.5470638164149545
315	0.07286836404730276
321	0.5989258069012484
323	0.2630939903744353
324	0.2705634756524739
325	0.08141370168321839
327	0.5773077197782966
328	0.08647743521638385
329	0.025302163072541038
333	0.03856998782919114
337	0.24322996596622926
340	0.5562755325709297
342	0.06768754871398
343	0.03496946861740079
344	0.037747705588172455
347	0.04575486646621624
350	0.23261520886916465
355	0.08445201885194858
358	0.11529586625895594
359	0.06497078491631866
363	0.24798260034327027
365	0.26893599286496517
368	0.012466873737160093
370	0.07604959059652396
371	0.08412980093095646
373	0.330308134696931
374	0.018270611393660555
378	0.3031721742947709
380	0.010373681277509018
381	0.029682646461421526
382	0.23099927009416285
383	0.29251238864604384
384	0.04575754585503703
385	0.047058105934629
388	0.019245651544836477
390	0.33770458219199634
391	0.2905624362359536
392	0.0941333743261131
394	0.07117163059478918
398	0.5280455782713215
400	0.2198408592800576
402	0.6041460629789189
404	0.016352180273325287
405	0.4121938530341254
406	0.06642192946333933
407	0.08155721669698185
410	0.01135643421728779
411	0.07644282972354433
413	0.022439320094889553
417	0.019836715601038696
423	0.006805437930453052
427	0.32039652973357136
428	0.045166957304617665
434	0.20490471570248975
438	0.04961710067508408
441	0.05705543602685643
442	0.054272714322855894
445	0.4135735481593826
448	0.02218269158595204
455	0.029274464845330764
457	0.02879742500498203
458	0.056321860489854665
459	0.2989192852962498
464	0.03833191355959179
465	0.08500880647827223
468	0.3825263040592134
475	0.23338446437302962
477	0.08838705003426733
478	0.11494713855581366
480	0.31915325463974115
487	0.041968767823253914
493	0.34522047925069305
495	0.24138381041340914
500	0.03752446512857915
501	0.009922911507541932
503	0.3390010659497874
506	0.03543572004332571
508	0.0885276315157092
517	0.07179066539225873
519	0.03499573993952203
523	0.03168867351396458
525	0.36388160511689877
526	0.21794073777744852
529	0.24438553710078717
532	0.2973352070094747
536	0.024761565236181067
538	0.03668991981130594
539	0.730347498599186
541	0.04084772471420229
551	0.25878502792009256
555	0.5451059005766541
556	0.010150932712333645
557	0.05006211128900465
562	0.26101578593328106
564	0.034920624175096754
567	0.04027156770193498
569	0.33770458219199634
571	0.03293372612612829
572	0.006969607698062673
576	0.24548007743294267
577	0.27491459410038227
579	0.3151236807071114
580	0.04745075050762211
581	0.07171710018420493
584	0.0667444077342399
585	0.016541018727075654
588	0.07717072488249727
589	0.5869565774886882
592	0.016939423049832675
595	0.041709198480010215
597	0.29565560406932134
599	0.2988525292054051
602	0.248276817798324
605	0.07341559001363172
606	0.29056601976368707
612	0.06527570022676962
614	0.3564830196302597
618	0.2959275548811653
623	0.019683544701538408
625	0.050714359530935116
629	0.27717410381775426
630	0.009073196957857958
632	0.02697932671525874
635	0.07052996557436371
636	0.033358585054021
637	0.1083608393932251
640	0.11612445718315098
641	0.3227474819389521
643	0.29468729216411466
647	0.31757117239962196
649	0.4958133820115636
652	0.11331664990965598
653	0.042552965936445426
657	0.22133710967323353
658	0.10749943517104257
659	0.304780897437742
661	0.26931188166034614
664	0.2910171000193296
665	0.35916512259383604
668	0.0601373436643506
669	0.5621626478559966
670	0.012456513238517472
671	0.20870194666726347
675	0.017750835523396652
676	0.27157902099136094
678	0.1393586422687083
680	0.5171331056181007
681	0.008721928628046625
682	0.03860476006390275
683	0.36759225041513294
684	0.01019282271510015
687	0.04611055244671476
688	0.2238238946099564
690	0.022207363877168776
692	0.2634975437869952
693	0.06275875646862493
695	0.011135199318307774
701	0.008836521267098288
702	0.3034907374307044
704	0.07942310771774314
706	0.26793772060984933
707	0.046889413637822105
709	0.052526958874228716
715	0.08470529859488143
721	0.002041004862681439
726	0.1151179133413801
727	0.039744280483831974
730	0.49790558869075935
731	0.2503292418607798
732	0.037686335073559826
734	0.09650029104477453
735	0.06339343692138918
736	0.3112721890977015
738	0.006543624405792078
739	0.2437044028750064
742	0.05716232073188988
744	0.019610931219728817
746	0.07456168742013017
747	0.03182220182846207
749	0.30576047931105305
750	0.01731089529599307
751	0.5244807840358375
755	0.105350890893776
756	0.09088866261158737
757	0.050047367124644894
759	0.5220343536488871
760	0.4152022558595
763	0.2981451800303689
764	0.35782253909917866
765	0.019552340002285812
767	0.5803834230225992
768	0.12294743891450265
769	0.30749504482666823
770	0.06604646876409949
771	0.5127048014449802
773	0.06186399493421371
777	0.5091783376182285
779	0.7806531307946829
780	0.19984699406607942
785	0.050026699600702
786	0.05316176239764919
792	0.05779081903288318
793	0.4697479628489729
795	0.32103593315360823
798	0.019485795272653844
799	0.2279268409613346
800	0.09082455144844992
803	0.094372931396716
806	0.3511142478193681
815	0.03908143370724558
817	0.2966320597633267
829	0.301129762822582
831	0.08867573356207473
833	0.29830372626101637
835	0.06829468324454578
837	0.2889906451540383
838	0.2761218062131033
839	0.08050715059790975
840	0.05649189342518818
844	0.22137234288467106
849	0.5480097935661284
850	0.30177789893984497
852	0.052684945882328166
854	0.29129822917897125
861	0.33681845584005116
866	0.3038760081322925
869	0.05013588200663223
870	0.056675115591662655
877	0.28148700916344005
882	0.02591868844353641
883	0.27950262445145224
884	0.22046997131452162
885	0.5471365101065606
886	0.07220734022281772
891	0.06427247542364405
893	0.27294106477704855
894	0.2870594563564748
895	0.24700107229339438
896	0.09134253270015466
897	0.0769225737208686
898	0.07821244471824598
899	0.09074865314034386
901	0.07600565639681356
902	0.008698370763260875
903	0.0697401286977723
904	0.26724930113934076
906	0.0649556395120251
907	0.03346511199619295
909	0.29396947526727313
910	0.353288767172681
911	0.19307365017571418
912	0.5329489056141294
914	0.00181364944056666
917	0.20385937783391905
922	0.2674247356996647
924	0.37673814189043076
928	0.28724117836855234
937	0.07284401840191614
938	0.004257883574019461
940	0.08868199664963682
941	0.0478086131388933
942	0.24703347976857412
0	0.0
0	0.0
0	0.0
0	0.0
0	0.0
0	0.0
0	0.0
0	0.0
0	0.0
0	0.0
0	0.0
0	0.0
0	0.0
0	0.0
0	0.0
0	0.0
0	0.0
0	0.0
0	0.0
0	0.0
0	0.0
0	0.0
0	0.0
0	0.0
0	0.0
0	0.0
0	0.0
0	0.0
0	0.0
0	0.0
0	0.0
0	0.0
0	0.0
0	0.0
0	0.0
0	0.0
0	0.0
0	0.0
0	0.0
0	0.0
0	0.0
0	0.0
0	0.0
0	0.0
0	0.0
0	0.0
0	0.0
0	0.0
0	0.0
0	0.0
0	0.0
0	0.0
0	0.0
0	0.0
0	0.0
0	0.0
0	0.0
0	0.0
0	0.0
0	0.0
0	0.0
0	0.0
0	0.0
0	0.0
0	0.0
0	0.0
0	0.0
0	0.0
0	0.0
0	0.0
0	0.0
0	0.0
0	0.0
0	0.0
0	0.0
0	0.0
0	0.0
0	0.0
0	0.0
0	0.0
0	0.0
0	0.0
0	0.0
0	0.0
0	0.0
0	0.0
0	0.0
0	0.0
0	0.0
0	0.0
0	0.0
0	0.0
0	0.0
0	0.0
0	0.0
0	0.0
0	0.0
0	0.0
0	0.0
0	0.0
0	0.0
0	0.0
0	0.0
0	0.0
0	0.0
0	0.0
0	0.0
0	0.0
0	0.0
0	0.0
0	0.0
0	0.0
0	0.0
0	0.0
0	0.0
0	0.0
0	0.0
0	0.0
0	0.0
0	0.0
0	0.0
0	0.0
0	0.0
0	0.0
0	0.0
0	0.0
0	0.0
0	0.0
0	0.0
0	0.0
0	0.0
0	0.0
0	0.0
0	0.0
0	0.0
0	0.0
0	0.0
0	0.0
0	0.0
0	0.0
0	0.0
0	0.0
0	0.0
0	0.0
0	0.0
0	0.0
0	0.0
0	0.0
0	0.0
0	0.0
0	0.0
0	0.0
0	0.0
0	0.0
0	0.0
0	0.0
0	0.0
0	0.0
0	0.0
0	0.0
0	0.0
0	0.0
0	0.0
0	0.0
0	0.0
0	0.0
0	0.0
0	0.0
0	0.0
0	0.0
0	0.0
0	0.0
0	0.0
0	0.0
0	0.0
0	0.0
0	0.0
0	0.0
0	0.0
0	0.0
0	0.0
0	0.0
0	0.0
0	0.0
0	0.0
0	0.0
0	0.0
0	0.0
0	0.0
0	0.0
0	0.0
0	0.0
0	0.0
0	0.0
0	0.0
0	0.0
0	0.0
0	0.0
0	0.0
0	0.0
0	0.0
0	0.0
0	0.0
0	0.0
0	0.0
0	0.0
0	0.0
0	0.0
0	0.0
0	0.0
0	0.0
0	0.0
0	0.0
0	0.0
0	0.0
0	0.0
0	0.0
0	0.0
0	0.0
0	0.0
0	0.0
0	0.0
0	0.0
0	0.0
0	0.0
0	0.0
0	0.0
0	0.0
0	0.0
0	0.0
0	0.0
0	0.0
0	0.0
0	0.0
0	0.0
0	0.0
0	0.0
0	0.0
0	0.0
0	0.0
0	0.0
0	0.0
0	0.0
0	0.0
0	0.0
0	0.0
0	0.0
0	0.0
0	0.0
0	0.0
0	0.0
0	0.0
0	0.0
0	0.0
0	0.0
0	0.0
0	0.0
0	0.0
0	0.0
0	0.0
0	0.0
0	0.0
0	0.0
0	0.0
0	0.0
0	0.0
0	0.0
0	0.0
0	0.0
0	0.0
0	0.0
0	0.0
0	0.0
0	0.0
0	0.0
0	0.0
0	0.0
0	0.0
0	0.0
0	0.0
0	0.0
0	0.0
0	0.0
0	0.0
0	0.0
0	0.0
0	0.0
0	0.0
0	0.0
0	0.0
0	0.0
0	0.0
0	0.0
0	0.0
0	0.0
0	0.0
0	0.0
0	0.0
0	0.0
0	0.0
0	0.0
0	0.0
0	0.0
0	0.0
0	0.0
0	0.0
0	0.0
0	0.0
0	0.0
0	0.0
0	0.0
0	0.0
0	0.0
0	0.0
0	0.0
0	0.0
0	0.0
0	0.0
0	0.0
0	0.0
0	0.0
0	0.0
0	0.0
0	0.0
0	0.0
0	0.0
0	0.0
0	0.0
0	0.0
0	0.0
0	0.0
0	0.0
0	0.0
0	0.0
0	0.0
0	0.0
0	0.0
0	0.0
0	0.0
0	0.0
0	0.0
0	0.0
0	0.0
0	0.0
0	0.0
0	0.0
0	0.0
0	0.0
0	0.0
0	0.0
0	0.0
0	0.0
0	0.0
0	0.0
0	0.0
0	0.0
0	0.0
0	0.0
0	0.0
0	0.0
0	0.0
0	0.0
0	0.0
0	0.0
0	0.0
0	0.0
0	0.0
0	0.0
0	0.0
0	0.0
0	0.0
0	0.0
0	0.0
0	0.0
0	0.0
0	0.0
0	0.0
0	0.0
0	0.0
0	0.0
0	0.0
0	0.0
0	0.0
0	0.0
0	0.0
0	0.0
0	0.0
0	0.0
0	0.0
0	0.0
0	0.0
0	0.0
0	0.0
0	0.0
0	0.0
0	0.0
0	0.0
0	0.0
0	0.0
0	0.0
0	0.0
0	0.0
0	0.0
0	0.0
0	0.0
0	0.0
0	0.0
0	0.0
0	0.0
0	0.0
0	0.0
0	0.0
0	0.0
0	0.0
0	0.0
0	0.0
0	0.0
0	0.0
0	0.0
0	0.0
0	0.0
0	0.0
0	0.0
0	0.0
0	0.0
0	0.0
0	0.0
0	0.0
0	0.0
0	0.0
0	0.0
0	0.0
0	0.0
0	0.0
0	0.0
0	0.0
0	0.0
0	0.0
0	0.0
0	0.0
0	0.0
0	0.0
0	0.0
0	0.0
0	0.0
0	0.0
0	0.0
0	0.0
0	0.0
0	0.0
0	0.0
0	0.0
0	0.0
0	0.0
0	0.0
0	0.0
0	0.0
0	0.0
0	0.0
0	0.0
0	0.0
0	0.0
0	0.0
0	0.0
0	0.0
0	0.0
0	0.0
0	0.0
0	0.0
0	0.0
0	0.0
0	0.0
0	0.0
0	0.0
0	0.0
0	0.0
0	0.0
0	0.0
0	0.0
0	0.0
0	0.0
0	0.0
0	0.0
0	0.0
0	0.0
0	0.0
0	0.0
0	0.0
0	0.0
0	0.0
0	0.0
0	0.0
0	0.0
0	0.0
0	0.0
0	0.0
0	0.0
0	0.0
0	0.0
0	0.0
0	0.0
0	0.0
0	0.0
0	0.0
0	0.0
0	0.0
0	0.0
0	0.0
0	0.0
0	0.0
0	0.0
0	0.0
0	0.0
0	0.0
0	0.0
0	0.0
0	0.0
0	0.0
0	0.0
0	0.0
0	0.0
0	0.0
0	0.0
0	0.0
0	0.0
0	0.0
0	0.0
0	0.0
0	0.0
0	0.0
0	0.0
0	0.0
0	0.0
0	0.0
0	0.0
0	0.0
0	0.0
0	0.0
0	0.0
0	0.0
0	0.0
0	0.0
0	0.0
0	0.0
0	0.0
0	0.0
0	0.0
0	0.0
0	0.0
0	0.0
0	0.0
0	0.0
0	0.0
