2	0.22179270952618962
5	0.29078862867532407
6	0.022637457195502343
7	0.2911460378505732
8	0.7461649079168118
9	0.49829732010482003
10	0.03279337045641693
11	0.1989508312398418
12	0.5134872831892011
15	0.5105807926385932
17	0.526566657969582
18	0.28335384476578523
19	0.02397041797321678
20	0.5195462125622218
22	0.25289630457578677
24	0.041909739182040606
26	0.2023806884348664
27	0.3798093475451219
28	0.5252141199269305
29	0.0005492411155397642
30	0.011774718019698704
31	0.03582802478982469
32	0.9946949484420015
33	0.033146734319442345
34	0.18017467789574962
35	0.28655093857545477
36	0.29300641740184297
37	0.48896489376430086
39	0.22564244433189043
40	0.023877890242967256
41	0.5603299059925784
42	0.060545718451557456
43	0.03434143600068026
44	0.03861154316245219
45	0.7636881573551972
46	0.5031323821900838
47	0.04588344375868075
48	0.26606854272637465
51	0.7849326958091762
52	0.7815515309560895
53	0.25639844159522596
54	0.5304519562100697
55	0.7610362733861851
56	0.3186375943414751
57	0.5327017467907029
59	0.06083347598578598
60	0.27958984932775716
61	0.14385569176162458
62	0.03862545029591907
63	0.21381593735461146
64	0.012080093825563493
65	0.2183950835848831
66	0.24710528426933825
67	0.4874817871361251
68	0.7513322884852704
69	0.28165533388044695
70	0.3012252454122341
71	0.5174543991181918
73	0.058735442150695316
74	0.005399223054551167
75	0.4671888364523195
76	0.5135898807979776
78	0.5005838535382432
79	0.49580661188216707
80	0.32238876770498304
81	0.5478597308958423
83	0.4662338173857698
84	0.5113814478638518
86	0.36965318570373346
87	0.5489575453538158
88	0.28376945166104633
89	0.2821278292143037
91	0.2811207017116496
92	0.26726371834117013
93	0.3880639449015248
95	0.029366072921947192
96	0.2547453273582724
98	0.21800648540010242
99	0.5261758359122641
100	0.25202706940582204
101	0.7281568417767763
102	0.48903973335305584
103	0.4397689265507586
104	0.36928695836749964
106	0.47013823039288183
109	0.2794641497802203
110	0.024445238112383767
111	0.2240488420297997
112	0.2456849986929041
113	0.23070300924854606
114	0.48678092305028803
117	0.5099691649335784
118	0.5194392555120858
119	0.2893987775239273
120	0.07942276426279032
121	0.04944316212464736
122	0.48308493697600413
123	0.023728269801844025
124	0.2581448052844203
125	0.5083620927985817
126	0.46981407912808903
127	0.4699715686135683
128	0.7549981301785939
129	0.0249293298131048
131	0.4643332791886561
133	0.7100007000083826
134	0.4618594064634068
135	0.22823472841581274
136	0.04434406817305589
137	0.49220983699194726
138	0.26986394004025427
139	0.08026637866025206
140	0.030829400622358206
141	0.406100684018187
142	0.5136849880189005
143	0.013591772599932543
145	0.04559184384135938
147	0.5031146869071832
148	0.24212094702889025
149	0.453240719434766
150	0.017702804688386864
151	0.03541836551179989
152	0.5299522998672324
153	0.057989605037339506
154	0.2740708417475584
155	0.45246053887325205
156	0.27069331470757657
157	0.761525019727093
158	0.21980894959070563
159	0.4932195779018812
160	0.006162427347308194
161	0.1701641941681859
162	7.616049677426975e-05
163	0.5335112495861097
165	0.23985850008074525
166	0.28190958577736275
167	0.06461572692295078
168	0.04996125192547554
169	0.49705820031061027
170	0.47719071698911913
171	0.25511448535826575
173	0.0032512821504347665
174	0.29014443484188074
175	0.2651637931553746
176	0.0038111798128879076
177	0.039253663807333056
178	0.2652261387584437
180	0.5251665059021287
182	0.038927753326435194
185	0.18761119483419925
186	0.18661585934410027
187	0.4701068737750167
188	0.26180283859668657
189	0.023788443735263037
190	0.6763187396597077
191	0.44781261895355584
193	0.29732695007318444
194	0.28987043827279674
196	0.1917073299817535
197	0.6938023747726284
198	0.018007191799914234
199	0.5222236576213309
200	0.005284460571922639
202	0.05743367250807714
203	0.19303043334651135
204	0.509530836337365
207	0.026446704146726823
208	0.20272731143425948
211	0.2807312153751904
212	0.3336031423132127
215	0.23106283927424465
216	0.054818108860086215
218	0.06598979054301365
219	0.47580731882943306
220	0.06703994219566307
222	0.023314425627888827
224	0.2524648755365594
227	0.005871846824292554
228	0.5573230648674485
229	0.45049593565147367
230	0.04113756209293232
231	0.7736180459921553
233	0.5325832046523118
234	0.028629094306099605
235	0.06939399881778564
238	0.31141177643285683
239	0.009127018931394424
240	0.043944207624654175
241	0.5814398580567887
242	0.2702796850721617
243	0.01738984900221444
245	0.2602114199555998
246	0.5084848182862435
247	0.5240746117289269
248	0.028779565410503947
249	0.24444255295089656
251	0.01836996786934764
252	0.252821295069702
253	0.020602430617718544
254	0.7519414067215421
257	0.7251647153917155
258	0.5554375677751645
260	0.3349782378775299
261	0.5196169020908772
262	0.02285585620586093
264	0.27706931458119516
266	0.14282770536906242
267	0.013301224052790106
268	0.2826483187995487
270	0.01629459575008157
271	0.03769326729920594
273	0.4790665484549874
274	0.30905058333243096
275	0.7755468892000272
276	0.25088666787629854
277	0.19736185101995976
278	0.5023404190206637
279	0.02255518968105926
281	0.5593056441005918
282	0.21594948905471953
287	0.4510193405401833
289	0.6277992012166982
290	0.006433976736536243
291	0.23749237091146252
292	0.021440046999352074
294	0.4759368884594274
296	0.2582404375099975
298	0.041757934831265074
299	0.27712797514243037
300	0.13811426409551542
301	0.5317802156456756
302	0.5654070296418794
304	0.25659881097149473
306	0.7598320539546574
307	0.011427398260701067
309	0.2863729852066798
310	0.728112705782278
313	0.030236650084205677
314	0.2858291610353935
316	0.23039272669684244
317	0.25360023177935737
319	0.013264805711995314
320	0.028881214067537152
322	0.06136604188523513
323	0.3106961972674404
325	0.2609836501689195
326	0.3008248886736985
328	0.047002120170837075
329	0.24441172099154476
330	0.48776791265155284
331	0.22371600118442378
332	0.26885470473456086
333	0.27742582163930946
336	0.7928762735555206
337	0.5018093857114139
338	0.21148424128902907
341	0.248952452626804
343	0.012461598891368532
345	0.25879647703378933
346	0.29333081811971373
347	0.032727193196191995
348	0.5247846683204456
349	0.30480630058816804
351	0.00069756656999179
352	0.5487756306008402
353	0.2878425706714207
356	0.2953867678512287
357	0.2859674976708582
358	0.014743317922728351
359	0.49458474806308067
360	0.0158029901267717
361	0.29620824032171733
362	0.22308783157735984
363	0.27593651749431247
366	0.2553494746987529
367	0.513506136913754
368	0.4820010677611666
369	0.9959568586586243
371	0.01765932918315429
372	0.21780517371582395
374	0.006294562860453254
375	0.28207475101275864
376	0.5332678737616696
377	0.20226225936981893
378	0.03250590735938359
381	0.013280606156028694
383	0.25325973630925613
386	0.2738106549352848
387	0.033797638982709405
388	0.002503148999535538
389	0.04196491767812083
393	0.5193620122863832
394	0.25015408657690463
395	0.2710001366805409
396	0.49970690476743407
398	0.039024121984106055
400	0.5115884076635419
403	0.2956452300827272
409	0.2749832891564457
410	0.535868068335153
412	0.28348210722220435
413	0.7659066760489706
414	0.0052111717376370145
415	0.2731842859568029
416	0.23201406700057062
417	0.06137087899938947
418	0.33170982851157343
419	0.4866864190297506
420	0.2646855902168065
421	0.3191647396201901
422	0.0362261591947997
423	0.27708872757107955
426	0.25843331561032556
429	0.04454704378056657
431	0.28459337226692266
432	0.5187820794527499
434	0.0054902895251768245
435	0.27532152541288796
438	0.2832145103853684
439	0.49075752201821615
440	0.5258529534250242
441	0.5262977495506058
442	0.006623479401103451
443	0.2819155540503502
446	0.07224119036740105
447	0.02080718920672924
448	0.19308680545811863
449	0.5364368267194821
450	0.2744534239423615
451	0.016592822132335705
452	0.017919023528048063
453	0.2579144615062438
454	0.27007049804583455
455	0.02325062457297808
456	0.2557157009354078
457	0.03330244431196603
459	0.28406753474316027
460	0.022048330443011816
461	0.31633771418750295
465	0.017944497584777022
466	0.3150771012880938
468	0.2500346359826207
469	0.04045889011516452
470	0.7421486842164611
471	0.47335397733499096
472	0.5168131504282905
473	0.2593185839152813
474	0.28007320943895553
476	0.24957540739733583
477	0.21708061691861427
479	0.018336060214754025
481	0.4813579309631333
482	0.5390187761958747
483	0.7651794642515688
484	0.536844420282902
487	0.2649864161390466
488	0.5259445975106324
489	0.2364860932464673
490	0.04876998314091971
492	0.5158122062602836
494	0.2526323642468727
495	0.26959036679787135
496	0.27631032619155604
497	0.26436401710546276
502	0.2721619506746978
504	0.04489224669260549
505	0.2800967974901465
506	0.05510694174546462
507	0.022154360004596432
509	0.4159719501249291
510	0.2682200845639073
511	0.3322573142287878
512	0.2818518312695518
513	0.5205004529287833
514	0.034163097378627424
515	0.28853045368391494
516	0.0027239362282191933
517	0.5499359534483315
518	0.2563410503226297
519	0.2736189674938503
520	0.5377070080366352
521	0.2723851249067428
523	0.25956087824642426
525	0.02514872478212185
528	0.29869443776232274
529	0.01761468353616342
530	0.0032353091965964254
531	0.25629153948861855
532	0.031167847611529027
533	0.5384765994968178
534	0.02961166079212796
536	0.5230331844542714
537	0.25244478501303874
540	0.5103691299182063
544	0.4157229000839649
545	0.26743773874906435
546	0.5288502086734902
547	0.23199866281510195
548	0.003925904446170303
549	0.04558941228025046
550	0.5279912784147263
551	0.006400425520547391
552	0.7447010821196094
555	0.21948483971276275
556	0.28685820408495855
557	0.28810805142160495
559	0.4910618252434269
561	0.012530784109923795
563	0.9952197592011286
564	0.28121518452945843
565	0.5201849134054058
566	0.0007083618256591186
568	0.06267408479827394
570	0.1600579657594932
571	0.25726456546321813
573	0.02866665709235796
574	0.009001244362717552
575	0.25558998904804275
576	0.5364650712556609
577	0.022360528261380075
578	0.5260712036743858
580	0.45939658010971296
582	0.48987320916041477
583	0.03688180442564738
584	0.27363991675684113
586	0.022604728650724333
587	0.0493441319799055
588	0.015620111272306943
590	0.2642277080981555
592	0.032537690680004346
593	0.5228587721767779
594	0.5034270030751956
596	0.5149046654289577
597	0.24237452793690953
598	0.26662256128771494
600	0.0499586490937194
601	0.23743719642129318
602	0.27269663753722173
603	0.20983155081582913
604	0.2062818641206336
605	0.01619612559204701
609	0.6380791230119836
610	0.022806126858167085
611	0.2767521493378712
612	0.4622623733993833
613	0.04352248283958795
615	0.24444875401727692
616	0.7472799571712598
618	0.28572436627628284
619	0.538826536594018
620	0.7564312853104145
621	0.2617610571368787
622	0.25966974185922553
623	0.49740713800774744
625	0.050601068789988136
626	0.23553087596755445
627	0.08172888872374244
629	0.2493052576267459
631	0.0052791924701565685
632	0.30721401426055306
633	0.013004302082511899
634	0.05085132784433927
636	0.258390538016992
637	0.041523644252838054
640	0.029376194912700188
642	0.5332966949677442
644	0.5528668677652063
645	0.03599387674953146
646	0.6922553577879177
648	0.2676999798658022
650	0.042601773492392025
651	0.25715844868184023
653	0.281698257798399
654	0.2605892146570511
655	0.035569289955439204
656	0.19207732585647558
657	0.2788184263231694
660	0.5092951749858574
661	0.029844447773201777
662	0.19920666074010798
663	0.5183500949415668
666	0.03874249444825273
667	0.06690237921925411
671	0.2256294138427116
672	0.5081725628317374
673	0.3217867386376128
674	0.2479897276559656
675	0.5673543266959598
679	0.7571309619977853
680	0.2811087630693828
681	0.7214581022255018
682	0.06197224307601824
684	0.5356503956786094
687	0.22491390882685613
688	0.2572480369637546
689	0.7597768890547602
690	0.0015950274067054668
691	0.2605868022075914
692	0.04271407263003856
694	0.5333414034639893
695	0.2606789567185053
696	0.017425002794228244
697	0.47639979860403087
698	0.7417877414289912
699	0.033042058201988654
700	0.5430092879102765
701	0.7746884405762648
702	0.4592613374771464
703	0.534953988946841
705	0.2765117559108186
706	0.49348685401420206
708	0.7759395750118747
709	0.2752004281426789
712	0.5153902905076632
714	0.544584159589949
715	0.2699645094297924
716	0.24408841586417387
717	0.0017002880096588895
718	0.4417949603891307
719	0.02120565679110855
720	0.046445190681075985
721	0.03618908219985221
722	0.4916694529200298
723	0.7743522380031631
725	0.46623829650415355
726	0.13397077183575418
727	0.012163359016547401
728	0.25453629334727546
729	0.19004605156992582
730	0.2604625413780785
731	0.246557172265325
732	0.27748020325381484
733	0.03507124926016984
735	0.055206619934268945
736	0.0463975329312954
737	0.05769932263755537
738	0.24231567691592634
739	0.011613656566049797
741	0.022035914692383342
746	0.061378286271963706
749	0.030483016022580398
750	0.4873604744957653
751	0.06854332609415767
754	0.48245528538842597
755	0.03992057146144435
756	0.021448065117040793
757	0.039636000438327046
759	0.005318908686280752
760	0.17701012773558047
761	0.24359085055921714
762	0.5054808885857535
765	0.26339749645555616
766	0.27990978927001703
769	0.2534745180956954
772	0.5034509967284394
773	0.04325574735670806
774	0.10713511663835473
775	0.25057434810118123
776	0.48577844475952675
777	0.053567142177787096
779	0.01695060752666508
780	0.0323378222094391
781	0.5007593647732141
783	0.23384812328088475
784	0.011811906341572385
785	0.5589040246716943
786	0.020428694088558
787	0.26862819862110715
788	0.2803326614251607
789	0.2776441393441388
790	0.20563005955122227
791	0.5544592945821866
792	0.29353971247590244
793	0.0032313400932869572
794	0.22236047235236728
796	0.24356099659113475
797	0.6309679664927759
798	0.2999595768492988
799	0.514842599174907
801	0.23201043207947336
802	0.3123372501395073
803	0.06831654031904874
804	0.29577784771611954
807	0.290130059521817
810	0.2597473679614159
811	0.5616644708083024
813	0.2587646238431648
814	0.019349809900583183
815	0.27059961655228687
816	0.2434048434625148
818	0.2092423137150331
819	0.020893757275170486
823	0.025840709017792653
825	0.5259131910368688
826	0.4717332488007327
828	0.2364766963611957
829	0.04819485903326597
830	0.2402962037533033
831	0.506975738208315
832	0.7630920580319248
834	0.7580269873675421
835	0.02192848878672285
836	0.012870307752501451
837	0.23885656209452913
838	0.24267779201389733
839	0.026685270259776406
842	0.20953615349650415
843	0.04095158093057566
844	0.26723510213218227
845	0.28656885186202796
847	0.49230530631328745
848	0.003781269011180949
849	0.2965138060639099
850	0.26965182858524633
851	0.28744943080146973
852	0.051718215657201916
855	0.19925425490383955
856	0.24436297615171496
857	0.35375123314211754
858	0.25544862892519354
859	0.025138353016367805
860	0.49511382193352615
862	0.5253136603664019
863	0.3003028418954856
864	0.03633039181522306
866	0.09852076089833332
867	0.2436270555650528
868	0.2645210396390219
869	0.036940753549318986
871	0.2508235751491559
872	0.534978457143038
873	0.23551771703285843
874	0.025300384466258537
875	0.2619419774934983
876	0.7217362523450064
877	0.29426595453901366
878	0.04329773856475858
879	0.4858023717804358
880	0.031207317823013926
881	0.28760490145523654
882	0.0347054952905005
884	0.25309474654008846
885	0.1857362963467336
886	0.03280264489460186
888	0.472763604583833
889	0.26742604788568825
891	0.2438384876228226
892	0.04457525983387488
893	0.28597932274657695
895	0.5497619382799286
896	0.015938087512958814
897	0.03720161210218656
900	0.21766324311930713
902	0.048254758445634996
903	0.0382333601035304
906	0.2791357877550262
908	0.03742702881486553
909	0.22968596143763434
914	0.1741596735697708
915	0.4883335818210404
916	0.2125689733207219
917	0.24062535178354466
920	0.4914541108622442
921	0.48481641430397776
922	0.21559532865917902
923	0.26142394455160983
924	0.023898414031872917
925	0.0042650089621728456
926	0.25289497733022936
927	0.279790811460725
930	0.2829012171906693
932	0.026203132633846715
933	0.046687822864900336
934	0.0012978394581696154
935	0.5137156267685143
936	0.2734160323902161
937	0.009400935550419605
938	0.022325631944456692
939	0.5299512118493169
941	0.27002559454067077
942	0.27072253569698485
0	0.0
0	0.0
0	0.0
0	0.0
0	0.0
0	0.0
0	0.0
0	0.0
0	0.0
0	0.0
0	0.0
0	0.0
0	0.0
0	0.0
0	0.0
0	0.0
0	0.0
0	0.0
0	0.0
0	0.0
0	0.0
0	0.0
0	0.0
0	0.0
0	0.0
0	0.0
0	0.0
0	0.0
0	0.0
0	0.0
0	0.0
0	0.0
0	0.0
0	0.0
0	0.0
0	0.0
0	0.0
0	0.0
0	0.0
0	0.0
0	0.0
0	0.0
0	0.0
0	0.0
0	0.0
0	0.0
0	0.0
0	0.0
0	0.0
0	0.0
0	0.0
0	0.0
0	0.0
0	0.0
0	0.0
0	0.0
0	0.0
0	0.0
0	0.0
0	0.0
0	0.0
0	0.0
0	0.0
0	0.0
0	0.0
0	0.0
0	0.0
0	0.0
0	0.0
0	0.0
0	0.0
0	0.0
0	0.0
0	0.0
0	0.0
0	0.0
0	0.0
0	0.0
0	0.0
0	0.0
0	0.0
0	0.0
0	0.0
0	0.0
0	0.0
0	0.0
0	0.0
0	0.0
0	0.0
0	0.0
0	0.0
0	0.0
0	0.0
0	0.0
0	0.0
0	0.0
0	0.0
0	0.0
0	0.0
0	0.0
0	0.0
0	0.0
0	0.0
0	0.0
0	0.0
0	0.0
0	0.0
0	0.0
0	0.0
0	0.0
0	0.0
0	0.0
0	0.0
0	0.0
0	0.0
0	0.0
0	0.0
0	0.0
0	0.0
0	0.0
0	0.0
0	0.0
0	0.0
0	0.0
0	0.0
0	0.0
0	0.0
0	0.0
0	0.0
0	0.0
0	0.0
0	0.0
0	0.0
0	0.0
0	0.0
0	0.0
0	0.0
0	0.0
0	0.0
0	0.0
0	0.0
0	0.0
0	0.0
0	0.0
0	0.0
0	0.0
0	0.0
0	0.0
0	0.0
0	0.0
0	0.0
0	0.0
0	0.0
0	0.0
0	0.0
0	0.0
0	0.0
0	0.0
0	0.0
0	0.0
0	0.0
0	0.0
0	0.0
0	0.0
0	0.0
0	0.0
0	0.0
0	0.0
0	0.0
0	0.0
0	0.0
0	0.0
0	0.0
0	0.0
0	0.0
0	0.0
0	0.0
0	0.0
0	0.0
0	0.0
0	0.0
0	0.0
0	0.0
0	0.0
0	0.0
0	0.0
0	0.0
0	0.0
0	0.0
0	0.0
0	0.0
0	0.0
0	0.0
0	0.0
0	0.0
0	0.0
0	0.0
0	0.0
0	0.0
0	0.0
0	0.0
0	0.0
0	0.0
0	0.0
0	0.0
0	0.0
0	0.0
0	0.0
0	0.0
0	0.0
0	0.0
0	0.0
0	0.0
0	0.0
0	0.0
0	0.0
0	0.0
0	0.0
0	0.0
0	0.0
0	0.0
0	0.0
0	0.0
0	0.0
0	0.0
0	0.0
0	0.0
0	0.0
0	0.0
0	0.0
0	0.0
0	0.0
0	0.0
0	0.0
0	0.0
0	0.0
0	0.0
0	0.0
0	0.0
0	0.0
0	0.0
0	0.0
0	0.0
0	0.0
0	0.0
0	0.0
0	0.0
0	0.0
0	0.0
0	0.0
0	0.0
0	0.0
0	0.0
0	0.0
0	0.0
0	0.0
0	0.0
0	0.0
0	0.0
0	0.0
0	0.0
