5	0.25845455814849616
7	0.01926507451287131
11	0.07057563607199246
13	0.23541858984348207
14	0.2487860734318521
15	0.0073354573051440265
16	0.3658198579677005
19	0.1463687479900026
21	0.05273659300795631
23	0.3131921928168468
24	0.2899555544340857
25	0.3155210442023282
26	0.035446643503490104
30	0.35964124024202904
34	0.10823913290228884
35	0.30343086618546516
36	0.32091452108040375
38	0.34055501347230377
41	0.33588412724191735
42	0.3699709236639651
43	0.022198916649507267
49	0.3119466993833604
52	0.05048908858173416
53	0.04923847419219444
54	0.0051587801924074805
61	0.2613739513287569
62	0.325345716362415
72	0.6299108540761406
73	0.006326417769361499
75	0.025056962021001244
77	0.3959604746906614
81	0.052660748744587545
85	0.37075092369175877
86	0.020842232167367664
88	0.030450790215832628
89	0.36934685826670116
92	0.020424012096335695
93	0.4595829556610246
95	0.04429276534471537
96	0.06914555641679623
97	0.6024355240333686
99	0.3667879219964429
100	0.006587921686896125
106	0.03899592363300258
108	0.31616848191202807
110	0.33020868295715344
111	0.049067459872499705
116	0.06682050252512604
120	0.35206345231775876
121	0.635893869280592
123	0.4076432139934091
125	0.0628707098353645
130	0.37375600427534933
131	0.00702190645923597
134	0.4295432355784908
140	0.31872216452602015
141	0.04119143894943673
144	0.3686442794811404
146	0.10326376328994569
147	0.08857536451342735
150	0.058655407291299214
151	0.30438763593124507
153	0.0044620347209287856
158	0.04821279497639135
159	0.0011558299296435016
162	0.41924813251372495
165	0.042804767105709546
166	0.007928739263228395
168	0.33457265023591987
170	0.028002014112356696
175	0.0909708183308913
176	0.08550741899886873
178	0.02097714609394296
179	0.6496198701262925
182	0.32911058228288176
184	0.621732981741523
185	0.11096639277194292
186	0.008514358594035196
187	0.0835036170935105
189	0.06252289062959512
193	0.36907338660178274
200	0.005297332368245578
201	0.6055692018906191
202	0.29323224951172516
203	0.04404944529304811
205	0.07459806870691207
206	0.44808656603143626
209	0.461583222027308
211	0.05406490159306265
212	0.03103736973384483
214	0.3641704371228857
215	0.09089459706380972
221	0.01945334296270766
223	0.39010119296769163
224	0.3353281385440355
226	0.002585818986311987
228	0.18649917956707546
230	0.05781979844131289
232	0.32375162724687384
234	0.2839332530867003
235	0.3516619669825835
236	0.39381235962001016
237	0.06405010182768173
238	0.2646779098660675
242	0.290811171912059
243	0.6756356720164477
244	0.02074207403029421
245	0.03666688152373815
250	0.40225537445893067
251	0.36893688696471416
252	0.6536451690674737
253	0.633744924605926
255	0.1224946014152187
256	0.39040093366855244
265	0.4107015833843252
267	0.26613718817935905
269	0.5892670887316835
270	0.0825491372499606
271	0.265773384529623
273	0.026064234974931412
276	0.009998238218324658
279	0.011811718396846561
280	0.3552982549798184
285	0.008229051944524654
286	0.2910439341750298
290	0.030774610760440572
291	0.2818838637263797
292	0.3044563877858504
293	0.009317699469628302
294	0.4259668066316703
295	0.0492105438966479
296	0.28313305993350074
298	0.31966543913809786
303	0.2617841351871509
304	0.020673210590876474
305	0.06934426462130656
307	0.3965021532660092
308	0.25816087347308353
311	0.248028417183632
314	0.38365717985732667
316	0.35213919832722196
321	0.41228992178999374
323	0.34676477941569733
324	0.35748985629635005
325	0.013736223442069843
327	0.38894175867133535
328	0.020203074532987364
329	0.306772054203907
337	0.1245333531022117
339	0.2697170505265641
340	0.3695897823125611
342	0.3623839636610162
343	0.004279808820644923
344	0.33292596932352925
345	0.012776216729363963
347	0.22881838383039207
350	0.3434837741088609
357	0.05298115554380716
358	0.669767740222683
359	0.027498926243919627
363	0.3527083884035004
365	0.36337186845956265
370	0.27794189243014067
371	0.057278257806271805
373	0.35696968342809104
378	0.019432483924762392
380	0.2685167838064648
382	0.34471535680938203
383	0.07276603250189215
385	0.2885009501896514
388	0.012955612144373633
390	0.6318741276073777
392	0.06372262747387929
398	0.021726870276216528
400	0.06756795542564033
402	0.3705113236249017
403	0.31186477566151677
404	0.36006129941634835
406	0.3735847851194093
407	0.2738884216920255
411	0.2701501503662366
422	0.03633475970847767
423	0.09122976196874628
424	0.028995570820350387
427	0.014859951552683128
428	0.6094667386807857
430	0.3653887083465858
434	0.06801045271970778
437	0.3417545594423664
438	0.3503874647144763
441	0.3559919026360481
450	0.27412662925681275
451	0.012952963003438449
454	0.027048001213957337
457	0.00044724449861426735
458	0.6124502996705983
459	0.00417930573460186
461	0.020096800108666754
463	0.017079142476352505
465	0.28205686183518497
467	0.3046798676563037
468	0.3830984978179825
475	0.2906743629942769
478	0.07185106188917133
480	0.6928675610758468
485	0.49694613665384374
486	0.234777485199413
487	0.013637562281427547
491	0.3095300421144876
493	0.0021364909079634314
495	0.0014381264017059928
497	0.022266055351337268
500	0.27768368755085204
501	0.329258034206904
503	0.38539545233210915
508	0.6772286934812536
514	0.027666972398333208
515	0.025078618816082133
516	0.2886387211945626
523	0.01745782331713023
525	0.4321553985084101
526	0.06644056915682185
532	0.005999830663970418
534	0.014155437937748424
535	0.037973437139550745
536	0.008969456621307471
538	0.29432086792432416
539	0.10619186782337521
543	0.30707581913934356
549	0.3130429491074807
551	0.2773061885939139
555	0.05564733630558832
557	0.054444008911434576
562	0.3327472609088331
569	0.368014601793308
571	0.2837063956023779
572	0.04604645012911895
575	0.009212599297782427
576	0.012512777836355196
579	0.5880447773824077
581	0.03493874036219881
584	0.3718937008612417
586	0.2766922344794157
589	0.44132508106225515
597	0.29734182026232486
599	0.37532635350635385
603	0.05585060836579438
605	0.3796630573765561
606	0.007942681187138166
612	0.03699380396218749
614	0.5059846750102948
618	0.018703581879238703
625	0.26626931671363047
629	0.07022130318110265
630	0.0002912176968475795
633	0.3228530630455005
635	0.6319028638412563
637	0.6402968284750925
640	0.29905322504970533
641	0.6237243985531357
643	0.37379541433803576
645	0.002536950255260335
647	0.00864256936154515
649	0.7085777359787795
652	0.29945445158839845
653	0.30000763688033716
654	0.2546795780326668
657	0.038970574582269366
658	0.6740905140916815
659	0.09007011892670125
661	0.007231862978565803
664	0.2739800352594142
665	0.3811146759070985
666	0.26094991380874966
668	0.36113882845892936
669	0.647097249565329
674	0.24451266483851505
676	0.37547018145362915
677	0.2935089323670874
678	0.46077481855668
680	0.40186451410647017
682	0.022198175974777072
683	0.35714127542766194
684	0.002379179474744428
688	0.06356130277707349
690	0.33789868804134726
691	0.042106133080495156
692	0.35873243486982337
693	0.010267489222341615
700	0.046595783931156716
702	0.40536949936076605
704	0.3202922407873353
705	0.016917122512374393
706	0.36249644473133724
709	0.016216848862055953
711	0.0007843479434766834
713	0.2886476865051584
715	0.39253730114659446
718	0.03284627647540928
722	0.36769528124640855
724	0.44808656603143626
726	0.43126977578264647
730	0.41063432381466003
732	0.09287933612826821
734	0.27370713876236274
735	0.6318741276073777
736	0.4429913748336034
742	0.6202123119414185
743	0.24420912367468106
744	0.596199481653525
745	0.018895074906194475
746	0.0038439571755564967
747	0.0011338770256618252
748	0.2735846566999154
749	0.2751040683073171
750	0.08822491351085043
751	0.33909151482116884
752	0.2873745779400498
753	0.4135735481593826
755	0.6559352873463358
756	0.2888424454224949
757	0.6019490210623326
759	0.6691456276089991
760	0.401735795886971
763	0.3377260508615261
764	0.37396695673210223
765	0.05762888868552929
767	0.36961378702267683
768	0.6602409267615705
769	0.4065118883448965
770	0.05851301025995058
771	0.6433532574169251
773	0.00353528025586281
777	0.33337412287403995
779	0.35829601720369697
780	0.04976566205133987
782	0.27312105860218844
784	0.0695940396488292
786	0.06468857384977279
787	0.08227078827413965
792	0.36135009110773303
793	0.3852282168303624
795	0.3400990412213354
799	0.045882146226136414
800	0.27667861208843764
803	0.035369379226985576
806	0.3944918972135514
817	0.3755592443873604
820	0.18231098132331944
822	0.2705869215412414
824	0.048709030688654335
829	0.27667861208843764
831	0.39963799402161404
833	0.38145172453690196
837	0.35095530276701165
838	0.3140909163069241
839	0.3893717031557623
840	0.6196681202455165
845	0.08063961850202983
849	0.3680146017933081
850	0.014387874455511892
852	0.34878546149437883
853	0.31440097536084244
854	0.07381964212875602
857	0.004119650729304248
861	0.11156549321221258
862	0.008204694175191936
868	0.012322800720233151
869	0.35600146767293883
870	0.35960593261148566
873	0.010728880124550071
877	0.36679847034833346
883	0.6003235414255599
885	0.02310255863138712
886	0.017049231884727914
887	0.28230212785234454
888	0.012012751243383966
893	0.3652158343378208
894	0.3717565747399561
895	0.3499323754768083
896	0.0033124323048398813
897	0.004491131984972613
899	0.2521114928530439
901	0.2620654756427354
902	0.0604681892267817
903	0.2926705923688748
906	0.06460986049175427
908	0.04744189083590219
909	0.10541035559829448
910	0.44892598079978946
912	0.35699144060710336
919	0.042092405201096084
922	0.37249649712957544
924	0.41750561436579875
928	0.37192580706034245
931	0.3373223578259577
932	0.2827954266075964
933	0.2619881978293868
936	0.2681021395301981
937	0.32511971463570544
938	0.0018009636567384892
940	0.6702389166802507
941	0.6241291402177312
942	0.015354363062054066
0	0.0
0	0.0
0	0.0
0	0.0
0	0.0
0	0.0
0	0.0
0	0.0
0	0.0
0	0.0
0	0.0
0	0.0
0	0.0
0	0.0
0	0.0
0	0.0
0	0.0
0	0.0
0	0.0
0	0.0
0	0.0
0	0.0
0	0.0
0	0.0
0	0.0
0	0.0
0	0.0
0	0.0
0	0.0
0	0.0
0	0.0
0	0.0
0	0.0
0	0.0
0	0.0
0	0.0
0	0.0
0	0.0
0	0.0
0	0.0
0	0.0
0	0.0
0	0.0
0	0.0
0	0.0
0	0.0
0	0.0
0	0.0
0	0.0
0	0.0
0	0.0
0	0.0
0	0.0
0	0.0
0	0.0
0	0.0
0	0.0
0	0.0
0	0.0
0	0.0
0	0.0
0	0.0
0	0.0
0	0.0
0	0.0
0	0.0
0	0.0
0	0.0
0	0.0
0	0.0
0	0.0
0	0.0
0	0.0
0	0.0
0	0.0
0	0.0
0	0.0
0	0.0
0	0.0
0	0.0
0	0.0
0	0.0
0	0.0
0	0.0
0	0.0
0	0.0
0	0.0
0	0.0
0	0.0
0	0.0
0	0.0
0	0.0
0	0.0
0	0.0
0	0.0
0	0.0
0	0.0
0	0.0
0	0.0
0	0.0
0	0.0
0	0.0
0	0.0
0	0.0
0	0.0
0	0.0
0	0.0
0	0.0
0	0.0
0	0.0
0	0.0
0	0.0
0	0.0
0	0.0
0	0.0
0	0.0
0	0.0
0	0.0
0	0.0
0	0.0
0	0.0
0	0.0
0	0.0
0	0.0
0	0.0
0	0.0
0	0.0
0	0.0
0	0.0
0	0.0
0	0.0
0	0.0
0	0.0
0	0.0
0	0.0
0	0.0
0	0.0
0	0.0
0	0.0
0	0.0
0	0.0
0	0.0
0	0.0
0	0.0
0	0.0
0	0.0
0	0.0
0	0.0
0	0.0
0	0.0
0	0.0
0	0.0
0	0.0
0	0.0
0	0.0
0	0.0
0	0.0
0	0.0
0	0.0
0	0.0
0	0.0
0	0.0
0	0.0
0	0.0
0	0.0
0	0.0
0	0.0
0	0.0
0	0.0
0	0.0
0	0.0
0	0.0
0	0.0
0	0.0
0	0.0
0	0.0
0	0.0
0	0.0
0	0.0
0	0.0
0	0.0
0	0.0
0	0.0
0	0.0
0	0.0
0	0.0
0	0.0
0	0.0
0	0.0
0	0.0
0	0.0
0	0.0
0	0.0
0	0.0
0	0.0
0	0.0
0	0.0
0	0.0
0	0.0
0	0.0
0	0.0
0	0.0
0	0.0
0	0.0
0	0.0
0	0.0
0	0.0
0	0.0
0	0.0
0	0.0
0	0.0
0	0.0
0	0.0
0	0.0
0	0.0
0	0.0
0	0.0
0	0.0
0	0.0
0	0.0
0	0.0
0	0.0
0	0.0
0	0.0
0	0.0
0	0.0
0	0.0
0	0.0
0	0.0
0	0.0
0	0.0
0	0.0
0	0.0
0	0.0
0	0.0
0	0.0
0	0.0
0	0.0
0	0.0
0	0.0
0	0.0
0	0.0
0	0.0
0	0.0
0	0.0
0	0.0
0	0.0
0	0.0
0	0.0
0	0.0
0	0.0
0	0.0
0	0.0
0	0.0
0	0.0
0	0.0
0	0.0
0	0.0
0	0.0
0	0.0
0	0.0
0	0.0
0	0.0
0	0.0
0	0.0
0	0.0
0	0.0
0	0.0
0	0.0
0	0.0
0	0.0
0	0.0
0	0.0
0	0.0
0	0.0
0	0.0
0	0.0
0	0.0
0	0.0
0	0.0
0	0.0
0	0.0
0	0.0
0	0.0
0	0.0
0	0.0
0	0.0
0	0.0
0	0.0
0	0.0
0	0.0
0	0.0
0	0.0
0	0.0
0	0.0
0	0.0
0	0.0
0	0.0
0	0.0
0	0.0
0	0.0
0	0.0
0	0.0
0	0.0
0	0.0
0	0.0
0	0.0
0	0.0
0	0.0
0	0.0
0	0.0
0	0.0
0	0.0
0	0.0
0	0.0
0	0.0
0	0.0
0	0.0
0	0.0
0	0.0
0	0.0
0	0.0
0	0.0
0	0.0
0	0.0
0	0.0
0	0.0
0	0.0
0	0.0
0	0.0
0	0.0
0	0.0
0	0.0
0	0.0
0	0.0
0	0.0
0	0.0
0	0.0
0	0.0
0	0.0
0	0.0
0	0.0
0	0.0
0	0.0
0	0.0
0	0.0
0	0.0
0	0.0
0	0.0
0	0.0
0	0.0
0	0.0
0	0.0
0	0.0
0	0.0
0	0.0
0	0.0
0	0.0
0	0.0
0	0.0
0	0.0
0	0.0
0	0.0
0	0.0
0	0.0
0	0.0
0	0.0
0	0.0
0	0.0
0	0.0
0	0.0
0	0.0
0	0.0
0	0.0
0	0.0
0	0.0
0	0.0
0	0.0
0	0.0
0	0.0
0	0.0
0	0.0
0	0.0
0	0.0
0	0.0
0	0.0
0	0.0
0	0.0
0	0.0
0	0.0
0	0.0
0	0.0
0	0.0
0	0.0
0	0.0
0	0.0
0	0.0
0	0.0
0	0.0
0	0.0
0	0.0
0	0.0
0	0.0
0	0.0
0	0.0
0	0.0
0	0.0
0	0.0
0	0.0
0	0.0
0	0.0
0	0.0
0	0.0
0	0.0
0	0.0
0	0.0
0	0.0
0	0.0
0	0.0
0	0.0
0	0.0
0	0.0
0	0.0
0	0.0
0	0.0
0	0.0
0	0.0
0	0.0
0	0.0
0	0.0
0	0.0
0	0.0
0	0.0
0	0.0
0	0.0
0	0.0
0	0.0
0	0.0
0	0.0
0	0.0
0	0.0
0	0.0
0	0.0
0	0.0
0	0.0
0	0.0
0	0.0
0	0.0
0	0.0
0	0.0
0	0.0
0	0.0
0	0.0
0	0.0
0	0.0
0	0.0
0	0.0
0	0.0
0	0.0
0	0.0
0	0.0
0	0.0
0	0.0
0	0.0
0	0.0
0	0.0
0	0.0
0	0.0
0	0.0
0	0.0
0	0.0
0	0.0
0	0.0
0	0.0
0	0.0
0	0.0
0	0.0
0	0.0
0	0.0
0	0.0
0	0.0
0	0.0
0	0.0
0	0.0
0	0.0
0	0.0
0	0.0
0	0.0
0	0.0
0	0.0
0	0.0
0	0.0
0	0.0
0	0.0
0	0.0
0	0.0
0	0.0
0	0.0
0	0.0
0	0.0
0	0.0
0	0.0
0	0.0
0	0.0
0	0.0
0	0.0
0	0.0
0	0.0
0	0.0
0	0.0
0	0.0
0	0.0
0	0.0
0	0.0
0	0.0
0	0.0
0	0.0
0	0.0
0	0.0
0	0.0
0	0.0
0	0.0
0	0.0
0	0.0
0	0.0
0	0.0
0	0.0
0	0.0
0	0.0
0	0.0
0	0.0
0	0.0
0	0.0
0	0.0
0	0.0
0	0.0
0	0.0
0	0.0
