1	0.27133810050137497
2	0.052364114141298865
4	0.035516202307804404
5	0.32249585993778745
6	0.2545490368644119
7	0.027454235150783348
8	0.23742940725901737
9	0.21514220679480486
10	0.2704182860578243
11	0.1861442795038843
12	0.22843366340164098
13	0.029660839202985914
14	0.045152251323774345
15	0.0037909051362082988
17	0.2897770385461821
18	0.294522666212348
21	0.5080670559201873
22	0.5157492254544064
23	0.041738474484742785
24	0.2621424505102201
25	0.01692173185981802
26	0.5396488301961293
27	0.44490326380112283
28	0.2523140756779403
29	0.4865495623085082
31	0.5361868399638476
32	0.24892065746221184
33	0.06223875747579795
34	0.17910462357764528
35	0.014350785647597154
36	0.028843258235103836
37	0.25254639154514713
39	0.3057499355157106
40	0.04250972941916817
41	0.05953774174111709
42	0.027957874675768112
43	0.23873768294426506
44	0.3198432571639242
45	0.5150990335404924
46	0.5068573132376873
47	0.30640443485407076
48	0.05327830733527866
50	0.2399883988951029
51	0.26165554005480185
52	0.031449728638932764
54	0.24181380759401588
56	0.3043449155794288
57	0.2700122796311159
58	8.179871849811615e-06
59	0.29305769150903366
60	0.2846461998230059
62	0.27100050881106286
63	0.17439165129035772
64	0.06017855300361673
66	0.3054892743982857
67	0.00888266082142446
68	0.4467697827074284
69	0.2903770624768972
70	0.014954309564394617
71	0.48844343657174033
73	0.05870086560229876
74	0.2770951818608938
75	0.06070046953709243
76	0.4525667784907781
78	0.03144147111903811
80	0.49546370781799415
81	0.053451538662345345
82	0.4646754903837654
83	0.007732763062695144
85	0.011329274291787563
86	0.3046198659072472
87	0.5052630969451488
88	0.5080335139967904
89	0.29541373788033054
91	0.01117351873743892
92	0.4922746375353068
94	0.047434573575483426
96	0.05729632242798827
100	0.4697203361424288
101	0.21878350571734284
103	0.7199853010831064
104	0.12300589504449641
105	0.3444327825976922
107	0.34478713589905485
108	0.01313901287236887
109	0.012697140602993137
111	0.3046392554896491
112	0.03635453046976078
113	0.7725142845277475
114	0.5438965502717429
117	0.26901131055632826
118	0.24126722116269642
120	0.5328436095828583
124	0.061717515516765395
125	0.016740014339454212
126	0.24646116428876366
127	0.23478785210407466
129	0.7321385315558788
131	0.22956971133930457
132	0.29607719717450126
135	0.26270935314972854
136	0.5224372419593069
137	0.272623842530783
138	0.2819935263251359
139	0.2580105453726533
140	0.05077712303827157
142	0.5278055022988714
145	0.031369734628751075
147	0.2111396596106488
148	0.5275008575747485
149	0.5655570525939871
152	0.25111282518197514
154	0.4780638329499082
156	0.2602003252115537
157	0.005046082590522909
160	0.4627386567457121
161	0.11420432514619575
163	0.29209429497765194
165	0.007278031912376658
167	0.47630095124079624
168	0.27723582497433275
171	0.35238220800942444
172	0.1037251918226258
173	0.27244158576771516
174	0.5130457862577964
175	0.009825281031835439
176	0.2364420541344143
177	0.28761240094900486
183	0.25465582032385925
188	0.043755277134943614
189	0.2430786960691484
190	0.2147707602094336
192	0.06734081340455891
193	0.0016824956696654125
195	0.035332808808334774
196	0.16815390299697164
197	0.21525186028618282
198	0.013525296307729577
199	0.06030426307065935
200	0.08288352861884274
203	0.1986380378121052
204	0.523185890952039
207	0.04813793447219586
208	0.2827700241092831
210	0.06643662102783261
211	0.04055474741789804
212	0.25649775236290984
213	0.026733159857446703
214	0.062052793285427704
215	0.23132517573307537
216	0.30915241672975957
218	0.25787778380178034
221	0.02335684213887789
222	0.470844893608968
225	0.25106463994218614
226	0.32077703746738695
227	0.02138684998216131
228	0.045256876024534404
231	0.053655528483925206
233	0.2327912903680034
234	0.04405620425945286
235	0.037439236069049864
237	0.2727899943102837
238	0.04331010591231739
239	0.329838683476814
240	0.5225327414752868
241	0.28328990077247235
244	0.024526591563987725
246	0.24424596507284874
247	0.485087067662157
248	0.3173124238888186
249	0.4814642074802435
254	0.265528147441342
255	0.161883519270377
256	0.04749759417510939
258	0.24552866227661477
259	0.03895068134342505
260	0.2651021466021091
261	0.2322124336368414
262	0.2555622292809007
263	0.012593549495538855
264	0.04274409492200559
266	0.47982022890985526
267	0.031116418299245975
268	0.3068654196022165
270	0.027800938501409307
271	0.05007514219288388
272	0.07772952746885321
273	0.03544864257041719
274	0.31324121299369073
275	0.47267438506330184
276	0.5144037044519139
277	0.4941334231440027
279	0.03570127202309565
280	0.004403404708998762
281	0.2855018312601654
282	0.009464288348848136
283	0.21619900130062625
284	0.2807155650480997
285	0.08393214662028653
287	0.049005964396666865
288	0.01548914081308668
289	0.10298785041580538
290	0.007605461840974399
291	0.020144823919983405
292	0.022157338487139404
293	0.04802569971126146
294	0.22100703008079398
295	0.02655078063220679
296	0.2474954139123791
297	0.056628356143311
298	0.03196274594091474
299	0.3034700625722419
301	0.28565860660395265
302	0.1036877633272685
303	0.08034807672290689
304	0.0014036500096379946
305	0.18271764857315137
306	0.20447221305838334
307	0.015902074967399826
308	0.06692033063133729
309	0.07737206139869368
310	0.17713112969888795
313	0.27740472410161826
314	0.029388461051587954
315	0.25961265148787255
317	0.28111595481886065
318	0.008892078228545288
319	0.03843977190608208
320	0.48803118863507233
322	0.2719706186569928
323	0.2895478286194993
324	0.2854222702749024
325	0.25132792156540396
326	0.2810168710400025
328	0.2371644286522446
329	0.027899063716031965
331	0.30021677984631046
332	0.3077576779793739
334	0.24445799595317788
335	0.049337061194650284
336	0.06480795634829703
337	0.21418439378442736
338	0.2555967940133037
339	0.045096835624144536
341	0.48433915044715947
342	0.025703389095063752
343	0.012721409896519646
344	0.06827570135008017
345	0.26897091831868586
346	0.25624836996982336
347	0.03748094748430726
348	0.04833183748352851
349	0.4963398039051912
350	0.23459481392273507
352	0.49920479015438646
353	0.47380161889269656
354	0.07416633934383207
355	0.004635893685065014
357	0.25107891824881245
359	0.4734113937501878
360	0.28726462693893334
361	0.015846235185092327
362	0.3858058413676509
363	0.30914146964136086
364	0.2682050084173867
366	0.2647412229869642
367	0.7730599656220848
368	0.501340215817154
369	0.27370295536263706
370	0.05768941707831901
375	0.5073623039247261
376	0.29925487614237734
377	0.29725569330856255
378	0.0442628500269663
379	0.2910732334090272
380	0.0881614293969924
381	0.5189418787231532
382	0.03900256518789701
384	0.275297885966419
387	0.299529258008902
389	0.5588378048752715
390	0.05790413307904713
391	0.021563574563443634
392	0.25017233763475794
394	0.27149711405720456
395	0.30642505887509386
396	0.026007199122087613
397	0.2815909790781144
399	0.2940170942726827
400	0.06277782174062366
402	0.007634471976952557
403	0.04116008155519771
404	0.4886982534304649
406	0.28722916518467895
407	0.05645815373779149
408	0.077152500181414
409	0.28813958341139156
410	0.2660953634925089
411	0.040604441887680975
412	0.05660831455330303
413	0.25102707272885094
414	0.5608493195005818
415	0.24313173505798086
416	0.04944458445492038
417	0.30396570712690707
419	0.2781181212682428
420	0.3131511234129577
421	0.540051536834431
422	0.20940013670013208
423	0.27249468198272975
424	0.026617390995426392
425	0.5845165420578621
426	0.25942561060604047
427	0.0396554049098646
429	0.29483242738002285
430	0.04500190861911725
431	0.003917828203077008
432	0.2423537309421147
433	0.5294644251896901
435	0.49551034250721826
436	0.06654861507355762
438	0.05996463020018429
439	0.03185647474490974
440	0.29034541971308814
441	0.26098728641284824
442	0.2867230493010373
443	0.22788815005726148
444	0.08155560796890117
446	0.11546574307792559
447	0.4955896726954674
448	0.0897106699896494
449	0.4845091977989178
450	0.2426455836742138
451	0.04093025987504113
453	0.2351998252842595
454	0.009229761785655304
456	0.22945161975919415
457	0.013152214363496471
458	0.06661948486062355
459	0.01216359542861124
460	0.2940358345777036
461	0.2956513539428383
463	0.3032330366204166
464	0.30248455594573476
465	0.05916640878824153
466	0.5528348350530092
467	0.002897231832430007
469	0.2887686663019705
471	0.2681005860698512
472	0.5157282861428929
473	0.0006451765807305755
474	0.2876621587492351
475	0.02016704307465089
476	0.28850916824236245
477	0.007770017719349081
479	0.29965412979554606
480	0.02728882956216642
481	0.20996278933340967
482	0.2316423412957389
483	0.4881581828853492
484	0.4995542959921143
485	0.18956470089645222
486	0.24225925117271793
487	0.23414773847335
488	0.2790103702630105
490	0.5439144085223568
491	0.06795323967668457
492	0.3198864779570736
494	0.2774369613628489
496	0.5502281623669634
497	0.2523848138475342
499	0.01567838988153736
500	0.08006643527509721
501	0.05481141677142895
502	0.23042085648716318
506	0.28725168445202126
507	0.3163241681627129
509	0.5439453236936205
510	0.27707146929967397
511	0.25959669337654917
512	0.024688582013764608
513	0.25041151613278867
514	0.278197168648685
516	0.24401493883435693
517	0.06910912793483964
518	0.041264984909430286
519	0.03373720621791752
520	0.23140442341741707
521	0.2707535478550867
522	0.030020390355057935
524	0.29956272655860045
525	0.21202491822172884
526	0.033403581373721014
528	0.24988888521239672
531	0.5280571680558154
532	0.04561452587500819
533	0.023195042611030243
534	0.03666517267437943
535	0.04160020944136822
536	0.5023003893386503
537	0.49480379913291034
538	0.01613345078677776
540	0.49800567371189336
542	0.025916087684598646
544	0.559781332996157
545	0.22962433302588828
546	0.2967743071807873
547	0.33264170478136723
548	0.06175551832344657
549	0.02350424736011415
550	0.05138279815737149
552	0.5112767039386121
553	0.28832426850301
554	0.25289497733022936
556	0.046044751346139084
557	0.2626222012852169
558	0.27456542975650655
560	0.2968078207820844
561	0.31260603985658825
563	0.29039702417250407
564	0.46364895174141285
565	0.03779794145342116
566	0.2644003994592464
567	0.0563578217708973
568	0.5199141314859238
569	0.2844114771823786
570	0.3379450432183196
571	0.06441998676408081
573	0.28520788491852345
574	0.46972924221795215
575	0.19963877854573742
576	0.035827184454896494
578	0.23075095783250693
580	0.21150380827869364
582	0.31079884894458454
584	0.23318604104036675
586	0.249416838398085
587	0.33486596454503453
590	0.2053217315138734
593	0.24911303226474418
594	0.04349022259256606
598	0.2772356275184528
600	0.07833541943083902
601	0.42638163207921664
602	0.2902146884817173
603	0.5028390901480373
606	0.04318025024273574
607	0.2879781361936014
608	0.03250559743528723
609	0.06941669054260423
610	0.23710469004621465
611	0.030734061778350405
613	0.5084162595830306
614	0.4046548002296076
615	0.040440737580005263
616	0.498016164924914
619	0.3194542743725062
620	0.24448311421333285
621	0.00036460187399023347
622	0.5123051676572293
624	0.2783133952086023
625	0.02173386858114007
626	0.5125530629240476
627	0.5377015937273263
628	0.31676966919714017
630	0.029177079167058424
632	0.03793208346449457
634	0.541971256427697
635	0.0868207251044742
636	0.05439143508026523
638	0.19961602654268257
639	0.3132768901406697
642	0.2588616547217185
643	0.019210484536762315
644	0.27494646822357116
645	0.017534482697720434
647	0.01888405402249768
648	0.3172740262148074
650	0.2678693920067505
651	0.2624549319045462
653	0.025009745062340483
654	0.07305946417675337
656	0.537956889410867
657	0.23884452014506988
658	0.036654343062856726
659	0.04057057244978525
661	0.3162795307725009
662	0.2937801072580968
663	0.3020550011408199
664	0.3085920127911037
665	0.010959262155669253
666	0.30122764370261124
667	0.033190311521852006
668	0.06838273250508621
670	0.10352145544754944
671	0.2441167234585541
672	0.287778416165802
673	0.023307707350104342
674	0.28203347496675896
675	0.16989175944769438
676	0.28105839192469934
678	0.008508238284348275
679	0.24905151269869577
680	0.23395626307538708
681	0.05197100456587385
682	0.5413841700892617
683	0.25805312246789336
684	0.031657102645733515
686	0.29216916792345093
688	0.03633200506920606
689	0.24588389311853937
691	0.2282532324752779
693	0.006888392050717444
694	0.027763524571123008
695	0.7051236230952295
696	0.30823652563590437
697	0.5190742365158841
698	0.22884151389073817
699	0.0642132045748493
700	0.2512622429559061
701	0.2513936209966467
702	0.018663568660258305
703	0.2831426270033413
704	0.029305687041865543
705	0.25378898506999625
706	0.038164055732792995
708	0.2707154727825145
709	0.029819107712512276
710	0.06469903442202984
711	0.020901562716537488
712	0.23885768390328727
713	0.10803415017010849
714	0.029051768234947793
716	0.2224676282966919
717	0.279460930755952
720	0.32716424666998156
721	0.006765974785445737
722	0.24183106124983858
723	0.22298356423955934
725	0.26438729401263716
727	0.5392116902732499
728	0.0716124969648007
730	0.027215418680529242
732	0.04976502093543582
733	0.3106573257003001
735	0.025545941064285517
736	0.19487354811274452
737	0.5274966864429396
738	0.2867420745424417
739	0.023549807539328827
740	0.12236642182238981
741	0.021160188619421476
742	0.01978306843145855
743	0.313288728578288
745	0.07869910324396956
746	0.2595226997817578
747	0.04964010915146568
748	0.3254597387704485
750	0.20711525493219501
752	0.12893347203703226
754	0.015413349323457514
756	0.22715755403643698
757	0.05364901648570622
758	0.22995782370105583
759	0.020156618156586092
761	0.014992411075810938
762	0.24409081867114868
764	0.015023913192325978
765	0.20882155263531688
766	0.30623987591220486
769	0.21248491197198077
772	0.3053816513220494
773	0.053403349002367234
774	0.055974908175116606
776	0.0432536927198221
778	0.08015621196815764
780	0.030385644976282704
781	0.5467924706714049
783	0.3604143149170357
785	0.01256940442265236
787	0.5320314949890921
788	0.27403109615637433
789	0.08323424080050584
790	0.05553171962652554
791	0.2972344880935142
792	0.2975982481107037
794	0.48454421939756837
795	0.08507855871998352
796	0.2816773740766632
797	0.47143147231550225
798	0.02526318592193592
799	0.056505353828908825
800	0.05790413307904713
801	0.00037275819419425177
802	0.28333200175368656
805	0.04546553387448543
806	0.30023030422661146
807	0.5035116195972782
808	0.5271546793201513
809	0.46700832217098476
810	0.031907937291428205
811	0.05523947359495511
813	0.28443373137209943
814	0.2577353824522304
815	0.23447719006953233
816	0.055740681174317755
817	0.27358487258510056
818	0.70596944052937
819	0.30651899419899437
820	0.1865732068540955
822	0.2518920489356049
823	0.01507704836645965
825	0.019551413877713475
826	0.5126360485353314
827	0.2927547365219071
828	0.5491252194898674
829	0.025545941064285545
830	0.26281007666875517
831	0.023716331587003828
832	0.23435013097889942
833	0.03498594388219179
834	0.24476084468189704
835	0.2570071191572119
836	0.3218805423488314
839	0.018423506569441146
841	0.48898915978328017
842	0.5335362556323494
843	0.09757433792244273
844	0.5004848356857391
845	0.2265091322542956
846	0.2616080919372738
847	0.015974915899979434
848	0.5081310471892312
849	0.02554594106428549
851	0.5480148178580596
852	0.2540636804279273
853	0.09944339929307651
856	0.01053867777532148
857	0.3176082976989723
858	0.27090044296815735
859	0.25934076466860045
860	0.7652880963367817
861	0.19518886745266972
862	0.507489455562923
863	0.3090097061284113
864	0.013156800697669994
865	0.1794897866609856
866	0.14242887347630218
867	0.2676894834928973
868	0.5480973630195953
869	0.046520757765306536
870	0.2802724510690918
871	0.3594683834403344
872	0.05965743739032514
874	0.32286263977513474
875	0.0012103069625836183
877	0.029808340079910685
878	0.021095216818970162
879	0.7388504186434272
880	0.28399556443746
881	0.2979011239881143
882	0.05108943535129311
883	0.06843728649787437
884	0.4804393349691309
886	0.29757614525328857
887	0.2238862548903497
888	0.20353881348112066
889	0.02402893189840625
891	0.4429967459588556
892	0.30260259391576716
893	0.24105024512531517
895	0.05457965163196564
896	0.23696893392503124
898	0.053941579380772826
900	0.22698420481080112
902	0.016429996692619273
905	0.37818130784766707
906	0.2408429144693657
907	0.005627684425742789
908	0.021474036628804767
909	0.0016295939277061952
910	0.198583822095933
913	0.0805414782851373
915	0.5295460042472218
916	0.4465849684945675
917	0.25972691519265484
919	0.07346925883503265
920	0.27747824177464836
921	0.21390388112088546
922	0.06269216398636587
923	0.24031366101398238
927	0.2783753339209015
928	0.03398318142401016
929	0.05154675766733996
930	0.18461233162564555
931	0.2650646369063536
932	0.04611877218265044
933	0.2900326161780553
934	0.06730424707398719
938	0.32099452700623826
939	0.7301377251899807
940	0.05633419608308913
941	0.00784116735110579
942	0.04090659962275549
0	0.0
0	0.0
0	0.0
0	0.0
0	0.0
0	0.0
0	0.0
0	0.0
0	0.0
0	0.0
0	0.0
0	0.0
0	0.0
0	0.0
0	0.0
0	0.0
0	0.0
0	0.0
0	0.0
0	0.0
0	0.0
0	0.0
0	0.0
0	0.0
0	0.0
0	0.0
0	0.0
0	0.0
0	0.0
0	0.0
0	0.0
0	0.0
0	0.0
0	0.0
0	0.0
0	0.0
0	0.0
0	0.0
0	0.0
0	0.0
0	0.0
0	0.0
0	0.0
0	0.0
0	0.0
0	0.0
0	0.0
0	0.0
0	0.0
0	0.0
0	0.0
0	0.0
0	0.0
0	0.0
0	0.0
0	0.0
0	0.0
0	0.0
0	0.0
0	0.0
0	0.0
0	0.0
0	0.0
0	0.0
0	0.0
0	0.0
0	0.0
0	0.0
0	0.0
0	0.0
0	0.0
0	0.0
0	0.0
0	0.0
0	0.0
0	0.0
0	0.0
0	0.0
0	0.0
0	0.0
0	0.0
0	0.0
0	0.0
0	0.0
0	0.0
0	0.0
0	0.0
0	0.0
0	0.0
0	0.0
0	0.0
0	0.0
0	0.0
0	0.0
0	0.0
0	0.0
0	0.0
0	0.0
0	0.0
0	0.0
0	0.0
0	0.0
0	0.0
0	0.0
0	0.0
0	0.0
0	0.0
0	0.0
0	0.0
0	0.0
0	0.0
0	0.0
0	0.0
0	0.0
0	0.0
0	0.0
0	0.0
0	0.0
0	0.0
0	0.0
0	0.0
0	0.0
0	0.0
0	0.0
0	0.0
0	0.0
0	0.0
0	0.0
0	0.0
0	0.0
0	0.0
0	0.0
0	0.0
0	0.0
0	0.0
0	0.0
0	0.0
0	0.0
0	0.0
0	0.0
0	0.0
0	0.0
0	0.0
0	0.0
0	0.0
0	0.0
0	0.0
0	0.0
0	0.0
0	0.0
0	0.0
0	0.0
0	0.0
0	0.0
0	0.0
0	0.0
0	0.0
0	0.0
0	0.0
0	0.0
0	0.0
0	0.0
0	0.0
0	0.0
0	0.0
0	0.0
0	0.0
0	0.0
0	0.0
0	0.0
0	0.0
0	0.0
0	0.0
0	0.0
0	0.0
0	0.0
0	0.0
0	0.0
0	0.0
0	0.0
0	0.0
0	0.0
0	0.0
0	0.0
0	0.0
0	0.0
0	0.0
0	0.0
0	0.0
0	0.0
0	0.0
0	0.0
0	0.0
0	0.0
0	0.0
0	0.0
0	0.0
0	0.0
0	0.0
0	0.0
0	0.0
0	0.0
0	0.0
0	0.0
0	0.0
0	0.0
0	0.0
0	0.0
0	0.0
0	0.0
0	0.0
0	0.0
0	0.0
0	0.0
0	0.0
0	0.0
0	0.0
0	0.0
0	0.0
0	0.0
0	0.0
0	0.0
0	0.0
0	0.0
0	0.0
0	0.0
0	0.0
0	0.0
0	0.0
0	0.0
0	0.0
0	0.0
0	0.0
0	0.0
0	0.0
0	0.0
0	0.0
