3	0.211851696070336
4	0.013771183479614403
5	0.2582373398649777
6	0.2645557874069946
9	0.2818054868722299
10	0.29180471525146207
12	0.4802796311960068
14	0.2610650178903423
16	0.03764326139896594
17	0.21057557394267118
18	0.02888245816793338
19	0.19903098823504733
20	0.2535597063983177
23	0.058325781096029664
24	0.2659337852772951
25	0.2919453315912017
27	0.34057902073495155
28	0.2627355920727655
33	0.5274331328760864
35	0.2831743809876359
36	0.24881966771081124
37	0.028076578348645256
40	0.49940686244343074
41	0.024364170959402524
43	0.22071178683203313
44	0.009263604371722061
45	0.027108595034455472
46	0.0008662289432748785
48	0.27387788245497763
50	0.0862794689519062
51	0.038813585025237636
52	0.028905774479468762
54	0.03914149692056232
55	0.24133609864141561
56	0.06204613736883402
57	0.29994629855518784
58	0.016455217397098904
59	0.2857225120063607
60	0.2722725112505893
62	0.037875813389084856
65	0.2753858590241067
66	0.012464912271615638
67	0.035594740812492295
68	0.050956332331168565
69	0.030345484503307756
70	0.5220196681615087
71	0.21429641183832404
72	0.03949658612329818
73	0.32865534728599627
74	0.01676205179497785
76	0.010009483228588016
77	0.04820577649561025
78	0.03096285466539438
80	0.1793012699754606
82	0.020053962202442807
83	0.28879717463345045
84	0.23683928061749085
86	0.18608823023523413
87	0.03237084741263252
88	0.01624273115550927
91	0.5293059709775948
95	0.011907546409648556
97	0.0664784914041158
99	0.031082270451835252
100	0.2839154394595152
101	0.3322755663942372
102	0.004312342575652002
105	0.20293268314150206
106	0.5322574757840467
107	0.28345994024274185
109	0.2726439401733051
110	0.2686492709403866
112	0.011816045762689152
113	0.003919475359626088
115	0.28761171800080915
117	0.02329676863124522
119	0.042531024839202715
120	0.00979701348553141
121	0.3183499898785251
122	0.2667499365772674
124	0.033897302335515855
126	0.31787902307646887
127	0.3022057185603458
128	0.24819661385316558
129	0.3039244524318824
131	0.28080616186036655
132	0.2431882375620382
133	0.007724906951221168
136	0.25811053696769776
137	0.013280565213578371
138	0.020102946192460953
139	0.4910298067720947
140	0.034354179905131
141	0.3223999530430012
143	0.5389051173667541
145	0.2450312225531901
146	0.0035430072615677474
147	0.27350417424879797
148	0.22763943679291307
150	0.26100198037445216
151	0.2528995773770082
153	0.1234586005401509
154	0.28328171354717546
155	0.2048639859655647
157	0.037744643734481435
158	0.015067393582120555
159	0.5115486220190717
160	0.04585924115524316
161	0.18334807141322024
164	0.5378382420164428
165	0.2221155486627613
167	0.004400507276072177
168	0.28151093081974754
169	0.017413482500670284
170	0.5348529728275896
171	0.18699163004944613
172	0.2717651199808433
173	0.032110235035176835
174	0.015940556900509037
175	0.27982468946447137
177	0.495864466423638
178	0.00707959638648905
179	0.02823766378598091
182	0.02445056414965824
186	0.0470148172214233
188	0.2773313114799506
190	0.11272286375570911
191	0.48939910535125547
194	0.0283262601886941
195	0.02836265497376618
197	0.004357498543181959
198	0.003937111207137814
202	0.02125058334902626
203	0.10379779747004933
204	0.061938999179064966
205	0.5038973798112955
206	0.38061882779070144
207	0.291834595144518
210	0.2907956884538547
212	0.01712919593594792
213	0.017806247449024846
217	0.2613385423792683
218	0.2971970638385587
219	0.3158182145775817
224	0.03338918235806123
228	0.19085434564832054
229	0.30397367408274734
230	0.23105653494088083
231	0.0443305298675955
232	0.2402135675789597
233	0.25180430632958656
234	0.04709320136787695
237	0.011866235998037718
238	0.05106643476288966
240	0.23957973095785937
241	0.22605447777538573
242	0.061749688074480495
243	0.3067496049550846
245	0.0005512465041612423
246	0.11263278910043173
248	0.2656182016721203
251	0.2788516955690716
252	0.044489967862476235
253	0.03200200055581123
254	0.07832383824326258
255	0.2704373275072389
256	0.22118470352994982
257	0.2973900419504617
258	0.24389456133340623
260	0.2698752262843948
261	0.21636536638972464
264	0.05219155021530862
265	0.016241377439027625
268	0.030145267433850875
270	0.007208023803072516
271	0.029442939617707935
272	0.2663617222659666
273	0.011705901518553462
274	0.26410314196158974
275	0.2469658353134347
277	0.02276727946135595
278	0.05329175335943777
279	0.2118997206373192
281	0.41973343875362684
282	0.26945758411988824
283	0.04261687161776564
284	0.2779293570999808
285	0.2694333486116571
287	0.03202790636684227
288	0.034647174314817016
289	0.11000060318227928
291	0.04194613199337212
292	0.05193025235457958
296	0.25906110625732676
297	0.2827402322968253
298	0.26645620990953456
299	0.049202460639130606
300	0.3161644949317527
302	0.2776620311489622
304	0.01506008472160628
306	0.28068132517168687
308	0.036633224187193295
309	0.2488540546169636
310	0.048395687767986105
312	0.520030688044289
313	0.5217777371985453
314	0.0041072071644791715
316	0.1147576991510579
317	0.03435417990513102
319	0.2633771340406499
322	0.7165300749708565
323	0.043310527804652124
326	0.2682256492206696
329	0.25762046597875427
331	0.24355108316810425
332	0.0032073956581988167
333	0.056375365067583644
335	0.5088703731927031
336	0.23449843841280732
337	0.21867047281717342
338	0.060361058986780694
340	0.01386542172335338
345	0.06331852515822496
346	0.5148426549364301
347	0.0109694252698712
348	0.09502787761987669
350	0.026464740683692332
351	0.022350677339224793
352	0.05633377420762867
353	0.16412271425456568
354	0.029852021815458252
355	0.03507287543281427
356	0.0007608542476429114
359	0.01695655781714768
361	0.2829199537432469
362	0.017093238090905693
363	0.007856235019582481
364	0.04691346137777215
365	0.2986326360686763
366	0.2595729809833656
367	0.013998618368966077
368	0.26836060732051503
369	0.026410711548399246
370	0.048583953863855264
372	0.3126634194048275
376	0.2509693053608058
377	0.25761912235848905
379	0.25935082199678056
382	0.02447051984546386
383	0.274673365870511
384	0.0199429144556293
385	0.0116467680025771
387	0.025932726446601096
388	0.2531661067707986
389	0.029034794200627514
393	0.2754352122123853
396	0.2334138805791442
397	0.013797655695034647
398	0.26410322252369783
399	0.0297426313200112
400	0.00912285016177931
401	0.28870390971930193
403	0.2995973760459619
404	0.018180651784975466
409	0.00945890058631764
410	0.050746950446894715
411	0.30047255986027227
413	0.02019254930201774
414	0.20854664087485844
415	0.26848061403961265
418	0.33432919541235895
419	0.21372819365882786
420	0.030096852866011593
421	0.022982230402310583
423	0.001875714660415275
425	0.23473599011114338
426	0.25309789262040894
427	0.035904216665928954
428	0.03331965367362609
429	0.04909648290265766
430	0.0413374862310517
431	0.495446343790528
432	0.2702621866337773
434	0.2061551476350312
435	0.04006219595324259
437	0.03890231906906258
439	0.2664671552567183
440	0.27027580433258314
443	0.287115061176949
444	0.28667017157221236
446	0.006564730740146699
450	0.031164390435633647
451	0.3198387274146293
452	0.18858375071555575
456	0.030250657936622766
459	0.2869124264040536
460	0.02257164934833112
462	0.2790582082837457
464	0.029261981695836985
466	0.011987968671086067
467	0.04354313661951672
469	0.4979830662914927
470	0.3048552240270944
471	0.2817465050620708
472	0.024372461724834423
473	0.006162555663427133
474	0.28679323263204315
475	0.5179076339750621
476	0.29575270486170147
479	0.036384053848614185
480	0.011659108902342792
481	0.265789941557719
482	0.2425243667557484
483	0.2510399540107706
484	0.027788802770042784
485	0.001715996121456724
486	0.007553236387063757
488	0.015741916945120393
489	0.2591129978779924
490	0.03191780012669364
491	0.01477863848862998
492	0.24672497869914284
493	0.016248959625216372
494	0.29395332830452153
495	0.0025888056612140622
496	0.04259838610550115
497	0.0049221644449414965
498	0.25984756052314356
499	0.29278332080536806
500	0.034171338367787074
502	0.5468830794261934
503	0.009431003265030505
504	0.2581427478365795
505	0.5174180796965991
506	0.034455627682809374
508	0.044990337507370914
509	0.18890160742737505
511	0.5089992740020377
512	0.2934485698014261
513	0.2322164839718009
515	0.30025858187389537
516	0.03625030345280929
519	0.023334121863041166
522	0.27013126721041353
523	0.05374836777482919
524	0.015207384816217612
527	0.01898512162468221
528	0.29189935454982086
529	0.5217222694159173
530	0.5214474292021203
531	0.03224517968629825
533	0.27318656219731874
534	0.2552594302875201
536	0.016135139385093103
538	0.023230532271132878
540	0.275281724985859
541	0.25791810251548497
543	0.2950048363580353
545	0.2603509623409641
546	0.010996117105411093
549	0.27381402036383196
550	0.33089119810569023
551	0.02474269464696717
553	0.26092760308304147
554	0.03688180442564738
556	0.017291861754622054
558	0.03475459577908413
559	0.5300176431172952
561	0.000942497718732789
562	0.11368707300980288
565	0.2805958800426937
566	0.02653401125575165
568	0.014573423911626596
570	0.009075580346877003
571	0.04757946268167895
572	0.30226016349575774
573	0.029326824699286207
574	0.012621524083389825
575	0.509145333006113
576	0.0148140273755576
578	0.2271100597344857
580	0.259139470173117
586	0.25445163576598984
587	0.004699669740121905
588	0.013694878645215992
589	0.0027981228142829467
590	0.06205033612427922
591	0.032541661412801376
592	0.02389056672014562
593	0.26008840863128313
594	0.22031120211940008
596	0.49708433029561966
597	0.00884982183239542
599	0.25891537551327026
600	0.24593529432338768
601	0.010534496563132194
602	0.02174909697535238
605	0.04863204186391006
607	0.47153231726584377
608	0.32252644641671935
609	0.07980666733545355
610	0.23769090344053295
611	0.25869194268132006
612	0.03143986401302325
613	0.24503590659016655
616	0.020433886921945865
617	0.15543821638221295
618	0.27608609900097697
619	0.23242930480444438
620	0.01563689287813157
621	0.23728582283977118
623	0.25663889181749383
625	0.009357286085486971
627	0.057925065328067946
628	0.2885151264086221
629	0.006068009533402356
630	0.27249770167166054
632	0.27609930219764334
633	0.01395670796286647
634	0.030660832946302608
637	0.029569250674314325
638	0.24253045338483234
639	0.22909285777892777
640	0.2805090480292017
642	0.03645265693489957
644	0.4778925504967209
645	0.27026248840140493
648	0.22760701314335968
649	0.2475355495942375
650	0.05518602674382185
651	0.21554227923046257
653	0.27077726968546306
654	0.25866193796981596
655	0.028896781120996914
657	0.013255188739177623
660	0.281215319707432
663	0.0023771965405647334
664	0.016403230086344808
666	0.028838576808656778
667	0.2653142125180065
670	0.23310788795178725
672	0.20385946791443327
673	0.4863559350481923
674	0.005836935615325854
675	0.45443755512539874
677	0.27679051871299626
679	0.02988096617262453
680	0.23171912137979173
681	0.008887799225023793
684	0.024016720657366198
686	0.2941155988344005
687	0.03670816662186463
688	0.015291171562026685
689	0.27511900450074184
690	0.058928480437916916
692	0.03435417990513102
694	0.021095740647796082
695	0.056110519715148396
696	0.29317301802321877
697	0.012138487339837963
698	0.29234073077635414
699	0.048818611786460075
700	0.02680045091491285
701	0.013965261145167381
703	0.283937582329135
704	0.21780412606693444
705	0.008358923246857206
707	0.028775140928286008
708	0.2569956315465581
710	0.019166053364008645
712	0.2498208475661059
713	0.02810222120566988
714	0.4913750604500574
716	0.01399078420820482
718	0.07755390772426138
719	0.5339435315022447
720	0.2636514435910208
722	0.01842422751915298
723	0.2443813425821898
724	0.38061882779070144
725	0.03164771463562885
728	0.43647748970510086
729	0.04166690703916116
731	0.2699287411731942
732	0.26195914907985884
733	0.027473126107754767
734	0.2882946761122516
735	0.032599476393937704
737	0.005076387164245237
739	0.2878183420338247
740	0.24402273311238484
741	0.04969183966899214
744	0.29198093717684204
745	0.0816741899091579
746	0.04230737498872342
747	0.019380654579984204
749	0.04052527013977308
750	0.2938800369686995
751	0.2805095470796974
752	0.2412447769315681
754	0.028592960665816052
755	0.24464052505826767
756	0.046313506255503165
757	0.01950742281814926
758	0.21828835471834082
759	0.2509465786082027
761	0.2440801581819057
762	0.2876800582422825
764	0.02198506428512296
766	0.28417447601646423
769	0.009418926626980895
771	0.036008900510808683
772	0.2569056777792314
774	0.06454773988565742
775	0.5356656068245912
776	0.005242801063651381
777	0.3060962601775871
778	0.27796390851849606
779	0.008345792033636328
780	0.0013956749008285502
782	0.2755010467057191
783	0.012565234640123532
784	0.02553080038987905
785	0.30458599159206157
786	0.018882159165972308
788	0.042852735603145634
789	0.013449621267845258
791	0.02199920244670632
793	0.18547447754839333
796	0.03134724487901604
797	0.2485897140399056
798	0.253537414707639
799	0.03432761383295206
800	0.028890553929956774
801	0.2697285781485282
803	0.053466745834848985
804	0.27697210818598295
808	0.010125518566431551
809	0.28589634061490976
810	0.027968405421141568
811	0.5073553091806133
812	0.5308407058879124
813	0.27323270469129457
814	0.014732800653129693
816	0.0036639670350064255
817	0.005966946336399454
818	0.05991009485710219
819	0.24577308465560757
820	0.023206905366683298
821	0.056517042342667065
822	0.27269818068388374
824	0.5556241280077726
825	0.506113345370458
826	0.02432518009778404
827	0.2448746357745557
828	0.02367004706578709
829	0.274915744040692
830	0.06239517890480516
832	0.012655582647742039
834	0.2923757520669081
836	0.013480125414674488
837	0.2768293549692189
838	0.03565046129988074
840	0.04453964048312305
841	0.012226000769642625
842	0.024656818076597798
844	0.22180983313357372
845	0.042675727313545235
846	0.23424016074030451
847	0.2706493093475075
848	0.03509237409395323
849	0.015291171562026699
850	0.27494967601658
852	0.049190800868565476
853	0.00854877878290533
855	0.057677551140375725
856	0.2942793077949358
858	0.268057126432747
859	0.22791954972902348
863	0.3013508345575072
864	0.021863446148388803
867	0.035594607853324384
872	0.2768266752301457
873	0.07995181101662573
874	0.051121444079900935
875	0.24027880708381208
876	0.029675622643311247
878	0.26596387397819626
880	0.29090564463698537
881	0.28207807474611907
882	0.023818733749083658
884	0.02739516588481683
887	0.03409544701936579
888	0.29689133351329106
889	0.2580489748561306
890	0.016119331199233575
892	0.25208624717989664
893	0.035499402866991187
895	0.03820121458177281
897	0.046307757093878174
901	0.0032186287883255865
902	0.23611170455551408
903	0.030350030027091118
904	0.012719667819429833
911	0.7481712965784294
914	0.059267456128603443
915	0.025151860056425324
918	0.00910968875751992
921	0.018399509271236413
923	0.29048658455367893
925	0.29150458148775094
927	0.27226712312155504
930	0.4727771623523083
932	0.04879214385795727
933	0.04589257170322643
934	0.04493629592951643
935	0.2659976433779991
936	0.023051297637543586
937	0.24052897734085849
938	0.046867355997522765
939	0.02796453782340909
941	0.06081844942721536
942	0.015613411473737772
943	0.2672700717892037
0	0.0
0	0.0
0	0.0
0	0.0
0	0.0
0	0.0
0	0.0
0	0.0
0	0.0
0	0.0
0	0.0
0	0.0
0	0.0
0	0.0
0	0.0
0	0.0
0	0.0
0	0.0
0	0.0
0	0.0
0	0.0
0	0.0
0	0.0
0	0.0
0	0.0
0	0.0
0	0.0
0	0.0
0	0.0
0	0.0
0	0.0
0	0.0
0	0.0
0	0.0
0	0.0
0	0.0
0	0.0
0	0.0
0	0.0
0	0.0
0	0.0
0	0.0
0	0.0
0	0.0
0	0.0
0	0.0
0	0.0
0	0.0
0	0.0
0	0.0
0	0.0
0	0.0
0	0.0
0	0.0
0	0.0
0	0.0
0	0.0
0	0.0
0	0.0
0	0.0
0	0.0
0	0.0
0	0.0
0	0.0
0	0.0
0	0.0
0	0.0
0	0.0
0	0.0
0	0.0
0	0.0
0	0.0
0	0.0
0	0.0
0	0.0
0	0.0
0	0.0
0	0.0
0	0.0
0	0.0
0	0.0
0	0.0
0	0.0
0	0.0
0	0.0
0	0.0
0	0.0
0	0.0
0	0.0
0	0.0
0	0.0
0	0.0
0	0.0
0	0.0
0	0.0
0	0.0
0	0.0
0	0.0
0	0.0
0	0.0
0	0.0
0	0.0
0	0.0
0	0.0
0	0.0
0	0.0
0	0.0
0	0.0
0	0.0
0	0.0
0	0.0
0	0.0
0	0.0
0	0.0
0	0.0
0	0.0
0	0.0
0	0.0
0	0.0
0	0.0
0	0.0
0	0.0
0	0.0
0	0.0
0	0.0
0	0.0
0	0.0
0	0.0
0	0.0
0	0.0
0	0.0
0	0.0
0	0.0
0	0.0
0	0.0
0	0.0
0	0.0
0	0.0
0	0.0
0	0.0
0	0.0
0	0.0
0	0.0
0	0.0
0	0.0
0	0.0
0	0.0
0	0.0
0	0.0
0	0.0
0	0.0
0	0.0
0	0.0
0	0.0
0	0.0
0	0.0
0	0.0
0	0.0
0	0.0
0	0.0
0	0.0
0	0.0
0	0.0
0	0.0
0	0.0
0	0.0
0	0.0
0	0.0
0	0.0
0	0.0
0	0.0
0	0.0
0	0.0
0	0.0
0	0.0
0	0.0
0	0.0
0	0.0
0	0.0
0	0.0
0	0.0
0	0.0
0	0.0
0	0.0
0	0.0
0	0.0
0	0.0
0	0.0
0	0.0
0	0.0
0	0.0
0	0.0
0	0.0
0	0.0
0	0.0
0	0.0
0	0.0
0	0.0
0	0.0
0	0.0
0	0.0
0	0.0
0	0.0
0	0.0
0	0.0
0	0.0
0	0.0
0	0.0
0	0.0
0	0.0
0	0.0
0	0.0
0	0.0
0	0.0
0	0.0
0	0.0
0	0.0
0	0.0
0	0.0
0	0.0
0	0.0
0	0.0
0	0.0
0	0.0
0	0.0
0	0.0
0	0.0
0	0.0
0	0.0
0	0.0
0	0.0
0	0.0
0	0.0
0	0.0
0	0.0
0	0.0
0	0.0
0	0.0
0	0.0
0	0.0
0	0.0
0	0.0
0	0.0
0	0.0
0	0.0
0	0.0
0	0.0
0	0.0
0	0.0
0	0.0
0	0.0
0	0.0
0	0.0
0	0.0
0	0.0
0	0.0
0	0.0
0	0.0
0	0.0
0	0.0
0	0.0
0	0.0
0	0.0
0	0.0
0	0.0
0	0.0
0	0.0
0	0.0
0	0.0
0	0.0
0	0.0
0	0.0
0	0.0
0	0.0
0	0.0
0	0.0
0	0.0
0	0.0
0	0.0
0	0.0
0	0.0
0	0.0
0	0.0
0	0.0
0	0.0
0	0.0
0	0.0
0	0.0
0	0.0
0	0.0
0	0.0
0	0.0
0	0.0
0	0.0
0	0.0
0	0.0
0	0.0
0	0.0
0	0.0
0	0.0
0	0.0
0	0.0
0	0.0
0	0.0
0	0.0
0	0.0
0	0.0
0	0.0
0	0.0
0	0.0
0	0.0
0	0.0
0	0.0
0	0.0
0	0.0
0	0.0
0	0.0
0	0.0
