2	0.2735645504962324
4	0.012884098685753107
5	0.030460878903831052
6	0.2642122730508329
7	0.24065166952927733
8	0.22933242918063734
9	0.05810572085490321
12	0.5311079981880221
14	0.04575311308922826
15	0.21909672235349387
17	0.2186927673301646
18	0.27386602639722296
19	0.4429722366439731
22	0.23007808050893666
23	0.009420126504775098
24	0.04032499501408106
25	0.012124175485061346
28	0.27644788953839927
32	0.4889107682970838
33	0.024406725999299616
35	0.3021985688108965
36	0.05038682516404389
37	0.2379221284436602
38	0.005763036327713383
39	0.2570993874299659
40	0.25149133133574675
41	0.288543308093403
42	0.2892869219455422
43	0.004052283068443428
44	0.0014970039237130715
45	0.29058398091359117
46	0.0006534041906001015
47	0.01697129991414604
48	0.021971682728424716
50	0.0013166715663610537
51	0.3119562489757573
52	0.509158817633048
53	0.5105541584583253
54	0.037364711644361864
55	0.7632583572788889
56	0.035607536849699264
57	0.022182758733102055
60	0.264550022666527
61	0.44248307070222104
65	0.47150643398888975
66	0.2811479136905048
67	0.5262147797957291
68	0.2682778982702195
70	0.296483569932081
71	0.2422773525616731
72	0.03347725806913657
73	0.026165865592952208
74	0.020516322397706264
75	0.24765315520909112
76	0.03554458783026838
78	0.023331340382394965
79	0.263110953297589
80	0.29110073439321565
81	0.49682165431661635
83	0.2797902516156342
84	0.7400907728602109
86	0.25765478334360464
87	0.03455941352243037
88	0.03789330083808354
89	0.0313296664149125
91	0.30436570777481525
92	0.02165155975630335
95	0.2969265546426077
98	0.46242320604157006
99	0.5085330429429807
100	0.033570995810948356
101	0.2970307422528045
102	0.4632356453830154
103	0.003773212901321696
104	0.4108883296641038
106	0.6989912525127876
108	0.05026551134979223
109	0.009589799875258313
110	0.2760368450530534
111	0.013612180827442859
112	0.2758348454302303
114	0.012647186284071715
117	0.24708054994796136
118	0.04615444059779906
119	0.256332651061653
121	0.017748046331870805
122	0.27064775991120643
123	0.023668944751802187
124	0.29169498106904934
125	0.2468968902452306
126	0.01826992069979301
127	0.04210208339260387
128	0.7728523375297306
130	0.001031206721017544
131	0.20401691122826857
132	0.021384919419547378
133	0.482029070525795
134	0.25636448476723844
136	0.013296935524636996
137	0.29571143935941824
138	0.027648025366217056
139	0.3064876171201494
140	0.013240740139318419
141	0.46478870058353816
142	0.2264574449418464
143	0.2774651828025329
145	0.29095695405975847
146	0.23395672937198692
147	0.254441429978337
148	0.01700091236392393
149	0.20705974240757055
150	0.25213916833171607
151	0.2359000524894778
152	0.302623995325537
153	0.375092385451948
154	0.043784444600038934
155	0.1322828840350049
156	0.2627020109131047
157	0.7446947927084835
158	0.24290724396120425
159	0.7389739323628467
161	0.2644971140973794
162	0.26408907622890393
163	0.24136708816882055
164	0.23173517385354375
165	0.4519654803618814
166	0.383369730116561
167	0.04612221761682527
168	0.045676977093779006
169	0.5420172879037006
170	0.7127258949470198
171	0.20559728562463658
172	0.19190415048807571
173	0.012431060284365598
174	0.024641199969290654
175	0.22458762823104864
176	0.030594160021673016
177	0.2710601340579374
178	0.2267509879421756
180	0.7377802638300665
182	0.3086028230684809
186	0.23806278265844022
187	0.24303424714664662
188	0.2229309717345731
190	0.22648441225523613
191	0.7207821585109497
192	0.22256459979795618
193	0.04456853810974888
194	0.5292245282855215
195	0.009214865158822926
197	0.25628528866944567
198	0.20633792030589956
199	0.2789461682133546
202	0.15975686929757976
204	0.2694415300181888
205	0.20416449692504365
210	0.01772309112062231
211	0.2029041855501274
212	0.04654710554638543
213	0.24709865113819163
215	0.22609768654510504
216	0.2718170130761852
217	0.04068963798236161
218	0.09275069094927352
219	0.25216580616799644
220	0.5624263102731085
221	0.012048787566536986
222	0.016785655577939786
223	0.025081158087403296
224	0.016661361863614218
227	0.26946608382977183
228	0.34911918944279274
229	0.4737083345724965
230	0.4918566762821352
231	0.7312615837289845
233	0.25931248827162556
234	0.22361026263405695
235	0.03689159315909153
236	0.007650620614496395
238	0.2894862053054497
240	0.013433319370524738
241	0.5138335175268467
242	0.31233859048444307
245	0.48470355145843036
246	0.03834252835024049
247	0.003797038369693719
248	0.03430254197625213
250	0.22210736588893823
252	0.007354221613218703
253	0.0391739191638074
254	0.2803590600501597
256	0.025794969738641507
257	0.4816873365435804
258	0.5549283705051836
259	0.030022588480861673
260	0.3222364985419511
261	0.5132383557868504
262	0.009475158171306463
264	0.2701239973456922
265	0.04993789161050781
268	0.01941013650441034
270	0.22799653410933843
271	0.007068567213735437
272	0.2653203531977716
273	0.23751454668925948
274	0.29191105439635967
275	0.2897568599884124
276	0.0052817035052483
277	0.04943132496074997
278	0.24650946232837906
279	0.005032163659053068
280	0.015989225444738877
281	0.2066480117154439
282	0.20409470145523365
285	0.23325430160884575
287	0.2436325669118013
289	0.6599833299122271
290	0.006224365257109989
294	0.010414542992166001
296	0.008500101481232921
298	0.011070792421937946
299	0.0170582645586818
300	0.3667351667141399
301	0.2759734705197183
302	0.4664363951793247
304	0.3137922412663919
306	0.5444298500406014
309	0.2954277143943582
310	0.32532397342940667
312	0.020226710786112417
313	0.02816865301142633
314	0.23290018883258873
315	0.04437241273001551
316	0.0022467123923228458
317	0.026662000150127277
318	0.2535390267725027
319	0.014865750089078856
320	0.03731035402472203
322	0.2766699514365248
323	0.045857042319555244
325	0.23566432582081615
326	0.0304225660449376
328	0.02527666409103176
329	0.20710435270006897
330	0.24965081997523986
332	0.259840390799422
333	0.504188035406747
335	0.010042513814239526
336	0.7362761154618415
337	0.24273365132234384
338	0.03602681440417445
340	0.5194799279919183
341	0.04515867673915265
345	0.210599311603502
346	0.2947667162834963
347	0.0027812151505539756
348	0.27133562355630375
349	0.010737101777605979
351	0.4867178147481512
352	0.06404309090408278
353	0.24684224581966366
354	0.00377878549673848
355	0.008677801034455063
356	0.2360854198242279
357	0.27133370848219307
359	0.007534406544236174
361	0.2568373741459781
362	0.21068632836824386
363	0.010484702708104685
364	0.03095213553752442
365	0.23663390512474
366	0.009181814420195503
367	0.01732648072030648
368	0.22898230574036996
369	0.49443366245976056
371	0.48184072060364
372	0.27642486234945485
374	0.21338728356718728
376	0.4975605232791434
377	0.004369953473401453
378	0.22286052358080571
379	0.2563351032592174
383	0.24395306108007928
386	0.2632223024597559
388	0.26265640517075
391	0.023289240917329763
392	0.019099714063521598
393	0.5012813123038456
394	0.23476596716173878
396	0.2428104459551558
398	0.25099933186691903
399	0.01479495502518995
400	0.23419580016320535
401	0.0068608298909835705
403	0.2845333144506038
405	0.316480961448151
408	0.25387945370652143
410	0.29441869906671664
411	0.029127192878160395
412	0.2669673506287381
413	0.4628560457907246
415	0.020588970698864013
416	0.19540743773342772
417	0.2518330633021288
418	0.19070509052106993
419	0.4613268236126349
420	0.25489012045751774
421	0.3324362651969115
423	0.23791353255540929
426	0.2594078575985999
427	0.022572307942174644
428	0.05680987697478898
429	0.01312748995657944
430	0.0069384325513948235
431	0.5304472298768459
432	0.2414524247562131
434	0.010165698785074763
436	0.002557831263171044
438	0.0399298372967527
439	0.2373785914068237
440	0.2405174644397896
441	0.03817216297307112
442	0.22887945724075834
443	0.03743224743011892
444	0.2326296334421018
446	0.2425393705716378
448	0.22145742584613687
449	0.05638169685074347
450	0.016887497634816232
451	0.06278406917650636
453	0.01492481917106945
454	0.03553988207256869
456	0.004705842994477814
457	0.003245330239343716
459	0.24562857613329772
460	0.22874495457378155
461	0.04515769273491799
462	0.2304725906645358
466	0.2807866898340655
468	0.242072714414429
469	0.2729046053320683
470	0.5081552944787457
471	0.019641905887755603
472	0.045637317517095335
473	0.32090275981495675
474	0.24043797837318245
475	0.07512570793879209
477	0.49743082390904947
478	0.0307761628976491
481	0.00275952275603053
482	0.5383471165481499
483	0.23823477914694038
484	0.028015553424589165
487	0.009520085225005234
488	0.23966875201250845
489	0.2800131120373163
491	0.021756088837273976
492	0.2542229573712415
493	0.014350200476712982
494	0.011377739499259427
495	0.23061711880927105
496	0.020793560179800875
497	0.267155144953089
499	0.01829526133699982
502	0.03828267892335363
504	0.2761381992484642
505	0.2889547032192714
510	0.28180733124539237
511	0.06150004785071217
512	0.27038058842012813
513	0.2649239602039913
515	0.26708664853743286
517	0.5172402966543479
518	0.27264506028767765
519	0.466729922214532
520	0.5648124174580154
521	0.20902989302197017
523	0.027784737862753078
525	0.008721510998949033
528	0.0436713371910722
529	0.005615165287375417
530	0.02474369527624364
531	0.004555057071921369
532	0.2230004174915876
533	0.28308950801946026
534	0.2881622427854371
536	0.01784371395197082
537	0.008652521533105171
540	0.011567832255192641
541	0.27338795671403165
543	0.009214290036919048
544	0.1878964508888426
545	0.030666092196893695
546	0.26681634343248095
547	0.013980960753841667
548	0.032685915445020225
549	0.014350435447180156
550	0.2741763870355903
552	0.27024302093346725
553	0.04595284868362556
554	0.5195462125622218
555	0.21013050998925842
556	0.4641197547495279
557	0.24190846975240712
558	0.0394940240373014
559	0.7426965509884538
563	0.472772510778831
564	0.02599329503101665
565	0.5241195778639862
566	0.034055339716000416
568	0.05870284407535569
569	0.013473656572028266
574	0.02110504250336216
575	0.31492357703324586
576	0.2683926157749317
577	0.0034190497259478994
578	0.5472615498485529
580	0.24599933135434443
581	0.013916176522630906
582	0.22606534976308124
583	0.2535597063983177
585	0.047087190771198675
586	0.03029207870630274
587	0.016702550836385274
588	0.020912557895805386
590	0.034289071962783926
591	0.02954041262039097
592	0.0025799873018940503
593	0.01158715258123165
594	0.7410743916283675
595	0.19500193912181363
596	0.5150812355376245
597	0.26523157185388396
598	0.015975204331784357
599	0.01498348202173811
600	0.24630713880750935
602	0.23539255279816493
607	0.029903061449543696
609	0.3719406317957513
610	0.028928934897129024
611	0.5326231327254565
612	0.5240849599677876
615	0.01878654897270475
616	0.24293441675259894
618	0.5013497928291532
619	0.5146088529779345
620	0.27961313074917754
621	0.24489595998215652
622	0.23690080340969824
623	0.2593086064577808
626	0.014188666051580284
629	0.23139427608845448
630	0.05714346670719492
631	0.309537942404938
632	0.2571368700354886
633	0.04532495335444791
636	0.2613068076045919
638	0.28741630437409726
639	0.23691100834401968
640	0.2324593796344257
642	0.2802085183743847
644	0.5419338514550961
645	0.24182632427084383
646	0.4608938778779676
647	0.006977485467607632
648	0.2639783101510099
650	0.01081760937748262
651	0.28724720797556463
652	0.22542785695764572
653	0.27121658763208994
654	0.2506880238313509
655	0.23000096855962343
657	0.009059028755566821
660	0.2411279732794351
661	0.2139474271581053
662	0.24527309171600878
663	0.5216017534070233
666	0.008462332052503643
667	0.5136967831398211
670	0.22217707140284643
672	0.4915598666684657
673	0.5565510511805601
675	0.27811191433807664
677	0.06883559197395013
678	0.21087235155532727
679	0.5073145517882729
680	0.011308354400798068
681	0.6874256910988422
683	0.021209075063260356
684	0.2567569389487912
687	0.24803063818469143
688	0.2622107349903947
689	0.2675567106871889
690	0.015043686084595831
691	0.2602427155583043
694	0.27600405618808194
698	0.2627126507815791
699	0.00010752027504942752
700	0.028140293810111374
701	0.24967606562257605
703	0.2770740442472958
704	0.003562781912959577
705	0.30561463302476566
706	0.008380102683569136
707	0.24005793026504463
708	0.2687772297057206
709	0.26488741042796254
710	0.026767401702486558
712	0.5397395394348775
714	0.5369929506172507
715	0.26315058292556365
717	7.021272512482135e-05
718	0.2694395183874777
719	0.24389033068908111
720	0.2661020624478012
723	0.5545311714160007
725	0.24842942675827429
728	0.45931966159052795
729	0.4929210306284044
731	0.22301267880601683
732	0.2646359936737199
733	0.004502685935594667
734	0.01812846679073367
736	0.016204424487912268
737	0.026189524338222723
739	0.2538629515809139
746	0.024966589077560972
749	0.014054140791086876
750	0.01857866692749556
751	0.2731918957655556
753	0.0015926213424305308
754	0.2681834999662398
755	0.2565858046549003
756	0.01421977222642419
757	0.009320221708498666
760	0.016774690838944395
761	0.013437612981968508
762	0.29027470687759604
764	0.023885990857165203
765	0.01311388655441505
766	0.013487561923283452
769	0.007286205861325286
770	0.005631436998728836
772	0.2220777578771609
773	0.22318941575253226
774	0.07908901881901295
775	0.031429279538607004
776	0.46586027676716313
777	0.03517958200229
778	0.05440545828686108
779	0.2759907167868892
780	0.0025913435513871194
781	0.24566511958606166
784	0.2780230955289747
785	0.31404946490717783
786	0.21003089847073403
787	0.0015993622698285866
788	0.03086822488489249
789	0.27535847358880866
790	0.0033807714569819083
791	0.2618142332494843
792	0.030561635679212055
796	0.043708030829136886
797	0.3057251805502315
798	0.7792871385773243
799	0.2535233849283614
800	0.02981404858491367
801	0.2630511809925634
802	0.3080288038664983
803	0.2505445969113662
804	0.5437974930581528
807	0.024719216132816392
810	0.48995605915705764
811	0.5312936791084155
812	0.06049702483182206
813	0.25723729097426973
814	0.06421681387047143
815	0.24563027126600762
816	0.2552169944588056
819	0.2859231716821953
824	0.20260413808274602
825	0.5332291749338358
827	0.01414030201986817
829	0.24587034297750934
831	0.24390347635988213
832	0.5227205409246651
834	0.27997169379193404
835	0.22591431652342703
836	0.024218711256313266
837	0.4506545686555166
838	0.23541453793362044
839	0.02528617214282853
843	0.014392239963110027
844	0.21620133373240505
845	0.0536788122656138
846	0.004266404567839936
847	0.2578514648492822
849	0.24587034297750934
850	0.24590758749659308
851	0.01543999882964758
853	0.03112409021900313
855	0.2961167757741618
856	0.01590098455809741
858	0.2499330558431401
859	0.044601579998143584
860	0.003955341244023754
861	0.01822748940823704
862	0.017886500668377874
863	0.04152954181255544
864	0.03457959813248677
866	0.1936100494523625
868	0.011832841670448145
869	0.03398299954792211
871	0.011420083111261282
872	0.5173565440864958
873	0.04126835039523154
874	0.2049231903975655
876	0.48452767328159285
877	0.015461313925383413
878	0.26042747729117566
879	0.0031638693101306396
880	0.0014871521868355803
881	0.27100822289706633
882	0.2257324698996375
885	0.2019752056937768
888	0.24738558008591055
889	0.2285888431979592
890	0.0027003329881779836
891	0.2660316571491484
892	0.2603886715876764
893	0.03833210882635225
895	0.26314206192603834
896	0.01493748732336157
897	0.26013991987979146
898	0.25369462689657446
901	0.04686978548949715
902	0.26283296294119224
903	0.25534870525473546
904	0.026383587479230787
906	0.23997511096015312
908	0.007157175536003094
909	0.22138435760195416
911	0.018717648258552017
913	0.010894135111863032
914	0.5730156822903907
915	0.24205002246329868
917	0.2190267500961767
918	0.26185295729374586
920	0.02281484671189908
921	0.2871642471848889
922	0.20742342591350232
923	0.009803129271101253
924	0.00296141055716374
925	0.2862426006399813
927	0.30823078472672305
930	0.30909239179184084
933	0.016098127961730515
935	0.5319632132139085
936	0.02245391619726415
937	0.013612180827442873
939	0.037026854842356245
941	0.0020426387058972047
942	0.23178551317266494
943	0.2527977596868317
0	0.0
0	0.0
0	0.0
0	0.0
0	0.0
0	0.0
0	0.0
0	0.0
0	0.0
0	0.0
0	0.0
0	0.0
0	0.0
0	0.0
0	0.0
0	0.0
0	0.0
0	0.0
0	0.0
0	0.0
0	0.0
0	0.0
0	0.0
0	0.0
0	0.0
0	0.0
0	0.0
0	0.0
0	0.0
0	0.0
0	0.0
0	0.0
0	0.0
0	0.0
0	0.0
0	0.0
0	0.0
0	0.0
0	0.0
0	0.0
0	0.0
0	0.0
0	0.0
0	0.0
0	0.0
0	0.0
0	0.0
0	0.0
0	0.0
0	0.0
0	0.0
0	0.0
0	0.0
0	0.0
0	0.0
0	0.0
0	0.0
0	0.0
0	0.0
0	0.0
0	0.0
0	0.0
0	0.0
0	0.0
0	0.0
0	0.0
0	0.0
0	0.0
0	0.0
0	0.0
0	0.0
0	0.0
0	0.0
0	0.0
0	0.0
0	0.0
0	0.0
0	0.0
0	0.0
0	0.0
0	0.0
0	0.0
0	0.0
0	0.0
0	0.0
0	0.0
0	0.0
0	0.0
0	0.0
0	0.0
0	0.0
0	0.0
0	0.0
0	0.0
0	0.0
0	0.0
0	0.0
0	0.0
0	0.0
0	0.0
0	0.0
0	0.0
0	0.0
0	0.0
0	0.0
0	0.0
0	0.0
0	0.0
0	0.0
0	0.0
0	0.0
0	0.0
0	0.0
0	0.0
0	0.0
0	0.0
0	0.0
0	0.0
0	0.0
0	0.0
0	0.0
0	0.0
0	0.0
0	0.0
0	0.0
0	0.0
0	0.0
0	0.0
0	0.0
0	0.0
0	0.0
0	0.0
0	0.0
0	0.0
0	0.0
0	0.0
0	0.0
0	0.0
0	0.0
0	0.0
0	0.0
0	0.0
0	0.0
0	0.0
0	0.0
0	0.0
0	0.0
0	0.0
0	0.0
0	0.0
0	0.0
0	0.0
0	0.0
0	0.0
0	0.0
0	0.0
0	0.0
0	0.0
0	0.0
0	0.0
0	0.0
0	0.0
0	0.0
0	0.0
0	0.0
0	0.0
0	0.0
0	0.0
0	0.0
0	0.0
0	0.0
0	0.0
0	0.0
0	0.0
0	0.0
0	0.0
0	0.0
0	0.0
0	0.0
0	0.0
0	0.0
0	0.0
0	0.0
0	0.0
0	0.0
0	0.0
0	0.0
0	0.0
0	0.0
0	0.0
0	0.0
0	0.0
0	0.0
0	0.0
0	0.0
0	0.0
0	0.0
0	0.0
0	0.0
0	0.0
0	0.0
0	0.0
0	0.0
0	0.0
0	0.0
0	0.0
0	0.0
0	0.0
0	0.0
0	0.0
0	0.0
0	0.0
0	0.0
0	0.0
0	0.0
0	0.0
0	0.0
0	0.0
0	0.0
0	0.0
0	0.0
0	0.0
0	0.0
0	0.0
0	0.0
0	0.0
0	0.0
0	0.0
0	0.0
0	0.0
0	0.0
0	0.0
0	0.0
0	0.0
0	0.0
0	0.0
0	0.0
0	0.0
0	0.0
0	0.0
0	0.0
0	0.0
0	0.0
0	0.0
0	0.0
0	0.0
0	0.0
0	0.0
0	0.0
0	0.0
0	0.0
0	0.0
0	0.0
0	0.0
0	0.0
0	0.0
0	0.0
0	0.0
0	0.0
0	0.0
0	0.0
0	0.0
0	0.0
0	0.0
0	0.0
0	0.0
0	0.0
0	0.0
0	0.0
0	0.0
0	0.0
0	0.0
0	0.0
0	0.0
0	0.0
0	0.0
0	0.0
0	0.0
