4	0.26072531065890714
5	0.5669052741933547
6	0.2570722152730993
7	0.277749999211263
10	0.27410509340848876
14	0.2769241467637274
16	0.2412919845397219
18	0.3070982339542015
19	0.0358640680082713
20	0.029127192878160395
21	0.44061669406135495
22	0.26510874311858845
23	0.29220939868894685
24	0.5475519124762334
25	0.061067505140331574
26	0.009022088648836708
27	0.007025447569379967
28	0.02643537709445699
30	0.07866071851056944
33	0.2748268444956379
34	0.21582828374127724
35	0.07459103708809334
37	0.0449649335476163
38	0.017749560882871322
41	0.03416013239596741
42	0.528093891484769
43	0.2661298579004054
44	0.2636963896615414
47	0.274885433138441
48	0.022251912200532666
49	0.4501177596715774
50	0.26457447225994246
54	0.25249747563474295
56	0.2894475689075713
57	0.28905709735016094
58	0.024261247022419594
59	0.5204361349590026
60	0.06594561911015102
62	0.3037856311051965
64	0.2634678442830633
68	0.01530161008564761
70	0.28909304072574443
72	0.2692063118351311
73	0.5688156147282338
74	0.05146351073948309
75	0.049059764087926366
77	0.04591231612595341
79	0.018393179320543025
80	0.14941003147397752
81	0.048554169880092514
82	0.3047087752182898
84	0.08469248924441126
85	0.014945750189630628
88	0.1080373279515599
89	0.26398307871738336
90	0.028176410781957338
91	0.28301457967698085
92	0.2828835587020858
94	0.006067570828624941
95	0.056300464830334566
97	0.24356957744798827
98	0.057571045405080803
99	0.03241830448697464
100	0.3169164994471976
101	0.08614121229224961
102	0.052764479600736054
103	0.09460200735332264
105	0.08354306802913679
106	0.11573297344706919
107	0.2891907266243673
108	0.3123202941182465
109	0.05189530011009018
110	0.3423942314794186
112	0.0436561811026263
115	0.29250785315530264
116	0.27583638766334734
117	0.07238121463069157
119	0.27452407184833216
120	0.26683904206125125
121	0.32315409704256604
123	0.24680782348990907
125	0.04252216773134716
129	0.33785073273457356
130	0.042594726477953045
131	0.06006285281494517
132	0.05566741912430745
134	0.06962458749302916
136	0.3265396610287314
138	0.2935934242623522
139	0.2969745050281074
140	0.034485039812605034
142	0.3048602942499888
143	0.28439992093181027
145	0.25686489620798825
149	0.07101413565608168
150	0.0064710644778997704
151	0.285250439696587
153	0.1308761690894014
154	0.27556207731150567
156	0.04760138670740622
157	0.06666657651049449
158	0.5314980266637335
159	0.05949615845111343
160	0.26483172930077403
162	0.017223263361044693
164	0.29566482717444564
165	0.3207132177548257
167	0.035239383217438906
168	0.3277414459056246
170	0.09670270977024421
172	0.08600287232049442
173	0.05252503863916435
174	0.301102601596038
175	0.2798845685570845
177	0.26017141153779894
178	0.022889911210414254
179	0.02714019329035932
182	0.27843526608539615
184	0.017378015096429115
188	0.06947339907396498
190	0.09423909794274307
192	0.1023355358009168
193	0.060234165986504475
194	0.06341243496008779
195	0.5682391501536121
198	0.4653699373479662
200	0.22914702192043943
201	0.25696654478907965
204	0.1014621841424353
206	0.37264330136509627
207	0.27481886044118203
209	0.009880093874406356
210	0.27072151362539926
211	0.029650459756349366
213	0.2824851413474618
214	0.26191011553241894
215	0.2965977730989931
216	0.05306794659498526
217	0.2754272515872065
218	0.09499888072235925
219	0.29859978014934774
221	0.03472309219342681
222	0.012010409347035518
223	0.0468802717452819
225	0.0388399100178462
227	0.3125355195580304
229	0.06887111229345252
230	0.03906331213717942
231	0.073084889226911
233	0.02457211290590197
234	0.5341053474580504
235	0.2775499507915907
236	0.30501479472990917
237	0.03541366658904297
238	0.5349709634178026
239	0.02374336182596235
240	0.29630020206058616
243	0.3408727625405696
244	0.2504022803363243
245	0.016964487447336175
246	0.29752205168949525
249	0.02788561846389402
250	0.06684938884320492
251	0.26012318662580675
252	0.29585771839214414
253	0.5496363101048708
254	0.10015846238597365
255	0.48673162625659655
256	0.24840810106721148
257	0.05183293724856847
259	0.3180572190298803
260	0.3036779324075837
262	0.23641156839697441
263	0.012971803322469541
264	0.052329138444479534
265	0.2096317553477416
266	0.03475963725445033
267	0.24802117277262356
268	0.050161062452832555
269	0.04278945612398853
270	0.5157213904307374
271	0.2737859172093601
272	0.06063180199858788
274	0.2716361039948443
276	0.25921176775111465
278	0.24010217655011024
280	0.039357867838531624
282	0.029944578304196754
283	0.033131514325631974
284	0.2474694611442575
285	0.06753678629525256
286	0.28673951669787695
287	0.07101525680929421
288	0.004878693159448048
290	0.013018305271891743
291	0.2740355235530858
292	0.5463204375391583
293	0.20147990377716798
294	0.04363167119229222
296	0.5390747499313882
297	0.2657565951302836
298	0.3003739820069863
299	0.06961759170386561
301	0.04500409709216371
302	0.32369932518731775
303	0.24965008127819732
305	0.2606930250379138
307	0.03402154338288793
308	0.45205817574745144
309	0.0027459169238639586
312	0.0245431373524869
313	0.2849883666863987
314	0.285582638926722
315	0.06836605651834109
316	0.13031089584093578
317	0.0064710644778997704
318	0.02871939054889132
319	0.26962637537395473
320	0.043014199673786814
321	0.021508786456899173
322	0.028675319167613386
323	0.28636757633265786
325	0.26216479695710804
326	0.021821850811559938
327	0.0013417173945953903
328	0.28585708913935354
329	0.29065125898518257
332	0.042085848305627116
333	0.26610620414356634
334	0.2073144592050671
335	0.34763239503478355
339	0.25298655431716854
340	0.03209056687656995
342	0.24817346272619875
343	0.24658008031771922
345	0.5654232125786727
346	0.316641457319335
347	0.49393909016904225
348	0.28751014247938267
349	0.03863464125581996
350	0.054646677831304724
351	0.3219889384212148
352	0.078527463430673
353	0.0389528391696145
354	0.07260127084923068
355	0.04418916072568703
357	0.05441162376583653
358	0.03826822248519275
359	0.03234347548289296
360	0.01170542580241652
361	0.029377431543346197
362	0.3231011321955727
363	0.015601047266571862
364	0.059844829399726816
365	0.019747408816783694
367	0.050055073156252516
370	0.5400782873745412
371	0.04754262586396339
372	0.04112027333137749
373	0.26181074140715815
375	0.0003229776228433068
376	0.051513546798582305
377	0.04280727436008719
378	0.2638591039458998
379	0.5466468529618
380	0.26564132079201014
382	0.06652447656317108
383	0.26655651775608796
384	0.029050993262633013
385	0.03334835818587432
386	0.24108754336516725
387	0.04388207628141583
389	0.2969871883831023
390	0.2687673978455799
391	0.04392600938087987
392	0.047876553151592505
393	0.05552971137683695
394	0.25316639971174953
396	0.019410355765008637
397	0.2552155500522304
398	0.5145107240806992
399	0.5291946304203589
401	0.034706047652127474
402	0.27602794953028786
403	0.3250006367189977
404	0.039182630452358126
405	0.3529212324906204
406	0.2604663894395771
407	0.4991882300326725
408	0.03308567401444311
409	0.026955867511534254
410	0.048266788829277825
412	0.23988274881993293
413	0.03141702439642119
414	0.2932075248866166
415	0.022241205906936477
417	0.29366040024891843
419	0.06635144724904149
420	0.2981308237857474
421	0.060816629389253966
423	0.03326290990864398
424	0.3559481495677574
425	0.260839510592628
426	0.04985723691630882
427	0.492950816542362
428	0.015864003815831102
429	0.2990451969069654
430	0.05122240789858269
431	0.05590482247809106
432	0.2636464629591804
435	0.3063652424997666
436	0.049423851631263005
438	0.0004730405477916949
440	0.29202964118549896
441	0.03620089832623674
442	0.28645788150967766
443	0.5110966864421215
444	0.05637817782779797
445	0.2701501503662366
446	0.018360854521228046
447	0.011580113422676806
449	0.05594110966186813
450	0.521848411276103
451	0.2627047273577633
452	0.007567546225016666
453	0.050227069081292625
455	0.19039413223657087
456	0.048187270722688864
457	0.0110894671148066
458	0.2613659139066641
459	0.5013238844082821
460	0.548572741120195
462	0.3111559240554002
463	0.05420851546519438
464	0.28095673757113815
465	0.5230150946251307
466	0.05208035046488481
467	0.009724400213457569
468	0.300342839032708
469	0.29640583332345966
470	0.05458580789727985
472	0.27640327388373703
474	0.3123411796935057
475	0.024269983358420025
476	0.5421782552342861
478	0.035214791191890735
479	0.2575542596751919
480	0.2511282335075418
481	0.04786188357552766
482	0.0183828243108444
484	0.046721567703976924
485	0.42670020363359573
486	0.4662805005626947
487	0.2614869736150535
490	0.2742072665337388
491	0.283779112376601
492	0.3147448154001651
493	0.48391032488114877
494	0.043708117026456585
495	0.015604941101933119
496	0.2820135789481321
497	0.29460184549660295
498	0.012891659782801101
499	0.03611230624346368
500	0.46380170516074276
501	0.038472979400011854
502	0.3228987139426062
503	0.4780666943829748
504	0.04594406936671318
505	0.07222241755309622
506	0.2391539273982102
507	0.015344530418588749
508	0.2545611295786383
511	0.2910464934556032
512	0.27453299232125467
514	0.016244768505970432
516	0.2580726159927919
517	0.29303566669801695
519	0.04984559418459457
520	0.3221660481982493
521	0.25752100710545106
522	0.2597741413148029
523	0.007743147438190243
524	0.25747243658823316
525	0.49974658896892876
528	0.03763141053436395
529	0.26819481199506734
530	0.03054071859422748
531	0.2919791731278352
532	0.2508107772579006
533	0.0455626453460849
534	0.5072855580230263
536	0.0187060256876894
537	0.026328818154621056
538	0.2744802590928068
540	0.27593055409819967
541	0.26721691164226835
542	0.041884886720984074
543	0.2709081031155612
544	0.005587981472292863
545	0.05767509850404107
546	0.04687643484208447
547	0.02832989462492979
549	0.7597416390856356
550	0.3192092809959704
551	0.26231634679066
552	0.06170356431151053
553	0.2838032297527776
555	0.05162698085148944
556	0.29555499259022444
557	0.053464995504185896
559	0.07141402069159444
560	0.039923702161522
561	0.26738734909191686
562	0.3358890918380714
564	0.05462547188248821
565	0.06375281376069544
566	0.03534998539939213
567	0.2591874247825703
568	0.03216705686045199
569	0.5150959591363338
570	0.0805913091626153
571	0.02853837324858193
572	0.08713533122649865
573	0.29683926362269153
574	0.5133195710622239
575	0.06393994912516485
576	0.02195194466536783
577	0.2414560102830468
578	0.03408042319510564
579	0.21925799858352168
580	0.3162083014652737
581	0.04743596865090269
582	0.30266310461524626
583	0.30047255986027227
584	0.02559114695699977
586	0.5334301793647404
588	0.4663654476649342
589	0.2472598171692823
590	0.30428141772590606
591	0.05196390801255045
592	0.22632729943703778
593	0.014076115888552992
594	0.056620018496049966
595	0.24340433789452634
596	0.07516364816745426
597	0.07693520415674812
598	0.2894381567637488
600	0.03642276840742816
601	0.24390987981521153
602	0.5353939374115574
603	0.013010702723669953
605	0.49296524716813117
606	0.235645775902119
607	0.31194040545648816
608	0.28879772257739433
610	0.25556704492092347
611	0.29870054854038486
613	0.0402555174817113
614	0.2830249879265929
618	0.5055223567171778
621	0.041163365982479244
622	0.28663785400787384
623	0.02570244507765776
624	0.022468505130985687
625	0.26143381397801796
626	0.24598076819546058
627	0.3109525790494153
628	0.2687673978455799
629	0.021932274370407876
630	0.26589949451194517
631	0.27183833500691984
632	0.3059930977828355
634	0.2914881975992528
635	0.288215722878573
636	0.03856025035666983
637	0.3131955679953009
638	0.3074159371773082
639	0.5076943134328296
640	0.7619532989502626
641	0.2644012489377404
642	0.2991277412849626
643	0.024951245247024308
645	0.08042577009817292
647	0.5013846287243591
648	0.03001642817343708
649	0.29520780385076606
650	0.31378351519626174
651	0.031753205892578545
652	0.5540892265850319
653	0.541966846915024
654	0.263077485234866
655	0.26140520923632354
658	0.2777894969138482
659	0.010595314007275689
660	0.07571856705371513
661	0.5195027384253609
663	0.0642743394359008
664	0.5148419595059581
665	0.03496312337258506
666	0.5041815939522128
667	0.5416250142221444
669	0.23405833996041525
670	0.29849508366876104
672	0.08521420318314643
673	0.0654069267061389
674	0.5264726379166556
676	0.02356557009073556
677	0.48869552727588356
678	0.27688056475300693
680	0.03012853999208813
681	0.1030303284131664
682	0.271990637404662
683	0.5162185662148255
684	0.033281605201908954
686	0.277715875937231
687	0.03654039433476983
689	0.04399503507403629
690	0.02279372051123655
691	0.2835989202729935
696	0.5235694928385581
697	0.02920215861612452
698	0.027609825358373183
699	0.5064089859538816
701	0.003134514062044007
703	0.2594435742003358
704	0.052633203544049545
705	0.29132248269611094
707	0.04006724121505539
708	0.039464671364688036
709	0.27729866715084356
710	0.03354693900355843
711	0.052917479430718874
712	0.03797967151428827
713	0.2241934847335154
714	0.04610382576235937
715	0.05237723268265276
716	0.2704883416263919
717	0.017123512829486147
719	0.29308962277779715
720	0.3053106637003475
721	0.002476955061028664
722	0.037099181199866535
724	0.37264330136509627
725	0.3346326992230235
727	0.43307210895412324
728	0.306272772827616
729	0.09272336465977846
731	0.049823933039772575
732	0.26069795895417364
733	0.27224618340723555
734	0.7532509521481141
735	0.27824157327983956
736	0.2659714328281629
737	0.06944764626564337
738	0.007818946826495851
739	0.2966296035168176
740	0.24613354751973823
741	0.067134535947517
742	0.28009100492518907
743	0.24684776464739322
744	0.23281631046770127
745	0.0850665620230587
746	0.4938994536243527
747	0.22973724840650234
748	0.2608279219283243
749	0.5250350020221036
750	0.039085930929429004
751	0.5292878161353709
752	0.27093137772746084
753	0.07644282972354433
754	0.0407206686571136
755	0.3014275224258265
756	0.7799348002406895
757	0.2589416356026261
758	0.017119237641471996
759	0.029956988753294275
760	0.07161038330934096
762	0.05062281578722627
763	0.2484818987480231
764	0.5031241723377442
766	0.2724805164750918
767	0.03209265114619046
768	0.3103940584578529
769	0.05133168126769328
770	0.02054042540853844
771	0.27471041229910614
772	0.03695358586678922
773	0.2575737736520726
774	0.09237396144605906
775	0.023764683447427763
776	0.060496463253408364
778	0.29336234777332343
779	0.03630357092459628
780	0.04369451504010293
781	0.010367698733518522
782	0.24920958108643815
783	0.013003249462778293
785	0.22526952925669372
786	0.2442568715713835
787	0.03870843191526726
788	0.06381161318422551
789	0.03545105803517445
791	0.2658521362310694
792	0.2978403929744746
795	0.25071117097756057
798	0.2857394244304194
800	0.5150959591363339
803	0.7108524112427552
804	0.06988863186943595
806	0.24397959064518931
807	0.04549045899535429
808	0.04066107143823638
809	0.5287253235713654
810	0.5603647393383198
811	0.027938732061708303
812	0.04705744503268518
813	0.26593263524523136
815	0.04380460727488509
816	0.026498631452069234
817	0.23241106466899356
818	0.2547947203039539
819	0.2798695026198546
820	0.4597315570891807
821	0.25118366903783007
822	0.29497070870686765
824	0.32466926997331313
825	0.06316749022629546
826	0.012811575085934095
828	0.2920542236236975
829	0.7708986958613477
830	0.08054761409237184
831	0.023598254505856214
832	0.039533801139960106
834	0.03631709718646048
835	0.26251528714600814
837	0.33102840108420395
838	0.04773520780829589
839	0.2688239011685111
840	0.23218939181046497
841	0.2776431516806397
844	0.29018021492730456
846	0.2654730271127645
849	0.2687673978455798
850	0.5010605822386162
851	0.05357425889143866
852	0.5192303779094904
853	0.015697358959433475
854	0.25998021241801395
856	0.03657205749868832
858	0.2690279162514351
860	0.028095043741123166
861	0.043252331310717616
862	0.02849847406598086
863	0.5356896050378015
864	0.2706168411536154
865	0.0552611498877355
867	0.0522846629230056
868	0.2700997956109414
869	0.2700818382474102
870	0.23953939803039317
872	0.041225856166450026
873	0.27534047996021244
874	0.5332531248366257
877	0.027369973149212946
878	0.3046109188377418
879	0.08199661744934965
880	0.5165315003339833
881	0.08669716391625881
882	0.28017245366833665
883	0.24498114964410467
886	0.2458482784344473
887	0.27096745933806865
888	0.08361592823515228
889	0.26040322637410973
891	0.31692847141468733
892	0.28175597018090903
893	0.28657459700931476
895	0.03871209579299435
896	0.26325373044715344
897	0.4952912777318904
898	0.29070996404508903
899	0.26146801759764515
900	0.2391038479826969
901	0.008549203416395229
903	0.3162389446719787
904	0.04047785932907313
905	0.031155810079535943
906	0.276087235646725
907	0.025224061947440604
910	0.009680950649303417
911	0.032329848611268655
913	0.013534208620309143
916	0.00972719651826465
917	0.03513277240060432
920	0.039842962356234427
921	0.314706656750332
923	0.5279971617051908
924	0.2453990367818534
925	0.27537426944961524
926	0.040604441887680975
927	0.30814229705623725
928	0.0157876615912923
929	0.06174602339600437
930	0.03761635817101289
931	0.06514349496662677
932	0.28386694498152437
933	0.5206228306592399
934	0.04295462392590938
935	0.055301451419316985
936	0.2734874884853641
937	0.05734847548613715
938	0.24263133588102206
939	0.053910493474630734
940	0.30551395617884636
941	0.30384042929969285
942	0.02374782582390047
943	0.516351511132387
0	0.0
0	0.0
0	0.0
0	0.0
0	0.0
0	0.0
0	0.0
0	0.0
0	0.0
0	0.0
0	0.0
0	0.0
0	0.0
0	0.0
0	0.0
0	0.0
0	0.0
0	0.0
0	0.0
0	0.0
0	0.0
0	0.0
0	0.0
0	0.0
0	0.0
0	0.0
0	0.0
0	0.0
0	0.0
0	0.0
0	0.0
0	0.0
0	0.0
0	0.0
0	0.0
0	0.0
0	0.0
0	0.0
0	0.0
0	0.0
0	0.0
0	0.0
0	0.0
0	0.0
0	0.0
0	0.0
0	0.0
0	0.0
0	0.0
0	0.0
0	0.0
0	0.0
0	0.0
0	0.0
0	0.0
0	0.0
0	0.0
0	0.0
0	0.0
0	0.0
0	0.0
0	0.0
0	0.0
0	0.0
0	0.0
0	0.0
0	0.0
0	0.0
0	0.0
0	0.0
0	0.0
0	0.0
0	0.0
0	0.0
0	0.0
0	0.0
0	0.0
0	0.0
0	0.0
0	0.0
0	0.0
0	0.0
0	0.0
0	0.0
0	0.0
0	0.0
0	0.0
0	0.0
0	0.0
0	0.0
0	0.0
0	0.0
0	0.0
0	0.0
0	0.0
0	0.0
0	0.0
0	0.0
0	0.0
0	0.0
0	0.0
0	0.0
0	0.0
0	0.0
0	0.0
0	0.0
0	0.0
0	0.0
0	0.0
0	0.0
0	0.0
0	0.0
0	0.0
0	0.0
0	0.0
0	0.0
0	0.0
0	0.0
0	0.0
0	0.0
0	0.0
0	0.0
0	0.0
0	0.0
0	0.0
0	0.0
0	0.0
0	0.0
0	0.0
0	0.0
0	0.0
0	0.0
0	0.0
0	0.0
0	0.0
0	0.0
0	0.0
0	0.0
0	0.0
0	0.0
0	0.0
0	0.0
0	0.0
0	0.0
0	0.0
0	0.0
0	0.0
0	0.0
0	0.0
0	0.0
0	0.0
0	0.0
0	0.0
0	0.0
0	0.0
0	0.0
0	0.0
0	0.0
0	0.0
0	0.0
0	0.0
0	0.0
0	0.0
0	0.0
0	0.0
0	0.0
0	0.0
0	0.0
0	0.0
0	0.0
0	0.0
0	0.0
0	0.0
0	0.0
0	0.0
0	0.0
0	0.0
0	0.0
0	0.0
0	0.0
0	0.0
0	0.0
0	0.0
0	0.0
0	0.0
0	0.0
0	0.0
0	0.0
0	0.0
0	0.0
0	0.0
0	0.0
0	0.0
0	0.0
0	0.0
0	0.0
0	0.0
0	0.0
0	0.0
0	0.0
0	0.0
0	0.0
0	0.0
0	0.0
0	0.0
0	0.0
0	0.0
0	0.0
0	0.0
0	0.0
0	0.0
0	0.0
0	0.0
0	0.0
0	0.0
0	0.0
0	0.0
0	0.0
0	0.0
0	0.0
0	0.0
0	0.0
0	0.0
0	0.0
