1	0.25899728869679
4	0.004349352290662134
5	0.23652334670514552
6	0.002970582235580721
7	0.23740144621023393
8	0.5283277692015999
10	0.5044745027248722
13	0.30802444060627915
14	0.24179560456773413
15	0.01749690256791278
17	0.21789522741097866
18	0.25479950033683985
19	0.18846262002867728
20	0.24489595998215652
22	0.01902050179334011
23	0.26454753880992876
24	0.02781785437694073
25	0.47862998592837874
27	0.15466918201107632
28	0.4628210540170328
29	0.09234997035530124
30	0.27956531832149234
32	0.24804087952923742
33	0.2286020029921353
34	0.2034839466584161
35	0.2631147165787081
37	0.25708212221596916
40	0.2390490082935453
41	0.03386173690314481
43	0.08810996488446977
44	0.2082377437275516
45	0.027970871691702245
46	0.0058793005907278595
47	0.23477565189196126
48	0.2451763450490565
51	0.295141824212507
52	0.24342117247709202
53	0.016022607525969054
54	0.2575865816662107
55	0.23648018874648719
56	0.26143305204772316
57	0.49794727237219544
58	0.33915405600778936
59	0.525164384253745
60	0.7013211602620069
61	0.17291876254724575
62	0.23864259972087581
63	0.17525614140691145
65	0.24871375104626564
66	0.22148508925537785
67	0.0002633075906706417
68	0.18743244997163214
70	0.4867635392209271
71	0.43841254348206
72	0.2569943761690472
73	0.2950932626589955
74	0.24574100626831918
76	0.54812429245876
79	0.025695742689994333
80	0.26203519275406006
81	0.26026254392840137
82	0.3170823173540869
83	0.26109363812995534
84	0.23573162799184144
86	0.5084482354371946
87	0.012654931783082454
88	0.036626245478590516
90	0.0749381702406898
91	0.46155075260649114
92	0.02201233559009355
94	0.059655984938731976
95	0.010313900239778892
97	0.0017105012762078237
98	0.09429747860397944
99	0.005472214564594791
100	0.4738591575966413
101	0.010944980483274497
102	0.32493853482432566
103	0.19168153761187234
105	0.1990953701420718
106	0.5196910762142196
107	0.19513829464826932
109	0.505736508837563
110	0.2477030347013458
112	0.23400205653900896
114	0.28982696869824937
115	0.20971995899055162
116	0.06382369462032159
117	0.020745995908093784
118	0.0009342130520949149
119	0.03358310382631592
120	0.022657412525374426
121	0.07246817907663303
122	0.015148360653031032
123	0.06971537793432013
124	0.2563379736138004
128	0.24910093559596125
129	0.05254154998664952
131	0.2407695347326334
132	0.2478182002475411
133	0.010208064871098196
135	0.08768024096699825
136	0.26324896340634624
138	0.5348491156106695
139	0.27093585169102774
140	0.03411488113205248
141	0.29053635807114236
142	0.2226450014070565
143	0.007554786105958167
145	0.3410488543941901
147	0.005140866633222094
151	0.0033888403655322336
152	0.22865213295726927
153	0.3626779059927452
156	0.30387223791595136
157	0.04707724383496088
159	0.4976592292275703
161	0.2326086034378792
163	0.28185112904023446
164	0.2305207782224561
166	0.03004824296785978
167	0.3252208933002711
168	0.04232949985980454
169	0.2537487424983805
170	0.49368436038711777
171	0.24146607617255342
172	0.1825173662317196
173	0.24831640521797466
174	0.2445837253642316
176	0.009282624255272987
178	0.3065653010350123
179	0.00805411469182056
180	0.24961833292448155
182	0.02282673006559234
183	0.29975980612888237
184	0.011337237420769058
186	0.5724406975678811
188	0.5443263611722069
190	0.19760258190669885
191	0.2167221906921867
193	0.2948838153236234
194	0.5437055408513161
197	0.35900824892404526
199	0.2643918705311105
202	0.0225676162053777
204	0.07518572804398171
205	0.1758083845549512
206	0.3430847591584097
207	0.21678065268446317
208	0.040404393471551336
210	0.2461702805189726
211	0.22585509844859386
212	0.045615589552979674
216	0.2386818846437147
217	0.23769141748862355
218	0.5541729192437889
219	0.2594948005561401
222	0.1829706682529964
225	0.06636997636663614
226	0.036520205109489945
227	0.21470396841613754
228	0.060599002016497275
229	0.22443347361842148
231	0.26800181494207403
232	0.001389449141513982
233	0.030248616032164916
234	0.2471470344027466
235	0.036726733639386167
236	0.02758304623769392
238	0.2562344305536964
239	0.22476706173188904
240	0.2545700513932651
241	0.278861121850849
242	0.02915865646580368
243	0.2866701996121487
244	0.05615240926802155
245	0.013183669320951968
246	0.24787907840753742
247	0.2251359840277652
249	0.31117755614558895
252	0.2540477942658952
253	0.016941986104770768
254	0.501825860852334
257	0.2525644718578586
258	0.24823148151574126
259	0.2731942736977952
260	0.28766702785683573
261	0.2243584418659082
263	0.052245058162462624
264	0.018214345258530912
267	0.5162443050541512
268	0.7449312031384738
271	0.24018480942998427
272	0.010827032022574457
274	0.25407935310849095
275	0.006739444594009353
276	0.005274152489302089
277	0.2263668744927328
281	0.19705815934069043
284	0.019343965023483303
285	0.028136994828953363
288	0.05959271402432842
289	0.5952237826571471
291	0.02210113973261786
292	0.2597902815054865
294	0.21795640805797162
296	0.010905222239391
297	0.016515710060867647
298	0.30240202260620563
299	0.750199937288884
300	0.040337034954420196
301	0.5302928008099725
302	0.5217471766096016
303	0.3071832888882985
305	0.01586883122640538
306	0.006907625628478048
309	0.26627762708070274
312	0.0034717001093989563
313	0.44999564645886503
314	0.004902460131958317
316	0.5946382802821716
319	0.2232417140219224
320	0.30484095094409774
321	0.06785873333153819
322	0.20915399334988588
323	0.007110358126415639
325	0.016059779071885938
326	0.0065563843314479925
327	0.07861105647449987
329	0.24780144820885688
331	0.20763807542894752
332	0.055126697502149866
333	0.007469590517075728
336	0.4828957492384759
337	0.2223799265994374
338	0.4805907485053508
339	0.015987216401471438
343	0.28029193297446486
345	0.4850938621920258
346	0.259155598142553
347	0.5552192143871404
348	0.2473529268450581
349	0.01226123877442703
350	0.08349846139198656
351	0.24077952931049015
352	0.4987479121525649
353	0.2182183996974405
354	0.2349241345534117
356	0.23569175150767024
357	0.24054246101863494
358	0.21623421300957824
359	0.23476419488982833
360	0.3098006082471705
361	0.22747637749145183
362	0.20687425867722556
364	0.2551996668883294
367	0.00676029172990969
369	0.26558392736521597
371	0.2008266994109393
372	0.25399745155597075
374	0.47537441154728655
376	0.4558150828750247
378	0.28543980250536466
379	0.23912305398695852
382	0.3008697333996644
385	0.2839785938616132
386	0.5880784165776101
387	0.21897741982907354
389	0.22469612918712087
390	0.008005819543364004
393	0.5511510958686385
394	0.004514284156423826
395	0.5337433060299297
396	0.21082024629588214
397	0.2800411574134399
398	0.047336783030263826
399	0.014025848272993996
400	0.019388012070454957
401	0.5312999812032514
402	0.054268200788294974
403	0.0419002346496153
408	0.17706779613582047
409	0.7589667414917206
410	0.04000256635291792
411	0.041163365982479244
412	0.014925298285964561
413	0.23114964451073777
414	0.19867211843757643
415	0.006645752951593462
416	0.24255236019833135
417	0.3033254402706844
418	0.29001015950410847
419	0.20728157830484278
420	0.24473867456519743
421	0.23908227335473126
423	0.01970860236574505
424	0.2960733449206128
426	0.46548479455494307
428	0.012827910031183179
429	0.5459282258805953
430	0.25313581413081
431	0.4853085044484049
432	0.024532404761600568
433	0.04171569680622647
435	0.5347592793686584
436	0.0066958312161501665
438	0.02440042977514592
439	0.00253964618844528
440	0.449022454598069
441	0.014059452208108253
442	0.25444893214031505
443	0.2507410075048972
444	0.23133268505319873
446	0.27156003315253974
447	0.24632153602219084
449	0.28021705757654114
450	0.2547229944058466
451	0.29307564744802395
452	0.38127414875165355
453	0.014200020017559864
455	0.2856006382959335
456	0.24706122340201137
457	0.2955021960269326
460	0.23163463143506352
461	0.051390685684910536
462	0.2241155923543864
463	0.21259628123878516
465	0.2512119274044497
466	0.4769621131302014
468	0.20049532458781574
469	0.24030910196196492
470	0.027774465249110467
471	0.0027338801366739024
474	0.26017313277530696
476	0.22867798664410943
481	0.556848497673114
483	0.2342868321305303
484	0.48984566326512863
487	0.3044392293164122
488	0.5343809277415835
490	0.24111686488828832
492	0.23516087939968616
493	0.08884839716282608
495	0.32304620400631756
496	0.018402988097414294
497	0.2329327857051447
498	0.11138384987561908
499	0.2570900531678926
500	0.07113435879616652
501	0.29753186492460587
502	0.4606354712848939
504	0.7595031407010826
505	0.5395635018385927
506	0.30898753114628014
508	0.01055991167258083
511	0.27833426494109564
512	0.07578275308684479
513	0.517070410137314
516	0.22873273096480573
517	0.2666563155702311
520	0.0753190991130742
521	0.2210540534704706
522	0.32433309985725833
524	0.056498375701228204
528	0.07378431604289222
530	0.2476130411942144
531	0.2359494285513038
532	0.29092972336383677
533	0.23556656813446508
536	0.0036947059023029333
537	0.009364371420385612
538	0.3471610300812248
541	0.2841215369244553
542	0.06415784845155248
543	0.25335492881411864
545	0.4643377468947949
547	0.21107622942519194
548	0.5242281294473458
549	0.2394624389735403
550	0.4914007463751381
551	0.3213683763411815
552	0.2431325374063073
553	0.5208006828980132
554	0.2617610571368787
556	0.018258087445940596
557	0.018553249563852306
558	0.01131632073142512
559	0.49871578373115594
560	0.05132301978206255
561	0.4927129572617913
562	0.06241275792348109
563	0.26806134031134854
565	0.7161897131318113
566	0.2579134006952049
567	0.06694609041679175
568	0.23785130988800585
571	0.2374693585903542
572	0.05269184563796307
573	0.5360734033792109
575	0.48471760529984453
576	0.29676504313347785
577	0.07033367907559121
579	0.12762721050229103
580	0.0007841122957770036
581	0.2922021102151413
582	0.22747187339557595
583	0.23728582283977118
585	0.10867335365483217
586	0.23431772608687929
587	0.23712894484651892
590	0.2892606713487824
591	0.5574298066515324
592	0.287573767575578
593	0.013664961158789332
594	0.21745958258014336
595	0.2539111224888556
596	0.24690292330095365
597	0.009903725009071912
598	0.01658345293785489
600	0.48131872215685173
601	0.20007050534567236
606	0.0509051194090859
607	0.21979842284181594
609	0.2992076071648389
611	0.46949752480027257
612	0.011319199645076328
613	0.5352005121479101
615	0.5483095657205739
616	0.22174504388429694
617	0.4466001031836009
619	0.23587430070508209
620	0.0058858920775889945
622	0.017383838950759734
623	0.5409393026528804
624	0.006629580387063211
625	0.5160272804141102
626	0.23045719347441207
627	0.5531000237532507
628	0.23424198033826044
631	0.019326782879622223
632	0.2485643320343922
633	0.21506604786745018
634	0.22681735928837277
637	0.016256672522493867
639	0.20996012021328259
640	0.24113386626450156
642	0.24029215367231718
643	0.07285871279809858
644	0.23783233920068148
645	0.47838715614167127
646	0.012420013845166805
647	0.07890911208479026
648	0.43387022191058455
650	0.24923071789154203
651	0.19700969842484573
652	0.02027009763182072
653	0.024758423667564367
654	0.015844719114148684
655	0.005345788230932971
656	0.16791095859442534
657	0.31276785524186657
658	0.0010467338293382589
660	0.553279353646434
663	0.4586086443151479
666	0.24796593834106878
667	0.49175645649928984
669	0.022584648474173435
672	0.0291071394004329
673	0.4999273810626079
674	0.2154171730223805
675	0.16541948965034947
677	0.007558747483261075
679	0.01698839259278656
681	0.048789533164806054
682	0.28653614079018264
684	0.2488062284950276
686	0.03083148366455718
689	0.2535683127494836
690	0.3097158217728333
691	0.22761012903870997
693	0.0868213393622767
694	0.2828502415065235
696	0.23215261382025543
697	0.4348287536552742
699	0.2482311300172912
700	0.0009331827195806081
701	0.2526185495939529
704	0.20444114614777273
705	0.007071275493430645
707	0.5506327622270595
708	0.2395144148833154
709	0.3195420954863001
710	0.5291699509220199
711	0.04508476146621229
713	0.0014893992761857988
714	0.4624164587254025
715	0.23028695062190327
716	0.22501282126911326
718	0.49320715061822595
719	0.7346277186545183
720	0.45933150765198516
721	0.2502355755738439
722	0.4528577737869906
723	0.21328895992353175
724	0.3430847591584097
725	0.24889786600804084
728	0.40691966991983747
729	0.19756460378527227
730	0.008655321235532837
731	0.005115817055008659
733	0.23223962179127705
734	0.014064181279063767
735	0.24225278456665117
736	0.01731685329006602
737	0.026501197890938674
738	0.25916777598286134
740	0.18530695371160366
741	0.5413981257393057
742	0.02445730672730495
744	0.03363230155735504
745	0.5038499974514099
747	0.0734463414525445
748	0.015028061112030616
749	0.31709142169745774
754	0.02677903370567107
755	0.4417281077098333
756	0.029143213394934253
757	0.23972445799448777
758	0.28616257720584404
761	0.3035309907452578
762	0.20601368962551703
765	0.01532040047866251
766	0.46574405458268253
767	0.06892986848442076
769	0.006261696083097776
772	0.45247814301633266
773	0.011251276761312004
774	0.06610585493667195
776	0.3499334362331159
778	0.1911839724029761
780	0.03813427016233936
782	0.21366507119170358
787	0.21839999658515188
788	0.2552995748742168
789	0.4622899616231888
790	0.048913370600800754
791	0.4966087527348115
792	0.23868761197455063
796	0.2358148320861001
797	0.06840613696140418
798	0.013938439031618843
799	0.009294951783987801
800	0.23424198033826044
801	0.2528068608603796
802	0.5239419930339039
803	0.03837674658086314
804	0.7679340922284131
805	0.09223464129544746
807	0.02480529547384902
808	0.007055382858918588
810	0.2446842520337544
811	0.2412417846935518
812	0.02246711540224615
813	0.4507475992604115
814	0.04057469579677027
815	0.32885121052977817
819	0.22669355308385364
822	0.03537507345245161
823	0.3034180401384593
824	0.2681017280519947
825	0.47249954263811844
826	0.20645565650880526
828	0.43727600560538693
829	0.016529630939090045
830	0.5200335206861981
831	0.22783354023971336
832	0.043724452286811974
834	0.013954868205594897
835	0.3148610040904958
837	0.24305275012495434
838	0.016503688187502502
842	0.21437897249219098
843	0.003558669617984178
845	0.04929462829566922
846	0.21404090268474318
847	0.4770806796271345
848	0.009685349539184651
849	0.0009342130520949288
851	0.23429801017681473
854	0.06058197630796654
855	0.5508429507761431
856	0.44301717915784283
857	0.10347904984600356
858	0.21915136072024832
859	0.020093367601277487
860	0.22592951503536735
862	0.24379869967248538
863	0.25148834570180556
864	0.2938859818356224
865	0.007676320364810543
867	0.45059848558376453
868	0.2137218495603056
871	0.03554717951250602
872	0.4744053012439233
873	0.048711801185436
874	0.24302803131347273
876	0.019589457695180862
877	0.5276831716004089
878	0.7784982252069166
879	0.22015750466846762
880	0.25601590094527515
881	0.6963748830400824
882	0.5240244807868543
883	0.0750774194166468
884	0.08826328709602224
887	0.016977696977347842
888	0.2850128983091931
889	0.005835248369787188
890	0.5219545027764584
891	0.0072361761099128535
892	0.46668609061280675
894	0.061840331463789255
895	0.2623246301472912
900	0.7784641742220042
901	0.3183821999709067
902	0.22890212407683652
903	0.23922512430177917
904	0.07794796275159908
905	0.38942573805147185
906	0.011035717955416274
908	0.007548209816148677
911	0.31679617346532807
913	0.5149952262536239
914	0.09223445877825825
915	0.024804532203056173
918	0.22492288142785044
920	0.26516308880085077
921	0.21410666509712845
923	0.25270916200382443
925	0.25228389207749713
926	0.00036460187399023347
927	0.46739282723971676
929	0.2507259945080266
930	0.5091010676197393
931	0.03535084383604924
932	0.25494501416844284
933	0.2712073014211999
934	0.3039983422276599
935	0.4768454917469583
936	0.2511805388357355
937	0.20531405554445709
939	0.24021055957931503
941	0.25528569649332433
942	0.28306893097225466
943	0.23584366156927256
0	0.0
0	0.0
0	0.0
0	0.0
0	0.0
0	0.0
0	0.0
0	0.0
0	0.0
0	0.0
0	0.0
0	0.0
0	0.0
0	0.0
0	0.0
0	0.0
0	0.0
0	0.0
0	0.0
0	0.0
0	0.0
0	0.0
0	0.0
0	0.0
0	0.0
0	0.0
0	0.0
0	0.0
0	0.0
0	0.0
0	0.0
0	0.0
0	0.0
0	0.0
0	0.0
0	0.0
0	0.0
0	0.0
0	0.0
0	0.0
0	0.0
0	0.0
0	0.0
0	0.0
0	0.0
0	0.0
0	0.0
0	0.0
0	0.0
0	0.0
0	0.0
0	0.0
0	0.0
0	0.0
0	0.0
0	0.0
0	0.0
0	0.0
0	0.0
0	0.0
0	0.0
0	0.0
0	0.0
0	0.0
0	0.0
0	0.0
0	0.0
0	0.0
0	0.0
0	0.0
0	0.0
0	0.0
0	0.0
0	0.0
0	0.0
0	0.0
0	0.0
0	0.0
0	0.0
0	0.0
0	0.0
0	0.0
0	0.0
0	0.0
0	0.0
0	0.0
0	0.0
0	0.0
0	0.0
0	0.0
0	0.0
0	0.0
0	0.0
0	0.0
0	0.0
0	0.0
0	0.0
0	0.0
0	0.0
0	0.0
0	0.0
0	0.0
0	0.0
0	0.0
0	0.0
0	0.0
0	0.0
0	0.0
0	0.0
0	0.0
0	0.0
0	0.0
0	0.0
0	0.0
0	0.0
0	0.0
0	0.0
0	0.0
0	0.0
0	0.0
0	0.0
0	0.0
0	0.0
0	0.0
0	0.0
0	0.0
0	0.0
0	0.0
0	0.0
0	0.0
0	0.0
0	0.0
0	0.0
0	0.0
0	0.0
0	0.0
0	0.0
0	0.0
0	0.0
0	0.0
0	0.0
0	0.0
0	0.0
0	0.0
0	0.0
0	0.0
0	0.0
0	0.0
0	0.0
0	0.0
0	0.0
0	0.0
0	0.0
0	0.0
0	0.0
0	0.0
0	0.0
0	0.0
0	0.0
0	0.0
0	0.0
0	0.0
0	0.0
0	0.0
0	0.0
0	0.0
0	0.0
0	0.0
0	0.0
0	0.0
0	0.0
0	0.0
0	0.0
0	0.0
0	0.0
0	0.0
0	0.0
0	0.0
0	0.0
0	0.0
0	0.0
0	0.0
0	0.0
0	0.0
0	0.0
0	0.0
0	0.0
0	0.0
0	0.0
0	0.0
0	0.0
0	0.0
0	0.0
0	0.0
0	0.0
0	0.0
0	0.0
0	0.0
0	0.0
0	0.0
0	0.0
0	0.0
0	0.0
0	0.0
0	0.0
0	0.0
0	0.0
0	0.0
0	0.0
0	0.0
0	0.0
0	0.0
0	0.0
0	0.0
0	0.0
0	0.0
0	0.0
0	0.0
0	0.0
0	0.0
0	0.0
0	0.0
0	0.0
0	0.0
0	0.0
0	0.0
0	0.0
0	0.0
0	0.0
0	0.0
0	0.0
0	0.0
0	0.0
0	0.0
0	0.0
0	0.0
0	0.0
0	0.0
0	0.0
0	0.0
0	0.0
0	0.0
0	0.0
0	0.0
0	0.0
0	0.0
0	0.0
0	0.0
0	0.0
0	0.0
0	0.0
0	0.0
0	0.0
0	0.0
0	0.0
0	0.0
0	0.0
0	0.0
0	0.0
0	0.0
0	0.0
0	0.0
0	0.0
0	0.0
0	0.0
0	0.0
0	0.0
0	0.0
0	0.0
0	0.0
0	0.0
0	0.0
0	0.0
0	0.0
0	0.0
0	0.0
0	0.0
0	0.0
0	0.0
0	0.0
0	0.0
0	0.0
0	0.0
0	0.0
0	0.0
0	0.0
0	0.0
