1	0.2759768843432301
2	0.29450320908536826
5	0.507527728749436
6	0.31864048895786984
7	0.037050034131002926
8	0.4912582448712963
9	0.23681480867231444
10	0.27613119001790326
12	0.2756609234481436
13	0.0581970631148548
14	0.08175069051031932
15	0.26736650433426745
17	0.27376872237087213
18	0.3028197118579235
20	0.01732648072030648
21	0.30776236528938444
22	0.5543127645587211
23	0.01878002801644745
24	0.04530739832596817
26	0.5759377754339876
27	0.1534055470149663
28	0.29217477070665865
29	0.27803140622050115
31	0.4726283360035048
32	0.5001280443772399
33	0.23633859696894297
34	0.19286819136236114
35	0.08303492923513331
36	0.012296256695790979
37	0.31827178731861366
38	0.037195349975905914
39	0.3127653669069847
40	0.03097541147235751
41	0.2808679333010892
42	0.04112768383507839
43	0.24114091422681508
44	0.32761893015056454
45	0.7658740568271701
46	0.4783965202605918
47	0.025391984459888325
48	0.05374429603588001
51	0.5182944375838192
52	0.2743148925809614
53	0.008609680410022493
54	0.2805536814767764
55	0.28303293998365686
56	0.29058460901994065
57	0.3062047341537973
59	0.27282231460171397
60	0.2927727311519067
62	0.25157040212933973
63	0.23445599787068927
64	0.007373999772010743
66	0.0082876728558267
67	0.26452013834666194
68	0.7346696167882183
69	0.5219575157139154
70	0.08375686284707054
71	0.27392080768934574
73	0.07059334279309895
74	0.2826502018523699
75	0.23251755450315842
76	0.274172086414193
78	0.25908070649208503
79	0.05964083731793649
80	0.36385596477275267
81	0.05949286368562509
82	0.49474265730971184
83	0.22534754645925142
84	0.2776163689593588
85	0.04251257393986826
86	0.09140088871393931
87	0.7762405895699779
88	0.3329754846549424
89	0.2741386345478753
91	0.016915800914674234
92	0.5319373067322584
94	0.02429991603120228
95	0.04368976721456133
96	0.2599760055025854
99	0.04132152173480766
100	0.48204708399986584
101	0.47689504664940685
102	0.25585217876539357
103	0.4964305337420442
104	0.3151428830432453
105	0.11685728212492691
106	0.0040353057636432835
107	0.030611727197683028
109	0.2405411187064999
110	0.03795318940691922
111	0.5244203386299588
112	0.042475789529994784
113	0.7478060876572512
114	0.5755155326827422
117	0.5276210422058818
118	0.2782659468693215
119	0.06373294313933416
120	0.28251801101353363
121	0.026807343190525978
125	0.2390255063909412
126	0.24769765336923022
127	0.21227072419630588
128	0.27724472799502764
129	0.5317007544965768
131	0.05428292714154585
132	0.04765302288498852
133	0.24629964835856888
134	0.042088271672797384
135	0.21909044724748916
136	0.3228389832665895
137	0.5135921547436008
138	0.261730938155533
139	0.064031841082904
140	0.24893410767098326
142	0.5435654401553105
145	0.04241476441387311
147	0.2878280760541166
148	0.5135083034914252
149	0.6053552085326248
150	0.025739059458273057
151	0.012842025196818898
152	0.28782637428877866
154	0.2838976055762976
155	0.23290895818742413
156	0.03916923512105262
157	0.28792541854670073
158	0.012443783212242831
159	0.001136818170923773
160	0.5010756866485778
163	0.06546555477192288
165	0.004469270152802383
167	0.5232373833293641
168	0.061760728808107644
170	0.01014617431465234
171	0.2506632679986312
172	0.3205153120783623
173	0.2804597612462954
174	0.5535675290866965
175	0.22744781322959162
176	0.02142599277553069
177	0.5198519633298018
178	0.01633603608550794
179	0.029513409172249115
182	0.05285645893634862
183	0.013994100408172963
187	0.006304006925787531
188	0.28901874045914466
189	0.24860559769217713
190	0.2569226586126273
193	0.06849059689481132
194	0.06003754323142333
195	0.03312273227213508
197	0.44931332820147957
198	0.022064369654577306
199	0.06136774848248189
200	0.05718550393907931
204	0.337220156556386
207	0.08178394738905331
208	0.28580408391162854
210	0.042531715723762686
211	0.05005811997742754
212	0.11487796597294324
213	0.030526037030542345
214	0.03719512566583409
215	0.26678098637564374
216	0.3190820497474477
218	0.32679063465336405
219	0.025549836819424812
221	0.0261733814831129
222	0.45445659439979386
225	0.014836852215956611
226	0.07705917606637366
227	0.023134627054064945
228	0.3832006432039299
229	0.02049205253446024
230	0.01826764254281544
231	0.2880067777558153
232	0.03724832847037149
233	0.2929154958802472
234	0.07888848882244766
235	0.04876937277895471
236	0.023550218149889397
237	0.21143055899689053
238	0.05295552037910692
239	0.28041020521616344
240	0.321559434059103
241	0.1781605537267434
242	0.040355981835217186
244	0.029387242022335086
245	0.0021122968272681356
246	0.28521136862763363
247	0.2929933335132433
248	0.5154615431533405
249	0.5193895772825244
252	0.04195413423883293
253	0.03244546303958967
254	0.3083985235167971
255	0.17046206717081752
256	0.08150625146303321
257	0.2708530370857949
258	0.08246347971959389
259	0.01563894318273397
260	0.0602882496894957
261	0.07246275925789267
262	0.024124035284334443
263	0.01701513122019721
264	0.2454736493667778
266	0.2837799044803192
267	0.06286682350054229
268	0.31788641106742466
270	0.03277325951693222
271	0.08491414865673809
272	0.2707243214115822
273	0.011376412822190863
274	0.2937020117238914
275	0.5195596046138483
276	0.5549278372018036
277	0.24349276433030845
278	0.06486579789116986
280	0.0342424767700151
281	0.5435073991687743
284	0.033658688294023756
285	0.26427929928568267
287	0.27787491287924315
288	0.022489543211560957
289	0.11279116037091995
290	0.01381394736823787
291	0.24659235163809515
292	0.028387424974133418
293	0.07961871009463034
294	0.25954592685377215
295	0.05721999917278274
296	0.5013108825226117
297	0.0332462764490313
298	0.26115780442732456
299	0.315727235297491
301	0.2679560978189403
302	0.3058432181219462
303	0.05734149743430727
306	0.28706123292231406
308	0.04414657743684057
309	0.22957550997944998
310	0.46462793804877695
312	0.02043819713718048
313	0.284832526792027
314	0.2468048734251283
315	0.012275650956491118
316	0.011362251983538026
317	0.51271007374055
318	0.01514625317683654
319	0.04458775121924871
320	0.5279803979340472
322	0.31793753492497484
323	0.5065457929759266
324	0.004034639516750933
325	0.31558628530364424
326	0.5141234133754561
328	0.3041523104694812
329	0.2676320432507263
330	0.25868952210680374
331	0.5152058897467227
332	0.5316976026880216
333	0.013254855260714352
334	0.2525479953849937
336	0.2922937134188055
337	0.21567135450426064
338	0.2592687405763646
339	0.022010908558067647
341	0.2832727018406589
342	0.0032242961430208605
343	0.017841115687909574
344	0.04701329800249389
345	0.24918282633322195
346	0.519226108336385
347	0.04387502631410099
348	0.05884800544929358
349	0.32069233818955006
350	0.014314996563019482
352	0.5438059906338523
353	0.2986473316737252
354	0.04807776535542241
357	0.2890481343483977
359	0.2592011895393916
360	0.29516145733554505
361	0.3006256972117214
362	0.3927395871206574
363	0.530793026485695
364	0.2708476612004187
366	0.25855415955488353
368	0.5137352965399927
369	0.5268363337405133
370	0.03298008643552147
373	0.011951962688352715
375	0.49408195042452074
376	0.5095056224994656
377	0.25795246536820543
378	0.07824532335480966
379	0.2983973045687162
380	0.2625943484433242
381	0.29082779649431756
383	0.2510598719968699
384	0.06674814619834094
387	0.3080182658973292
388	0.04564575681636568
389	0.5426097085911826
390	0.031229489230583364
392	0.25672754446538704
393	0.0294142304784782
394	0.3357540396237839
395	0.3118260729380744
396	0.24794084101623165
397	0.292858869423591
398	0.01631698639693608
399	0.30464676154901854
400	0.031213165492926288
403	0.2753618200439445
404	0.27610332745386124
406	0.2959387796811901
407	0.03313936351748737
408	0.05295855110346436
409	0.29350896827780754
410	0.10245239795721012
411	0.050055073156252516
412	0.004028517633834095
413	0.5199956223590704
414	0.346655041912159
415	0.27229881538210765
416	0.2895005004809182
417	0.31689115427097925
418	0.12493862882260814
419	0.5287565662230194
420	0.32258064858754815
421	0.527559886679386
422	0.05337122698213696
423	0.49491249922927216
424	0.028284131244250582
425	0.3199531145619624
426	0.32429923547205286
429	0.3078962291209593
430	0.022678050097541418
432	0.4966654556234483
433	0.30947118793336514
434	0.01272999989834812
435	0.5083270774888629
436	0.040842147123729876
438	0.007038319972123494
439	0.05440788634492588
440	0.5081616761217246
441	0.2990164162327182
442	0.29347854081717567
443	0.2667101391082744
446	0.08169286937587791
447	0.4801781713079453
448	0.24163838933227094
449	0.49904526446068953
450	0.28294224057508055
453	0.2754454675294332
454	0.015890576296597705
455	0.0011329790218823493
456	0.29376520664883193
457	0.046814899213396245
458	0.04350188695109843
459	0.24477482649826385
460	0.30140991023303626
461	0.472296426526404
463	0.26030179892204847
464	0.0498796687979711
465	0.006383361662679013
466	0.5376725670932785
467	0.03530016076372961
468	0.003955477569108981
469	0.5185162259506734
470	0.2825296039424651
471	0.22738722291461877
472	0.5283453079847511
473	0.22263677251199535
474	0.5203685457442082
475	0.03672768515419739
476	0.26417929569566806
479	0.30981863952369476
480	0.21537310075652757
481	0.46341853339500727
482	0.513311411430063
483	0.5264123911979033
484	0.5379621000095238
485	0.16343463194487048
486	0.250818905610525
487	0.2732470196642326
488	0.5108769375664662
490	0.5273154878529447
491	0.044949229384341594
492	0.507300062452272
494	0.22863868459440598
495	0.013377181668516785
496	0.5957207711401257
497	0.29144723659078237
499	0.04596091444855106
500	0.05703238634196903
501	0.0024240737352859767
502	0.2704620941055167
505	0.27838809955395477
506	0.2968609012718769
507	0.26502043941702624
509	0.7588011531542994
510	0.28873411816186256
511	0.11707779603507759
512	0.2651084277170088
513	0.5052443735119156
514	0.2831513360974809
515	0.041074903269645434
516	0.22657129306446439
517	0.07924959967376788
518	0.19724624162313814
519	0.2972866534567326
520	0.2767702962884339
521	0.25081849005200635
524	0.30663483774957045
525	0.25199655001408194
526	0.0375095100650271
528	0.547539552531612
529	0.024681441946435075
531	0.5699650527168951
532	0.07904573788876278
533	0.25773295559686393
534	0.042175556470963556
535	0.016594882801970006
536	0.7663872591752112
537	0.5343203361006033
538	0.025957738735312458
540	0.7315928965870949
542	0.004356704325291873
544	0.6004362608321239
545	0.2652258644445817
546	0.5034327955204017
547	0.28452962497344253
548	0.0365520561586163
549	0.034917698354655136
550	0.06261337701395345
552	0.5230045139456433
553	0.29780194582390374
554	0.513506136913754
555	0.00735120567176412
556	0.27546871661631117
557	0.33201221136319004
558	0.032477381085052756
559	0.016987695342445056
560	0.2998229320154683
561	0.318487873190323
563	0.5208362469076229
564	0.28054952962374446
565	0.043636347514518364
566	0.2706124043882367
567	0.03300739576573545
568	0.5047256196144737
569	0.29363185093297506
570	0.5341063520782651
571	0.2655175834847314
573	0.29302874217665353
574	0.5082070948662724
576	0.26543181637315716
577	0.035478925767838135
578	0.49120256210594127
580	0.44019697368623334
582	0.4870225782943714
583	0.013998618368966077
584	0.27440120135305207
586	0.2860296102395933
587	0.28299555047668934
588	0.028414517622132186
590	0.24515915693335713
593	0.5037975127458648
594	0.2655744207358673
596	0.27414259308305405
598	0.3120960144966348
600	0.11396025597142306
601	0.440690813216483
602	0.5400928570190706
603	0.4896734248691912
606	0.07538400976429727
607	0.05543609443811963
608	0.009768563944565274
609	0.33932647908654406
610	0.27493923580537727
611	0.03765828051431519
612	0.005163982159115007
613	0.2873009066111101
614	0.19692114630361682
615	0.014678657878948821
616	0.7706328988615322
617	0.023210634279566503
618	0.025812869410953444
619	0.5419020052431034
620	0.5000164409483266
621	0.00676029172990969
622	0.5512951835398159
623	0.2325163746362178
624	0.28527754664336535
625	0.026761435315892493
626	0.5482727706701375
627	0.5239227544163128
628	0.26526402804623
629	0.24712910436904365
632	0.2671026917178206
634	0.5276175907271887
635	0.06015565723282854
636	0.23047749562036893
637	0.052417733729236915
638	0.2602510068623374
639	0.32158993644601924
642	0.3002888905489567
643	0.053324787697885206
644	0.2761831414017444
645	0.05149522522673099
646	0.24410142085135283
647	0.026806978349242977
648	0.3222003079679288
650	0.27673065578383876
651	0.3232413586297077
653	0.2502610314686081
654	0.31860174264411634
656	0.238482944690461
657	0.07886554339654586
658	0.013698335802915133
659	0.01683347081284115
660	0.2750458270317145
661	0.5361612385866025
662	0.0557397683573346
663	0.2822198773957439
664	0.06005569815560666
665	0.04106914558484262
666	0.3109092482454988
667	0.043768471887177064
668	0.09893527764839088
670	0.29240939174287706
671	0.21726921145414682
672	0.2669399134316372
674	0.3159431320809331
675	0.3311437440575311
676	0.49932031068445293
678	0.00946869882660853
679	0.546080827837755
680	0.24189305499338148
681	0.30509528999734375
682	0.5245537599042884
683	0.2658739857048807
684	0.2582392342578703
686	0.031099672932191715
688	0.024925528589084478
689	0.5097291080034874
691	0.26653546523114535
692	0.009331941951553565
693	0.03675292622250309
694	0.26160045668875814
695	0.7440335077625893
696	0.31750871658596214
697	0.5571328323211412
698	0.4955894701324813
699	0.010943852333695818
700	0.525547662906254
701	0.5135788788723116
702	0.2433451498959763
703	0.5109730218080039
705	0.2941647508140827
706	0.2686869505509416
708	0.5295803383951371
709	0.040596432959808575
710	0.040305287820002964
711	0.0510428362443827
712	0.5108313613061531
713	0.08568257534846245
714	0.257036777999722
715	0.053417605415042965
716	0.26071697601895805
717	0.2859199145534753
720	0.3400198027001477
721	0.013413624017154638
722	0.2755970487337562
723	0.4972166724313555
725	0.2969803545641583
727	0.5794781541970344
728	0.2963351049092181
730	0.0030624972905563125
731	0.03543588699988798
732	0.2987846523276656
733	0.32309110096211147
735	0.031229489230583385
736	0.006809333273367815
737	0.3092959893273007
738	0.350272553962158
740	0.09855489588628075
741	0.05445514570141717
742	0.021943464379855657
743	0.318168578430703
745	0.05482522127939621
746	0.3286186542275411
747	0.08411013724364139
748	0.2745004832952962
749	0.04477309179947616
750	0.4687837668878019
751	0.04539649357184944
752	0.2889216364648238
754	0.23942747291951783
756	0.2655015385147473
757	0.08758059593347985
758	0.04005965121175853
761	0.23370612075975947
762	0.489609139333309
764	0.04872014324191082
765	0.022254425740640908
766	0.31561760775185715
768	0.000410424877622894
769	0.0519810385803251
772	0.5324529113633943
773	0.08936404691828273
774	0.09783451517869823
775	0.026098416820290675
776	0.25498546584162374
778	0.025894072017767965
780	0.2591150316172751
781	0.7563107704162497
783	0.5135068296996652
785	0.28492356106038913
787	0.5129712602325153
788	0.3420425939049743
789	0.028001039658540564
790	0.08618673096478335
791	0.2752963079956644
792	0.2837121090493572
794	0.2331315926158593
795	0.06158479884589282
796	0.28651990621452417
797	0.5382893941654338
798	0.25732986885281534
799	0.028175075240336887
800	0.005225651584400408
802	0.28877037920840815
805	0.02262637220834908
806	0.25264638511035753
807	0.5474402002325722
808	0.31433692492910453
809	0.495459184932432
810	0.038009879561193186
811	0.29984536788618343
813	0.2619752075291762
814	0.2628102462129939
815	0.2996993799599608
816	0.062116172755946664
817	0.038448463813723854
818	0.7158445928619418
819	0.31402342946518047
820	0.15694437775675577
822	0.03557263879373998
823	0.04879854388200839
825	0.2431204092296677
826	0.5489979876987916
827	0.08810427131546988
828	0.5302189681475067
829	0.2589600674047311
830	0.32750626631951935
831	0.02736762508933244
832	0.4884285960018225
833	0.014235028846779976
834	0.510199681871799
835	0.26605911898680557
836	0.30675102765048723
837	0.0034601066460302685
838	0.01360479866319813
839	0.026588812861353128
841	0.5241669759765981
842	0.2975857804370018
843	0.2849244753187342
844	0.5225744868784746
845	0.10069088368347387
846	0.27027965798219117
847	0.24363554092959466
848	0.28762620724720467
849	0.25659608216416907
850	0.2684218321252888
851	0.5316563263719465
852	0.29613625513813513
853	0.07673994886000388
856	0.014783005368533216
857	0.10966372783482804
858	0.010680399333616065
859	0.04570433983056893
860	0.7785906527558983
862	0.5472218637823927
863	0.2911976131895142
864	0.023268327994114657
865	0.15660350767454137
867	0.27470136951118906
868	0.5339176007360787
869	0.05492337053446694
870	0.2884775685983388
871	0.5175262402875436
872	0.06577345161478625
874	0.3342469514590337
875	0.2238443212151829
876	0.2785052516515725
877	0.036240678392432654
878	0.030492429102075273
879	0.5299525892153863
880	0.2928977162403205
881	0.3100642346009251
882	0.08500185873698482
883	0.0459780508384169
884	0.46125983233424367
886	0.3057205402570356
887	0.2845106633062381
888	0.031604370220734444
889	0.2484960251373295
891	0.25734190811858704
892	0.3143072332215684
893	0.5076146817316526
895	0.28052424521063946
896	0.3002209177368412
898	0.2292470890889221
900	0.2112142088227596
905	0.329634946273127
906	0.2834247101486211
907	0.010090393970600922
908	0.0552923728249302
913	0.05737884636740297
915	0.37075125089693484
916	0.4834643717699677
917	0.21921733879681074
919	0.04896189916343258
920	0.2538195412730196
921	0.25073521105103347
922	0.30388830416847895
923	0.2780899023273137
924	0.0014003695590004035
926	0.7730599656220848
927	0.2600000793969364
930	0.028151751212217618
931	0.2696075114366808
932	0.07978364586824921
933	0.2985396671284855
934	0.2645881975488773
935	0.06648896180252527
936	0.04604175735692956
938	0.48091951576631287
939	0.5156302188363104
940	0.031279755575980034
941	0.07556363483173224
942	0.30087569220185084
0	0.0
0	0.0
0	0.0
0	0.0
0	0.0
0	0.0
0	0.0
0	0.0
0	0.0
0	0.0
0	0.0
0	0.0
0	0.0
0	0.0
0	0.0
0	0.0
0	0.0
0	0.0
0	0.0
0	0.0
0	0.0
0	0.0
0	0.0
0	0.0
0	0.0
0	0.0
0	0.0
0	0.0
0	0.0
0	0.0
0	0.0
0	0.0
0	0.0
0	0.0
0	0.0
0	0.0
0	0.0
0	0.0
0	0.0
0	0.0
0	0.0
0	0.0
0	0.0
0	0.0
0	0.0
0	0.0
0	0.0
0	0.0
0	0.0
0	0.0
0	0.0
0	0.0
0	0.0
0	0.0
0	0.0
0	0.0
0	0.0
0	0.0
0	0.0
0	0.0
0	0.0
0	0.0
0	0.0
0	0.0
0	0.0
0	0.0
0	0.0
0	0.0
0	0.0
0	0.0
0	0.0
0	0.0
0	0.0
0	0.0
0	0.0
0	0.0
0	0.0
0	0.0
0	0.0
0	0.0
0	0.0
0	0.0
0	0.0
0	0.0
0	0.0
0	0.0
0	0.0
0	0.0
0	0.0
0	0.0
0	0.0
0	0.0
0	0.0
0	0.0
0	0.0
0	0.0
0	0.0
0	0.0
0	0.0
0	0.0
0	0.0
0	0.0
0	0.0
0	0.0
0	0.0
0	0.0
0	0.0
0	0.0
0	0.0
0	0.0
0	0.0
0	0.0
0	0.0
0	0.0
0	0.0
0	0.0
0	0.0
0	0.0
0	0.0
0	0.0
0	0.0
0	0.0
0	0.0
0	0.0
0	0.0
0	0.0
0	0.0
0	0.0
0	0.0
0	0.0
0	0.0
0	0.0
0	0.0
0	0.0
0	0.0
0	0.0
0	0.0
0	0.0
0	0.0
0	0.0
0	0.0
0	0.0
0	0.0
0	0.0
0	0.0
0	0.0
0	0.0
0	0.0
0	0.0
0	0.0
0	0.0
0	0.0
0	0.0
0	0.0
0	0.0
0	0.0
0	0.0
0	0.0
0	0.0
0	0.0
0	0.0
0	0.0
0	0.0
0	0.0
0	0.0
0	0.0
0	0.0
0	0.0
0	0.0
0	0.0
0	0.0
0	0.0
0	0.0
0	0.0
0	0.0
0	0.0
0	0.0
0	0.0
0	0.0
0	0.0
0	0.0
0	0.0
0	0.0
0	0.0
0	0.0
0	0.0
0	0.0
0	0.0
0	0.0
0	0.0
0	0.0
0	0.0
0	0.0
0	0.0
0	0.0
