1	0.24469379358593968
3	0.2234676082164082
4	0.5322904969457312
5	0.09623963046491193
8	0.21771874553228993
10	0.035037511630218954
13	0.4470027804138031
15	0.03560336520089847
17	0.00012923186404531495
18	0.3314591043056022
22	0.4489527897720905
23	0.34480313485338954
24	0.11348646789299247
25	0.08977152496720484
26	0.1985508023701292
29	0.49090252291842684
30	0.3353054364778116
32	0.01789894471845621
33	0.10498585908597928
34	0.7981116505539112
35	0.08610889789050155
37	0.3182349651925073
40	0.06507730066007572
42	0.025556141192541265
43	0.02900533730507772
44	0.04092000010098904
46	0.2755167330239238
47	0.5483704484035743
48	0.06267098880566462
49	0.04770549020522802
50	0.42183154743951157
53	0.06807989712949343
56	0.007158915506301662
57	0.2503401467500492
58	0.5264370141544555
59	0.29838304878122696
60	0.06647527298829745
62	0.1166646694780768
63	0.24804732614664124
64	0.26789814320172056
65	0.07701964138286159
66	0.029002507712476838
67	0.247246100694899
68	0.24198729489805865
70	0.2632247564949937
71	0.012253973511191618
72	0.32653670874804397
73	0.344033188978603
74	0.5634309477387144
75	0.05942581912635351
76	0.21428127917678877
80	0.308226770432396
82	0.5666287062333252
83	0.08293979971617305
84	0.23475062157084978
85	0.0012832729679060143
88	0.27138232073562235
90	0.26950354122272535
92	0.2502486080926372
94	0.43492541615381164
95	0.013215942656502916
98	0.5153928743051859
100	0.35936083291876153
102	0.44033412003215966
103	0.32425245196739344
105	0.345883576473962
106	0.12426773989512908
107	0.34569359328824195
108	0.3139618358707921
109	0.036396986002449463
110	0.3297500374905073
112	0.5643087738303103
113	0.02127540283616791
115	0.31392951131040997
116	0.42534791575195235
117	0.26327454135701844
119	0.22233525384733394
122	0.27238430771358446
129	0.28849311216890333
130	0.2280108410647249
131	0.3311486715850663
132	0.3443686935392033
135	0.4796491467784522
136	0.3342102057351462
138	0.32515460243550953
139	0.03216493725154735
140	0.32987859281511844
141	0.3276176239281188
142	0.4893494105298662
143	0.09949250366999975
145	0.03793456463781092
149	0.26965976078804543
150	0.017392134152879414
151	0.06284594513292338
153	0.43307039392162583
154	0.026728245739849374
155	0.1784653467340203
156	0.250493667533189
157	0.2083477599072477
158	0.2168407353231779
159	0.0970079923309822
160	0.0021234116690586127
161	0.15728957855906037
162	0.012258262687601586
163	0.00929535954964996
164	0.3149212973521424
165	0.0026085437676155246
167	0.2527328518530868
168	0.10724869740019831
170	0.09996871734191431
171	0.0597087231608362
172	0.32880841937389604
173	0.5642075086787712
174	0.5590872259656445
176	0.2735052349141723
179	0.06793004005060338
180	0.023455435228067943
182	0.010661876106777692
183	0.4801360478027175
184	0.04885354854133787
186	0.519916836314347
187	0.001127020519118907
188	0.26533517037304855
192	0.3272806304847792
193	0.1731533763283728
194	0.40750376551214074
195	0.7924570802221694
197	0.00462456996485841
198	0.22079274994747303
199	0.005801846287901584
201	0.0674918962969189
204	0.2552863134039928
206	0.4518217441613422
207	0.020217263038825442
208	0.48498771356337117
210	0.32305626514689656
212	0.023516431464225704
213	0.5041054355424764
214	0.26855971247874055
215	0.48311811760855966
216	0.03573024381338838
217	0.34326430709618677
218	0.22945274548419342
219	0.29373975427684673
220	0.19226918635473994
221	0.2608355774428885
225	0.6932915058671378
227	0.8053933246360956
231	4.0450234239694516e-05
233	0.0026998019684775568
234	0.2796856271974839
235	0.026598342246155954
237	0.005985558586089901
238	0.06015559647606651
239	0.29369128379066084
240	0.32155122921650237
241	0.04060444556485004
243	0.1063321445569741
244	0.462827045961104
247	0.011343555844671956
249	0.47404233627809816
250	0.009292263526442204
252	0.27101558481121846
253	0.2692930397409238
254	0.27379557103358015
255	0.5634478652651747
257	0.3074002313993608
259	0.7646413378052851
260	0.29389309893999993
261	0.016995649957454145
262	0.5049792078547931
263	0.4461808363738667
264	0.08248690881239368
266	0.5330742483078103
267	0.24442652673601
268	0.235661520310703
269	0.03479457703488312
270	0.27708056590966973
271	0.03779425400053775
272	0.12161882351979801
273	0.04194402095870085
276	0.22702173184107705
277	0.2589813405816507
278	0.00014473442020693922
280	0.2321553945685083
282	0.23219447810311247
283	0.23928308602699327
284	0.29692372654453747
285	0.13054891332515145
286	0.5386406161500558
287	0.5574253027068579
288	0.23690004864880665
290	0.0007502240042706471
291	0.5579322286027883
292	0.34779251198993766
295	0.20063117345411788
296	0.3256142982685446
297	0.11240077605160917
298	0.3149816775219016
299	0.24114079040596667
301	0.22771591793069712
302	0.24151962436209906
303	0.5173522941299534
308	0.0801684005608598
309	0.05715716015482395
315	0.3071535856209431
316	0.5552286788784804
317	0.046286755495266334
318	0.47985331251009955
319	0.5607262856260875
320	0.2535160397443897
325	0.20830761077198148
327	0.20334635325406894
329	0.06692056276131411
331	0.08325225775208592
332	0.010362867622690536
333	0.5275268249157736
334	0.03660988443026187
335	0.13911577845585463
338	0.276353875639997
339	0.3060422157165297
341	0.24808284918400184
343	0.23377565299479253
345	0.5760868998258714
346	0.30894713211001856
347	0.5405649851649669
349	0.3172790075889772
350	0.5409328201964113
351	0.5943412716701084
352	0.2693749567350804
353	0.3266950273337206
354	0.3450940291147039
355	0.24487303220012227
357	0.28215981652078437
358	0.01766194626900669
360	0.23980134163355793
361	0.038557740584530105
362	0.3018319652997217
364	0.5356209259919467
366	0.2692627912751576
367	0.028284131244250582
369	0.010178228204783417
370	0.35290649928176643
371	0.012919567207122479
372	0.2884231449963235
375	0.04055260137845664
376	0.020290010596685115
377	0.06717211764378289
378	0.1839871474595129
379	0.34665395436736807
380	0.08993871003963361
381	0.00048680589157251014
382	0.5393417413475902
383	0.000159907333223068
384	0.4855901350742458
385	0.05287785039149655
386	0.5518389559325066
389	0.09791881142826594
390	0.07101622037188544
391	0.2800180814300092
392	0.48884069452131523
393	0.2625321550702004
394	0.210344216834346
397	0.2579249860988912
399	0.3172746535784413
401	0.4673287563508438
402	0.25930380199175973
403	0.11341242962640141
404	0.30664400164329847
405	0.3297694387513754
407	0.32214272151522516
408	0.018868259284065672
409	0.25629831712680556
411	0.3559481495677574
412	0.25458827481434526
413	0.22130962229093384
414	0.32070466703359407
415	0.5366216299328
417	0.43993854310296115
419	0.2905079365374787
420	0.31165351249330836
423	0.02538628211672641
425	0.11863707987220523
426	0.2736922171706146
427	0.045037573479045516
429	0.4986678292789999
430	0.3304506578193704
431	0.06890329260751549
432	0.2578835999466707
433	0.39832547751511177
435	0.5327235653680827
436	0.32193206663442225
437	0.07391110281230448
438	0.03274312637118659
439	0.29229434792751396
440	0.3174359422768275
442	0.46557391714034563
443	0.5150506700670726
444	0.33474220384235825
445	0.028995570820350387
446	0.046518148725200964
449	0.22697103402167618
450	0.5441870666941634
451	0.12042776772699985
453	0.22249411070563166
456	0.2774728617243181
458	0.0833795412179589
460	0.5572941693208466
461	0.07318689949466008
462	0.5567937169274317
463	0.3026904803706586
464	0.26400385128517134
465	0.5649997061181836
466	0.01759726939898556
467	0.07224356762093154
468	0.013385958873844181
469	0.10291452073390615
471	0.05773960165737795
472	0.053476398768784864
473	0.019816762275356198
474	0.3238188036395548
475	0.0806283482281942
476	0.1254151769484051
477	0.25764685150772354
478	0.2536128937710039
480	0.06717211764378293
481	0.28779319534816433
482	0.03098915726159869
484	0.2823751417318957
485	0.11154115133216055
486	0.07231994632193545
487	0.4643268962360285
490	0.08369573787578916
491	0.09706039346635079
492	0.11927477424278213
493	0.024679451836934915
496	0.22394113697148058
497	0.2487782860955633
498	0.0711322090502924
499	0.2968891423212247
500	0.29511981582927416
501	0.303084182813893
502	0.0754893969370578
504	0.25977947006643054
505	0.2606685889073934
508	0.05341276939022736
510	0.26815538434691455
511	0.2664581989614037
512	0.010868626431461637
516	0.30198289641056814
520	0.4209141226656186
521	0.2348641015725576
522	0.5385790657301204
524	0.023003971946993468
525	0.20777001380989213
527	0.011109464729883459
529	0.30388176082228313
530	0.2921792124804422
531	0.511251590114102
532	0.1927257120230269
537	0.23344918491316863
538	0.3137522661053906
539	0.21666246521249183
540	0.03495454798899478
542	0.2844107530066063
543	0.08254299751748509
544	0.19418739090713655
545	0.0709807005954603
547	0.2859684679383223
548	0.05630677266422533
549	0.2750639923635849
550	0.0433625247676075
551	0.5277468516153989
552	0.2657807046120244
553	0.2906481566731048
555	0.2201422068015863
556	0.26652626552374065
557	0.22215247637578292
558	0.25404637626881804
559	0.07974248703532423
560	0.5093708942891818
561	0.5050588187885157
562	0.29894632386591075
564	0.017262309184476805
565	0.053106614449272525
566	0.5409248305003325
567	0.517003613463692
569	0.041700204872456445
570	0.5341442418199659
571	0.04829294513075273
572	0.334999684667012
573	0.5324851951716827
574	0.28722243217518517
577	0.18099677339704912
578	0.027236236831086086
579	0.532810997556769
580	0.012123221752503494
581	0.23322040319384657
582	0.09517798442138156
585	0.007231913258719705
586	0.35021885875600034
587	0.02099795747650575
590	0.5207257778522401
591	0.5556638027347645
594	0.05325295879819599
595	0.4208940394377171
596	0.08968465425355931
597	0.10241341841584183
598	0.2945762261078381
601	0.26166709359695944
602	0.2827257426210695
603	0.2116378620998669
605	0.005719292829331889
607	0.12479915619718886
608	0.0730967836837345
609	0.10401125978069076
610	0.03824276299371057
611	0.31927207204837654
613	0.0570326292428582
615	0.28093273103027194
617	0.0648477937635693
621	0.2960733449206128
622	0.47170827886629146
623	0.06574504796862435
624	0.5251911424437966
625	0.026420306602630228
626	0.4832079089525792
627	0.29352246566981044
628	0.10033223587131443
631	0.5244387492308412
632	0.0662327432824108
634	0.08221774313659339
635	0.31432665595137366
636	0.04842204312330738
638	0.03508144078273585
639	0.31311748109552845
640	0.28737013085546526
641	0.07197222497216085
642	0.2928743357640384
645	0.08420626130448455
647	0.2539668463936722
649	0.11021728815351746
650	0.08841871724103575
651	0.030589971704219746
652	0.5782585626648018
653	0.08214797802825388
657	0.2054770544092563
658	0.2870167862515198
659	0.24564252099383188
660	0.49614023004187846
661	0.062131211977989535
662	0.3087025692292567
663	0.047539044447407336
664	0.3357193132243916
666	0.31017788749189135
667	0.5456157316345602
669	0.2125682322280889
670	0.34652073188400173
672	0.07005065974720572
673	0.056045865268626795
674	0.5744946240362692
675	0.261480927368716
676	0.0155222112085521
677	0.08397662631988848
681	0.271307595312667
683	0.05524912037426049
686	0.33989646295258064
687	0.2521582903082396
689	0.05470450353828456
690	0.2633761277384067
691	0.24804222633250134
693	0.19391433526778515
695	0.02232047088033199
696	0.3016234733693519
697	0.26677825936310023
699	0.5575852814389892
704	0.022836730922489758
705	0.032341136039817614
707	0.5083271987065363
708	0.05881750011560993
709	0.22654398673709622
710	0.5206919601298905
711	0.5212280178833439
712	0.033546895403389475
713	0.2822458433044065
716	0.510804716404325
717	0.47475944495141104
718	0.3299200895159091
719	0.25214294757975325
720	0.2817817239735221
722	0.22793925949820038
724	0.4518217441613422
725	0.5722924548498198
727	0.19753410927910348
728	0.3556405144603368
729	0.5203255274558489
731	0.5275655723384678
733	0.2691749736956032
734	0.07556570191053102
736	0.013038143676736558
737	0.053123895443158486
738	0.16119900898686768
739	0.3459651235822258
740	0.27797352013164306
741	0.27343951527847143
742	0.556096695847719
743	0.515641044002819
745	0.5103074046172302
746	0.007978739034466241
748	0.09909605908943575
749	0.5065696108249255
752	0.10008532154764918
754	0.5534577737080139
755	0.012483059148199374
756	0.5697310882434818
757	0.042605351953790976
758	0.03544151614539029
760	0.22298813054110808
763	0.03853075953753366
765	0.007185214573134799
766	0.04810444119279625
767	0.4289082618001381
768	0.27917589298565965
770	0.4690784313929196
771	0.08289714438267816
772	0.0435177219736024
775	0.06417877057630961
776	0.2634023242656817
778	0.11158360613795411
780	0.022432908358233625
787	0.03689000352710466
788	0.24917489660524353
789	0.30074017556502736
790	0.17335263754612373
791	0.2882124227522021
792	0.024420319507398182
794	0.25243924724706257
795	0.2512191492028024
796	0.07622800590397313
798	0.027562118809598177
800	0.3348603598667462
801	0.31537407605203494
803	0.21842566808283698
804	0.25094002281602
805	0.23255820022174234
806	0.026763188330222905
807	0.25842291369854287
808	0.529164695163838
809	0.31752850193342197
810	0.5750906923179091
812	0.07523819237796892
813	0.013966735018966184
814	0.2772298576907088
815	0.4258740958993783
816	0.29072258988252137
817	0.05383070182147437
819	0.09274957266190578
820	0.33467073882892595
821	0.2556130834773281
822	0.37464011325073276
824	0.3779991736398357
828	0.32580850133304073
829	0.3348603598667462
830	0.4711274840112784
832	0.2556235550244326
835	0.4730069161439875
837	0.3190581835802482
838	0.5277065740951544
841	0.30072829921309796
842	0.24388562368258193
844	0.2965971030846603
846	0.09022320266304748
847	0.2867632112109508
848	0.0800196823364377
850	0.0039216820937277505
851	0.026803006377969403
852	0.027969038752998096
853	0.07139694050580407
854	0.4618711459867546
855	0.46483659055765963
856	0.27126835342783134
857	0.008817619101602746
858	0.3069218949198119
859	0.2872244411538627
860	0.23412407075924635
861	0.4749012105972697
863	0.08595545809764826
864	0.27217835293962256
865	0.2923759478136839
866	0.415158472581406
867	0.06408675427719682
868	0.021306091918205303
873	0.5524622784756231
874	0.5119275174144305
878	0.5357882686849911
879	0.2990032159835429
880	0.32638792819967427
881	0.059671903409611204
882	0.47350265646605116
883	0.2868679287457575
884	0.20904417759444338
885	0.22668017308772248
887	0.060755482336294575
888	0.31987321995810414
889	0.01911281484693394
890	0.2638136219024078
891	0.5157183231366168
892	0.2973522730783783
893	0.01382249488805571
896	0.003672891972939518
898	0.3060372377168623
899	0.07404019267678602
900	0.5306225118241364
901	0.2701812617398886
903	0.2890876478085488
904	0.45103279751341097
905	0.28903401265007767
906	0.48746301127520286
907	0.46254143941333614
909	0.19915643587834445
910	0.19106182871711325
911	0.06463711882954006
913	0.5023461777256343
914	0.19475011727910818
916	0.19561416385479607
917	0.5293406998610543
918	0.040124121484663454
919	0.02220821334573273
920	0.5394982244234569
921	0.3278303418078967
923	0.5534223544964731
925	0.33276828078463483
926	0.026617390995426392
927	0.11212209863050496
928	0.029272175451765407
929	0.2168217029345279
930	0.29693177197435117
931	0.5627898240650124
932	0.06644423539677863
933	0.34781536417630277
934	0.5184692769647603
935	0.28036039838122323
936	0.26913360368148287
939	0.2547799729260562
940	0.31305705129096356
941	0.2901519933504412
943	0.5665918786581927
0	0.0
0	0.0
0	0.0
0	0.0
0	0.0
0	0.0
0	0.0
0	0.0
0	0.0
0	0.0
0	0.0
0	0.0
0	0.0
0	0.0
0	0.0
0	0.0
0	0.0
0	0.0
0	0.0
0	0.0
0	0.0
0	0.0
0	0.0
0	0.0
0	0.0
0	0.0
0	0.0
0	0.0
0	0.0
0	0.0
0	0.0
0	0.0
0	0.0
0	0.0
0	0.0
0	0.0
0	0.0
0	0.0
0	0.0
0	0.0
0	0.0
0	0.0
0	0.0
0	0.0
0	0.0
0	0.0
0	0.0
0	0.0
0	0.0
0	0.0
0	0.0
0	0.0
0	0.0
0	0.0
0	0.0
0	0.0
0	0.0
0	0.0
0	0.0
0	0.0
0	0.0
0	0.0
0	0.0
0	0.0
0	0.0
0	0.0
0	0.0
0	0.0
0	0.0
0	0.0
0	0.0
0	0.0
0	0.0
0	0.0
0	0.0
0	0.0
0	0.0
0	0.0
0	0.0
0	0.0
0	0.0
0	0.0
0	0.0
0	0.0
0	0.0
0	0.0
0	0.0
0	0.0
0	0.0
0	0.0
0	0.0
0	0.0
0	0.0
0	0.0
0	0.0
0	0.0
0	0.0
0	0.0
0	0.0
0	0.0
0	0.0
0	0.0
0	0.0
0	0.0
0	0.0
0	0.0
0	0.0
0	0.0
0	0.0
0	0.0
0	0.0
0	0.0
0	0.0
0	0.0
0	0.0
0	0.0
0	0.0
0	0.0
0	0.0
0	0.0
0	0.0
0	0.0
0	0.0
0	0.0
0	0.0
0	0.0
0	0.0
0	0.0
0	0.0
0	0.0
0	0.0
0	0.0
0	0.0
0	0.0
0	0.0
0	0.0
0	0.0
0	0.0
0	0.0
0	0.0
0	0.0
0	0.0
0	0.0
0	0.0
0	0.0
0	0.0
0	0.0
0	0.0
0	0.0
0	0.0
0	0.0
0	0.0
0	0.0
0	0.0
0	0.0
0	0.0
0	0.0
0	0.0
0	0.0
0	0.0
0	0.0
0	0.0
0	0.0
0	0.0
0	0.0
0	0.0
0	0.0
0	0.0
0	0.0
0	0.0
0	0.0
0	0.0
0	0.0
0	0.0
0	0.0
0	0.0
0	0.0
0	0.0
0	0.0
0	0.0
0	0.0
0	0.0
0	0.0
0	0.0
0	0.0
0	0.0
0	0.0
0	0.0
0	0.0
0	0.0
0	0.0
0	0.0
0	0.0
0	0.0
0	0.0
0	0.0
0	0.0
0	0.0
0	0.0
0	0.0
0	0.0
0	0.0
0	0.0
0	0.0
0	0.0
0	0.0
0	0.0
0	0.0
0	0.0
0	0.0
0	0.0
0	0.0
0	0.0
0	0.0
0	0.0
0	0.0
0	0.0
0	0.0
0	0.0
0	0.0
0	0.0
0	0.0
0	0.0
0	0.0
0	0.0
0	0.0
0	0.0
0	0.0
0	0.0
0	0.0
0	0.0
0	0.0
0	0.0
0	0.0
0	0.0
0	0.0
0	0.0
0	0.0
0	0.0
0	0.0
0	0.0
0	0.0
0	0.0
0	0.0
0	0.0
0	0.0
0	0.0
0	0.0
0	0.0
0	0.0
0	0.0
0	0.0
0	0.0
0	0.0
0	0.0
0	0.0
0	0.0
0	0.0
0	0.0
0	0.0
0	0.0
0	0.0
0	0.0
0	0.0
0	0.0
0	0.0
0	0.0
0	0.0
0	0.0
0	0.0
0	0.0
0	0.0
0	0.0
0	0.0
0	0.0
0	0.0
0	0.0
0	0.0
0	0.0
0	0.0
0	0.0
0	0.0
0	0.0
0	0.0
0	0.0
0	0.0
0	0.0
0	0.0
0	0.0
0	0.0
0	0.0
0	0.0
0	0.0
0	0.0
0	0.0
