1	0.07445779919017231
2	0.193027471579341
3	0.3859464855900203
4	0.09130133855788325
5	0.024007484671156265
6	0.009026309054214799
7	0.03547311304588563
8	0.46903725230570437
9	0.23231576773387685
12	0.4620931307660313
14	0.12537940919574858
15	0.4802486949492389
17	0.23882956800639538
18	0.24540734414231416
19	0.004393748811618491
20	0.4608938778779676
22	0.23781707183994813
24	0.005255913156060457
26	0.18949431060205021
27	0.16646804060437273
28	0.26672594337878563
29	0.008164825672081225
31	0.08111815807132688
32	0.6939224282437327
34	0.1879677441018956
35	0.25556401457744726
37	0.4601491217739221
40	0.005130917412890977
41	0.24121122424846828
42	0.022426463122000417
45	0.46440099295301446
46	0.25091502456233805
51	0.4784871391272866
52	0.4692280648892666
53	0.2213505287772089
54	0.27273340734199386
55	0.7081391642428895
56	0.045875812804992956
57	0.24906368993787742
58	0.07153521693503845
60	0.01949434422693519
61	0.12777114396807177
62	0.08954286519465893
63	0.6094898688192447
65	0.18407019339283656
67	0.45541525121749643
68	0.4909597308823994
69	0.2982359402721574
70	0.2838477300354304
71	0.255300230079912
73	0.3007881277591568
74	0.012304325535758463
75	0.20858691481333466
76	0.2740926706165325
78	0.22929491880143682
79	0.7980949590314961
80	0.3031079142219513
81	0.24678948558905223
83	0.18921534665252057
84	0.4756132062621054
85	0.06405091490288428
86	0.04133396224493702
87	0.5444190444198005
88	0.2662873475238149
91	0.004634935785381114
92	0.2519827239024315
93	0.16537316246557404
94	0.10325289792849107
95	0.01580655340866847
98	0.185651662983503
99	0.46654155907196115
100	0.0062727148792782565
101	0.45102806374040816
102	0.45528490624408635
103	0.22215548292355142
104	0.12894595693232305
106	0.4158573594241331
109	0.001892571983172761
110	0.010539908654825157
112	0.23563503656404883
114	0.18585490413246897
116	0.0033392290055628687
117	0.47468867268316856
118	0.5347675258850785
119	0.5604648956283989
121	0.28668344491313713
122	0.45152772402288677
125	0.2006516406297364
126	0.1727582221041276
127	0.1854391407109308
128	0.7013041344957804
129	0.007595543131497837
131	0.4365882394886882
133	0.6593846617112049
134	0.4271891537056851
135	0.21821897159559017
136	0.02351503051649414
137	0.21678294908818216
139	0.057641528219100964
140	0.012543846184068185
141	0.37843130541562414
142	0.26238666910227076
144	0.07485194822152
145	0.00876980739175924
147	0.4655004166893931
149	0.4240940379279297
150	0.006637264937047711
151	0.32502054605831504
152	0.2434335567304669
153	0.04390118000665985
154	0.24280047531671542
155	0.438846703996002
156	0.2331538912292708
157	0.7070323272737474
158	0.20579148595041116
159	0.43809320777466376
160	0.31032563724985873
161	0.17652790830857729
163	0.21577261128426345
165	0.2019139403549133
166	0.266115570755908
167	0.05020510209657353
168	0.01265035753342086
169	0.2123743708584369
170	0.42131439365003504
173	0.01045420478267373
174	0.2753679174977695
176	0.010546990326152514
177	0.0010461982751010408
178	0.2259447650715531
180	0.23225785572760135
182	0.024505278125655644
184	0.06290615827325917
185	0.1611832100306236
186	0.1761620756561805
187	0.44096733036813096
188	0.22266410268181674
189	0.08926455803892679
190	0.43656830279461484
191	0.3964088022659185
192	0.06869882772551188
193	0.2805386964642891
194	0.272685998770817
196	0.3231964375144923
197	0.4159123609595401
198	0.372543600468626
199	0.23099506718055599
204	0.4767116389139215
207	0.0067724896772435594
208	0.1898643610729896
209	0.06859380435196138
211	0.019569806811459294
212	0.3170639784973544
215	0.21722808774271105
216	0.034088107040994825
218	0.047773216695493795
219	0.4447314027909637
220	0.045744589637279
221	0.2959461549638971
222	0.16090920908486953
227	0.012502948468319942
228	0.5121331331177484
229	0.4219028926757799
230	0.002807660751783604
231	0.4678386236957616
232	0.04233259226900425
233	0.49725994033976345
234	0.008194744677603248
235	0.33515776636513156
238	0.029778201325698087
239	0.06712896009734327
240	0.023931376121076247
241	0.5473946944640848
242	0.25543385272670927
244	0.00422359653391953
246	0.2576597104823095
247	0.556337010874663
249	0.2311433608540544
252	0.23764776669462773
253	0.005519524598501812
254	0.4788455112553098
257	0.6742611962025734
258	0.5165702722548595
260	0.2936069406681818
261	0.4887613283475573
262	0.030052305632309106
266	0.14970730599248644
268	0.029608637151234483
269	0.13344311019914706
271	0.3098046858754171
273	0.45269131093958476
274	0.0023626607429527192
275	0.4758355659122818
276	0.23608017539002232
278	0.4714320163416704
281	0.2433951547148293
282	0.20520680558356322
286	0.10026323101553364
287	0.42049978462898147
288	0.06808382676047574
289	0.343005714707077
291	0.22525348218239374
292	0.28536402470126443
293	0.14535285965625422
294	0.22987796667753946
296	0.22551617669147728
298	0.003350898520616638
299	0.026989439531028246
300	0.11779936178429042
301	0.24600664118036203
302	0.2558373102524143
304	0.24355939386446562
305	0.1033287223505015
306	0.7016327680712682
310	0.827460714197275
311	0.09987398395001776
312	0.05489143074700083
315	0.06282093900837724
316	0.2166326942168101
317	0.22472641867318777
318	0.0008034924144710402
319	0.020671569407725965
320	0.015420645719822587
322	0.021407117230060318
323	0.03776036208530168
325	0.24609212639036576
326	0.341419379709347
327	0.045871351574343626
328	0.3333573235804769
329	0.20708771923590852
330	0.7474861161697042
332	0.21338942378161063
333	0.23872462708604847
334	0.07522191866463965
336	0.46015891225819355
337	0.24296861140007806
339	0.0952976556351123
341	0.23984047235182474
344	0.09424198437737587
346	0.2577448203941682
347	0.012978244367522623
348	0.2442750168363523
349	0.5423491361250323
352	0.2988732593247301
353	0.2760760584349528
355	0.26128392770140263
356	0.2642582834002419
357	0.27117642467479364
359	0.23023655466309928
360	0.2616023807668544
361	0.5480097073913462
362	0.18745810198309165
363	0.0032797255372278428
366	0.24218199397406412
367	0.24410142085135283
368	0.43506966007756365
369	0.7021219220078257
372	0.20748685513875287
373	0.32722157938810476
374	0.364610352516148
375	0.029593481836204874
376	0.23926250371757327
377	0.17453899245473767
378	0.01258435791862432
380	0.04119487277022184
381	0.06810638410236629
383	0.22035929201823307
386	0.23932815959923998
387	0.059927621361251876
389	0.0716678953205836
391	0.030738392294138085
393	0.4611709640911331
394	0.23546586615569012
395	0.00023857703269788977
396	0.1996640027569888
398	0.0008728522590132903
400	0.19421553139182746
403	0.23799062160654233
406	0.07189103938725573
409	0.006831643035385249
410	0.5001174367586135
412	0.012617635430596488
413	0.48190302439658533
415	0.25878501409862625
416	0.5304283386703019
417	0.039554022057670814
419	0.45422870307049823
420	0.22739316335557277
421	0.04036621251418053
422	0.024691687242089304
423	0.23811092029479589
426	0.24386688107594265
429	0.02315752426983108
431	0.24669957650194718
432	0.48539897870471366
435	0.019210189969370677
437	0.050315229228874575
438	0.009973387126440948
439	0.4624596304896145
440	0.23883576014453728
441	0.2404204086247843
443	0.2667258897176042
447	0.1317237291352472
448	0.22038004141660897
449	0.2723026103699402
450	0.259762549161743
452	0.11329774318136868
453	0.5486360888069196
454	0.3435440426390457
456	0.5569345231199317
457	0.339418388605175
459	0.005484963088375854
460	0.0027434087952720072
461	0.04478107838222656
463	0.03936075838503303
466	0.03991803462463145
467	0.12190978740372099
469	0.0021547917319277438
470	0.6884029938920583
471	0.1994812788634971
472	0.2439091167235805
473	0.5105169653021194
474	0.2397080836800104
477	0.20793687759469248
478	0.2734485754446383
479	0.29360908080690995
481	0.2098852850230294
482	0.48699585396571526
483	0.47107231509200476
484	0.26915793908421237
486	0.156967087392566
487	0.2509194384281835
488	0.2388900456527333
489	0.3028971043326685
490	0.06896199580565818
492	0.20829437416238425
493	0.043015538044683305
495	0.23058759744533824
496	0.2588126039672641
497	0.24880801539855876
502	0.027409938707170955
504	0.3293528554871578
505	0.24567670858383558
509	0.13601099551822973
510	0.25759195494784126
511	0.31353357185705105
512	0.22522611488886157
513	0.25265528110088076
514	0.046352555458306376
517	0.2551493070671104
518	0.3101231380341169
519	0.23294417141188542
520	0.49903394952541746
521	0.3448054847613152
523	0.26763015667105733
525	0.010243399574972174
526	0.2642246548759253
527	0.2882403640386058
528	0.26298859036499417
529	0.005916104656815989
530	0.010297301799287565
531	0.2410350477955404
532	0.011600624501012145
533	0.5318166261901239
536	0.23735335131544932
537	0.5416004538875707
540	0.2287675193279161
541	0.07777330273981331
544	0.3877460515886014
545	0.007474922075560379
546	0.21962784795544815
549	0.02443795608734151
550	0.2476879038159404
552	0.46829878973659717
554	0.6922553577879177
555	0.20752420138783276
556	0.5373065939108613
557	0.27246918580829443
558	0.23803040853321522
559	0.4348855526942824
560	0.0475735079338746
563	0.6752101017180019
564	0.031051387763716007
565	0.22801446036329243
566	0.0074121712314470095
570	0.14909023003006822
572	0.05673711055225124
573	0.009303463339622918
576	0.22186369255596472
577	0.35083568182558333
578	0.47336799763657267
580	0.17306171931985048
582	0.22705867220939951
584	0.03316960660681324
585	0.25969578791762016
586	0.009939524724924091
588	0.35395909563869343
590	0.5593537206481792
591	0.05556577705409806
592	0.3481646536361185
593	0.22717648991027123
594	0.4466527370254014
595	0.34462301578372523
596	0.4640087606142548
598	0.2520566988148265
600	0.02901531258852181
601	0.3872361704430189
602	0.23860772950652978
604	0.3311722223617699
606	0.07075838633790787
607	0.06557051597989222
609	0.38277616677105947
610	0.010248798782751336
611	0.23855357456645856
612	0.43071163616208424
616	0.46979824319764985
617	0.09280103799884186
618	0.2288730176204202
619	0.22277104703398
620	0.46176580498605774
621	0.012420013845166805
622	0.24448812167669803
623	0.21314313960735315
624	0.006000918666343554
626	0.22139659703970802
629	0.21661738855435625
631	0.011626570303190288
632	0.018134232029690816
636	0.280614525075788
637	0.30264589731279923
640	0.009655055442695192
642	0.26035137153150123
643	0.07573080791219122
644	0.2428099181763203
645	0.3233727232925514
650	0.08723773594004096
651	0.22481325781877298
653	0.22521392049357145
654	0.2058834499404609
655	0.3095488319436819
657	0.26346354491530216
660	0.4750528529939934
662	0.1900534530071382
663	0.23782110413779603
666	0.018867171029446884
667	0.045530370975295664
672	0.45194218060402663
673	0.28191239132157925
674	0.23501151008336407
675	0.531636469394993
679	0.7040010641368957
680	0.0033128555832727044
681	0.6740227618781292
684	0.5601650516783497
687	0.21628112218429701
688	0.22068743945242306
689	0.44132977215510294
691	0.24624515472208242
693	0.268328987540262
694	0.22916788716431732
695	0.02360566555763197
697	0.22985159886602963
698	0.43537524594010385
700	0.5416329688019815
701	0.4809925043567525
702	0.19012192590605925
703	0.23063765107422662
705	0.24409168325531425
706	0.2202260014617114
708	0.4683346074237988
709	0.23675636877662168
711	0.27370438247230217
712	0.46379986823529246
714	0.23373472385385752
715	0.2539969229182418
716	0.5743658487889863
717	0.008529841964394509
718	0.20347114816076278
719	0.0023835893186761464
720	0.024470161587216176
721	0.12662295059266623
722	0.21724919038558488
723	0.4677349425184127
725	0.4349814094996752
728	0.21683167500098532
729	0.17957314746556075
731	0.2336849845188029
732	0.22129951301705486
733	0.3117865199912175
735	0.08300849745454666
736	0.02688893204294465
737	0.3186869201453997
738	0.22823445833007225
741	0.297596333686499
742	0.0007024716747765433
746	0.04671800180991942
747	0.07832644227542754
749	0.016814672973582384
750	0.22158445113527359
751	0.028122303308319038
754	0.4517654727290096
755	0.018557941873277542
756	0.008126176787666313
757	0.01973659135827968
758	0.10640113793867502
762	0.2397437187955538
765	0.540078809483158
766	0.023771688666735426
769	0.23761951254258235
770	0.32303611198139015
772	0.2213271786599493
773	0.3333135436022774
774	0.5916411029059852
775	0.2209819331911505
776	0.43048954181367716
777	0.03147723564856679
781	0.19888978144424416
785	0.2652381431331135
786	0.0012571402205358677
787	0.012043474011479642
788	0.2633113359365483
790	0.19582579649114631
791	0.2321470092570639
792	0.04079509339719553
793	0.3214504400261012
794	0.32213351398521733
797	0.25942560832165273
798	0.2419956573577864
799	0.21294288351752277
801	0.2230132024213121
802	0.013671926920396565
803	0.04811522435948021
804	0.2561575668830048
805	0.08030415673594454
807	0.5612345830941277
810	0.22304116231072113
811	0.24085737601821539
814	0.02609134740199035
815	0.2549307379287337
816	0.23364411217489897
821	0.07944234099810982
823	0.32178814981273324
825	0.22647063200428227
826	0.21974391741181376
829	0.009251921384255839
830	0.22546982303828655
831	0.21599437000265573
832	0.710547763931308
834	0.4537086803775798
835	0.0030974468552671178
836	0.25056063776896276
837	0.2008420454695901
838	0.23004053480396996
839	0.29567737065653554
841	0.30033538073103333
843	0.038452571238117274
844	0.23601786138551914
845	0.2652856515034698
846	0.10230896366778651
847	0.226447274423035
849	0.009251921384255839
850	0.2363420293385799
851	0.3220877679629838
852	0.03651027840662205
855	0.18671690036074345
856	0.009130139825584648
857	0.02512195930091886
858	0.2188918653861402
859	0.032632146916281204
860	0.23721523467446642
862	0.2615266057502972
863	0.008026341874863802
864	0.3402932341899991
865	0.17556837986278961
866	0.10477194209184859
867	0.30882456743776526
868	0.02215302333627513
869	0.0006985071040201581
872	0.23117199893206428
873	0.22304069051433134
874	0.004665288335052566
875	0.310562700132355
876	0.9974202292339727
877	0.02590645183876497
878	0.022905706831926505
879	0.2342422352744495
880	0.011841897074443719
881	0.03608461561201076
882	0.014835509247140305
885	0.1587096954547351
886	0.08182473857897597
887	0.2956239288081774
888	0.4420271385624956
889	0.5549747400370691
891	0.22990648633538174
892	0.02420890655199957
893	0.25056045272702715
894	0.06808526942519014
895	0.2628939706181153
896	0.3047094856489043
897	0.00095251922484944
902	0.026824205687542534
903	0.325818979111631
904	0.0026211794335922953
906	0.2649486909192542
907	0.06457651881463847
908	0.3245647127319803
909	0.21940183954097847
914	0.16556118328029723
915	0.45697638151263775
916	0.5711907101023873
917	0.23100327922330458
918	0.29880490193527665
919	0.07673433797665684
920	0.21585484893720008
921	0.22224091997952583
922	0.16465732516378506
923	0.24719595111302417
924	0.05077355691220084
927	0.00616852648031856
928	0.07317013084085197
930	0.2686042560999025
932	0.28625067193521014
933	0.026727673628577423
935	0.4809957849508224
936	0.5588392087049571
937	0.03755223266526104
939	0.28963078493877964
941	0.2548008534027134
942	0.23069946068268926
0	0.0
0	0.0
0	0.0
0	0.0
0	0.0
0	0.0
0	0.0
0	0.0
0	0.0
0	0.0
0	0.0
0	0.0
0	0.0
0	0.0
0	0.0
0	0.0
0	0.0
0	0.0
0	0.0
0	0.0
0	0.0
0	0.0
0	0.0
0	0.0
0	0.0
0	0.0
0	0.0
0	0.0
0	0.0
0	0.0
0	0.0
0	0.0
0	0.0
0	0.0
0	0.0
0	0.0
0	0.0
0	0.0
0	0.0
0	0.0
0	0.0
0	0.0
0	0.0
0	0.0
0	0.0
0	0.0
0	0.0
0	0.0
0	0.0
0	0.0
0	0.0
0	0.0
0	0.0
0	0.0
0	0.0
0	0.0
0	0.0
0	0.0
0	0.0
0	0.0
0	0.0
0	0.0
0	0.0
0	0.0
0	0.0
0	0.0
0	0.0
0	0.0
0	0.0
0	0.0
0	0.0
0	0.0
0	0.0
0	0.0
0	0.0
0	0.0
0	0.0
0	0.0
0	0.0
0	0.0
0	0.0
0	0.0
0	0.0
0	0.0
0	0.0
0	0.0
0	0.0
0	0.0
0	0.0
0	0.0
0	0.0
0	0.0
0	0.0
0	0.0
0	0.0
0	0.0
0	0.0
0	0.0
0	0.0
0	0.0
0	0.0
0	0.0
0	0.0
0	0.0
0	0.0
0	0.0
0	0.0
0	0.0
0	0.0
0	0.0
0	0.0
0	0.0
0	0.0
0	0.0
0	0.0
0	0.0
0	0.0
0	0.0
0	0.0
0	0.0
0	0.0
0	0.0
0	0.0
0	0.0
0	0.0
0	0.0
0	0.0
0	0.0
0	0.0
0	0.0
0	0.0
0	0.0
0	0.0
0	0.0
0	0.0
0	0.0
0	0.0
0	0.0
0	0.0
0	0.0
0	0.0
0	0.0
0	0.0
0	0.0
0	0.0
0	0.0
0	0.0
0	0.0
0	0.0
0	0.0
0	0.0
0	0.0
0	0.0
0	0.0
0	0.0
0	0.0
0	0.0
0	0.0
0	0.0
0	0.0
0	0.0
0	0.0
0	0.0
0	0.0
0	0.0
0	0.0
0	0.0
0	0.0
0	0.0
0	0.0
0	0.0
0	0.0
0	0.0
0	0.0
0	0.0
0	0.0
0	0.0
0	0.0
0	0.0
0	0.0
0	0.0
0	0.0
0	0.0
0	0.0
0	0.0
0	0.0
0	0.0
0	0.0
0	0.0
0	0.0
0	0.0
0	0.0
0	0.0
0	0.0
0	0.0
0	0.0
0	0.0
0	0.0
0	0.0
0	0.0
0	0.0
0	0.0
0	0.0
0	0.0
0	0.0
0	0.0
0	0.0
0	0.0
0	0.0
0	0.0
0	0.0
0	0.0
0	0.0
0	0.0
0	0.0
0	0.0
0	0.0
0	0.0
0	0.0
0	0.0
0	0.0
0	0.0
0	0.0
0	0.0
0	0.0
0	0.0
0	0.0
0	0.0
0	0.0
0	0.0
0	0.0
0	0.0
0	0.0
0	0.0
0	0.0
0	0.0
0	0.0
0	0.0
0	0.0
0	0.0
0	0.0
0	0.0
0	0.0
0	0.0
0	0.0
0	0.0
0	0.0
0	0.0
0	0.0
0	0.0
0	0.0
0	0.0
0	0.0
0	0.0
0	0.0
0	0.0
0	0.0
0	0.0
0	0.0
0	0.0
0	0.0
0	0.0
0	0.0
0	0.0
0	0.0
0	0.0
0	0.0
0	0.0
0	0.0
0	0.0
0	0.0
0	0.0
0	0.0
0	0.0
0	0.0
0	0.0
0	0.0
0	0.0
0	0.0
0	0.0
0	0.0
0	0.0
0	0.0
0	0.0
0	0.0
0	0.0
0	0.0
0	0.0
0	0.0
0	0.0
0	0.0
0	0.0
0	0.0
0	0.0
0	0.0
0	0.0
0	0.0
0	0.0
0	0.0
0	0.0
0	0.0
0	0.0
0	0.0
0	0.0
0	0.0
0	0.0
0	0.0
0	0.0
0	0.0
0	0.0
0	0.0
0	0.0
