1	0.31240112376610213
2	0.08817827533224273
5	0.2508275599197137
10	0.3001512237493428
13	0.5856199336463771
14	0.2677921379644077
16	0.009583081772036296
18	0.2685571514309189
21	0.37975944102696235
22	0.07354215692235
23	0.5326604007831309
24	0.2628214471300716
25	0.05491947880241145
26	0.3297544566024644
29	0.3073813787932862
30	0.034975871078825514
31	0.012613219583269566
33	0.004567485263472226
34	0.16978167695193136
37	0.058986194343879174
38	0.5327874141160398
40	0.04945723786477183
42	0.22363764098038177
43	0.2965399727342366
44	0.08102934680662023
49	0.17795091558809523
53	0.0022017498852843
58	0.2790481684152947
59	0.24907106103315396
60	0.06173838573532068
62	0.231344324949491
72	0.46960866525955325
73	0.0344907485839148
74	0.28424283079259993
75	0.04670532458546069
77	0.040480358462744254
82	0.5777019324121355
85	0.2842636727339804
88	0.002549249115594447
89	0.24836449540337657
90	0.31149136964165486
92	0.2833706223331943
93	0.10162903018328354
94	0.2820864000756717
96	0.04345493189558151
97	0.22353281064736896
98	0.04660230882602348
99	0.011398711388336417
100	0.02864465440215966
105	0.36611636774777656
107	0.04185300665811587
108	0.20366278765333998
109	0.019642813287980954
110	0.00864623491241042
111	0.07993650204976532
112	0.0028603776029748895
113	0.07203944966298613
114	0.09819106275108873
115	0.006349436271025646
116	0.3195747834441218
120	0.22191139884665412
121	0.25827294126421724
123	0.5150909155048692
129	0.27812054868991876
130	0.019814332862881902
132	0.290358624849339
134	0.058226123165980255
135	0.025792780439851754
136	0.29815907527399677
138	0.2795073118863448
140	0.4830649837789154
144	0.01157062490856673
145	0.05664577782111538
149	0.08804996322676502
153	0.08771168566752024
156	0.043471732555298376
160	0.024921266076325783
162	0.2628295528063601
167	0.2729381335780682
168	0.23563021885437854
172	0.3322233013197938
173	0.28298553158717304
174	0.243848572906344
176	0.021404062574903765
177	0.04558321493266023
178	0.0662033338808474
179	0.5015948913550674
183	0.10735445856986654
184	0.5269745699641208
186	0.10216865081350106
188	0.32259818376923965
189	0.02270330731340127
193	0.23859918684532175
195	0.02727221508238456
200	0.0820089425164332
201	0.22771639788543235
206	0.3278925231543298
207	0.04955330427007484
208	0.0748659214277089
209	0.27179691362872127
210	0.2899811156261838
214	0.5084541482754805
215	0.019507752141640973
216	0.05373617864320741
217	0.023377635019396104
218	0.27108606738501945
221	0.032842419928185075
222	0.001255688876430218
223	0.033943247160867
224	0.0036197039452838115
225	0.02824744202860882
226	0.3464739875172065
232	0.30347914930400655
234	0.30908810918964047
235	0.22152472502199352
236	0.5367410760101919
237	0.28924337692232605
238	0.009777988761391312
239	0.28637242576148875
240	0.2988556126953777
243	0.29251530778915824
244	0.2761511770178833
248	0.06759374520751249
249	0.31411937487758684
250	0.041758763026242395
251	0.010953561215089891
252	0.2630939182663201
253	0.2473379009999248
255	0.19223050772724223
256	0.3228021965805627
259	0.4862309743650821
263	0.0206044111996925
264	0.026684080828076516
265	0.2602484308459065
266	0.005361933135917971
267	0.5749978912820756
268	0.31104863819254913
269	0.4604206818559532
270	0.017560345394781622
271	0.2995137280779557
272	0.29759038282983086
276	0.30290170530690597
280	0.27682173156462264
283	0.044551827290386564
284	0.25404681115359723
285	0.3286480775488642
286	0.2035940560440667
287	0.028218828410989716
288	0.01324739088531815
291	0.2508849013876734
292	0.2756172090892437
293	0.03932887126194894
294	0.05088324058710845
295	0.04728920944802454
296	0.2608616814428087
297	0.2866725736350126
298	0.4882458642503597
299	0.3161085120203921
301	0.022538606282109352
303	0.7839401050710091
305	0.2858296206074683
307	0.03363544079544459
308	0.5110270001160327
312	0.04647586369430483
313	0.07359809038695572
314	0.02574456399754018
315	0.01376210018094317
316	0.2830353891010954
317	0.028826721744879977
319	0.0013809205196405189
320	0.30243178780999935
321	0.5665262434300536
322	0.0510881624555156
323	0.2255827221334939
324	0.22236695791149216
325	0.0740233476584723
327	0.2984271719515478
328	0.04401531885374951
329	0.3285623035882692
331	0.09310750714651898
332	0.310472405079765
334	0.23525846190204117
335	0.036072550655020796
338	0.06586601173329537
339	0.4984022040984038
340	0.015393173997166956
341	0.054056097867119485
342	0.47843210386738433
343	0.27098956716087286
344	0.4966028504002235
345	0.03411516596005061
347	0.5112330956561659
350	0.5068074682563637
351	0.028176267745095067
352	0.011759428700147193
354	0.29553416307086794
358	0.2742727077321482
360	0.34472674201654574
361	0.031733672849150026
362	0.3272238831146623
363	0.30339404444040025
364	0.296192872080483
365	0.009426748538517084
367	0.0459780508384169
370	0.4593500687057652
373	0.01133506836721037
374	0.026527034610250286
378	0.3312330302487683
379	0.2873682271800614
380	0.5371232985397671
382	0.5184035014122664
384	0.062435243314733255
385	0.5900879747694593
386	0.2615914685010434
387	0.07902310547608576
388	0.0845414735953462
389	0.29580390396954154
390	0.5153889466593898
391	0.0466082595971781
392	0.2515570106290121
393	0.03563336704430703
394	0.07423635174347817
395	0.1160766537229814
397	0.5071146283144832
398	0.035395821944143466
399	0.2755103123077492
401	0.04602826465541987
402	0.49963567276204324
403	0.22094889751015495
404	0.5342109034025089
406	0.5177846541696098
407	0.5132711186738977
409	0.3164056455624158
411	0.24498114964410467
414	0.3253077013696685
416	0.08137940738512864
417	0.2821575155994698
420	0.2906846355604397
421	0.018339645320316657
423	0.2688149671456405
424	0.2868679287457575
425	0.3314263094802229
426	0.06477444706125193
427	0.015195155297441199
428	0.5225651337485399
429	0.5277413813694111
430	0.5172028759083519
433	0.3106019398833623
435	0.2612705281077726
436	0.27033521353447026
437	0.01637500972257728
438	0.2201081087813719
440	0.006043736932792469
441	0.006085131071526723
442	0.3035115060097053
444	0.014679158945929631
445	0.6003235414255599
446	0.020092195246695768
447	0.2719064513520834
450	0.24119306946633748
451	0.015794766660498283
455	0.04009829525535277
456	0.03877690954488071
457	0.29270545247037405
458	0.7406870108151365
460	0.28355563610398965
461	0.20584061060757775
463	0.3444720306173752
464	0.05182376199852493
465	0.2521570521522405
466	0.023934560887579427
467	0.23766889340427677
468	0.026491649109264027
469	0.275884275037007
474	0.2752378921244898
475	0.1978610268074535
476	0.022290046132267004
479	0.05799925719639257
480	0.7491351212130198
481	0.06896332047356388
484	0.02302884046036923
485	0.7675639435898204
486	0.4478268778503545
487	0.2709230854331436
488	0.07181033994883326
490	0.2851874548749687
491	0.5540535677063898
492	0.01797237700670371
493	0.06595649614151822
495	0.05212128266033929
496	0.05635346429292744
497	0.026687837439407905
498	0.311189570870022
499	0.07511603992473337
500	0.795315868222745
501	0.48107356773563215
503	0.028175796567045754
504	0.019408298958436918
505	0.023672646271118758
506	0.3188179944258055
507	0.03812838348646163
508	0.28407017998829454
510	0.015087052673221045
512	0.022174078509910378
514	0.07956154162610551
516	0.23905154518183888
522	0.27393796320443975
524	0.32052534263161264
525	0.26473447396923483
526	0.14440724486952056
527	0.02771460218671401
528	0.046882657592941857
531	0.2863117620617063
532	0.3313049105556584
534	0.028105794438247123
535	0.01794740964198207
536	0.0532257712834911
537	0.047655555967036606
538	0.4922029650381342
539	0.07965824277717126
542	0.4886200915634952
543	0.3156417781829046
544	0.12583891273404418
547	0.3047297873481376
548	0.33947963943642867
549	0.2609238621280271
551	0.513774066494237
553	0.5267355643801521
557	0.022994995039237118
560	0.5457673737017461
561	0.5556520436040575
562	0.23696926387098474
566	0.2813417947935116
567	0.5207884733456863
568	0.008534381396031236
569	0.5078338188850405
570	0.3509633624134919
571	0.29804044684718
573	0.5396660276294506
574	0.026982119274261036
576	0.03984966855731224
577	0.02680103866721878
579	0.7402923890799302
581	0.31799692413149216
582	0.046907490752366464
584	0.015121642287289822
586	0.26097039749738077
587	0.038365837849438075
589	0.07015896377913042
591	0.27583473546078113
592	0.022960644437930305
595	0.004561840843645443
598	0.028881782953267723
599	0.017374305391844334
600	0.09005098675761505
602	0.028895530265667407
603	0.3221142985387128
605	0.2323761844187937
606	0.33819313392852735
607	0.022491611853075792
608	0.23590956505536498
611	0.004841815263094566
613	0.321176025532812
614	0.3333954800193596
615	0.31716877432286894
617	0.3473211716323976
621	0.0750774194166468
622	0.056782435624934756
623	0.0653584910096345
624	0.263827755559871
625	0.2721974957678692
626	0.3059028160498982
627	0.4988432105568051
628	0.2698472939930395
630	0.014729196376643827
634	0.26607000534624903
635	0.7660153028093706
637	0.2524564743646561
639	0.3095901975491422
640	0.037894705110847804
641	0.49562321504691187
643	0.541369896999233
645	0.06124353248350521
647	0.2778200313639465
648	0.08697184510622291
649	0.5186911045129398
650	0.05869428866781784
651	0.08868722792728312
652	0.274827583306678
653	0.2536173302166276
654	0.31785695774949974
657	0.0221425117710832
658	0.7531702725612003
659	0.5411446604098344
660	0.029920545956832745
661	0.31108350741984486
664	0.5392732446295637
665	0.3010645103462489
666	0.5226891075840053
668	0.3410218591471164
669	0.7827004832425395
670	0.30812771063004135
674	0.26009445256522135
676	0.5397761919675168
677	0.250497441187832
678	0.32157735614174543
680	0.03766626137391365
682	0.5299938391676916
683	0.4990635968691793
686	0.27629156646454656
688	0.0356383329882132
690	0.269877045590421
691	0.032652781753801666
692	0.005556318976742913
693	0.3457304034265769
695	0.04409153667454978
696	0.30008402648190874
697	0.08471410106767974
702	0.043826442431085924
704	0.3343764447596814
705	0.01839156867701721
706	0.008748655313015212
707	0.31651291747787447
709	0.2775310752116245
710	0.5288796865869414
711	0.08675142833077347
713	0.5203673710073066
715	0.031294110971064715
717	0.05332531234569566
719	0.025986812517325902
720	0.2806658351736575
721	0.005954120195633919
722	0.02337042532312717
724	0.3278925231543298
725	0.0391263241851191
726	0.06047400918551691
727	0.3252686256245656
728	0.03749626578901801
730	0.043444206707059285
732	0.031157409981459425
733	0.28130666425944956
734	0.01709625506121723
735	0.24623751969819813
736	0.27209782784898445
737	0.04126739611536984
738	0.33696708147946025
739	0.009054969527846887
740	0.3157014644696006
741	0.318500019666785
742	0.47994889507622873
743	0.5404524658583459
744	0.5323008327808928
745	0.5535562997176069
746	0.03930971791447062
747	0.3294996104390775
748	0.521217100135194
749	0.2788451813910653
752	0.5338418147902712
753	0.27950262445145224
754	0.0001341422173196244
755	0.2632005616174175
756	0.25355645065444576
757	0.5223633774188985
758	0.2967577968052053
759	0.2717588131780405
760	0.03835085293085623
762	0.06935927491941078
763	0.22793776017305106
764	0.27687691649925456
766	0.06997532746040705
767	0.2803716197448664
768	0.4993277556501703
769	0.04029219546922176
771	0.26031293047337306
772	0.07484299588730513
773	0.062409568194864845
776	0.06094325304483271
778	0.013043759724718496
779	0.007048317780759039
780	0.24455506244737568
781	0.06900203104046922
782	0.015786324876706198
783	0.07973373545640541
784	0.044073292952096346
787	0.2830186916572545
788	0.043973321615785065
790	0.10681701716496536
792	0.23836859336439192
793	0.0233062624149978
795	0.5173209168064147
796	0.06000011893178908
800	0.24623751969819818
802	0.0487474942378774
804	0.020947533304395013
805	0.3213988701312659
806	0.5357264975336081
807	0.021310696857246125
808	0.3098529023904083
809	0.2971038969299281
810	0.011950234522633912
814	0.028639538498592437
815	0.07242523929377033
817	0.2584505127216754
818	0.06100522048150079
819	0.29219013957720563
820	0.5551881560164551
821	0.043064103310449256
822	0.26645929106023525
823	0.07298768238756961
824	0.06137100637918478
828	0.32415720860208114
829	0.24623751969819818
830	0.3265154803818912
831	0.03499335345036455
833	0.7588223633303472
835	0.30824047595502024
836	0.07531763618754381
837	0.022540115570871808
839	0.2497735235205734
840	0.4983430667556176
841	0.28865581082067443
842	0.08480092530368635
846	0.27872308901129456
848	0.07276109571958334
849	0.012028558693371813
851	0.040058824063605135
852	0.22534443793542583
853	0.5282934922130841
854	0.26626062832470043
855	0.057791237052149697
860	0.060587165586878
861	0.0038295813497016204
862	0.046715641578622256
864	0.2282916210129533
865	0.35824851335610763
867	0.0751236931338034
868	0.3105488378991701
869	0.23638777270930522
870	0.5129422076572487
871	0.3098480536270249
873	0.020706431327322257
874	0.31123960555637986
877	0.265684235061001
878	0.2697153394017311
880	0.290207344941916
881	0.06445704865684349
882	0.31757422913684075
884	0.029707866779114828
885	0.1220686654547738
886	0.09553821443215291
887	0.3098707442074051
890	0.29389853125398013
892	0.2865827603897021
893	0.22911479082413072
894	0.2711558770726711
896	0.057546089240327815
898	0.03315440566065043
899	0.27102229750871787
900	0.3209980882006691
901	0.3038870632593711
905	0.3429368984448787
907	0.027576568703200383
908	0.022514374915890936
910	0.26734172213747753
911	0.05367537318436312
912	0.002846241962946125
913	0.5462998560660333
916	0.024517133316732116
918	0.05275079620743725
919	0.26407799053801684
922	0.3511322741015238
923	0.006789856087910412
924	0.04241088862257381
925	0.016224055970859894
926	0.06843728649787437
927	0.01048599583999981
928	0.2428346143706921
929	0.014627819563245145
931	0.5087430402363957
932	0.3193582791319267
933	0.5107352448903696
934	0.5430217031658344
936	0.011635171991955288
937	0.05897985529576901
938	0.26950211822215786
940	0.7696656796249689
941	0.24488794066773265
942	0.32542351390372337
943	0.015914487501942187
0	0.0
0	0.0
0	0.0
0	0.0
0	0.0
0	0.0
0	0.0
0	0.0
0	0.0
0	0.0
0	0.0
0	0.0
0	0.0
0	0.0
0	0.0
0	0.0
0	0.0
0	0.0
0	0.0
0	0.0
0	0.0
0	0.0
0	0.0
0	0.0
0	0.0
0	0.0
0	0.0
0	0.0
0	0.0
0	0.0
0	0.0
0	0.0
0	0.0
0	0.0
0	0.0
0	0.0
0	0.0
0	0.0
0	0.0
0	0.0
0	0.0
0	0.0
0	0.0
0	0.0
0	0.0
0	0.0
0	0.0
0	0.0
0	0.0
0	0.0
0	0.0
0	0.0
0	0.0
0	0.0
0	0.0
0	0.0
0	0.0
0	0.0
0	0.0
0	0.0
0	0.0
0	0.0
0	0.0
0	0.0
0	0.0
0	0.0
0	0.0
0	0.0
0	0.0
0	0.0
0	0.0
0	0.0
0	0.0
0	0.0
0	0.0
0	0.0
0	0.0
0	0.0
0	0.0
0	0.0
0	0.0
0	0.0
0	0.0
0	0.0
0	0.0
0	0.0
0	0.0
0	0.0
0	0.0
0	0.0
0	0.0
0	0.0
0	0.0
0	0.0
0	0.0
0	0.0
0	0.0
0	0.0
0	0.0
0	0.0
0	0.0
0	0.0
0	0.0
0	0.0
0	0.0
0	0.0
0	0.0
0	0.0
0	0.0
0	0.0
0	0.0
0	0.0
0	0.0
0	0.0
0	0.0
0	0.0
0	0.0
0	0.0
0	0.0
0	0.0
0	0.0
0	0.0
0	0.0
0	0.0
0	0.0
0	0.0
0	0.0
0	0.0
0	0.0
0	0.0
0	0.0
0	0.0
0	0.0
0	0.0
0	0.0
0	0.0
0	0.0
0	0.0
0	0.0
0	0.0
0	0.0
0	0.0
0	0.0
0	0.0
0	0.0
0	0.0
0	0.0
0	0.0
0	0.0
0	0.0
0	0.0
0	0.0
0	0.0
0	0.0
0	0.0
0	0.0
0	0.0
0	0.0
0	0.0
0	0.0
0	0.0
0	0.0
0	0.0
0	0.0
0	0.0
0	0.0
0	0.0
0	0.0
0	0.0
0	0.0
0	0.0
0	0.0
0	0.0
0	0.0
0	0.0
0	0.0
0	0.0
0	0.0
0	0.0
0	0.0
0	0.0
0	0.0
0	0.0
0	0.0
0	0.0
0	0.0
0	0.0
0	0.0
0	0.0
0	0.0
0	0.0
0	0.0
0	0.0
0	0.0
0	0.0
0	0.0
0	0.0
0	0.0
0	0.0
0	0.0
0	0.0
0	0.0
0	0.0
0	0.0
0	0.0
0	0.0
0	0.0
0	0.0
0	0.0
0	0.0
0	0.0
0	0.0
0	0.0
0	0.0
0	0.0
0	0.0
0	0.0
0	0.0
0	0.0
0	0.0
0	0.0
0	0.0
0	0.0
0	0.0
0	0.0
0	0.0
0	0.0
0	0.0
0	0.0
0	0.0
0	0.0
0	0.0
0	0.0
0	0.0
0	0.0
0	0.0
0	0.0
0	0.0
0	0.0
0	0.0
0	0.0
0	0.0
0	0.0
0	0.0
0	0.0
0	0.0
0	0.0
0	0.0
0	0.0
0	0.0
0	0.0
0	0.0
0	0.0
0	0.0
0	0.0
0	0.0
0	0.0
0	0.0
0	0.0
0	0.0
0	0.0
0	0.0
0	0.0
0	0.0
0	0.0
0	0.0
0	0.0
0	0.0
0	0.0
0	0.0
0	0.0
0	0.0
0	0.0
0	0.0
0	0.0
0	0.0
0	0.0
0	0.0
0	0.0
0	0.0
0	0.0
0	0.0
0	0.0
0	0.0
0	0.0
0	0.0
0	0.0
0	0.0
0	0.0
0	0.0
0	0.0
0	0.0
0	0.0
0	0.0
0	0.0
0	0.0
0	0.0
0	0.0
0	0.0
0	0.0
0	0.0
0	0.0
0	0.0
0	0.0
0	0.0
0	0.0
0	0.0
0	0.0
0	0.0
0	0.0
0	0.0
0	0.0
0	0.0
0	0.0
0	0.0
0	0.0
0	0.0
0	0.0
0	0.0
0	0.0
0	0.0
0	0.0
0	0.0
0	0.0
0	0.0
0	0.0
0	0.0
0	0.0
0	0.0
0	0.0
0	0.0
0	0.0
0	0.0
0	0.0
0	0.0
0	0.0
0	0.0
0	0.0
0	0.0
0	0.0
0	0.0
0	0.0
0	0.0
0	0.0
0	0.0
0	0.0
0	0.0
0	0.0
0	0.0
0	0.0
0	0.0
0	0.0
0	0.0
