1	0.07904870952653012
2	0.3012801693063345
4	0.022550964260845133
5	0.11891093238024775
6	0.32135118083578157
7	0.014146020245125249
8	0.25908270715022086
9	0.0019833764093503126
10	0.04767410859658624
12	0.24252361738853756
13	0.27430644234452817
14	0.0759765559242758
15	0.2908377858753851
17	0.018509866661262774
18	0.7452948969657236
20	0.20705974240757055
21	0.33830369753964895
22	0.8064478573235665
23	0.2665009261314469
24	0.2586196253590071
26	0.8025795609687658
27	0.1650312047914816
28	0.26978536396941916
29	0.5255064567797563
31	0.05224483757749184
32	0.4661084515326276
34	0.4616357325725246
35	0.2613238674538538
37	0.7200162950176139
39	0.30233163240334304
40	0.03042783993729579
41	0.009710135358779303
42	0.24890356928553797
43	0.04553047102460172
44	0.10553961864523495
45	0.5255699722911945
46	0.2995922502609262
47	0.045238346113053954
50	0.15791629212641736
51	0.26479665197385116
52	0.19415719594147623
53	0.25501163546129546
54	0.2729270689130068
55	0.46502238428669096
56	0.2795081945284091
57	0.2507865395897458
59	0.056779268851877146
60	0.27261724142097377
61	0.08460050483151887
62	0.0502107544177315
63	0.42906969668254014
64	0.02892417417243738
66	0.2215966145699568
67	0.45678636014962387
68	0.4843705906220493
69	0.0771772402332355
70	0.28610745044575764
71	0.25787666712311347
72	0.020435443096562173
73	0.2860447028222565
74	0.5581793518052112
75	0.24352243779280122
76	0.27544015372613406
78	0.018771212301059142
79	0.4465700187221147
80	0.6203649618605588
81	0.2054265845696949
82	0.5345242329902445
84	0.2638462060750104
85	0.059639444281159644
86	0.018280601663242437
87	0.3169337546828652
88	0.5689589023233504
89	0.2565244647726935
92	0.7838078124290297
93	0.14818013185791817
94	0.2727995762464001
95	0.03840567662267201
96	0.018942902563333405
98	0.2387499261886245
99	0.19852439468375263
100	0.29291404244075875
101	0.23661944251431855
102	0.252296991334603
103	0.5654760027731094
104	0.2485510290177425
105	0.35832996499961955
106	0.1782865448479365
107	0.0580294718063363
108	0.020879993454853973
110	0.03231729375636058
111	0.10655710414046023
112	0.49837086507603995
113	0.35431569970240157
114	0.5017275834046531
115	0.009264595624809899
117	0.5454865400180593
118	0.2421845519518356
119	0.2746813289887029
120	0.05767066752285839
122	0.21622164339769268
123	0.20915722280157656
128	0.47022042012420534
129	0.5644646099254026
131	0.4249542917271447
132	0.312981290020432
133	0.418208761051368
134	0.409299667387492
135	0.28954299491442503
136	0.5574822126473938
137	0.2672538466531524
138	0.2501872412363151
139	0.30097893283690275
140	0.2991055110441538
141	0.16428224344900788
142	0.5497642459350913
143	0.0021131663650598327
145	0.24597706042728085
147	0.23168810258060363
148	0.0873958347812175
152	0.24586001863612472
153	0.3093477550204235
154	0.5022553706357438
155	0.20651564001909628
156	0.47085528685470424
157	0.4759202449638724
158	0.20671354134630565
159	0.1796256399108603
160	0.534997600347537
161	0.17497188649026757
162	0.19620910755363427
163	0.1965881953413128
164	0.019045931264674465
166	0.24167187084951355
167	0.5543446738782403
168	0.2636343203388147
170	0.16856574300068125
171	0.05531199947247691
172	0.2979554776348964
173	0.544057536697107
174	0.8099559192270968
176	0.29371375502142916
177	0.3254296526939609
179	0.04624298298600492
182	0.0469643588539172
183	0.23821479641190432
184	0.03716131269878732
186	0.15860846525675598
187	0.2163378573352734
188	0.2764196752600061
189	0.024287028963670774
190	0.4229463707827654
191	0.1311676054550408
192	0.08809056844184014
193	0.2812379339349542
194	0.27242718766306356
195	0.26661907358030046
197	0.2239411630694217
198	0.23333320654268933
199	0.21467043747471012
200	0.04638742307603541
204	0.7250468622018911
207	0.2789223221885804
208	0.30468732607758947
210	0.2915713734180788
211	0.0003783636485786175
212	0.3219379718785577
213	0.2833946433360278
214	0.2964854445687738
215	0.4966037748184223
216	0.5650200520278311
217	0.06867843957624001
218	0.32522904115788887
219	0.4259288242660388
220	0.20361564072147562
221	0.2820597648408308
222	0.2680354747449559
225	0.2687021916673714
227	0.2988478701522985
228	0.24444211077075556
229	0.4043817290516673
231	0.20754597524730986
233	0.28154571810220236
234	0.26913338809835186
235	0.28608689295169387
236	0.019942202319311333
237	0.249966204925578
238	0.008959022008059186
239	0.30396873343232855
240	0.5651827878877341
241	0.5371933403333662
242	0.01484900519120574
244	0.28463259040560174
246	0.2587598632899948
247	0.2723962479446831
248	0.10397299115193816
249	0.7657146933609008
252	0.2394810588397535
253	0.025798964202255307
254	0.462477953642836
255	0.2152243741731894
256	0.07750168726501833
257	0.41863112686538145
258	0.49444111590227513
259	0.25806789713082146
260	0.49840862133906366
261	0.47391044826958817
262	0.2956601077390199
263	0.2666129290362394
266	0.5594794843352898
267	0.2625218689807361
268	0.3005222919836318
270	0.258246224874387
271	0.28386319246192854
272	0.28730511730171504
273	0.2398262619302433
274	0.24495733267249548
275	0.2520505406145247
276	0.7945210999274208
277	0.27980298390229935
278	0.4570546030553023
280	0.26245511014173273
281	0.048818636323338105
282	0.009351443223071607
283	0.23223648940077524
284	0.30293529934959634
285	0.2851561395125759
286	0.010864213183193992
287	0.4918430320531438
288	0.06531770968016556
289	0.29912451964492626
291	0.2802347715025111
292	0.2540603744510207
293	0.07699147082695638
294	0.2316120706842506
295	0.2808020036469317
296	0.31468071242847945
297	0.07587022477449275
298	0.061406717152618355
299	0.2925266003163874
300	0.07042928725359682
301	0.46760623133287116
302	0.04809615777043591
303	0.30278416735171193
304	0.22300402416532308
305	0.007860471304880157
306	0.4407453909552885
308	0.08647976024422604
310	0.2868853344062266
313	0.06430494817180084
315	0.2781378322155662
316	0.21622371208155966
317	0.5389531310598076
318	0.2657313103730549
319	0.30473610887110986
320	0.5635166906603469
322	0.07080876562511046
323	0.0792542720033211
325	0.5327208753446362
326	0.06308292759037322
328	0.30462301335059827
329	0.2637389598198908
330	0.2302050574750839
331	0.11415620930856989
332	0.5417289389945775
333	0.21512726244141472
334	0.27952896041476216
335	0.031231665184470837
336	0.19991374228754552
337	0.008838136495342524
338	0.25816505397207457
339	0.26921779878092733
341	0.7580765151054315
342	0.04384350123867527
343	0.24452135704732236
344	0.2803261591754576
345	0.23862036836608408
346	0.3249218275390542
347	0.2725707280881631
348	0.20476384416209115
349	0.5746214952040034
350	0.058048477216469496
351	0.23242660451973263
352	0.5487033698543871
353	0.5691749569561295
354	0.2973422287908217
357	0.5499326093178207
359	0.23063747379002986
360	0.5303404747262596
361	0.2519796334393967
362	0.7736353337908294
363	0.0956623806930138
364	0.5284642232201658
366	0.29166005589128075
367	0.6053552085326248
368	0.47199046099762315
369	0.48018502778966027
370	0.07693014433676139
372	0.19071104294496455
373	0.007863656754624991
375	0.5189475567740442
376	0.26591327154813194
377	0.28326821790667894
378	0.2790803911071403
379	0.3290293105790987
380	0.1084285956076336
381	0.0779277518339259
382	0.023676564027946344
383	0.01547937491934372
384	0.2904928641323969
386	0.44227134923621736
387	0.0903247554244017
388	0.03282421524051429
389	0.35563317926585214
392	0.5162891676321669
393	0.20140389696306082
394	0.5432988499790543
395	0.27288686352607056
397	0.3193319822342987
399	0.3324283786250105
403	0.26549264805826583
404	0.3258965147378925
406	0.32514682487517754
407	0.0757133616828772
408	0.04863808817251299
409	0.26569863699016716
410	0.48414193819540713
411	0.07101413565608168
412	0.22975330628386634
413	0.2588090586918067
414	0.5791018292685002
415	0.28354464838436527
416	0.27485869483121766
417	0.5534869148157792
419	0.5507245336073163
420	0.7479296103541102
421	0.53410408062078
422	0.049816349626309195
423	0.5294028796079641
424	0.26965976078804543
425	0.14857799698704022
426	0.5357349347400215
427	0.005399261300266071
428	0.026259397801140397
429	0.5325424825215588
430	0.27412643515624635
431	0.20406998703470816
432	0.5313387283151806
433	0.5479681170094043
435	0.3104879726657065
436	0.4781399330272262
438	0.22745912863806422
439	0.22212742853456993
440	0.2671759823839165
441	0.2446953282271565
442	0.5243034440764794
443	0.5259344487076604
444	0.20443348943060663
447	0.2970021139906024
448	0.029492595011202553
449	0.519116602259997
450	0.5260493691645787
453	0.5031270425846216
456	0.5055693753262264
457	0.248554974700787
458	0.0861923104974242
460	0.5342677407416899
461	0.3002819091026504
462	0.0014314017307036457
463	0.2909543290331268
464	0.2935233100343308
465	0.018206342291724263
466	0.539620664277332
467	0.05214013977401681
469	0.32679769209857085
470	0.4500907446531797
472	0.529755591492567
473	0.27264208895037445
474	0.5323752911590707
476	0.23389066754569462
477	0.19268238776850422
479	0.5322061735884714
480	0.04547649662994052
481	0.01650587025652238
482	0.5042490445863996
483	0.24704216903879656
484	0.5267382868958831
485	0.21275538950394773
486	0.2780666089301604
487	0.5168118318400491
488	0.2592588137415576
490	0.3228590989507155
491	0.2755120639303437
492	0.2807835294920884
495	0.0010469242847300358
496	0.8151278675178333
497	0.5262091630283191
499	0.27541301062940765
500	0.1000607887611874
502	0.04974742905112744
504	0.002832364284713333
505	0.05315434835495164
506	0.0713519518402199
507	0.2788510693414077
509	0.3421348996050626
510	0.7537465575771362
511	0.3170033434003364
512	0.2392870188403549
513	0.06769306148397602
514	0.051338992766388425
516	0.04945120262459694
517	0.21530574326865248
519	0.2598616598208042
520	0.7089053520898266
521	0.24605241299350292
522	0.02576101781485611
524	0.3375412111058986
525	0.2762266214817548
526	0.031840698636078836
528	0.31848988211400514
530	0.01210760422764898
531	0.8022110938218785
532	0.2831002195395866
534	0.25860380670779454
536	0.3066716425164413
537	0.7832277636810728
538	0.04522796884922478
540	0.3056408382149126
542	0.043967064957210734
543	0.017743207350347904
544	0.9822717820046343
545	0.029902582754137288
546	0.25743435479940097
547	0.5071138356195548
548	0.017446098756743786
549	0.2542029555761081
550	0.20821475763993952
551	0.017396292297764918
552	0.7309678177074431
553	0.32626594365956796
554	0.453240719434766
556	0.2898925317024439
557	0.5369111297911967
558	0.2755070319135165
559	0.17644422987908018
560	0.35271529349749875
561	0.5572868265301655
563	0.4702368656977436
564	0.054712594144341056
565	0.18765351846841957
566	0.5463016140980076
567	0.07559865525358084
568	0.2996760190056587
569	0.3224392930698441
570	0.5813762877754594
571	0.014205602589287485
573	0.5310959017051857
574	0.5440203475632867
577	0.029676423916699148
578	0.5188125756704075
579	0.03164120295367298
581	0.011138420565269438
582	0.33017526945648845
584	0.057557127714357614
586	0.31695676966894915
587	0.29789859298292826
588	0.022664284850737976
590	0.48835971480027746
591	0.03174802427268015
593	0.03316535913658045
594	0.48616732488075426
595	0.19736484865807208
596	0.25734285054128575
598	0.5611758577181181
600	0.31734512585836
601	0.25537761471793274
602	0.3590652854258139
603	0.5366185186270139
605	0.22594284821406802
606	0.07244317829941309
607	0.08150602833236183
608	0.05086463649815831
609	0.12158218469558618
610	0.30432082414457995
611	0.4718296335817077
612	0.17338545078865752
613	0.0454360316422592
614	0.02396225415922002
615	0.2058580614711192
616	0.5202298738940369
617	0.02289360056863045
619	0.270960263503833
620	0.2513320150499367
622	0.8010849286932464
624	0.5505895298965874
626	0.8069791650126342
627	0.316160092523222
628	0.07721647298704047
629	0.013351404646123409
630	0.015087310640344371
631	0.2655956604501181
634	0.33854144465369973
635	0.2970223943403025
636	0.00852770710887242
637	0.044459366254004096
638	0.26278081788826985
639	0.3515081557489327
642	0.2644776552416649
643	0.04840203576190547
644	0.0017953193189830172
645	0.25300762696502394
646	0.4240940379279297
647	0.04786686375196094
648	0.2795187011720372
650	0.05474986329243531
651	0.5424866382295344
652	0.20158533353446006
653	0.24832972858054483
654	0.2919666065111035
656	0.19395052809915767
657	0.2685677443140774
658	0.25747850472244543
659	0.059253059828782886
660	0.27202592874098197
661	0.3549633005981575
662	0.5022198011305711
663	0.4836959555512909
664	0.1057341430283851
665	0.058131938604165295
666	0.5510207201299464
667	0.28436866249839043
668	0.29546017195746693
670	0.12430035929147283
672	0.5234491027573006
673	0.2388676443087121
674	0.5532782678054655
675	0.2452757972745506
676	0.3366639981738231
677	0.0013055734525224127
678	0.20736737887487355
679	0.7211312628776954
681	0.4865368831521986
682	0.3183512803619859
683	0.2940973540619831
684	0.02120123716027909
686	0.2898219723757107
687	0.1999111449476777
688	0.2250541539938982
689	0.2164744079294861
691	0.5107146603045308
693	0.2512873410525477
695	0.31226412847764345
696	0.538308207740043
697	0.5471863173110874
698	0.20832995249034914
699	0.037801690294132245
700	0.05359043504982248
701	0.25986341828602455
703	0.24114847507572687
704	0.02041769832733693
705	0.5173162646395405
706	0.008745950406074527
707	0.011531430831384623
708	0.2571394882144782
709	0.45448572300294066
710	0.2966888908528428
711	0.2806273172624146
712	0.5040188122635971
713	0.3365772796724788
715	0.25544319935768156
716	0.49174922980318003
717	0.559424590213447
718	0.18422641979695456
720	0.5602841494299827
722	0.2196111275217942
723	0.22983330487343173
725	0.7260050087300127
727	0.613150248140173
728	0.30961626018384897
729	0.167521251245145
731	0.013119628757989943
732	0.25274922987671106
733	0.5474587387974302
736	0.24577334384609165
737	0.5576864064444821
738	0.556054524737436
740	0.338799989729672
741	0.24971684332787963
742	0.2871400234519259
743	0.575213131562186
745	0.2734432278192108
746	0.33002988319405696
747	0.0799006744631083
748	0.08402258435779875
749	0.03941568039345552
750	0.021231629593099065
752	0.15045183392484807
754	0.4899319175055271
756	0.2932280073281177
757	0.2955296017682544
758	0.036508797763290926
762	0.26603984669829117
764	0.04393306855262473
765	0.2501271821952117
766	0.2985881870364856
768	0.23148228068136256
769	0.240325258957131
770	0.2499816625178156
772	0.2861150329180416
773	0.28387714532657665
774	0.08052223025446231
776	0.46294785008096406
778	0.04541034462265994
780	0.05924403591350699
781	0.5177035147723329
783	0.31028528163904967
784	0.2259964966815986
787	0.5352367491450598
788	0.5473182067772885
789	0.21900031526306438
790	0.4959681874566047
791	0.4359307591503292
792	0.29283940706790784
794	0.27300871591280523
795	0.3101252711096094
796	0.2654837763347087
797	0.17169615327943244
798	0.25930116074587445
801	0.21020091802189445
802	0.24353575167013636
803	0.23844536369289096
804	0.2143376204016639
805	0.25619453854528235
806	0.08703975351982114
807	0.7967941374030262
808	0.5715227974946276
809	0.5362806610431295
810	0.4615525432572439
813	0.24015723422161928
814	0.552417905310303
815	0.5164328248160872
816	0.5088108130321545
817	0.08380930583190424
818	0.5302616435774025
819	0.5330047626023864
820	0.3901714253166871
821	0.030151353230496655
822	0.08177471087547747
823	0.24336041779711653
826	0.5325224108531644
827	0.2885510979325679
828	0.5505040538735168
829	0.0549234893431492
830	0.521809586535515
831	0.17535217472681694
832	0.7332819720789303
833	0.05348253165905414
834	0.23117111088578804
835	0.5004536842538158
836	0.3036226680260004
838	0.013574901405456537
839	0.233756636289232
841	0.5611943361946696
842	0.29951444935721694
844	0.3413926332232213
845	0.26768396837714736
846	0.2978278000908755
847	0.007293289838040687
848	0.0843779058790314
850	0.0401901734765769
851	0.5443223405623077
852	0.3227220936566346
853	0.30101109087029476
854	0.016261038536284238
855	0.16659542675963923
856	0.011766519418094368
857	0.026736018985363513
858	0.44387775504157806
859	0.311022249572343
860	0.7959303431388328
861	0.2305460984282565
862	0.5273862062691912
863	0.2573401521038138
864	0.23008847293521983
865	0.379599145332691
866	0.10691477359762196
867	0.2591214704422183
868	0.5643111319871779
869	0.2596901509177745
870	0.31744725813236613
871	0.31115721862376233
872	0.19153162481689007
873	0.4522903498284702
874	0.549950491989551
876	0.43200811427088787
877	0.00430752402294874
878	0.26023041588792994
879	0.5554790366936629
880	0.531961690192175
881	0.2933714406612969
882	0.2886188107525069
883	0.08804996322676502
884	0.016214986943457764
886	0.08725481968541021
887	0.2876001036731866
888	0.4240516117943685
889	0.2597822564324138
891	0.5032970359530299
892	0.5517580049486235
893	0.3083550122398002
895	0.030287328175962337
896	0.3030309453136429
898	0.27555531212251894
900	0.21751308325464536
902	0.0061902749848100555
904	0.003073969699149033
905	0.3583794036709297
906	0.5216724420885261
907	0.053033108287498666
908	0.2606081219448076
909	0.20243992903305888
910	0.21026912111649124
913	0.31008942848467047
914	0.1495837269696241
915	0.738535342454957
916	0.7144476821603253
917	0.3239453050964898
918	0.22911331938268384
919	0.29791339339161416
920	0.458342590151805
921	0.22519717025220745
922	0.2689784632745795
923	0.5222385235295304
925	0.22352321519765303
926	0.5655570525939871
927	0.25837759590617454
928	0.024410668717573455
929	0.018862608031639694
930	0.2663683818402308
931	0.5343704948444709
932	0.27696024875392644
933	0.54608220093269
934	0.29054811387720925
935	0.464254998346649
936	0.2592222678300604
938	0.07357477529968047
939	0.5462056885309614
940	0.2611848407156681
941	0.26025978001547806
942	0.27199852791362217
943	0.050625975439941774
0	0.0
0	0.0
0	0.0
0	0.0
0	0.0
0	0.0
0	0.0
0	0.0
0	0.0
0	0.0
0	0.0
0	0.0
0	0.0
0	0.0
0	0.0
0	0.0
0	0.0
0	0.0
0	0.0
0	0.0
0	0.0
0	0.0
0	0.0
0	0.0
0	0.0
0	0.0
0	0.0
0	0.0
0	0.0
0	0.0
0	0.0
0	0.0
0	0.0
0	0.0
0	0.0
0	0.0
0	0.0
0	0.0
0	0.0
0	0.0
0	0.0
0	0.0
0	0.0
0	0.0
0	0.0
0	0.0
0	0.0
0	0.0
0	0.0
0	0.0
0	0.0
0	0.0
0	0.0
0	0.0
0	0.0
0	0.0
0	0.0
0	0.0
0	0.0
0	0.0
0	0.0
0	0.0
0	0.0
0	0.0
0	0.0
0	0.0
0	0.0
0	0.0
0	0.0
0	0.0
0	0.0
0	0.0
0	0.0
0	0.0
0	0.0
0	0.0
0	0.0
0	0.0
0	0.0
0	0.0
0	0.0
0	0.0
0	0.0
0	0.0
0	0.0
0	0.0
0	0.0
0	0.0
0	0.0
0	0.0
0	0.0
0	0.0
0	0.0
0	0.0
0	0.0
0	0.0
0	0.0
0	0.0
0	0.0
0	0.0
0	0.0
0	0.0
0	0.0
0	0.0
0	0.0
0	0.0
0	0.0
0	0.0
0	0.0
0	0.0
0	0.0
0	0.0
0	0.0
0	0.0
0	0.0
0	0.0
0	0.0
0	0.0
0	0.0
0	0.0
0	0.0
0	0.0
0	0.0
0	0.0
0	0.0
0	0.0
0	0.0
0	0.0
0	0.0
0	0.0
0	0.0
0	0.0
0	0.0
0	0.0
0	0.0
0	0.0
0	0.0
0	0.0
0	0.0
0	0.0
0	0.0
0	0.0
0	0.0
0	0.0
0	0.0
0	0.0
0	0.0
0	0.0
0	0.0
0	0.0
0	0.0
0	0.0
0	0.0
0	0.0
0	0.0
0	0.0
0	0.0
0	0.0
0	0.0
0	0.0
0	0.0
0	0.0
0	0.0
0	0.0
0	0.0
0	0.0
0	0.0
0	0.0
0	0.0
0	0.0
0	0.0
0	0.0
0	0.0
0	0.0
0	0.0
0	0.0
0	0.0
0	0.0
0	0.0
0	0.0
0	0.0
0	0.0
0	0.0
0	0.0
0	0.0
0	0.0
0	0.0
0	0.0
0	0.0
0	0.0
0	0.0
