2	0.00795037080159814
3	0.2220399491910596
4	0.30003323149821143
5	0.08383253471074945
6	0.23065682773090523
7	0.036276151755402365
8	0.2978809501744844
9	0.0025681710045716045
11	0.24040318390608822
12	0.4597832759434416
13	0.030978124976637905
15	0.3326636496088762
17	0.4816354571939572
18	0.3134579515581224
19	0.40498821361442394
20	0.24684224581966366
21	0.1491235434315037
22	0.5310594575644484
23	0.2586077715245133
24	0.24163049463092826
25	0.21926603612900245
26	0.47002503981196386
27	0.49625781084593457
28	0.5197136127864017
29	0.5382741939203255
31	0.0019319991774225005
32	0.3156232769315619
33	0.01740367060663172
34	0.5296278724432462
35	0.27452507581978225
37	0.308676219537854
39	0.026180588172281763
40	0.2371732219112942
42	0.025308161782626713
43	0.21861449972389468
45	0.03963527072262098
46	0.5750751941870921
47	0.30583461524970684
48	0.01621246401739629
50	0.47024589172520853
51	0.0363758194899925
52	0.026325407884153218
53	0.3263153907346683
54	0.3102083689283758
55	0.5108987012118933
56	0.2967365180066093
57	0.28070710094127066
58	0.24073904910026803
59	0.02623704617342658
60	0.23399487988440565
61	0.1973192522831718
62	0.020432193698635682
63	0.24398919100619088
64	0.07903366887166599
65	0.004361262570470804
66	0.5167360443142538
67	0.5446714726472892
68	0.5192557674271806
70	0.5286412675679746
71	0.7280605360700794
72	0.2922728975793247
73	0.3012027935749638
74	0.550746837146403
75	0.10632511055332525
76	0.5117928939169394
77	0.24539745806932622
79	0.29858531213690476
80	0.9784082476677629
81	0.03383466585672855
82	0.25694426241480134
83	0.018669455667521883
84	0.49447021778838035
86	0.4297461777021651
87	0.046945091384099205
88	0.7923779578475071
89	0.033754694432409214
92	0.5559727938958744
93	0.03535260595209937
94	0.0544586904021752
95	0.24452553919016193
98	0.10359811369659469
99	0.01624356187822468
100	0.48859286959030884
101	0.02005607575089294
102	0.28685745561942294
103	0.8103174571267339
105	0.4395975774745657
106	0.22382141316877469
107	0.34091605643579764
108	0.26718674700233297
110	0.21293714272875625
111	0.004975841163527159
112	0.5779887033624072
113	0.2653680905722304
115	0.2465299132241608
117	0.576255477118602
118	0.024298890772157893
119	0.30999256210895354
120	0.23780336072381408
122	0.2911870465879912
124	0.275076087673648
128	0.5127024819951113
129	0.48817820594523464
130	0.06251309010787809
131	0.49964424316953715
132	0.499950655875874
133	0.2724532038266743
134	0.23609874346560275
135	0.5797054226628955
136	0.4911770286564784
138	0.0293038768450595
139	0.7258615837784502
140	0.09068979982835572
141	0.2601882476448873
142	0.5786584150829701
143	0.0034609556107979833
145	0.23564365453352804
146	0.24043154418860327
147	0.46821714698896877
148	0.23602725356588325
149	0.5691749569561295
150	0.03946920176468098
152	0.23732298822036857
153	0.45218450566946045
154	0.5063978888026669
155	0.2741367621476915
156	0.5021297056853691
157	0.312152537198472
158	0.23975185251091496
159	0.2372099858363279
160	0.24717725163851648
161	0.7495804955656516
162	0.2668330839333316
163	0.4776704837105099
164	0.27584843905847495
165	0.22191048891142606
166	0.4745562310341025
167	0.49561800479376045
168	0.25584768094662086
169	0.04807884102339301
170	0.2057943625104583
171	0.5193272250654044
172	0.2261134053126365
173	0.5394142544424281
174	0.6017950457109955
176	0.763167746378064
177	0.23594697027934292
178	0.010591987791268923
179	0.03487311869695113
180	0.041248842337130526
182	0.25495084499748694
183	0.6877009088672325
185	0.002522196042568814
186	0.22645230475949335
187	0.3002717724312835
188	0.017308501053477546
190	0.2871508003463309
191	0.47302156505670856
192	0.5062047157535587
193	0.31614893241183917
194	0.5230012758665293
195	0.3202526130043704
196	0.2416594940663929
197	0.013240733715739236
198	0.2515675621409863
199	0.3062240227817905
203	0.23826725685350136
204	0.818680911398127
205	0.17961170591492498
207	0.008852453885788366
208	0.5587785396082384
210	0.27594348111212347
211	0.016668975698708236
212	0.5519864948099186
213	0.5507066277118944
214	0.08211817351456253
215	0.52789399049868
216	0.512498861383226
217	0.3458877103787526
218	0.25678742139964483
219	0.271017803090799
220	0.41848710039647946
221	0.5485059386029171
222	0.19748855369813156
225	0.5499411474544605
227	0.5525433274281936
228	0.25494351410273575
229	0.48017668082347464
231	0.05466882613543669
233	0.527142206720119
234	0.00829216847903801
235	0.30813961900961656
237	0.2781577201635578
239	0.053421128779291296
240	0.4845229034107045
241	0.7575242032197251
242	0.31825784811899854
243	0.19132615652276683
244	0.3462514087462772
246	0.2861327742625273
247	0.5220283079763607
249	0.5359153748640267
251	0.2029752251596661
252	0.2722098376028464
253	0.005801330596714185
254	0.3071594377174092
255	0.22516375808356737
257	0.27258164778788213
258	0.6984798585241049
259	0.04989360912717956
260	0.5234160610932794
261	0.7351837253400576
262	0.5801902795530997
263	0.32675031206206046
265	0.023611518446148186
266	0.7976496376937529
268	0.02975901147637299
270	0.2797409309674389
271	0.018640457842922224
272	0.02779253580570063
273	0.36949398615398976
274	0.2423028654439316
275	0.2382136912829276
276	0.5262736077781333
277	0.7881963627919188
278	0.2916288032506557
280	0.05561335852552919
281	0.22139100510301643
282	0.2962612468203781
283	0.25113729750675395
284	0.27976017143633675
285	0.0026753217982820633
286	0.05849062979387755
287	0.3629500497091321
288	0.30089771913502233
289	0.37757360413539304
290	0.024834277188852748
291	0.3420577783676188
292	0.27564364445755996
294	0.2599774708880307
295	0.0555140775500297
296	0.29477758965292183
297	0.00598464575469726
298	0.03106584355148176
299	0.025087168505095958
300	0.2999645006839602
301	0.28739317308488344
302	0.06307312773045842
303	0.050036497606767184
304	0.5072801518689212
305	0.16533562282649322
306	0.4553795685296604
309	0.020470812662039102
310	0.0576869783164458
315	0.2888436784845511
316	0.252305430821379
317	0.08701097234311932
318	0.5440362227326534
319	0.5719087492983935
320	0.4952386677119134
322	0.1698722821069345
323	0.046140132150929616
324	0.0076173953877057415
325	0.28282653926997053
328	0.033887859129949974
329	0.007554385537381424
330	0.022005462528075614
331	0.01771023444493931
332	0.025394974120246716
333	0.060753972541090016
335	0.2469933835912213
336	0.23745272488037894
337	0.24052206155672978
338	0.27550439491134643
339	0.052035274507174614
341	0.5321289776471501
343	0.26730870515065586
344	0.02138820407486356
345	0.2585871679850801
346	0.5121883383238758
347	0.29392970194000806
348	0.03762141919554772
349	0.8137293162191505
350	0.27088987553621774
351	0.29724948010739927
352	0.3327228216239084
354	0.28624313301168647
355	0.28019256864185244
357	0.7857075410756122
359	0.49269080700738255
360	0.25453544490979807
361	0.010950608615278877
362	0.313337518098838
364	0.5355139456695243
365	0.00047678249423937363
366	0.5762038220677688
367	0.2986473316737252
368	0.2845902374691827
369	0.3371203289258901
371	0.20587939755619433
372	0.2806925401884561
374	0.18482582483143684
375	0.08352451930698157
376	0.49856617638462625
377	0.33162022303625605
378	0.0149624835536286
379	0.24293801219742375
381	0.022707734745677884
382	0.27189415258075905
384	0.2719266329923099
386	0.29927898772077777
389	0.029979165115591216
391	0.01043241197418087
392	0.3103840602142584
393	0.02754723138356749
394	0.27094623820578895
395	0.0026579328480442477
399	0.014707283927618369
401	0.24467585985689705
403	0.03932180145687443
404	0.2440852864264601
406	0.020003766715999287
409	0.010840016577868088
410	0.53233378587843
411	0.0389528391696145
412	0.07390065943063392
413	0.29430529225584845
414	0.4926021299931247
415	0.5509896858413245
417	0.2956780660138031
419	0.7884183137104858
420	0.29018156801424616
421	0.2502017084135926
422	0.23724417071669796
423	0.2899843913008522
424	0.3266950273337206
425	0.02827714220618868
426	0.48989488833199984
427	0.027531615792296876
429	0.27057600722664554
430	0.2517450615492878
431	0.461607531359356
432	0.5672056952342852
433	0.4906278000002057
434	0.21702340816463034
435	0.29002369323457694
436	0.08133106868852455
438	0.08146718864205953
439	0.3404802005056025
440	0.2891216386598464
441	0.03803499897204976
442	0.2539110000505899
443	0.5639669274546084
444	0.5280283226841782
449	0.5522466896884316
450	0.5605009763387107
451	0.01592096660813136
453	0.5320865187898975
456	0.279012466386398
457	0.016282277317139972
460	0.2793025102109688
461	0.12739408465951654
462	0.25165672990030863
463	0.004671710363627242
464	0.27520059599548796
465	0.06801094858048164
466	0.505515218034846
468	0.0027869517304122023
469	0.2436879495239769
470	0.29122269523028826
471	0.04115755780373352
472	0.31322155140980684
473	0.27791535261554456
474	0.2880604295756727
475	0.22566454956659887
476	0.02662047757422267
477	0.4961718693282873
478	0.061703255393574866
479	0.2503016869938178
482	0.4878759345595396
483	0.49053419072378507
484	0.3082273083266879
486	0.0052365034102769895
487	0.5520755773064226
488	0.020890749409051675
492	0.0561547582541775
494	0.00311996409831395
495	0.02576655483726377
496	0.5502480940643548
497	0.7658988183284786
499	0.26910697687157226
502	0.22797547487805633
504	0.24713195738243365
505	0.25031235093938303
510	0.5638997630735989
511	0.5435624415625796
512	0.02303628250653788
513	0.2548044107201715
516	0.2906163972539213
517	0.044276542566380625
519	0.008639693796376899
520	0.5352273674014113
521	0.2682968281057648
522	0.2849793176676354
524	0.021364326429274313
525	0.25450639649962903
528	0.040176526961646225
529	0.024029461159474887
530	0.503064054293083
531	0.5343044002374026
532	0.01490178396167402
534	0.2510445738815706
536	0.020081275883916973
537	0.5289493597993774
538	0.014408923475390578
540	0.28624715439997617
543	0.008112949295201045
544	0.47099778046704494
545	0.22087342550220126
546	0.03234649258158963
547	0.03543248487656603
549	0.2727871136283146
550	0.04342921111970383
551	0.06869204011025334
552	0.5732259163566411
553	0.23247772320957977
554	0.2878425706714207
555	0.26022440464909447
556	0.31224917734523516
557	0.3091377967038639
558	0.7945356745631925
559	0.23705156293596108
560	0.06866812210397037
561	0.26912473669439924
563	0.310655891081079
564	0.24105873276370507
565	0.23991647252031711
566	0.5363577186962663
568	0.23359451155867728
569	0.024298890772157893
570	0.3237234982484413
572	0.19063452101604794
573	0.28219515770864706
574	0.26056148107342664
575	0.17352440105621952
577	0.011186703008025316
578	0.48476187316429703
579	0.03966959914852934
581	0.28513109364213585
582	0.3560773221833753
583	0.16412271425456568
584	0.04077866614906482
585	0.20342228838525286
586	0.5081148163976109
587	0.26903765721595413
588	0.004330325233012425
590	0.5214460914544731
591	0.2949231225670152
592	0.015704658980834986
593	0.015647822618102762
594	0.5160354231128198
595	0.21706260563441931
596	0.23690219213379074
598	0.5954680677348488
599	0.23702900546751884
600	0.2194228338306653
601	0.23640729049596756
602	0.33673281812298894
603	0.2935833017293128
605	0.25005082115877475
607	0.4773102712699629
608	0.001964433644998903
609	0.38341104259019704
610	0.49521288759663074
611	0.5077492458649095
612	0.27141127321233494
614	0.17051762231984607
616	0.27701506979531193
620	0.03236940679752094
621	0.2182183996974405
622	0.5494402208709301
624	0.334482872293866
626	0.5076871912752723
627	0.030273034915774273
628	0.0242988907721579
630	0.2426669990830421
631	0.5341777760466229
634	0.02850052612096299
635	0.07164720785959502
637	0.022043356296734908
638	0.1954299805527256
639	0.20681220675673068
640	0.01220238011122506
642	0.05126874851465367
644	0.19332546432244474
645	0.2145097744771937
646	0.2760760584349528
647	0.017679223582896725
651	0.180602767532092
652	0.07464949612279055
653	0.022948715820545612
655	0.017799851215196057
656	0.1747543684526662
657	0.5080668802903145
658	0.04701806825988
660	0.30662867471429034
661	0.05304788241292867
662	0.8030954754925479
663	0.5269651471992188
664	0.024938390065219432
666	0.2808690126805627
667	0.5197989781486118
670	0.027036536615510223
671	0.02071589326219981
672	0.5417035033914893
673	0.4889059345935626
674	0.5862222895566686
675	0.4682729405096871
676	0.05083064738470404
677	0.01768322638006006
678	0.20636712613960656
679	0.3014413950752272
681	0.3586572805291286
682	0.01932839971203687
684	0.045035992779084835
686	0.2977100854058993
687	0.30074784563094026
688	0.027744255881643042
689	0.0069296987472057675
691	0.7516867956668823
693	0.03925256218594983
695	0.2546669536346
696	0.2612260978960653
697	0.2684349835562984
698	0.0018965743016368872
699	0.0910865721273925
700	0.03689116442257726
701	0.2983452070190008
703	0.02465988139357051
704	0.19843367016983382
705	0.5081837944078668
707	0.015313488646235135
708	0.0474683496503403
709	0.2821914764639274
710	0.29085688302309404
711	0.05933645131553327
712	0.5029559528206486
713	0.05378729281372166
715	0.48849022632071515
716	0.524101426306057
717	0.33249463793423256
718	0.25637266518561314
719	0.21544521273687187
720	0.49193538523099406
722	0.24964608385096299
723	0.2006530855230281
725	0.5728437734671895
727	0.23159158005438357
728	0.5347211720083572
729	0.23174040713593813
731	0.2792684141853006
732	0.048951796008113745
733	0.257844246096482
736	0.45239308643554393
737	0.5325432667322096
738	0.2641847250523693
739	0.011205822921594537
740	0.2489474783470511
741	0.004618548593065541
742	0.35035429912513105
743	0.3203597004670248
745	0.24905844110256312
746	0.051900416890253584
749	0.02162585332971316
750	0.003015600550710717
754	0.35389021598487896
755	0.22297170479036682
756	0.27364213651024855
757	0.023232033876303612
760	0.02054304987485965
761	0.014160457430812907
763	0.019936526843116358
765	0.5196696419700746
766	0.025484691466195513
767	0.05124124464153806
768	0.050148473246460275
769	0.4759739777337447
770	0.31294026247125095
772	0.007846073895203372
773	0.021924437726567818
774	0.04497071583281259
775	0.024799749371658603
776	0.3049773046641779
777	0.01728475483127389
778	0.07693406037726894
780	0.030110542470501843
784	0.018765876117586552
786	0.004051812521488847
787	0.29080673867851453
788	0.29583861357326613
789	0.27072208350494803
790	0.05539554148192816
791	0.2590601833284008
792	0.3102294688761901
794	0.5442610300256914
795	0.057828489991197364
796	0.018302814152870786
797	0.12698533335004428
798	0.24192075132370577
799	0.01655510279595002
800	0.0242988907721579
801	0.5087793151102777
803	0.26700669909515556
804	0.25138055433687967
805	0.035692168274535224
807	0.5711101986591158
808	0.5233676152343734
809	0.24211107605171966
810	0.29322588638070884
812	0.22131315394745657
813	0.4930802291460662
814	0.588476953166118
815	0.29067799784422726
816	0.5780596333012202
817	0.3118197572993425
818	0.19657830146082664
819	0.2404634248067653
820	0.10477118955962561
822	0.5079478005369398
823	0.007684397089592142
824	0.23438640140223144
826	0.2563046925771817
827	0.2174426606004695
828	0.2660758996661206
829	0.024298890772157893
830	0.2588545692995404
831	0.009639903226438686
832	0.5702940806436455
834	0.02100318503293997
835	0.25444963750580774
836	0.024295954617231115
838	0.0783623320160847
839	0.017152812535054168
841	0.2532837889344464
842	0.2622300262168502
844	0.5333264621199855
845	0.46469622947529615
846	0.18205219992295232
847	0.2852879721206274
848	0.01750601198792765
850	0.022681885100815147
851	0.2965291274628245
852	0.3007622877464623
853	0.005467210117295333
854	0.06440349494292612
855	0.24126915328744375
856	0.2822297846798228
857	0.2774501639072003
858	0.5044663126016532
859	0.801156396391063
860	0.529315212355867
861	0.486182415901403
862	0.29874283425704257
863	0.040947677938469026
864	0.011359039005772627
865	0.08489549727535901
866	0.42578689180943263
868	0.2867833524182782
869	0.04514611905550364
870	0.0013775700233127075
872	0.23420519903569453
873	0.2984832748722369
874	0.2588971928461425
876	0.28655083852787927
877	0.028598107597770775
878	0.4878087933612575
879	0.7859183632400003
880	0.2738037106966318
881	0.23883427926765888
882	0.017687580438020857
884	0.23558131072892932
888	0.49074137278577024
889	0.2811075743565924
890	0.0015779673759979476
891	0.7405066977543643
892	0.47706305641978247
893	0.28603057827962297
895	0.050239341489820566
896	0.008090421736360386
898	0.054872197075848145
900	0.23532646183582573
901	0.0010504461914266627
902	0.44504184310890343
903	0.018554683960270282
904	0.263355853145077
905	0.24005220049933693
906	0.5560451938873299
907	0.061239809061443704
908	0.02072824223483342
909	0.29495675072041994
910	0.4866476330126213
913	0.2649816820193822
914	0.5168227690845836
915	0.5179211333667302
916	0.47533945689103874
917	0.6070691856080815
918	0.018560968622731995
919	0.06666150881045671
920	0.32478990596579377
921	0.013603031877353348
923	0.5570328935171639
925	0.2974166831713113
926	0.47380161889269656
927	0.25095342015943534
928	0.28904157911224526
929	0.06684703529314898
930	0.7348388768575315
931	0.3337807057488153
932	0.008585111779300637
933	0.3018816155023508
934	0.05518982561431756
935	0.5192993605872988
936	0.2962177196795684
939	0.7938738794975625
940	0.04866579106341953
941	0.2899328139828744
942	0.01063537165807469
943	0.31876026020805714
0	0.0
0	0.0
0	0.0
0	0.0
0	0.0
0	0.0
0	0.0
0	0.0
0	0.0
0	0.0
0	0.0
0	0.0
0	0.0
0	0.0
0	0.0
0	0.0
0	0.0
0	0.0
0	0.0
0	0.0
0	0.0
0	0.0
0	0.0
0	0.0
0	0.0
0	0.0
0	0.0
0	0.0
0	0.0
0	0.0
0	0.0
0	0.0
0	0.0
0	0.0
0	0.0
0	0.0
0	0.0
0	0.0
0	0.0
0	0.0
0	0.0
0	0.0
0	0.0
0	0.0
0	0.0
0	0.0
0	0.0
0	0.0
0	0.0
0	0.0
0	0.0
0	0.0
0	0.0
0	0.0
0	0.0
0	0.0
0	0.0
0	0.0
0	0.0
0	0.0
0	0.0
0	0.0
0	0.0
0	0.0
0	0.0
0	0.0
0	0.0
0	0.0
0	0.0
0	0.0
0	0.0
0	0.0
0	0.0
0	0.0
0	0.0
0	0.0
0	0.0
0	0.0
0	0.0
0	0.0
0	0.0
0	0.0
0	0.0
0	0.0
0	0.0
0	0.0
0	0.0
0	0.0
0	0.0
0	0.0
0	0.0
0	0.0
0	0.0
0	0.0
0	0.0
0	0.0
0	0.0
0	0.0
0	0.0
0	0.0
0	0.0
0	0.0
0	0.0
0	0.0
0	0.0
0	0.0
0	0.0
0	0.0
0	0.0
0	0.0
0	0.0
0	0.0
0	0.0
0	0.0
0	0.0
0	0.0
0	0.0
0	0.0
0	0.0
0	0.0
0	0.0
0	0.0
0	0.0
0	0.0
0	0.0
0	0.0
0	0.0
0	0.0
0	0.0
0	0.0
0	0.0
0	0.0
0	0.0
0	0.0
0	0.0
0	0.0
0	0.0
0	0.0
0	0.0
0	0.0
0	0.0
0	0.0
0	0.0
0	0.0
0	0.0
0	0.0
0	0.0
0	0.0
0	0.0
0	0.0
0	0.0
0	0.0
0	0.0
0	0.0
0	0.0
0	0.0
0	0.0
0	0.0
0	0.0
0	0.0
0	0.0
0	0.0
0	0.0
0	0.0
0	0.0
0	0.0
0	0.0
0	0.0
0	0.0
0	0.0
0	0.0
0	0.0
0	0.0
0	0.0
0	0.0
0	0.0
0	0.0
0	0.0
0	0.0
0	0.0
0	0.0
0	0.0
0	0.0
0	0.0
0	0.0
0	0.0
0	0.0
0	0.0
0	0.0
0	0.0
0	0.0
0	0.0
0	0.0
0	0.0
0	0.0
0	0.0
0	0.0
0	0.0
0	0.0
0	0.0
0	0.0
0	0.0
0	0.0
0	0.0
0	0.0
0	0.0
0	0.0
0	0.0
0	0.0
0	0.0
0	0.0
0	0.0
0	0.0
0	0.0
