1	0.013052482937225662
4	0.011257167607082036
6	0.046005936304963524
7	0.032553622463674936
8	0.5495815321404101
9	0.009575382158728024
10	0.0438169701343263
11	0.43054025803292606
12	0.2998924571795251
13	0.2782026713484309
15	0.5015747729956824
17	0.26762494997112785
18	0.025982069763822765
19	0.5076975090002548
20	0.009059028755566821
22	0.25878934945213866
24	0.026739065139136493
26	0.415151450432917
27	0.5006420202781119
28	0.29218647673633596
29	0.5338630981160396
32	0.29644076181068973
34	0.20583381859025657
35	0.3010244611087239
37	0.289623957099384
38	0.008874642204985933
40	0.0012628586486863463
41	0.03641321228053404
42	0.04803867548901479
43	0.29798257216792023
45	0.07718439049068412
46	0.27663340025457306
50	0.23783093519431983
51	0.30760890119415163
52	0.23628261566950448
54	0.2957589003804583
55	0.2893420655396107
56	0.044005288158318244
57	0.27322461661922176
58	0.26344566683557746
59	0.05280911526365338
60	0.015840430361691485
61	0.20980081901805359
62	0.007661602183000833
63	0.22710726420103075
67	0.013839708339962065
68	0.24206663934903688
70	0.30966109387470836
71	0.5263736157756791
73	0.03474240017525516
74	0.021923241457312698
76	0.7946805629546774
77	0.42540121178415913
79	0.2870894640999218
80	0.4934014027568535
81	0.24832076367064446
82	0.27750740115590355
84	0.2865615141336038
85	0.019945455934546358
86	0.4420741776658526
87	0.0811256552189145
88	0.7054715536691307
89	0.031078095690595796
92	0.27455630036502954
93	0.17783246402855896
94	0.01302044574508622
95	0.2672195680190574
98	0.04483740871043329
99	0.23909245442210997
100	0.04360699317740543
101	0.05854075333708634
102	0.5516421565017555
103	0.4654447683055875
106	0.012861428313297237
108	0.1678131874648961
109	0.0374671354054497
110	0.2611783593707678
111	0.004997863699257199
112	0.03450426492217476
113	0.011074104155763154
114	0.2685316071617839
116	0.01609219548652943
117	0.28428037150095575
118	0.0567054983246181
119	0.29757960907441794
120	0.25707022158142845
121	0.026152529992661974
122	0.2526171226997462
123	0.30046805064405047
124	0.01294351322954889
126	0.0010504961684919961
127	0.0029319389277921853
128	0.2885509053065999
129	0.27760958118836143
130	0.22365761609216964
131	0.5018556146413912
133	0.2553327109951629
134	0.4803026580376801
135	0.549313505923525
136	0.22687382496490818
138	0.07152111296057714
139	0.25812045571008535
142	0.28958389996690753
144	0.20094468207914326
145	0.11691828918208191
147	0.7196021884357405
148	0.03321000025519519
149	0.2685677443140774
150	0.038980663393922005
151	0.011347695864717441
152	0.06015907978662186
154	0.3035836771027155
155	0.21713603191358222
156	0.50368413962003
157	0.30322407172564986
158	0.22714784028806853
159	0.00674452373882739
160	0.02865950196615063
161	0.4230703387786431
162	0.003027668883461135
163	0.25271740736347154
165	0.2362836031574254
166	0.3821055739079616
167	0.380474844110014
168	0.2757901955266548
173	0.021990345396210365
174	0.3002577114178169
175	0.043438975254583456
176	0.47342536509331523
178	0.2815555572368614
179	0.04013605002162795
182	0.27520123323934764
183	0.5424655206164107
185	0.2654047320233043
186	0.27450303870516257
187	0.4992202855025761
188	0.26928423352200964
189	0.004546749604341316
190	0.2763390302670997
191	0.23513243481062035
193	0.7469309083262023
194	0.5409101317545237
196	0.20150588742395445
197	0.3694813569257581
199	0.03411653559803451
203	0.41356352387082806
204	0.5695909152363237
207	0.003312679154182832
208	0.4518575266896403
211	0.23627025947757602
212	0.7613490605786911
213	0.00843673219451286
215	0.48304769301553774
216	0.030118177164497162
218	0.3338545927785226
219	0.2550451494476245
221	0.005074115521483194
225	0.5053057452451477
226	0.006480836144233865
227	0.020588568000102177
228	0.5419125094693299
229	0.25830658413979063
230	0.01861653502510332
231	0.05189420687232081
233	0.5306436687236714
234	0.00560119550918331
235	0.2645282332025923
236	0.22624100319635332
237	0.0015383087926050532
240	0.22725939384244032
241	0.5897380547186649
242	0.22263649791666631
243	0.41735449869195934
244	0.26801182695078507
246	0.28181400549264124
247	0.5233515033175743
249	0.5378130866237015
251	0.4483514470040344
252	0.4925200955440556
253	0.2669591175668605
254	0.30239635098483203
256	0.022549316517194565
257	0.2551859700901081
258	0.5350171671940752
260	0.28991126813901347
261	0.5242082001822738
262	0.2761702314228239
263	0.25630999996610226
266	0.3530155638068242
267	0.2690453867250533
268	0.28998770377222416
270	0.23123822193381954
271	0.014048762460884039
273	0.5264577931867805
275	0.28767340794665813
276	0.25935378493540345
277	0.21099625393347526
278	0.27847223557070977
280	0.216302943910814
281	0.06264198185679629
282	0.26000418833585204
283	0.2801650069119238
288	0.05844290912990867
289	0.1285583417956911
291	0.021612509153772663
294	0.5147909143025152
295	0.2180653972793657
296	0.05066867042003888
298	0.27956908101831374
299	0.28793886123066126
300	0.09025938774759547
301	0.2833440263686954
302	0.06832438767088533
303	0.009199284079884185
304	0.45308751536105896
305	0.20648359445088862
306	0.46706963238129195
310	0.09192080077794301
314	0.025578684973663737
316	0.659833201817267
318	0.012325087738972014
319	0.03317259980129292
320	0.33284084129842517
321	0.06094314694715894
322	0.020033126776083487
323	0.04048833474835571
325	0.26860844247590115
327	0.2723804036327349
328	0.06998775924123471
330	0.052726311805860536
332	0.049818902509442944
336	0.03305963484705821
337	0.5088068155447205
341	0.26272375400009323
343	0.25538025934930286
346	0.0807184365971923
347	0.3062744779044888
348	0.038046484314377856
349	0.5347137598259547
350	0.5032355073804229
352	0.32339070354953187
353	0.5080668802903145
355	0.2457147538167318
357	0.5123353408851774
359	0.4971538703889597
360	0.2820309472947794
361	0.0028741048243403552
362	0.006021389668573809
363	0.03286826280500997
366	0.26668553195815814
367	0.07886554339654586
368	0.3332456192528215
369	0.32574540171508487
371	0.2161322649180762
372	0.005472266512857836
373	0.22249324574338572
374	0.24849054344726967
376	0.010668144361160807
377	0.030874613197962086
378	0.26344555522917407
381	0.03054204045067116
382	0.45675043738069143
383	0.26144669179143665
384	0.23524151217930586
386	0.33404042947321194
391	0.05002626410937425
392	0.2288836144053557
393	0.28957060357601083
394	0.2587099403150944
395	0.27960742555850576
397	0.04973426826177618
398	0.04277727988330668
400	0.1985847838623101
401	0.2775268081522635
402	0.03255271792098108
403	0.024559526496135964
404	0.23775338347582303
406	0.0262965787370288
409	0.2783438633355255
410	0.5461307614707418
413	0.28060397491425265
414	0.19733506932882433
415	0.25132955230410936
416	0.22194294076573487
417	0.2838269736640891
419	0.2688708575918496
420	0.015830920232745425
422	0.4906338269381291
423	0.2685673060325059
424	0.2054770544092563
426	0.26744550493014557
429	0.28345458135844825
431	0.2582533347992466
432	0.30361619128781714
433	0.4926362098756607
434	0.25027908695761
435	0.31861127189595123
437	0.21757422815249486
439	0.3005219698775854
441	0.28430560127659416
442	0.23158384825730866
443	0.2879237142109161
444	0.029954283871815708
445	0.038970574582269366
447	0.03536762878446112
449	0.2935768780422422
450	0.2837924219176113
453	0.2655628318231827
455	0.06955247660615983
456	0.26485474143864485
457	0.2723272381184428
462	0.009760556618607724
466	0.03682397208054679
467	0.015791106388255816
468	0.21571947121773202
470	0.28197826924001185
471	0.05097366125697167
472	0.06598095335916213
474	0.01777740056763267
477	0.26210231971744025
478	0.2374312678952866
481	0.323613749019635
482	0.06710578149802122
483	0.4958309207860474
484	0.2925818929912661
487	0.538950772412621
488	0.28593051437302336
493	0.0779479696307691
495	0.29796385859875885
496	0.2860407370963568
497	0.2727234593599032
498	0.05084555392411684
499	0.004810825344823383
501	0.02585182007782924
502	0.06555702028223849
503	0.010533948513288038
504	0.2702564930981039
505	0.3187838672366181
506	0.08737719483982154
510	0.04655144354043634
511	0.5541068130435999
512	0.06987810258457428
513	0.3551785626941323
517	0.04602421139899106
519	0.005396723972798695
520	0.30112822365031644
521	0.0012378982808877864
522	0.26425302252982286
524	0.049102329032994274
525	0.30298655643018635
528	0.3259228571766934
529	0.03101615783097339
530	0.253553634311187
531	0.26590378148888394
532	0.267667245004343
536	0.05243751633515219
537	0.260211334664952
538	0.32208144337856326
539	0.541240347727763
540	0.046982780969536536
541	0.05111760336247752
544	0.22778914506970133
545	0.044678482868518894
549	0.021835196776387608
550	0.04423546898518741
551	0.03680298259271761
552	0.28095800365492124
553	0.04545433895507332
554	0.2788184263231694
555	0.2232906514029664
556	0.024659427733899758
557	0.5193274436960116
558	0.22960370052486923
559	0.006272687187471357
560	0.03468549384400019
561	0.23882153407710094
563	0.3001652525759928
564	0.2904256549775302
565	0.01342484498641009
566	0.01594388677377301
569	0.02440643503907544
572	0.006515531278902559
573	0.2673865490567897
574	0.03458189075171875
576	0.05617280359342458
577	0.30475998670735804
578	0.0491613301775586
579	0.3299855559539353
580	0.011904050573711883
581	0.0048566039830204855
582	0.026965426365514793
583	0.013255188739177623
584	0.300321527383194
585	0.31285660140546134
586	0.04763534980401259
588	0.037493176135917836
590	0.2685495255526327
591	0.038584335267287675
592	0.26504467715749297
593	0.04815135203078792
594	0.0034080997933531865
595	0.23054651573440538
596	0.07104641039917076
598	0.27506151909635185
599	0.2283751682505548
600	0.2649952906107218
601	0.03559809017515911
602	0.06739748563347447
603	0.01165623584148822
605	0.22288671749336503
606	0.04357765697415697
607	0.02377621072967752
609	0.13214563129782542
610	0.048021999872145796
611	0.00917119409808298
613	0.2677668188354003
614	0.2352507131445157
615	0.034013559362401885
616	0.26280912269873524
617	0.02060415453472947
620	0.06646688054081593
621	0.31276785524186657
622	0.26683233683234253
623	0.09233724964653434
624	0.016761820062936687
625	0.05966345651390745
626	0.2397105189869072
627	0.07844806164774375
629	0.2574481741235887
631	0.018050638637755384
637	0.28570695649024536
638	0.022354996609347123
640	0.0059808641079135486
642	0.08600767061379717
643	0.2944978171889886
644	0.04294946399632233
645	0.012328108783780045
646	0.26346354491530216
647	0.0708154536084286
651	0.021939945981435685
655	0.011901074623425031
656	0.14379730683592998
659	0.06690276271141166
660	0.5446701145581065
662	0.23795396985497613
663	0.022715684869236655
665	0.006657029516795351
666	0.014783057676476176
667	0.04163451802681073
668	0.012617048553860588
669	0.029617018068235357
671	0.028468638173352094
672	0.2504183995413795
673	0.2932608566878522
674	0.2596365193584111
675	0.45872605499022334
676	0.0001407331150743013
678	0.017192184584039323
679	0.28959223358810543
680	0.24545438917779097
681	0.35079545471303897
682	0.05424987974260054
684	0.03984534875144074
687	0.2587063399393814
688	0.2216614286757823
689	0.03839592728250729
690	0.2533772831401912
691	0.26880314952425177
693	0.2791495159753638
694	0.05343472673246101
697	0.2536350263047076
698	0.032746610893005956
700	0.28402340005410875
701	0.2817899933461637
702	0.03354245541566556
705	0.06690052002124845
706	0.05299980960766871
707	0.03489471842105474
708	0.08036388883588186
709	0.2969587262941309
710	0.023115013804500067
711	0.0040867991874065784
712	0.056047156796163566
715	0.5074823326295422
716	0.2535276663195212
717	0.017811829306336485
719	0.25412117339884654
720	0.02292570238292247
721	0.03440593670867219
722	0.5031464340405294
723	0.02966732135479505
725	0.2518686054462137
726	0.007354294874453833
727	0.03392711814455111
730	0.19904299140396445
731	0.24242489557887736
732	0.04626977937154567
733	0.011775005160910887
735	0.02440643503907547
736	0.4679549298210027
737	0.2565615451854789
738	0.48732718432934385
741	0.2574901537474315
742	0.23291038597456368
746	0.08704179038576308
747	0.06709210413246502
749	0.3181675177163636
750	0.2773670952816033
751	0.04415540371644723
753	0.22133710967323353
754	0.024200170128262276
755	0.2488305724799961
756	0.04522752924681313
757	0.23554791859983965
758	0.26893055553275114
759	0.013415686481773138
760	0.2071241546358913
761	0.0834398971742525
764	0.02308853005999266
765	0.7376919733583954
766	0.02045960880467628
767	0.4851990209878484
769	0.7234756066108713
770	0.23246133399883528
772	0.0005123451387827258
773	0.019577603006669206
774	0.09596304607355712
775	0.032182303111511185
776	0.3245759663569808
777	0.20084072145272164
780	0.24907230644776585
786	0.22362301743595353
787	0.2452169235503222
788	0.2880939930921186
790	0.2502888927199598
791	0.008113361298514511
792	0.2652019967496512
793	0.23187058408426992
794	0.23097554149311839
799	0.20140488015745286
801	0.25007412174698496
802	0.058327402065316836
803	0.04265194624517284
804	0.2840503657641034
805	0.042133055061687005
807	0.3002602612925956
808	0.2167229702775086
810	0.00826179098182845
812	0.0098925949546547
814	0.03432601029729621
815	0.5508326786510939
816	0.034549915639390305
817	0.2670987702008856
822	0.005731081786626867
823	0.2793043173689018
826	0.24245739191059493
827	0.030799379936663374
830	0.4858126741688123
831	0.23860769997138798
832	0.3041206197854967
833	0.03498177404787153
834	0.055314377015884195
835	0.287611312504817
837	0.2123550284843295
838	0.24224364700654183
839	0.029241329827669763
841	0.016179554507778235
842	0.2262638616656178
844	0.2926331537879952
845	0.7184019130937123
847	0.015986938996522287
848	0.02487291896870563
849	0.02440643503907544
850	0.05537142796327492
851	0.022415502097479514
852	0.28220652277627395
854	0.24607244196263842
855	0.23489834273887186
856	0.020496360140471077
857	0.4179753049272197
858	0.24922290273996234
859	0.2634365222948591
860	0.26014338420702526
861	0.46393726780059946
862	0.2863169912425178
864	0.061620188976985124
866	0.3924184897779144
868	0.018557704268633082
869	0.045345930903851944
870	0.007548623828277673
872	0.019034610228167534
874	0.0027118344889953336
876	0.2760134183353262
877	0.5057327747925028
878	0.28872976768570224
879	0.46816728599576535
880	0.007532615941252138
881	0.03385587600951316
882	0.26741258340373814
883	0.0221425117710832
884	0.26528888383732263
885	0.1079697230826123
887	0.019341025318090968
888	0.49229889298355684
889	0.012293378524403167
890	0.020854975615725746
891	0.46849965369643815
892	0.020475002830041104
893	0.2876405746497729
894	0.24228072016966226
895	0.280930109223615
896	0.039713084940010655
900	0.34538707174812144
901	0.0851727856651935
902	0.47894519862622126
903	0.22459836395477167
904	0.48301143776792194
906	0.5171401189996198
907	0.05158572848350135
908	0.22924426665175823
909	0.5095064282049425
910	0.47462340242377343
911	0.03883169897080982
912	0.19795013527624253
913	0.030445660281168102
914	0.17548083007711024
915	0.5267560693439934
916	0.21968873241082745
917	0.2860140048411458
920	0.01027346984053909
921	0.043730378535907964
923	0.2702462305528835
924	0.0484315072919518
926	0.23884452014506988
928	0.21750768259491116
930	0.5038136793152422
931	0.2267716140177674
932	0.003055493353473597
933	0.02222450661245158
934	0.008812963697782228
935	0.29047406969908707
936	0.28141396023083515
939	0.5481909629351969
941	0.496912524891729
942	0.26126053905785507
0	0.0
0	0.0
0	0.0
0	0.0
0	0.0
0	0.0
0	0.0
0	0.0
0	0.0
0	0.0
0	0.0
0	0.0
0	0.0
0	0.0
0	0.0
0	0.0
0	0.0
0	0.0
0	0.0
0	0.0
0	0.0
0	0.0
0	0.0
0	0.0
0	0.0
0	0.0
0	0.0
0	0.0
0	0.0
0	0.0
0	0.0
0	0.0
0	0.0
0	0.0
0	0.0
0	0.0
0	0.0
0	0.0
0	0.0
0	0.0
0	0.0
0	0.0
0	0.0
0	0.0
0	0.0
0	0.0
0	0.0
0	0.0
0	0.0
0	0.0
0	0.0
0	0.0
0	0.0
0	0.0
0	0.0
0	0.0
0	0.0
0	0.0
0	0.0
0	0.0
0	0.0
0	0.0
0	0.0
0	0.0
0	0.0
0	0.0
0	0.0
0	0.0
0	0.0
0	0.0
0	0.0
0	0.0
0	0.0
0	0.0
0	0.0
0	0.0
0	0.0
0	0.0
0	0.0
0	0.0
0	0.0
0	0.0
0	0.0
0	0.0
0	0.0
0	0.0
0	0.0
0	0.0
0	0.0
0	0.0
0	0.0
0	0.0
0	0.0
0	0.0
0	0.0
0	0.0
0	0.0
0	0.0
0	0.0
0	0.0
0	0.0
0	0.0
0	0.0
0	0.0
0	0.0
0	0.0
0	0.0
0	0.0
0	0.0
0	0.0
0	0.0
0	0.0
0	0.0
0	0.0
0	0.0
0	0.0
0	0.0
0	0.0
0	0.0
0	0.0
0	0.0
0	0.0
0	0.0
0	0.0
0	0.0
0	0.0
0	0.0
0	0.0
0	0.0
0	0.0
0	0.0
0	0.0
0	0.0
0	0.0
0	0.0
0	0.0
0	0.0
0	0.0
0	0.0
0	0.0
0	0.0
0	0.0
0	0.0
0	0.0
0	0.0
0	0.0
0	0.0
0	0.0
0	0.0
0	0.0
0	0.0
0	0.0
0	0.0
0	0.0
0	0.0
0	0.0
0	0.0
0	0.0
0	0.0
0	0.0
0	0.0
0	0.0
0	0.0
0	0.0
0	0.0
0	0.0
0	0.0
0	0.0
0	0.0
0	0.0
0	0.0
0	0.0
0	0.0
0	0.0
0	0.0
0	0.0
0	0.0
0	0.0
0	0.0
0	0.0
0	0.0
0	0.0
0	0.0
0	0.0
0	0.0
0	0.0
0	0.0
0	0.0
0	0.0
0	0.0
0	0.0
0	0.0
0	0.0
0	0.0
0	0.0
0	0.0
0	0.0
0	0.0
0	0.0
0	0.0
0	0.0
0	0.0
0	0.0
0	0.0
0	0.0
0	0.0
0	0.0
0	0.0
0	0.0
0	0.0
0	0.0
0	0.0
0	0.0
0	0.0
0	0.0
0	0.0
0	0.0
0	0.0
0	0.0
0	0.0
0	0.0
0	0.0
0	0.0
0	0.0
0	0.0
0	0.0
0	0.0
0	0.0
0	0.0
0	0.0
0	0.0
0	0.0
0	0.0
0	0.0
0	0.0
0	0.0
0	0.0
0	0.0
0	0.0
0	0.0
0	0.0
0	0.0
0	0.0
0	0.0
0	0.0
0	0.0
0	0.0
0	0.0
0	0.0
0	0.0
0	0.0
0	0.0
0	0.0
0	0.0
0	0.0
0	0.0
0	0.0
0	0.0
0	0.0
0	0.0
0	0.0
0	0.0
0	0.0
0	0.0
0	0.0
0	0.0
0	0.0
0	0.0
0	0.0
0	0.0
0	0.0
0	0.0
0	0.0
0	0.0
0	0.0
0	0.0
0	0.0
0	0.0
0	0.0
0	0.0
0	0.0
0	0.0
0	0.0
0	0.0
0	0.0
0	0.0
0	0.0
0	0.0
0	0.0
0	0.0
0	0.0
0	0.0
0	0.0
0	0.0
0	0.0
0	0.0
0	0.0
