2	0.0063692873740409175
3	0.2069156715970732
4	0.2784549283167898
5	0.3052737905053115
6	0.2438696612638718
7	0.011617106535612823
8	0.2577366493109997
9	0.25330210924458624
12	0.5109464894268768
15	0.2627402246783876
17	0.2769989612038937
18	0.05700784841851336
19	0.23377862416925743
20	0.21620133373240505
21	0.3810816371557231
22	0.48493923094990626
24	0.27473274030161426
26	0.24071528204229636
27	0.27452095999485443
28	0.05261293189183032
29	0.2990174603581526
31	0.23543796244610704
32	0.2605117420676652
33	0.038611294458192294
34	0.2385093742510611
35	0.0702098194822489
37	0.04108273276877794
38	0.007682735715413676
39	0.022240920199011742
40	0.011588242922261228
41	0.015585058650467682
42	0.2781936982180929
43	0.4723676740945989
45	0.26710977005303327
46	0.5301827880607999
47	0.2824393271309329
49	0.04215723018562008
50	0.5636205906621456
51	0.27237097792924475
52	0.018737820974192455
53	0.046271350122277635
54	0.04125148891885297
55	0.27623238732548316
56	0.058582995079578114
57	0.04220562774961248
58	0.0027927689511953596
59	0.04126450101396655
62	0.03496176368069815
63	0.0121711692327886
64	0.04606061043433109
66	0.0543116698541906
67	0.312481083789591
68	0.5526684980376965
69	0.054274927425304695
70	0.06847296366623622
71	0.280331763217469
73	0.07371850791144859
74	0.0605606114240124
75	0.06301855395625505
76	0.2707089158313124
77	0.03508866481415783
78	0.051350003888940954
79	0.0460058048324692
80	0.5505754413209681
81	0.0141529122276134
82	0.26457805334915474
83	0.010473806066489386
84	0.5202131046122211
85	0.0271213220654255
87	0.29313776191294993
88	0.5636312582488908
89	0.048441814775411984
92	0.2949744238329998
94	0.010558319827584421
95	0.2760597808515494
98	0.2555727476040247
99	0.021337484032809963
100	0.2831298249737357
101	0.25687190127294907
102	0.48343236713622406
103	0.5590320877861126
104	0.02488621848000624
105	0.03458957528125678
107	0.11708419145029522
108	0.3021220258379169
110	0.27626716849174465
111	0.009992003948629802
112	0.08708265902077263
113	0.5020846998277635
114	0.004592646497434336
116	0.012872354504585723
117	0.5512587579354165
118	0.03459921780349119
119	0.2762838662744013
120	0.27170164174719397
121	0.006021860664458905
122	0.2574547912456542
123	0.0032416049621282056
126	0.2514341462230343
127	0.23820662353931132
128	0.2683409123150205
129	0.5198055985386324
130	0.03992437780647784
131	0.284556000951993
132	0.033453095449115754
133	0.2398503661129729
134	0.0263060186502233
135	0.5101937530730439
136	0.2668729178406512
137	0.029199886067072765
138	0.04387918777699426
139	0.2714280116323171
140	0.02766267070211045
142	0.5637272603781465
143	0.013064122834144057
145	0.045556631693206714
147	0.5051834356385452
148	0.2566034065095353
149	0.3413926332232213
150	0.2734804024447127
151	0.22866998995588972
152	0.037788202044610406
154	0.5347904920498675
155	0.2554617040654
156	0.27249967468770003
157	0.4995450127273442
158	0.2587140795306959
160	0.2564198146649377
161	0.15682761082392274
163	0.008695190412908217
164	0.020092680375558496
165	0.4703151479633986
167	0.3043282890088127
168	0.2904011307155561
171	0.2603672623221095
172	0.07851565898768764
173	0.0596290709671394
174	0.33770580879086876
175	0.21703051063774775
176	0.2812005852318205
177	0.26201041136292336
182	0.28245024486659304
183	0.2978949853012833
185	0.22052535188709
187	0.25694933185453833
190	0.04890032024051073
191	0.22832320729067904
192	0.30574214595104304
193	0.053784097772537676
194	0.27105725942945785
195	0.3499726530350641
197	0.22630406111515713
198	0.24808131222176436
203	0.009020673271922582
204	0.5802986875448148
208	0.5556326691121233
212	0.3139371436360788
213	0.31548027139245555
214	0.04080504950996644
215	0.5276272167757947
216	0.050738491587720626
218	0.05897070333681028
219	0.014068807835096332
220	0.2230115995655734
221	0.07036472222873903
222	0.010102905938432747
223	0.01322156454872326
225	0.5321330377913115
227	0.3261282297009077
228	0.36896493544164866
229	0.009248635282131417
230	0.23144652597696588
231	0.2667872008022464
233	0.5127090715494087
234	0.009944190738817426
235	0.05188142263649809
236	0.0030663601595936132
237	0.24916622870465993
238	0.026942385172196853
240	0.24808567315819074
241	0.34414639610215336
242	0.05877475006017528
244	0.07322226711733468
246	0.051339087035405295
247	0.28663004785997614
248	0.02646029510160729
249	0.28180745003201213
250	0.011263728944902369
252	0.028829017805237164
253	0.26226382247060903
254	0.06962153340784237
255	0.21581586075328416
257	0.26661463220089787
258	0.29340043787013853
259	0.07401214339369035
260	0.2784479802766272
261	0.28807931586599966
262	0.5329225094717543
263	0.059801518291006286
264	0.012876826908302809
266	0.5335891135151234
270	0.2860669539050098
272	0.03748788986851474
273	0.28523560761781774
274	0.04563424096012755
275	0.5026367034321352
276	0.28003625783004565
277	0.3023863826867833
278	0.05519721354921241
280	0.037726775157011914
281	0.2750068284646203
282	0.5014430724531902
283	0.25960759978829756
284	0.009048022926978278
285	0.004575931347740744
286	0.04233214284468802
287	0.3304638716072355
288	0.06495458997272727
290	0.028521870869556133
291	0.2947526070400837
292	0.03574916537233262
294	0.030451006906457644
295	0.01271406492936418
296	0.525605347961217
298	0.27358809297634
301	0.04219330590454294
302	0.24539574852157514
304	0.041569019533141086
305	0.19345475877339127
306	0.5009536167339362
307	0.2252155552506388
310	0.31134956869739266
314	0.225302669449236
315	0.29216185451228516
317	0.30474046081660444
318	0.2914182072603075
319	0.08936932869530123
320	0.2958712176912681
322	0.24803398936874127
323	0.29985376568693706
324	0.022099258330135593
325	0.2486413075864022
326	0.01853630943035732
328	0.2689011491222734
330	0.2529425360784097
331	0.02177643998621088
332	0.26044990026128495
333	0.2740324461135121
335	0.05369602516117057
336	0.01530626123514547
337	0.2114333805080466
340	0.005483260829786094
341	0.2214130462288505
343	0.025952490664063063
345	0.2564757710804908
346	0.5386567307687685
347	0.051486770173776675
349	0.5597865808693651
350	0.2794229950092933
351	0.06134590821371087
352	0.0687489897407477
353	0.5333264621199855
355	0.310722553202817
357	0.308271096168785
359	0.26017689774332153
360	0.0104580391905435
361	0.024523356652069447
362	0.1001644228903159
364	0.044147651963329565
366	0.5469881210257949
367	0.5225744868784746
368	0.5416975736698455
369	0.2914964628648668
370	0.07182215828830682
371	0.01398091938748695
373	0.22822808676876233
375	0.07363955963092852
376	0.28464357745427527
377	0.5579454634309992
379	0.26986116275963845
380	0.01542835063708383
381	0.2588252664729218
382	0.04257213207897758
383	0.48368610172808313
384	0.2591239016793646
386	0.0038902905830461437
389	0.04519099969881902
391	0.27106345198382176
392	0.29568060923065353
393	0.009472544921704205
394	0.25987712084826836
397	0.013419604888602624
398	0.24383368039882705
399	0.2616858787955874
402	0.03241060065341264
403	0.28494219865117554
404	0.2523820910031578
405	0.32439387847799156
406	0.03478190801195297
407	0.021889746081666137
410	0.31906903277159054
411	0.29018021492730456
412	0.023068279419021374
413	0.505690170289101
414	0.2770379402513445
415	0.5426441997376587
417	0.2759808782985696
419	0.5575208116465377
420	0.04637249736563462
421	0.05599713615142654
422	0.26319711712315846
423	0.24797309398981465
424	0.2965971030846603
425	0.0413825193493353
426	0.030213441838746247
427	0.276858756652966
429	0.03832487577703278
431	0.010651079642721311
432	0.5181471584070562
433	0.2592905599509584
434	0.24829986333448137
435	0.2999356891747019
439	0.3166799499066228
440	0.29252034320304443
441	0.048686831113927395
442	0.2709409764296702
443	0.2831680627564801
444	0.08450714899651084
447	0.00934386317056126
449	0.28106029233526897
450	0.30066831068447014
453	0.2906214545520268
456	0.027019701964852132
459	0.23836712706510682
460	0.2806506289087858
461	0.04619400478542748
462	0.058737646539325894
464	0.2789757484127146
465	0.03760466749575925
466	0.047943677909218045
468	0.021516399051385905
469	0.2666052084115503
470	0.2730061559645174
471	0.2728260702235826
472	0.3227018703151387
473	0.2688705365348552
474	0.27330293753508994
475	0.2937925560362442
476	0.040005829317949965
477	0.3137514554630137
478	0.062059088067012214
479	0.021989428375676228
480	0.0053152956798290865
481	0.23353307673338655
482	0.5364949048115185
483	0.506832966703709
484	0.04021137135529218
486	0.019429547644164477
487	0.2916112290555215
488	0.006256262564215499
490	0.01079661915520055
492	0.2861198325929691
493	0.009305455605345098
494	0.24420961040549666
496	0.3300333518121001
497	0.30916247371215466
502	0.042085043453105
505	0.2695449738739835
509	0.15688486702433435
510	0.08288031907979498
511	0.3142845139262833
512	0.27493668668146626
513	0.27861497207286473
516	0.04923246441748749
517	0.051993142647544455
519	0.24993286461329717
520	0.5142478527864094
521	0.24312306666555783
522	0.033221471164587936
524	0.035563640373381625
525	0.4785874372733372
528	0.2874092505167169
529	0.5009220336290812
530	0.03051317418220721
531	0.2978876439245948
533	0.008777553048441161
534	0.05063144003218095
536	0.2625866780308635
537	0.2704550077402429
538	0.029794736634468785
539	0.43692350290401766
540	0.5238874140431024
541	0.00601875118936758
544	0.25527828660660223
545	0.023000233585655474
546	0.2811375282613502
549	0.037496119070697484
551	0.018668540926833392
552	0.3142345547482861
553	0.0269517996334186
554	0.26723510213218227
555	0.4799248354056242
556	0.5084447570895652
557	0.29225678807308164
558	0.3194172735687941
560	0.05984756770183025
561	0.02358940129718024
563	0.2604378128321016
564	0.5076136299870524
566	0.03459350831360495
567	0.02287480489269879
568	0.028329381527461957
569	0.27198829551077824
570	0.2817947237692132
572	0.21452690624034323
573	0.03614095482848365
574	0.5289687060156701
576	0.005302492670011004
577	0.23824153379086904
578	0.5143860800059564
579	0.03094678706351489
580	0.461989034476028
582	0.2937101377500189
583	0.22180983313357372
584	0.05085844910239436
585	0.0032620848914816786
586	0.30686893229530776
588	0.2512572622291467
590	0.25769300588049227
593	0.25160203818226684
594	0.28089257113101834
595	0.22788749522360582
596	0.2668490423893936
597	0.027938486831237192
598	0.33472873599071273
601	0.2456190066341834
602	0.7795605593476489
603	0.03080929597292968
605	0.0036633567691349324
607	0.3005314239216351
609	0.13580878442070915
610	0.29445274976461316
611	0.044648260358744134
612	0.022010959860480548
614	0.1983349028770444
616	0.26727165741665543
618	0.23475921391857588
619	0.007029660964122546
620	0.26525097124582553
622	0.5155530227118191
623	0.0012516277329107928
624	0.05644888685591512
626	0.237706882350289
627	0.04712350231439849
629	0.46944719207396957
630	0.03270136515863883
631	0.30152044407256723
632	0.24922273795384023
634	0.04437842015521146
636	0.27680336608707334
637	0.035566959360009004
638	0.27818139113451873
639	0.2433730879031481
640	0.0092346627223443
642	0.29176044587397776
644	0.24902620755444457
646	0.23601786138551914
647	0.26177479617125554
649	0.2056448364327158
650	0.004854882715821868
651	0.0007563519647687741
652	0.05688655710131351
653	0.2583182822730354
655	0.004709656006986092
657	0.2926331537879952
659	0.015529690077626994
660	0.2667210282053133
661	0.5050511675448158
662	0.3374109812955574
663	0.06328896313934713
664	0.2619916708822345
665	0.024540404066795113
666	0.03135498224512441
667	0.27469531246866047
670	0.2752566915909822
671	0.4546762495450565
672	0.49657269809672566
673	0.031202777346589557
674	0.3413395160054884
675	0.5277326893807848
676	0.2602328300760167
678	0.021176975927692653
679	0.2866366396085172
680	0.22384989919551887
681	0.5425696026916165
682	0.03477625374393727
683	0.26355728134977835
684	0.015044608782262808
686	0.04409955352165912
687	0.27240271364670315
688	0.005766536300581864
689	0.2536823488206155
691	0.2843390716362528
694	0.011483934160892224
695	0.546932483672233
696	0.036660906250147965
697	0.023297415568209422
698	0.25081439357293706
699	0.03786412060306249
700	0.28828311691546293
701	0.26534039764121453
702	0.035163665817679574
703	0.29360185168229425
705	0.3109538006339772
706	0.05833324492918826
708	0.28299929136708535
709	0.04399442258907827
711	0.0025575543650424234
712	0.5345741164929818
714	0.0014440463618196828
715	0.039463660221196954
716	0.2784893668304556
717	0.26903251475423356
720	0.05883488589747379
722	0.020444490147376627
723	0.2547199465312287
725	0.31948570684584254
727	0.4510062719967552
728	0.3182271683641677
729	0.07621396231227098
731	0.5141879433973
732	0.3125010900365639
733	0.026173701702320328
734	0.012492225260439641
736	0.20653923717735995
737	0.2931735626434102
738	0.021876824599922955
739	0.48094272753842277
742	0.06596542548866827
743	0.05509857787292806
746	0.28874837858562047
749	0.26248186079605845
750	0.24464128795993573
751	0.2646917849318719
752	0.019272226720420785
753	0.22137234288467106
754	0.2876621912646682
756	0.5182918661952082
760	0.04777203669343141
761	0.018557174686366376
762	0.00548056604025067
763	0.03338149257086538
764	0.018397908415369552
765	0.25773480174287544
767	0.027456132472936996
768	0.041497897244280664
769	0.26169372522271483
770	0.2693602751605716
773	0.003932106255185482
774	0.06708469505878967
775	0.2717141476548776
776	0.2646311445319661
777	0.04907101994721723
779	0.24904605131136778
780	0.2736212072722229
781	0.24742831964765133
783	0.02169701237713026
785	0.048716422044604316
787	0.03819789388897425
788	0.05265539510289585
791	0.013479684392116855
792	0.07252889972985188
793	0.17856141704186332
794	0.28540934023673686
795	0.033873363737422946
797	0.4306807287843978
798	0.4952075959132618
799	0.024035806403971
800	0.03638409808700466
801	0.04642866396824731
803	0.20722408163115708
806	0.021477109228863693
807	0.31190778929724927
808	0.274579381824958
809	0.24853675478795567
810	0.2887725371421135
811	0.034344254646521695
812	0.011876298619174878
813	0.03270062916009326
814	0.05740272128685657
815	0.2565807257606942
816	0.10839003474449427
817	0.3212049013369582
818	0.20480748081369818
819	0.034334503471264474
822	0.29764836932966887
824	0.018981215531910206
826	0.013221289227059996
827	0.032899815920702374
828	0.028296648003657117
829	0.5026497475340531
830	0.029783987849358068
832	0.5086120777469003
834	0.26666796461217046
835	0.24643168949485295
836	0.2780226906933727
837	0.23833854704491517
838	0.27327610462774055
839	0.03207513022043117
841	0.26199080398108093
842	0.017875044640532193
845	0.2745856406715106
847	0.025233688391091497
848	0.026936688980006552
849	0.23835016709071732
850	0.4951852601564114
851	0.05115250458513587
852	0.3117262594192134
854	0.03730268247525966
857	0.00903404724667917
858	0.2820271270701088
859	0.30953823514161555
860	0.27678817505989434
861	0.501869552856377
862	0.046514944580088514
863	0.05728631765421703
864	0.02677026799836614
866	0.5049968507386625
868	0.04130313427258131
869	0.06097138990291899
870	0.015383236019055321
871	0.003397796086431565
873	0.030534308704435242
874	0.2533328963419917
876	0.2699904978461503
878	0.034920464900190164
879	0.5459222816473129
880	0.02510969964032599
884	0.49055895505166747
885	0.1985480323669685
888	0.2520479053208396
889	0.2590775740041224
891	0.7597481682900206
892	0.024456027104114004
893	0.5272310191236711
895	0.02946450123165454
896	0.2583061753725658
898	0.2937328759976412
900	0.018571505219722312
902	0.023789364372779898
903	0.03480994154425
904	0.25112350513034976
906	0.5338633950781637
907	0.27826287533881633
909	0.25063958315849927
910	0.24039175595692533
914	0.1983415091580782
915	0.2973258213797793
916	0.23673248313076597
917	0.7225278084615662
920	0.04818461219459748
921	0.286536684991237
923	0.29723995271233855
926	0.5004848356857391
927	0.0453824304840852
928	0.03711574881346173
930	0.232774637395359
931	0.05751972668895456
933	0.044094258468318964
934	0.022925745115051917
935	0.054029947110425955
936	0.03331390146262421
938	0.013261304617317803
939	0.5552529811696891
941	0.06291615286433341
942	0.006052095398867835
943	0.0606962656683331
0	0.0
0	0.0
0	0.0
0	0.0
0	0.0
0	0.0
0	0.0
0	0.0
0	0.0
0	0.0
0	0.0
0	0.0
0	0.0
0	0.0
0	0.0
0	0.0
0	0.0
0	0.0
0	0.0
0	0.0
0	0.0
0	0.0
0	0.0
0	0.0
0	0.0
0	0.0
0	0.0
0	0.0
0	0.0
0	0.0
0	0.0
0	0.0
0	0.0
0	0.0
0	0.0
0	0.0
0	0.0
0	0.0
0	0.0
0	0.0
0	0.0
0	0.0
0	0.0
0	0.0
0	0.0
0	0.0
0	0.0
0	0.0
0	0.0
0	0.0
0	0.0
0	0.0
0	0.0
0	0.0
0	0.0
0	0.0
0	0.0
0	0.0
0	0.0
0	0.0
0	0.0
0	0.0
0	0.0
0	0.0
0	0.0
0	0.0
0	0.0
0	0.0
0	0.0
0	0.0
0	0.0
0	0.0
0	0.0
0	0.0
0	0.0
0	0.0
0	0.0
0	0.0
0	0.0
0	0.0
0	0.0
0	0.0
0	0.0
0	0.0
0	0.0
0	0.0
0	0.0
0	0.0
0	0.0
0	0.0
0	0.0
0	0.0
0	0.0
0	0.0
0	0.0
0	0.0
0	0.0
0	0.0
0	0.0
0	0.0
0	0.0
0	0.0
0	0.0
0	0.0
0	0.0
0	0.0
0	0.0
0	0.0
0	0.0
0	0.0
0	0.0
0	0.0
0	0.0
0	0.0
0	0.0
0	0.0
0	0.0
0	0.0
0	0.0
0	0.0
0	0.0
0	0.0
0	0.0
0	0.0
0	0.0
0	0.0
0	0.0
0	0.0
0	0.0
0	0.0
0	0.0
0	0.0
0	0.0
0	0.0
0	0.0
0	0.0
0	0.0
0	0.0
0	0.0
0	0.0
0	0.0
0	0.0
0	0.0
0	0.0
0	0.0
0	0.0
0	0.0
0	0.0
0	0.0
0	0.0
0	0.0
0	0.0
0	0.0
0	0.0
0	0.0
0	0.0
0	0.0
0	0.0
0	0.0
0	0.0
0	0.0
0	0.0
0	0.0
0	0.0
0	0.0
0	0.0
0	0.0
0	0.0
0	0.0
0	0.0
0	0.0
0	0.0
0	0.0
0	0.0
0	0.0
0	0.0
0	0.0
0	0.0
0	0.0
0	0.0
0	0.0
0	0.0
0	0.0
0	0.0
0	0.0
0	0.0
0	0.0
0	0.0
0	0.0
0	0.0
0	0.0
0	0.0
0	0.0
0	0.0
0	0.0
0	0.0
0	0.0
0	0.0
0	0.0
0	0.0
0	0.0
0	0.0
0	0.0
0	0.0
0	0.0
0	0.0
0	0.0
0	0.0
0	0.0
0	0.0
0	0.0
0	0.0
0	0.0
0	0.0
0	0.0
0	0.0
0	0.0
0	0.0
0	0.0
0	0.0
0	0.0
0	0.0
0	0.0
0	0.0
0	0.0
0	0.0
0	0.0
0	0.0
0	0.0
0	0.0
0	0.0
0	0.0
0	0.0
0	0.0
0	0.0
0	0.0
0	0.0
0	0.0
0	0.0
0	0.0
0	0.0
0	0.0
0	0.0
0	0.0
0	0.0
0	0.0
0	0.0
0	0.0
0	0.0
0	0.0
0	0.0
0	0.0
0	0.0
0	0.0
0	0.0
0	0.0
0	0.0
0	0.0
0	0.0
0	0.0
0	0.0
0	0.0
0	0.0
0	0.0
0	0.0
