1	0.5925359205147123
3	0.37073732184206504
4	0.29497914528457625
5	0.020005308356595038
10	0.2613184530268086
13	0.2956941539212723
14	0.36194744212037766
18	0.2595371999290219
21	0.058448440757441614
22	0.028847183260244526
23	0.2877454368427632
24	0.036785761409256615
26	0.07404504149678261
29	0.22599874378310975
30	0.06594959228135634
31	0.3020952290084907
33	0.02939808338746508
34	0.20123032635060578
37	0.06074845991244078
38	0.007333099304205587
40	0.05126057443633721
44	0.28127536442462453
47	0.00013456461857488944
49	0.09685377426909353
58	0.5659025738087061
59	0.234608413397695
60	0.06422765168594896
62	0.34858735310586164
63	0.3947453673663039
65	0.07419375375254367
69	0.0526995919204952
72	0.02964194545524325
73	0.32743820165675447
74	0.2754916918364399
82	0.5284910199512017
85	0.07673533308144523
87	0.04397949135173543
90	0.7754477409572426
94	0.5367789006048371
96	0.003005590717713065
97	0.03101427645692316
100	0.0574152663089337
105	0.35115266905372655
107	0.0635264145768889
109	0.2564482810188195
112	0.025938152409644845
113	0.027730297408682582
114	0.026762664985434476
115	0.2650090859937102
116	0.2585427471945808
118	0.05485405102832606
121	0.13273185607710208
129	0.2694959286835049
132	0.28150474877208054
136	0.28918001146673356
138	0.26111038583884993
140	0.2513283839686669
143	0.025675617134435287
144	0.08383198243711651
145	0.0054588279164064085
149	0.043967064957210734
151	0.1272009640400775
153	0.10978961224763856
160	0.30278128317702646
164	0.023215166860952666
167	0.1942845247172795
168	0.03149174061974437
172	0.3227092070447914
173	0.27647664690087104
174	0.23466806308652025
177	0.004588363672534186
179	0.019455823943287237
183	0.05087196944383006
184	0.3508528059681948
186	0.09652469600438338
188	0.285939900350928
189	0.32220575334268153
192	0.11776314684501826
195	0.048043931036695506
196	0.13695021417841277
198	0.12885707493337636
201	0.3312181170877586
206	0.39427112776287404
207	0.2525408290484208
208	0.027700628791054144
209	0.06582650400812184
210	0.2815229176091097
216	0.2145377203707629
217	0.24335955779132898
218	0.23583039940935807
221	0.07598745261179454
222	0.3485232247462605
224	0.026574891481035826
226	0.3206957035491088
227	0.01907906383202651
232	0.37930850436522817
234	0.0664513755281046
235	0.04243350699690553
239	0.5710925014252213
240	0.28669165555028653
248	0.02230650497088213
249	0.23219161473612435
255	0.2249540574700078
259	0.4411611701954297
263	0.21142215090625582
264	0.03185538083712227
267	0.27586063416991474
268	0.2681616446893848
269	0.408309821251051
271	0.34685443115613035
272	0.2886148399580743
276	0.016847191729139913
284	0.2420117591646146
285	0.32028161695792434
286	0.3573297915919974
287	0.04915655707577929
288	0.2586324004032897
291	0.032021930184293036
292	0.34178901204845136
293	0.18553336579064333
295	0.030817614792275058
296	0.028094324428116255
297	0.5831117729084807
298	0.24981913093851305
299	0.2755672362032847
303	0.5108259947234459
305	0.3014947136564601
308	0.5856708901116257
311	0.36837526354848327
312	0.348638288261074
313	0.07480488743247804
315	0.24943353313878253
316	0.11050975146746797
319	0.02407470603347083
320	0.22202936289097908
322	0.04824987147253615
326	0.09263757825614996
327	0.05312070238876318
328	0.06719404262342407
329	0.07202374012776766
330	0.07900114795151292
331	0.09104541830459206
332	0.22993435790348538
333	0.01168577554216789
334	0.791744273923539
335	0.0570736683785048
338	0.06854930764501738
339	0.5820337769302724
341	0.009842733472172724
342	0.2951531988205578
343	0.22472718988832419
344	0.3444108295201451
345	0.06358466946493505
346	0.015138040202468284
347	0.2655564110269993
349	0.020948319013025872
350	0.2599132712862864
351	0.053328862049314946
352	0.013696647033056446
354	0.5021025964112301
360	0.5222676390560368
361	0.32558065005906556
362	0.3075837528453469
364	0.287245603275014
367	0.004356704325291873
370	0.24502321990452175
374	0.14794751098764636
378	0.010641299468056309
379	0.2791046853442013
380	0.5741125665632868
381	0.08382922690048178
382	0.2707499072437965
384	0.05842785777622474
385	0.5674563119283376
386	0.24006242083878632
387	0.5694331689279613
389	0.5641992559581214
390	0.04502172112702233
391	0.28144685199383224
393	0.030225298948570817
395	0.23062380532048152
396	0.0465150900659726
397	0.6918529200855854
399	0.47659949070187435
401	0.035630468532081655
403	0.03722333404465022
404	0.2789396930295212
406	0.29025130872558436
407	0.48563821071944546
409	0.2737445092822579
411	0.041884886720984074
414	0.3078437608354344
415	0.006289975024582201
416	0.3475864398235168
417	0.20449339000970712
420	0.2784816035738076
424	0.2844107530066063
425	0.3155854795825682
426	0.06361435756181416
428	0.0665988631046178
429	0.47914116490830594
430	0.28012640981231324
433	0.22723797573699178
435	0.2469118320760935
436	0.49828784716371627
437	0.3592400062462806
440	0.02871060543239272
442	0.22371769963400806
444	0.0398269515226551
446	0.021986485608074077
447	0.5491453412736158
448	0.11362620131941242
450	0.018545915267258586
451	0.046056688116420205
452	0.38485907983017437
453	0.28592776479677035
454	0.10993403921371094
455	0.045541502574167295
456	0.3567371018036901
457	0.31614068538837803
458	0.5642287820782517
460	0.2733015173573116
463	0.6249268503993869
464	0.01085399302243395
465	0.03863653291023568
467	0.3738526957502891
469	0.2666430255947585
473	0.03399381305757746
474	0.26810443711055
475	0.008066058775965515
476	0.04653311629144187
479	0.30946538154301517
480	0.2178303465670272
481	0.06075450081970199
484	0.024932332644487472
485	0.35661766096491104
486	0.5931075535231974
488	0.002392848760199226
490	0.5611111298464072
491	0.2787480072009542
492	0.03994113628978359
493	0.05678315692702715
496	0.014148784502128482
498	0.5831660976781256
499	0.0781096420835164
500	0.49888442329879984
501	0.4568200446747851
504	0.32103662445220055
505	0.021687796559387115
506	0.01734342822689773
507	0.21552301920015604
508	0.058473830168313014
514	0.29244438846112997
516	0.0006954718182302574
518	0.08266054486917515
519	0.0035222607330129274
521	0.09628780450775812
522	0.25580740903473964
524	0.44479147168108585
526	0.16681058855867498
527	0.317685873830355
531	0.27319529263857584
532	0.02011895426573737
533	0.10115861326785369
535	0.30174698508491354
537	0.3091415422799525
538	0.4602749296432008
541	0.055727147708079176
543	0.07331329451712398
544	0.074287596065013
545	0.04752938211739889
547	0.2909925710410638
548	0.29295487112835034
551	0.24554484815874117
553	0.47871123360042056
556	0.06359984065028973
558	0.043666064706422446
560	0.7854449038687235
561	0.5026853072282301
562	0.21947248685888085
566	0.27180682775151005
567	0.776283395630244
568	0.2007348263373935
570	0.33430036912473887
571	0.051339126475861
572	0.18405459504365215
573	0.49171728244766866
577	0.1060125760859427
579	0.2661779232560114
581	0.2593076846045263
585	0.0919909103623929
586	0.0456251451724087
590	0.3329812318677918
591	0.5301739579874776
592	0.09464437380361354
595	0.3291745985176172
600	0.019586043473582948
601	0.37176302703270525
603	0.0011836269750293282
604	0.1558585639596257
606	0.32119254900687316
607	0.32958862146813206
608	0.4350254817184452
611	0.02883311825724532
613	0.28312888497434213
615	0.27895966599664807
617	0.6625190230598075
621	0.06415784845155248
622	0.014714995727864603
623	0.05292819327962808
624	0.47749398272895155
625	0.23501575305175762
626	0.28599336835147143
627	0.45481475385077114
628	0.2613329789557043
632	0.012989211261128883
633	0.03934274491480606
634	0.4800151382834585
635	0.2777009600752128
636	0.06174677787446351
637	0.05250890820899907
639	0.29442078935079147
641	0.2725363471311708
643	0.28354079559808615
645	0.3750352571997746
647	0.20125822731128667
648	0.08212938424659344
649	0.03598565228529471
650	0.35965163356740254
651	0.08265152997828251
652	0.045264947460148246
653	0.010129947879823124
654	0.0834206097514781
655	0.06984097795888776
658	0.23474835431324886
659	0.4239222328537414
660	0.02864653986976272
661	0.029084849373941374
664	0.28272948958396615
666	0.27645017175917613
667	0.014639402324980469
669	0.23700060317831323
670	0.2951648111310833
674	0.05011707713554412
676	0.017632961680799107
677	0.011503566799665917
682	0.1998396690677689
686	0.2697813981698029
690	0.0318919583315785
693	0.3208988110939542
695	0.004432978545130251
696	0.2886903695557867
697	0.07965789186350662
699	0.02309773545829094
704	0.03849982852196453
707	0.2780081355379279
710	0.479002852718383
711	0.368989287593796
713	0.29088507347328607
716	0.3512028408146095
717	0.22035808385698125
719	0.02237169610745654
720	0.26757090798220573
721	0.31344573144231225
724	0.39427112776287404
725	0.06223880766078988
727	0.0600910178842423
728	0.05572710128607285
733	0.5641857392235425
734	0.022858528173837336
735	0.10401570053484469
737	0.2839766511222562
738	0.03183644364950601
739	0.03681192405379302
740	0.29644704708921144
741	0.5792588770899356
742	0.037428307619776946
743	0.29320403426146413
744	0.10204821280994188
745	0.5139951993019558
747	0.3090446408379832
748	0.559907072318484
749	0.03503913606356884
752	0.3020360733900897
754	0.023750143382812804
756	0.037788501632343846
757	0.05973195800780645
758	0.5920106212393872
762	0.07107882377083621
763	0.11475069126773932
766	0.06788622378397749
768	0.0016633763798203846
770	0.06809071010641904
771	0.07143051256990246
772	0.07169885604056134
773	0.10487254368127145
774	0.28295931044517886
776	0.010332559918642056
778	0.03206193440345312
780	0.21328674601735576
781	0.025214695990050662
782	0.019041102891039954
783	0.035143603937836145
787	0.004343024105417537
788	0.25105481902031807
789	0.018880728663653076
790	0.03398686814232917
791	0.0026217668030577013
794	0.09491281465911817
795	0.021263931457781958
796	0.06210761343048314
800	0.025357061324414905
804	0.01836654334447732
805	0.5605928413787584
806	0.005541517246206024
807	0.26906061950572935
808	0.29551206065021557
809	0.2854777155683825
810	0.03623744129743382
815	0.002920906798194428
818	0.01653393425665233
819	0.27870743036322015
820	0.35368716231535646
821	0.3503080219646151
822	0.07426540629778883
823	0.5274281343279419
824	0.09504361571916886
828	0.3115199860028034
829	0.025357061324414905
830	0.2928234280512313
833	0.4988956987356566
835	0.22571057932152327
836	0.3039713010453471
839	0.06048938421897374
840	0.27420039493479076
841	0.5952734313782209
842	0.07882176445081657
843	0.2866310377809707
846	0.6027655564541726
848	0.2814542214260409
851	0.296238502497196
853	0.28452924971593524
855	0.053701619325756525
858	0.020513900452414906
860	0.017172353019143063
863	0.012310815470972784
864	0.5531113434646657
865	0.7080707701073217
867	0.3896992598568318
868	0.022587694671982635
870	0.2316340073108203
871	0.22893227439702624
873	0.050438647665874844
874	0.2992170805913052
875	0.10197765480113923
878	0.25572004373291624
880	0.2818751875312263
881	0.06619855801448153
882	0.2766899913656021
883	0.4886200915634952
886	0.11149298631111487
887	0.3850700117481473
889	0.08540316710290011
890	0.4989085234789037
892	0.2743587627750283
894	0.2753089262723686
896	0.09082185529929135
899	0.5553209381682342
900	0.28761177496523327
901	0.04422951598391195
903	0.10814441730340132
905	0.3224564693403937
907	0.5043873593594809
908	0.30933028760234127
911	0.048258221383952346
913	0.490947026926186
916	0.35750073657622317
918	0.36855260882425217
919	0.5341942346305723
920	0.024702229270733324
923	0.03132636837363507
925	0.04157081455271342
926	0.025916087684598646
927	0.035581076833781755
928	0.057898637800120466
929	0.1753572291779233
931	0.28023599274528943
932	0.3653962611478825
933	0.28173379855587494
934	0.49502736444642037
936	0.09527396297156965
937	0.08112509684410069
940	0.2699810054449955
942	0.008337183807908113
943	0.03822065040252131
0	0.0
0	0.0
0	0.0
0	0.0
0	0.0
0	0.0
0	0.0
0	0.0
0	0.0
0	0.0
0	0.0
0	0.0
0	0.0
0	0.0
0	0.0
0	0.0
0	0.0
0	0.0
0	0.0
0	0.0
0	0.0
0	0.0
0	0.0
0	0.0
0	0.0
0	0.0
0	0.0
0	0.0
0	0.0
0	0.0
0	0.0
0	0.0
0	0.0
0	0.0
0	0.0
0	0.0
0	0.0
0	0.0
0	0.0
0	0.0
0	0.0
0	0.0
0	0.0
0	0.0
0	0.0
0	0.0
0	0.0
0	0.0
0	0.0
0	0.0
0	0.0
0	0.0
0	0.0
0	0.0
0	0.0
0	0.0
0	0.0
0	0.0
0	0.0
0	0.0
0	0.0
0	0.0
0	0.0
0	0.0
0	0.0
0	0.0
0	0.0
0	0.0
0	0.0
0	0.0
0	0.0
0	0.0
0	0.0
0	0.0
0	0.0
0	0.0
0	0.0
0	0.0
0	0.0
0	0.0
0	0.0
0	0.0
0	0.0
0	0.0
0	0.0
0	0.0
0	0.0
0	0.0
0	0.0
0	0.0
0	0.0
0	0.0
0	0.0
0	0.0
0	0.0
0	0.0
0	0.0
0	0.0
0	0.0
0	0.0
0	0.0
0	0.0
0	0.0
0	0.0
0	0.0
0	0.0
0	0.0
0	0.0
0	0.0
0	0.0
0	0.0
0	0.0
0	0.0
0	0.0
0	0.0
0	0.0
0	0.0
0	0.0
0	0.0
0	0.0
0	0.0
0	0.0
0	0.0
0	0.0
0	0.0
0	0.0
0	0.0
0	0.0
0	0.0
0	0.0
0	0.0
0	0.0
0	0.0
0	0.0
0	0.0
0	0.0
0	0.0
0	0.0
0	0.0
0	0.0
0	0.0
0	0.0
0	0.0
0	0.0
0	0.0
0	0.0
0	0.0
0	0.0
0	0.0
0	0.0
0	0.0
0	0.0
0	0.0
0	0.0
0	0.0
0	0.0
0	0.0
0	0.0
0	0.0
0	0.0
0	0.0
0	0.0
0	0.0
0	0.0
0	0.0
0	0.0
0	0.0
0	0.0
0	0.0
0	0.0
0	0.0
0	0.0
0	0.0
0	0.0
0	0.0
0	0.0
0	0.0
0	0.0
0	0.0
0	0.0
0	0.0
0	0.0
0	0.0
0	0.0
0	0.0
0	0.0
0	0.0
0	0.0
0	0.0
0	0.0
0	0.0
0	0.0
0	0.0
0	0.0
0	0.0
0	0.0
0	0.0
0	0.0
0	0.0
0	0.0
0	0.0
0	0.0
0	0.0
0	0.0
0	0.0
0	0.0
0	0.0
0	0.0
0	0.0
0	0.0
0	0.0
0	0.0
0	0.0
0	0.0
0	0.0
0	0.0
0	0.0
0	0.0
0	0.0
0	0.0
0	0.0
0	0.0
0	0.0
0	0.0
0	0.0
0	0.0
0	0.0
0	0.0
0	0.0
0	0.0
0	0.0
0	0.0
0	0.0
0	0.0
0	0.0
0	0.0
0	0.0
0	0.0
0	0.0
0	0.0
0	0.0
0	0.0
0	0.0
0	0.0
0	0.0
0	0.0
0	0.0
0	0.0
0	0.0
0	0.0
0	0.0
0	0.0
0	0.0
0	0.0
0	0.0
0	0.0
0	0.0
0	0.0
0	0.0
0	0.0
0	0.0
0	0.0
0	0.0
0	0.0
0	0.0
0	0.0
0	0.0
0	0.0
0	0.0
0	0.0
0	0.0
0	0.0
0	0.0
0	0.0
0	0.0
0	0.0
0	0.0
0	0.0
0	0.0
0	0.0
0	0.0
0	0.0
0	0.0
0	0.0
0	0.0
0	0.0
0	0.0
0	0.0
0	0.0
0	0.0
0	0.0
0	0.0
0	0.0
0	0.0
0	0.0
0	0.0
0	0.0
0	0.0
0	0.0
0	0.0
0	0.0
0	0.0
0	0.0
0	0.0
0	0.0
0	0.0
0	0.0
0	0.0
0	0.0
0	0.0
0	0.0
0	0.0
0	0.0
0	0.0
0	0.0
0	0.0
0	0.0
0	0.0
0	0.0
0	0.0
0	0.0
0	0.0
0	0.0
0	0.0
0	0.0
0	0.0
0	0.0
0	0.0
0	0.0
0	0.0
0	0.0
0	0.0
0	0.0
0	0.0
0	0.0
0	0.0
0	0.0
0	0.0
0	0.0
0	0.0
0	0.0
0	0.0
0	0.0
0	0.0
0	0.0
0	0.0
0	0.0
0	0.0
0	0.0
0	0.0
0	0.0
0	0.0
0	0.0
0	0.0
0	0.0
0	0.0
0	0.0
0	0.0
0	0.0
0	0.0
0	0.0
0	0.0
0	0.0
0	0.0
0	0.0
0	0.0
0	0.0
0	0.0
0	0.0
0	0.0
0	0.0
0	0.0
0	0.0
0	0.0
0	0.0
0	0.0
0	0.0
0	0.0
0	0.0
0	0.0
0	0.0
0	0.0
0	0.0
0	0.0
0	0.0
0	0.0
0	0.0
0	0.0
0	0.0
0	0.0
0	0.0
0	0.0
0	0.0
0	0.0
0	0.0
0	0.0
0	0.0
0	0.0
0	0.0
0	0.0
0	0.0
0	0.0
0	0.0
0	0.0
0	0.0
0	0.0
0	0.0
0	0.0
0	0.0
0	0.0
0	0.0
0	0.0
0	0.0
0	0.0
0	0.0
0	0.0
0	0.0
0	0.0
0	0.0
0	0.0
0	0.0
0	0.0
0	0.0
0	0.0
0	0.0
0	0.0
0	0.0
0	0.0
0	0.0
0	0.0
0	0.0
0	0.0
0	0.0
0	0.0
0	0.0
0	0.0
0	0.0
0	0.0
0	0.0
0	0.0
0	0.0
0	0.0
0	0.0
0	0.0
0	0.0
0	0.0
0	0.0
