3	0.19459992126275646
4	0.5416957987302494
5	0.026822137321268924
6	0.22587023297201902
7	0.05217219301397822
8	0.040908703810725665
11	0.003568669742660409
13	0.18000981035505817
15	0.07357454975394752
17	0.2068775253464442
18	0.29627276621353105
19	0.23309872294168102
20	0.26946608382977183
21	0.024026184541265684
22	0.5175668399808767
23	0.49548213036216593
24	0.03492616420179309
25	0.2483175751936423
26	0.22842107751792018
28	0.24071500821038253
29	0.28629439063906403
30	0.32094992133072353
32	0.05641679236717043
33	0.2295653076093837
34	0.7435344881476644
35	0.21842494950255273
37	0.2808321652965051
39	0.23367450485853597
40	0.22714819511858297
42	0.05891448828925138
44	0.007463945837741674
46	0.3107327110500357
47	0.5602246306862568
48	0.18582345174433174
49	0.08491124574332767
50	0.49146319066297006
53	0.3082914916405036
54	0.035062663827359716
55	0.2372744232616574
56	0.04067426960349614
57	0.21355669199329083
58	0.25015288280906534
59	0.020572394161528715
60	0.23263111284550297
61	0.18221016129523976
62	0.03644391131861415
63	0.21496931788143833
64	0.33877924840884555
65	0.23328796752731784
66	0.275960942159185
67	0.48876809297113133
68	0.2744891320343475
70	0.4355616117120421
71	0.24405729276155888
72	0.5011596939428673
73	0.2941970391958073
74	0.7199063443909893
75	0.09458851107083734
76	0.029556666748683957
79	0.02286279826937446
80	0.5116093678553009
81	0.05979329769877836
82	0.2602811167287049
83	0.21493702597118702
84	0.5023548024946901
85	0.03523418766599139
86	0.0068716881622955354
88	0.30360922946200175
90	0.019735537903675562
92	0.2847367299833457
94	0.29766726303754687
95	0.26640185499674873
98	0.37590718588425126
100	0.4801879941496824
102	0.29296369988557175
103	0.35903299945248385
104	0.06060364781689886
105	0.4710298382190713
106	0.26883935079245264
107	0.30585285509566673
108	0.3937435095716844
110	0.4811315690772702
112	0.731962273389091
113	0.016140580475052048
115	0.45607154173692427
116	0.25169703541195043
117	0.29593121781512943
119	0.29491513215233056
122	0.2380584037458267
124	0.030148327801292438
128	0.22798046556935167
129	0.2102089603375311
130	0.30156485140772343
131	0.2816712619192646
132	0.5045517903980534
133	0.020738159118427593
135	0.30251215087593475
136	0.29212775736221464
138	0.028266975499641217
139	0.2774358908374923
140	0.29613068266968684
141	0.4849130595267117
142	0.5548082062015367
143	0.22173348262203935
146	0.2240985786547866
149	0.2988478701522985
150	0.2584730237730236
151	0.02811820062601782
153	0.648543665102705
154	0.021585225606013923
155	0.2140307151592432
156	0.0702986529438968
157	0.27990792122621794
158	0.2913606302226802
159	0.26701950627808224
161	0.47259298768614233
162	0.24995129823133005
163	0.22511308914281442
164	0.47770017997962216
165	0.07649840841890643
166	0.24414106229957305
167	0.21358008672930748
168	0.029634058395915847
169	0.03387152762980805
170	0.2492914613980466
171	0.29020346904772143
172	0.4484859678491577
173	0.7179358249901162
174	0.5274641172222602
176	0.5094276078231136
177	0.014740995247824077
179	0.2055980856103316
180	0.29528664152686906
182	0.2664974849364851
183	0.414101405776252
184	0.0132733971700386
186	0.4273391515016759
187	0.03764801066977647
188	0.020548661498347054
190	0.020087879690441228
191	0.04510157003190381
192	0.5822613792424268
193	0.03145102799828205
194	0.49605563230472105
195	0.7959556214119383
196	0.0050754430633918254
198	0.28682287270731044
199	0.2517342556808626
200	0.05153837187617852
201	0.029991523424807744
204	0.2897155722401473
205	0.1357730540785346
206	0.2996818639365171
208	0.3119236451355714
210	0.489342798939296
211	0.0034160192322666982
212	0.05951594823343473
213	0.7756548843282572
214	0.3403332857774663
215	0.5525460423735226
216	0.27174121815989316
217	0.5309110164297067
218	0.1661701883444137
219	0.25252025969382685
220	0.4579288761278857
221	0.4937022709273963
223	0.023572281189267963
225	0.5557863604040086
229	0.22644199937596765
230	0.016951606794536517
231	0.07406480884280695
233	0.03940765487627608
234	0.27454955607743875
235	0.062565463703596
237	0.04013185920644305
238	0.023112307345818504
239	0.25671949670362093
240	0.2841686867075924
241	0.2493601446309612
242	0.2642807148621357
243	0.04878130356287562
244	0.2956828320354631
245	0.010866796365503882
247	0.046797704341158784
249	0.2818012263094916
250	0.08436420441631898
252	0.2309052095664135
253	0.23621307107453576
254	0.23348705634507605
255	0.4637495231664778
257	0.26449784148256755
258	0.17514337141499714
259	0.5750668784171425
260	0.26357341065143747
261	0.258138068787725
262	0.5778405527950915
263	0.27765111687475313
264	0.043899105658684344
265	0.013412994105814834
266	0.5664629385771663
270	0.34845283788433007
271	0.002948895042361073
272	0.24620526219080974
273	0.08293181373838254
274	0.005473472290493418
276	0.2594127796748207
277	0.5269282100057934
278	0.03303830512953146
280	0.30819591727550094
282	0.30446418287658034
283	0.009336717373769558
284	0.26723613795679135
285	0.24172268139641134
286	0.5376118749706611
287	0.5213025800873802
288	0.2502716822285822
289	0.12183068454757759
290	0.23396351599550114
291	0.5165357108998594
292	0.3003416841195296
295	0.27072335085133925
296	0.24943746776357162
297	0.23219286139339232
298	0.03084706062257194
300	0.05302351299354255
301	0.05323335317759196
302	0.24280131995631055
303	0.2691313522430735
304	0.22741023230698712
308	0.005048698616536354
309	0.21237535166378757
315	0.38650703299406525
316	0.301598217250073
317	0.04101330338384122
318	0.760884238033088
319	0.7235385591770085
320	0.22914435030973687
325	0.28006974345565827
327	0.05470916644711519
328	0.020478181710205268
329	0.02656398345399576
331	0.19879214860647088
333	0.5266939966031681
335	0.26518577401516435
338	0.45860360114513876
339	0.26560604408291605
340	0.04321591577969373
341	0.28996368531349065
343	0.056027947724374416
344	0.011252629629724627
345	0.5605139347768677
346	0.4370022319997948
347	0.2712277475613689
349	0.35249474064391084
350	0.25061990888103736
351	0.785439178647522
352	0.23923271742754998
353	0.5525433274281936
354	0.5007621967703968
355	0.31925366931873345
357	0.5111759503047698
359	0.0059927249228429215
360	0.04398397605275571
361	0.005500003917658439
362	0.2675250293902849
364	0.7111795543421575
366	0.3039920501734067
367	0.023134627054064945
369	0.04713317475558469
370	0.3217925403738183
371	0.28562633365061074
372	0.46127803404181367
373	0.022572252074228163
375	0.035401807163398046
376	0.26034839209031
377	0.061638352938307495
378	0.05307185259869836
379	0.5099857479565044
380	0.017543817679699855
381	0.033243478109794625
382	0.28528804195829904
383	0.03491571148386424
384	0.4889976672196595
386	0.29022032087487426
389	0.022728710133869054
390	0.03317963435093275
391	0.0875792917173609
392	0.5631410015865246
393	0.01467918379032706
394	0.2818671456480518
399	0.2784789950574579
401	0.40177451538844317
402	0.07366884798938314
403	0.03362446543378235
404	0.22788082119740669
405	0.40554037007423444
407	0.28091232515661785
408	0.2881906565165907
409	0.00469847421789224
410	0.013296662106741668
411	0.3125355195580304
412	0.3263598195934064
413	0.29165575599832305
414	0.2857282085262077
415	0.501911133713087
417	0.3139020171715273
419	0.5212451308214636
420	0.2744501770285087
423	0.06161433927267486
424	0.8053933246360956
425	0.04363472526236302
426	0.43991443111892015
427	0.0779088097513183
429	0.24969637871644057
430	0.47955981588207
431	0.2386721250926494
432	0.2928989945132794
433	0.22741502898173296
435	0.24661075991034062
436	0.2846922338200852
438	0.06991832363738094
439	0.26336539919111335
440	0.2810601082363702
442	0.34197559958205437
443	0.4885305464877418
444	0.48677747483367567
446	0.20988057054413173
449	0.26353048236373516
450	0.5067913209065081
451	0.2584760413071075
453	0.25433970836810227
456	0.23998473962750197
458	0.008144190097688776
460	0.5561063810375381
461	0.11484427723211785
462	0.734752755588923
463	0.24833706377642056
464	0.33375548733854205
465	0.5595225304906307
466	0.25530723934014027
468	0.0892802688967386
469	0.23859627563878089
470	0.010148369879910753
472	0.048099886175091755
473	0.22921849432676256
474	0.2823295977246283
475	0.21861842390406855
476	0.0475380812532174
477	0.5259231371211923
478	0.3317510010109476
479	0.026686026333940256
482	0.22509554342464633
483	0.014552129981139656
484	0.25043863468587735
485	0.04113970751169624
486	0.0007368847914813494
487	0.2884569585769292
490	0.005750262830189534
491	0.2084074774841464
492	0.04555104461925952
496	0.25277185134696556
497	0.4843547995859163
499	0.45719495418525896
500	0.01316896037793186
501	0.020247116441314154
502	0.18745229147791545
504	0.2384890145514692
505	0.19635901807178618
508	0.008931116823271579
510	0.503212861898151
511	0.23553691375395608
516	0.45243512064642266
517	0.06493403713586614
519	0.056720088198108046
520	0.49179660137410564
521	0.30280594276504474
522	0.280269116979996
525	0.23649421511396443
529	0.26675125983308323
530	0.45898113602498625
531	0.47218494286299717
532	0.05806491876064243
534	0.02949910087867904
537	0.26758989513649045
539	0.020991709683455685
540	0.02970386583003193
541	0.02858354029969655
542	0.01907906383202651
543	0.23831732554483104
544	0.22211299446738345
545	0.1941219350223411
547	0.24486428932014995
549	0.23988027124568087
550	0.006577526082484974
551	0.27247174066088004
552	0.29983065287456606
553	0.22857470291436205
554	0.005871846824292554
555	0.2911393083252499
556	0.3362973136000025
557	0.29213489266488774
558	0.5168017580606799
559	0.253315605561129
560	0.23303383365809688
561	0.271588306375794
562	0.07557676360243643
563	0.030670138566501193
564	0.051941157229207585
565	0.22991068539939769
566	0.7067347758307814
567	0.26730219766790886
568	0.0001396293318447206
569	0.07434617172104008
570	0.4923894937164118
571	0.009724649199910514
572	0.45945775385892956
573	0.28440554503396165
574	0.32320853555750567
575	0.024716345154746154
577	0.005759743870743926
578	0.2226937879799482
579	0.20486910636176803
580	0.05170161418903945
581	0.26820908008530736
582	0.1317016352828474
586	0.4743015765323752
587	0.25210568069429196
588	0.02579974026192761
590	0.479244688257971
591	0.5068196264934397
594	0.29168558171155146
595	0.28292633710749227
596	0.2027297802650163
597	0.07515762254409084
598	0.3285587726559807
599	0.0016903285772148363
601	0.18993403182127702
602	0.3109599466955682
603	0.2438880083021241
605	0.0399161764568261
607	0.25386709876780594
608	0.20297741306818967
609	0.32893720768018087
610	0.23649906358197015
611	0.49367916253783967
612	0.22241410880163107
615	0.019617673186738488
616	0.01874685847584465
621	0.21470396841613754
622	0.5409089185542134
624	0.4911159300328465
626	0.4544056492856519
627	0.012719328886173428
628	0.23443826149367974
629	0.021976314319537806
630	0.035522152759646715
631	0.8019249562484396
632	0.0307153309476974
634	0.008797537461363657
635	0.274336861681583
636	0.08152365151988325
638	0.2733191816555396
639	0.46985582288876404
640	0.2876035840405142
641	0.03220580156276447
642	0.25656325365522
645	0.22988543950187418
646	0.012502948468319942
647	0.06700239191815816
649	0.02762377218901764
650	0.0441352202057572
651	0.14291191108451543
652	0.5740855867836047
653	0.006866843701955429
655	0.05931609073604048
657	0.020588568000102177
658	0.2496902050723886
659	0.050976756856875256
660	0.2580632602370542
661	0.09212540460754237
662	0.5351241680581641
663	0.28883042249194746
664	0.29474506471776607
665	0.034813365319456786
666	0.2728132686562953
667	0.7529238922745258
670	0.4971905772157639
671	0.025368199746369148
672	0.10572568192203322
673	0.22865911742629794
674	0.537370989545062
675	0.23981716478092346
676	0.010415216925306205
677	0.22316461737503077
678	0.015752651373797878
679	0.027531653509666954
681	0.3453203577194332
683	0.0926025509082555
686	0.29942535005059434
687	0.328833601087648
690	0.015838273732650142
691	0.4826392946735226
695	0.01716807515872785
696	0.25885642366967476
697	0.23077431608103907
699	0.5592946808614264
701	0.03700046890973678
704	0.19181395196750628
705	0.22910866674753616
707	0.490372521241357
709	0.04227734783027753
710	0.4860725652514933
711	0.5110565458863988
712	0.23781045332401812
713	0.24852806758964668
715	0.20768026334820688
716	0.47387869426896095
717	0.5461406097016093
718	0.47624799592022815
719	0.21580347543827683
720	0.4470343473206986
722	0.1926386044008471
724	0.2996818639365171
725	0.5322279580635694
727	0.22586907422225594
728	0.5199005203202927
729	0.7194973177350069
731	0.525007784199922
733	0.2326836749923472
734	0.039060321768055295
736	0.049643121439894036
737	0.08884710591203143
738	0.007935478691060698
739	0.2999047814027058
740	0.433104155716587
741	0.02417597190236813
742	0.5192594912045704
743	0.479543940437004
745	0.48973311960273325
746	0.04057792505075973
748	0.020851439834054956
749	0.2564614733569584
752	0.029353421378146324
754	0.5185479794590421
755	0.17990863160827567
756	0.5245514789705273
757	0.010310667262074413
760	0.29847244116250476
763	0.26328517786440087
765	0.04678642011194392
766	0.012401889139821182
767	0.2886380823177669
768	0.20865014255956987
770	0.5413514650538014
771	0.035739531105597105
772	0.00795898820375483
773	0.03624648231106487
776	0.06518483736563385
778	0.25896675918730955
784	0.005351927450794748
786	0.047714141960967835
787	0.0718459716079404
788	0.21570333432128785
789	0.46697646242294794
790	0.010620706628496165
791	0.2514995122936561
792	0.057653553967560486
794	0.28641820123758743
795	0.3219915992039512
796	0.20146609086392087
798	0.2722235862502738
800	0.505653095932034
801	0.48595281930035794
803	0.2918971911435643
804	0.22422132963827335
805	0.025362070843543055
806	0.058782542571246085
807	0.29261665083672517
808	0.49037900121003186
809	0.2415342678305241
810	0.5746271438227782
812	0.2081140184515201
813	0.27202606535224155
814	0.5325249474561929
815	0.28098143929950564
816	0.5184665671133653
817	0.04845315565298318
819	0.23324924765501812
820	0.2963042763790123
821	0.2578191663761778
822	0.5015150899368002
824	0.49964272081232586
826	0.005708421385148238
828	0.2834237751582103
829	0.29470822470220287
830	0.23618902049990534
832	0.292879120411227
835	0.3149939984508465
837	0.31341078486786256
838	0.5302604075781588
841	0.2248006541710612
842	0.2092984140121829
844	0.3261282297009077
846	0.20280444499737652
847	0.4565914171210962
848	0.0008813933951506217
850	0.03789646203684746
851	0.06095679723536229
852	0.02279696959153658
853	0.20273297587242356
854	0.3196693776708012
855	0.42632842691094364
856	0.43844568963281894
857	0.04637516492270703
858	0.2692550672307714
859	0.5390595619129861
860	0.26734570782796496
861	0.5487335559646529
862	0.02652598434812949
863	0.01322713087955786
865	0.2602857880822008
866	0.5015760326323131
867	0.02205962303166395
868	0.055490251682614705
873	0.5023795160005533
874	0.5008637076513498
876	0.012493580905082173
878	0.48031033014994756
879	0.33222988574134366
880	0.28437404020220614
881	0.21728396011057735
882	0.27100754851780967
888	0.27264172719194346
889	0.05292797084364341
890	0.2098487036274922
891	0.5919116354845677
892	0.45878954805235017
893	0.008747350682938203
896	0.0386921791257009
898	0.385416303861499
899	0.04046145740873623
900	0.21124426364579302
901	0.1629919434139948
903	0.2940409348689129
904	0.32122167605951857
905	0.4311652863693169
906	0.5577672495195695
907	0.2831098266550146
909	0.267414043974939
910	0.22380035121911313
912	0.055652252125771434
913	0.4517576703004534
914	0.5587788129175563
915	0.02198805172682902
916	0.22698099078978123
917	0.6047080551736778
918	0.21328392030766632
919	0.055642653913003104
920	0.49957945741495835
921	0.29446830298862425
923	0.5144645412098908
925	0.5075935233258563
926	0.02138684998216131
927	0.24818444891187016
928	0.06426651748869057
929	0.05591783724355756
930	0.4864239391844441
931	0.519354230052102
932	0.023593570827481744
933	0.30693311002877516
934	0.2715636953941402
935	0.4550622038198519
936	0.2374760735711695
939	0.28882939391167595
940	0.26729735864861764
941	0.24526977220492285
943	0.778668774987602
0	0.0
0	0.0
0	0.0
0	0.0
0	0.0
0	0.0
0	0.0
0	0.0
0	0.0
0	0.0
0	0.0
0	0.0
0	0.0
0	0.0
0	0.0
0	0.0
0	0.0
0	0.0
0	0.0
0	0.0
0	0.0
0	0.0
0	0.0
0	0.0
0	0.0
0	0.0
0	0.0
0	0.0
0	0.0
0	0.0
0	0.0
0	0.0
0	0.0
0	0.0
0	0.0
0	0.0
0	0.0
0	0.0
0	0.0
0	0.0
0	0.0
0	0.0
0	0.0
0	0.0
0	0.0
0	0.0
0	0.0
0	0.0
0	0.0
0	0.0
0	0.0
0	0.0
0	0.0
0	0.0
0	0.0
0	0.0
0	0.0
0	0.0
0	0.0
0	0.0
0	0.0
0	0.0
0	0.0
0	0.0
0	0.0
0	0.0
0	0.0
0	0.0
0	0.0
0	0.0
0	0.0
0	0.0
0	0.0
0	0.0
0	0.0
0	0.0
0	0.0
0	0.0
0	0.0
0	0.0
0	0.0
0	0.0
0	0.0
0	0.0
0	0.0
0	0.0
0	0.0
0	0.0
0	0.0
0	0.0
0	0.0
0	0.0
0	0.0
0	0.0
0	0.0
0	0.0
0	0.0
0	0.0
0	0.0
0	0.0
0	0.0
0	0.0
0	0.0
0	0.0
0	0.0
0	0.0
0	0.0
0	0.0
0	0.0
0	0.0
0	0.0
0	0.0
0	0.0
0	0.0
0	0.0
0	0.0
0	0.0
0	0.0
0	0.0
0	0.0
0	0.0
0	0.0
0	0.0
0	0.0
0	0.0
0	0.0
0	0.0
0	0.0
0	0.0
0	0.0
0	0.0
0	0.0
0	0.0
0	0.0
0	0.0
0	0.0
0	0.0
0	0.0
0	0.0
0	0.0
0	0.0
0	0.0
0	0.0
0	0.0
0	0.0
0	0.0
0	0.0
0	0.0
0	0.0
0	0.0
0	0.0
0	0.0
0	0.0
0	0.0
0	0.0
0	0.0
0	0.0
0	0.0
0	0.0
0	0.0
0	0.0
0	0.0
0	0.0
0	0.0
0	0.0
0	0.0
0	0.0
0	0.0
0	0.0
0	0.0
0	0.0
0	0.0
0	0.0
0	0.0
0	0.0
0	0.0
0	0.0
0	0.0
0	0.0
0	0.0
0	0.0
0	0.0
0	0.0
0	0.0
0	0.0
0	0.0
0	0.0
0	0.0
0	0.0
0	0.0
0	0.0
0	0.0
0	0.0
0	0.0
0	0.0
0	0.0
0	0.0
0	0.0
0	0.0
0	0.0
0	0.0
0	0.0
0	0.0
0	0.0
0	0.0
0	0.0
0	0.0
0	0.0
0	0.0
0	0.0
0	0.0
0	0.0
0	0.0
0	0.0
0	0.0
0	0.0
0	0.0
0	0.0
0	0.0
0	0.0
0	0.0
0	0.0
0	0.0
0	0.0
0	0.0
0	0.0
0	0.0
0	0.0
0	0.0
0	0.0
0	0.0
0	0.0
0	0.0
0	0.0
0	0.0
0	0.0
0	0.0
0	0.0
0	0.0
0	0.0
0	0.0
0	0.0
0	0.0
0	0.0
0	0.0
0	0.0
0	0.0
0	0.0
0	0.0
0	0.0
0	0.0
0	0.0
0	0.0
0	0.0
0	0.0
0	0.0
0	0.0
0	0.0
0	0.0
0	0.0
0	0.0
0	0.0
0	0.0
0	0.0
0	0.0
