2	0.23496157698243647
5	0.28088410475859477
6	0.0345308367774699
7	0.05047628091359078
8	0.26454134996704604
9	0.4967735632762502
10	0.023665408238302536
12	0.750742485519202
14	0.03573372560420565
15	0.00220715487815892
17	0.49008528602196033
18	0.0358632501951941
19	0.23063859786566834
20	0.5419338514550961
24	0.25847267666842383
25	0.23396948974157789
27	0.2845167963062346
28	0.2825458524354214
31	0.25972134591143253
32	0.4998264977911116
33	0.2570148570685431
35	0.2708166072142975
36	0.5130268600107936
39	0.22740515982455367
40	0.24329782197547223
41	0.551822040843995
42	0.05222863006840246
43	0.2481627336972955
44	0.02923109845455494
45	0.539616261978609
46	0.24236992887705602
47	0.022898671001342217
48	0.256006398335206
51	0.5660679340817988
52	0.5381235845147163
53	0.2267433694412996
54	0.053869882031763405
55	0.5085460624232749
56	0.08226802950881822
57	0.08933490763129406
59	0.0512035990221878
60	0.2689905148193217
61	0.13475603960624527
62	0.02928052342062516
65	0.21845912409874038
66	0.4985574375767715
67	0.2646028613648257
68	0.29606946005927215
69	0.0348006322199922
70	0.06289352848849036
71	0.49339121799260666
75	0.22966514028304705
76	0.262296038710392
78	0.25331314900598517
79	0.0336823793554934
80	0.21536239655831174
81	0.3073891376600921
83	0.4882067005942331
84	0.26853450117855626
86	0.5247262416923858
87	0.30551863231861
88	0.047469813308093
89	0.27358883280055396
91	0.5082421658236487
95	0.04222561016514545
96	0.027626850969273753
99	0.3002014127072326
100	0.25232206988607025
101	0.5240268199708695
102	0.030398179738337326
103	0.2102858030152746
104	0.17822617395685866
106	0.4582163832249261
107	0.023226141709516427
109	0.2709470196971976
110	0.018091391968606322
111	0.23250919169808995
113	0.24276996183502086
114	0.2777934835225905
117	0.050202796573031984
118	0.2858937830770391
120	0.30010538469854803
121	0.041407621470239256
122	0.26978419427293177
123	0.016543120392953255
124	0.520012609015761
125	0.5011323006079932
126	0.5138084499930669
127	0.52935709866279
128	0.5246733394393229
129	0.07421560888647516
131	0.23075337872497229
133	0.2523840152877721
134	0.06121014939369054
136	0.017706147687138876
137	0.5016507569047898
138	0.26140952629524644
139	0.26873528106463823
141	0.2237078856602261
142	0.04908319549723188
143	0.23897754365347157
145	0.2605097666972891
146	0.007590761720550381
147	0.30327865004444965
148	0.47741355814901937
149	0.0017953193189830172
150	0.009102875878939515
151	0.027991115603964164
152	0.5229741777975643
153	0.07588408531169427
154	0.27328016571937525
156	0.258516971413624
157	0.30162698165771235
159	0.4793903071987432
161	0.1917320241648876
163	0.4742591696457411
165	0.2507661746027875
166	0.30132899737791763
167	0.035768515902898736
168	0.2672588231897553
169	0.5198113143204589
170	0.4825691955280056
171	0.4691338254041548
175	0.25645526427977916
177	0.2671442777375265
178	0.03182363557954148
180	0.4768080685260233
182	0.055830551988291885
185	0.20410126689530078
187	0.23508113288486754
188	0.03034306287510749
189	0.01482948207090069
190	0.21986281987172684
191	0.7305146248849504
194	0.06110594570297536
197	0.4863135337426381
199	0.2812526901064089
202	0.5407185249354995
204	0.2728083899973356
205	0.46092082459751954
211	0.06381295218205046
212	0.04839648728158903
216	0.02950098034605759
218	0.08300928983950209
219	0.01797678572728244
220	0.3090084396545556
222	0.23186611043761884
224	0.2526167360417772
228	0.22191829918660416
229	0.207857010845582
230	0.2606093826099499
231	0.5285283941073893
233	0.2813861065277467
237	0.014277351606402283
238	0.3019695060067999
240	0.008565452162032076
241	0.4518868680032535
242	0.06626437883510725
243	0.012477052532269089
245	0.4967796102187647
246	0.07423976379737712
247	0.2664762214313263
248	0.24245894056194642
251	0.001499220392126896
254	0.30074969944435104
256	0.014676875467649654
257	0.2608221999332156
258	0.5351329144653667
260	0.29803889847491094
261	0.48279850221987264
264	0.27726998080309984
265	0.0023292247208353406
268	0.04757249966668555
272	0.22809035379200235
273	0.22758923219395738
274	0.5296284774373445
275	0.7609179876853909
277	0.2553855265292352
278	0.029691906836364402
279	0.47013328275096267
281	0.49058952720154597
282	0.003406878613805321
285	0.19716382091476567
287	0.013360874580569917
289	0.6153964870244737
294	0.048019625533152546
296	0.0316548914413905
298	0.03428677843640525
299	0.05121296676377778
300	0.3275969056853754
301	0.29270242072148783
302	0.3355730008657291
304	0.2888069810456836
306	0.5716568574420191
307	0.23566155623231444
309	0.5374867281014978
310	0.4839216830235473
312	0.002245475219089379
313	0.24683568703504627
314	0.2769544919374627
317	0.01478757259321662
320	0.02515178843236631
322	0.5051419858537963
323	0.30140543741693293
324	0.021672678291033445
326	0.2916947235217335
329	0.008516557182200016
330	0.25200145537990115
331	0.20602269871084306
332	0.2622575036542232
333	0.04875652057196334
335	0.16189276073369196
336	0.7607947470839969
337	0.4650823051823931
338	0.026185891996753134
340	0.24285215480161196
345	0.03276154033068719
346	0.29370090483503597
348	0.29488821371312945
349	0.003740076555016958
352	0.07444536183184874
353	0.19332546432244474
356	0.2881961003147542
357	0.0142802218779388
359	0.29360516509205414
361	0.0597810947901531
362	0.012915657684525454
363	0.26708111396366907
365	0.013003314558682411
366	0.026280225901171073
367	0.2761831414017444
368	0.5066523435137992
369	0.5094071830211423
371	0.0013355553652267121
372	0.010515436083194954
375	0.027325734216386025
376	0.5333323645406514
377	0.2419806486114817
379	0.021913208758147968
381	0.01736893444681518
383	0.0324015377487354
387	0.024390706235212327
388	0.22561729868284458
389	0.03236054191163912
393	0.2812134091858968
395	0.04162230043565983
396	0.49193206303221726
398	0.03148996300517055
400	0.5188905569284941
403	0.2885202075140918
409	0.035679143135627034
410	0.315451880575664
412	0.04125185727489378
413	0.2936546341572438
415	0.025958603372765062
416	0.008273004201692448
418	0.35659965052185916
419	0.24245913897462565
420	0.02829929615979671
421	0.5380998634818271
422	0.004293688643861225
423	0.02721971128807649
426	0.02501786348223864
427	0.009161693623407848
428	0.008474803631384632
431	0.5002211481769019
432	0.031143570677334417
434	0.21248993634536442
435	0.04607852553340738
438	0.03436498628523002
439	0.24110408645449888
440	0.29136869901589224
441	0.28629787899846687
444	0.2369321932027899
446	0.2925842373879447
447	0.011728194497715463
448	0.1930386643146818
449	0.0758409625506038
451	0.2663654374333966
452	0.21059206684741183
454	0.26159292078442015
455	0.014182238001567926
459	0.27559131303012746
461	0.039917462840987974
466	0.29608195098816387
468	0.01729126466881142
469	0.2690044027690337
470	0.29170500642553104
471	0.5092770711433194
472	0.27936237829681126
473	0.2786309393079051
474	0.0444054631035399
475	0.28098116385171656
476	0.24151552097395532
477	0.2173358538630877
481	0.2634901635561994
482	0.5152820337334352
483	0.537128097299137
484	0.05624661544135366
488	0.2870027102054299
489	0.4783871113804122
490	0.039366254684887525
492	0.5080124240952474
494	0.47034956591836946
495	0.028068368447996338
497	0.035891723166160634
502	0.25729685900213917
504	0.029615736147360273
505	0.2863673946709493
506	0.04520260760996638
507	0.021439921528413355
509	0.22128057837295767
510	0.009405050178513365
511	0.07137284902062425
512	0.27502226754228215
513	0.4969169059111966
514	0.02510105701396412
515	0.503252565349076
516	0.023443801503066262
517	0.31968475768938354
518	0.48313130576521085
519	0.04908667304381292
520	0.10616971336546319
521	0.03625727299329859
523	0.25976890894746507
528	0.06865115934733645
529	0.007662045242158352
530	0.00038963150519540773
533	0.5308016164642464
534	0.25454558953133805
536	0.2924325691524204
540	0.28227475271191205
541	0.027289979483227873
545	0.2640901801389618
546	0.52139432000405
547	0.017984272377223373
548	0.22136126366427045
550	0.29572019052999027
552	0.27815175972237893
553	0.03207320672724753
554	0.5528668677652063
556	0.043204044602733624
558	0.04223738646374735
559	0.4986210930352564
563	0.5243349016463819
564	0.2631030955681561
565	0.5283644701737525
568	0.29161150482306275
571	0.03444931085005616
575	0.7162176787453396
576	0.52867431078646
578	0.521509828785151
580	0.2582575960484417
582	0.23411479362975324
583	0.4778925504967209
584	0.026667813661027384
585	0.21773563206509272
586	0.017510717774497846
587	0.02048030294334282
593	0.2963176150014537
594	0.49271607600459916
596	0.4925240030048172
597	0.242369490509953
599	0.00323311681566886
600	0.016089277851635976
601	0.01995933237715224
602	0.04899434761383954
604	0.4101233728402258
607	0.2525997870825833
609	0.32061124984359074
610	0.016157940269465522
611	0.276780027040827
612	0.2552693700969681
613	0.2584067651934744
614	0.17335416336281853
615	0.01574677917288554
616	0.28666717599026803
618	0.2788755044485127
619	0.7514202003475763
620	0.5242492009808222
621	0.23783233920068148
623	0.49018234292486923
625	0.04112472886301626
627	0.07137305995401645
628	0.020584121099287245
629	0.029829160010462916
630	0.22288089117884913
632	0.2981111231230547
633	0.23990163691494076
634	0.04097447136067037
636	0.2586198004835027
638	0.0030323169662280006
639	0.0038779987939675624
642	0.28868634327589904
645	0.01126240679961706
646	0.2428099181763203
648	0.4783211304729762
650	0.032972318422199914
651	0.25405672045629923
653	0.274629465493373
654	0.253858388936835
656	0.21264591027154048
657	0.04294946399632233
660	0.03895475218055699
661	0.02249523208371647
662	0.19886222408470566
663	0.5038717790466666
667	0.04307795287128437
671	0.23050033250491422
672	0.4770787764155275
673	0.5081052227133934
675	0.27154911493811307
677	0.019495314620514115
678	0.1795930319430134
679	0.28933162393011447
680	0.4971262013390052
681	0.22986498779284334
682	0.05220120731578913
684	0.28818495796632587
688	0.2578797193899473
689	0.5370221940804552
691	0.017807773285090412
692	0.04185755694691698
694	0.5254957722672827
695	0.2771742952620501
697	0.017533175454345136
698	0.5207011322994065
700	0.2990213683074988
701	0.2971297262515135
702	0.22624919735344298
703	0.5275447415507484
705	0.27387863146723523
706	0.2430204885013519
708	0.5282181762855096
709	0.04269284300635905
712	0.5159825745026742
714	0.7647730290671925
715	0.031044706369811485
718	0.2255125952366694
719	0.010971400684654055
720	0.049959700132099744
721	0.02680745487929427
722	0.06115652204049851
723	0.7819575042409952
725	0.01873962810800348
728	0.23410921513944133
729	0.014115574870539039
730	0.2445058896076694
731	0.010431914086693531
732	0.27079698445366135
735	0.04557706027110445
737	0.03408355040309264
739	0.24918496262026418
750	0.27298114680009855
751	0.05987085925534517
754	0.01593647912173501
755	0.039733111247588396
758	0.0005231375324956794
759	0.23741588474100964
761	0.24444973075270635
762	0.49849271363788544
765	0.02526813777517484
766	0.04147560317831367
769	0.03898463801392696
772	0.269050260456866
774	0.09687722057117178
775	0.24861960349042286
776	0.24609851557942192
777	0.0629675217460187
778	0.2301615566895969
779	0.24460800815381317
780	0.025234125985949978
781	0.494002311456094
782	0.011783237879998815
783	0.23391740408668177
784	0.0030905885408941403
785	0.5513927313982275
787	0.023853116283160815
789	0.28211810761312917
791	0.3160830417840371
792	0.05813699905996633
793	0.21072953769001554
794	0.0008576439678803019
796	0.24351932245742516
797	0.8037712186187014
798	0.5292371074070048
799	0.5283309629923881
800	0.020584121099287245
801	0.22243895822718282
802	0.5340301076626802
804	0.28867019285325235
810	0.02110416123229835
811	0.7732866890878141
812	0.2290679114040056
813	0.2892729292318825
818	0.009282315796381366
819	0.2518465663159388
825	0.7500118723493303
826	0.024406834008917674
827	0.20554024864841222
828	0.005776464956011022
829	0.04063340197338239
831	0.2702342293358562
832	0.2791265874256112
834	0.5352404176390109
836	0.23756005140810274
837	0.018388877818033732
839	0.01918947655582149
842	0.015214126510120045
843	0.26507702859721965
844	0.24902620755444457
845	0.07792700292318205
847	0.26302277167477855
848	0.0013365656230079383
849	0.28781631685948666
850	0.03947240290045005
851	0.047140831576597444
855	0.04171350466834686
856	0.0036375953705376773
857	0.08602526279307161
858	0.2865506359625378
859	0.0013502216258433342
860	0.03713268365466402
862	0.05556610443596831
863	0.2910121564912002
864	0.028658262315121627
867	0.012053742600508663
868	0.02464869115608549
869	0.02901813746795393
871	0.25092007867289384
872	0.5407267396029775
875	0.2537144997657299
876	0.26992091604171764
877	0.05054884434073689
878	0.025370291072575053
879	0.24086800489373109
881	0.27278859550785356
884	0.29232165444298785
886	0.023448397272043325
888	0.24717632923600913
889	0.03176233936185002
891	0.008161364003221493
892	0.02473424682482108
893	0.06308180071789235
895	0.3106979509911616
897	0.029759901532821625
900	0.005091327453943653
902	0.2703320296756104
909	0.015221114873263837
911	0.2258090412597708
914	0.26865186909981215
915	0.25444738567503883
920	0.03737482979972455
921	0.25184451697574906
922	0.2098468554242656
924	0.014939497635254269
925	0.01697521733003851
926	0.27494646822357116
927	0.5096295013618288
930	0.25272704595739953
935	0.278137827856016
937	0.23250919169808995
938	0.02146875157959308
939	0.281664587681146
942	0.04087351283137287
0	0.0
0	0.0
0	0.0
0	0.0
0	0.0
0	0.0
0	0.0
0	0.0
0	0.0
0	0.0
0	0.0
0	0.0
0	0.0
0	0.0
0	0.0
0	0.0
0	0.0
0	0.0
0	0.0
0	0.0
0	0.0
0	0.0
0	0.0
0	0.0
0	0.0
0	0.0
0	0.0
0	0.0
0	0.0
0	0.0
0	0.0
0	0.0
0	0.0
0	0.0
0	0.0
0	0.0
0	0.0
0	0.0
0	0.0
0	0.0
0	0.0
0	0.0
0	0.0
0	0.0
0	0.0
0	0.0
0	0.0
0	0.0
0	0.0
0	0.0
0	0.0
0	0.0
0	0.0
0	0.0
0	0.0
0	0.0
0	0.0
0	0.0
0	0.0
0	0.0
0	0.0
0	0.0
0	0.0
0	0.0
0	0.0
0	0.0
0	0.0
0	0.0
0	0.0
0	0.0
0	0.0
0	0.0
0	0.0
0	0.0
0	0.0
0	0.0
0	0.0
0	0.0
0	0.0
0	0.0
0	0.0
0	0.0
0	0.0
0	0.0
0	0.0
0	0.0
0	0.0
0	0.0
0	0.0
0	0.0
0	0.0
0	0.0
0	0.0
0	0.0
0	0.0
0	0.0
0	0.0
0	0.0
0	0.0
0	0.0
0	0.0
0	0.0
0	0.0
0	0.0
0	0.0
0	0.0
0	0.0
0	0.0
0	0.0
0	0.0
0	0.0
0	0.0
0	0.0
0	0.0
0	0.0
0	0.0
0	0.0
0	0.0
0	0.0
0	0.0
0	0.0
0	0.0
0	0.0
0	0.0
0	0.0
0	0.0
0	0.0
0	0.0
0	0.0
0	0.0
0	0.0
0	0.0
0	0.0
0	0.0
0	0.0
0	0.0
0	0.0
0	0.0
0	0.0
0	0.0
0	0.0
0	0.0
0	0.0
0	0.0
0	0.0
0	0.0
0	0.0
0	0.0
0	0.0
0	0.0
0	0.0
0	0.0
0	0.0
0	0.0
0	0.0
0	0.0
0	0.0
0	0.0
0	0.0
0	0.0
0	0.0
0	0.0
0	0.0
0	0.0
0	0.0
0	0.0
0	0.0
0	0.0
0	0.0
0	0.0
0	0.0
0	0.0
0	0.0
0	0.0
0	0.0
0	0.0
0	0.0
0	0.0
0	0.0
0	0.0
0	0.0
0	0.0
0	0.0
0	0.0
0	0.0
0	0.0
0	0.0
0	0.0
0	0.0
0	0.0
0	0.0
0	0.0
0	0.0
0	0.0
0	0.0
0	0.0
0	0.0
0	0.0
0	0.0
0	0.0
0	0.0
0	0.0
0	0.0
0	0.0
0	0.0
0	0.0
0	0.0
0	0.0
0	0.0
0	0.0
0	0.0
0	0.0
0	0.0
0	0.0
0	0.0
0	0.0
0	0.0
0	0.0
0	0.0
0	0.0
0	0.0
0	0.0
0	0.0
0	0.0
0	0.0
0	0.0
0	0.0
0	0.0
0	0.0
0	0.0
0	0.0
0	0.0
0	0.0
0	0.0
0	0.0
0	0.0
0	0.0
0	0.0
0	0.0
0	0.0
0	0.0
0	0.0
0	0.0
0	0.0
0	0.0
0	0.0
0	0.0
0	0.0
0	0.0
0	0.0
0	0.0
0	0.0
0	0.0
0	0.0
0	0.0
0	0.0
0	0.0
0	0.0
0	0.0
0	0.0
0	0.0
0	0.0
0	0.0
0	0.0
0	0.0
0	0.0
0	0.0
0	0.0
0	0.0
0	0.0
0	0.0
0	0.0
0	0.0
0	0.0
0	0.0
0	0.0
0	0.0
0	0.0
0	0.0
0	0.0
0	0.0
0	0.0
0	0.0
0	0.0
0	0.0
0	0.0
0	0.0
0	0.0
0	0.0
0	0.0
0	0.0
0	0.0
0	0.0
0	0.0
0	0.0
0	0.0
0	0.0
0	0.0
0	0.0
0	0.0
0	0.0
0	0.0
0	0.0
0	0.0
0	0.0
0	0.0
0	0.0
0	0.0
0	0.0
0	0.0
0	0.0
0	0.0
0	0.0
0	0.0
0	0.0
0	0.0
0	0.0
0	0.0
0	0.0
0	0.0
0	0.0
0	0.0
0	0.0
0	0.0
0	0.0
0	0.0
0	0.0
0	0.0
0	0.0
0	0.0
0	0.0
0	0.0
0	0.0
0	0.0
0	0.0
0	0.0
0	0.0
0	0.0
0	0.0
0	0.0
0	0.0
0	0.0
0	0.0
0	0.0
0	0.0
0	0.0
0	0.0
0	0.0
0	0.0
0	0.0
0	0.0
0	0.0
0	0.0
0	0.0
0	0.0
0	0.0
0	0.0
0	0.0
0	0.0
0	0.0
0	0.0
0	0.0
0	0.0
0	0.0
0	0.0
0	0.0
0	0.0
0	0.0
0	0.0
0	0.0
0	0.0
0	0.0
0	0.0
0	0.0
0	0.0
0	0.0
0	0.0
