2	0.21188876260461054
3	0.005477084799926701
5	0.0277159714902197
7	0.3229787780640093
8	0.4857364183341901
9	0.2537473322663642
11	0.3432086096989309
12	0.4691571156762512
15	0.805801757801755
16	0.06076681280547901
17	0.2693472756804943
18	0.2450287979424474
19	0.001192155478345322
20	0.482029070525795
22	0.2322288072246495
26	0.18371381313973634
27	0.16297831682864428
28	0.25985202976567706
29	0.013980526163137455
30	0.053189576519694304
32	0.7128938811399153
34	0.1951410101515858
35	0.23814484663169466
36	0.024422479349049637
37	0.45692403781381474
40	0.039297079879017954
41	0.24952164735259572
42	0.008515399538921394
43	0.004367469443683457
44	0.03882072963629736
45	0.4684657347790324
46	0.2804301566553559
51	0.48340581044964404
52	0.49321348902411405
53	0.25717479126811577
54	0.26662777238212265
55	0.727720915728282
56	0.3069119424502191
57	0.2412441121270539
60	0.01652181209930401
61	0.14239304344286124
63	0.1981401826893282
64	0.07216102189272261
65	0.5247200345807731
67	0.4900813956995699
68	0.5142077301465188
69	0.033339609422103914
70	0.27575670364837945
71	0.25044358979437525
73	0.030975568899363065
74	0.02002970793392023
75	0.2443307324424811
76	0.26715880121357233
78	0.5217386148963261
79	0.45866577893053395
80	0.29555995024508097
81	0.24539453073463857
83	0.208371714456887
84	0.49065713301180425
86	0.039641689437760974
87	0.2712356725868349
88	0.2583004583321525
92	0.24591967822447774
93	0.17403540591177985
95	0.271255307797746
96	0.30943321847501076
98	0.21831311187778768
99	0.4885669635180616
101	0.45613006453197663
102	0.470148818827299
103	0.21817866462976715
104	0.16091202705703045
106	0.4356270548219207
109	0.31699411312301595
112	0.2448149473750052
114	0.17020447655313525
115	0.07460480293807877
117	0.7532794414564986
118	0.5029834251531168
119	0.2665690721214357
121	0.01685827926564816
122	0.48354038356259643
125	0.4707088297701484
126	0.19486873733668997
127	0.20645223756953593
128	0.718569544038486
130	0.27391966560133424
131	0.432207405237493
134	0.4205168890810664
135	0.24560361109352563
136	0.019989684446275555
137	0.23835177469654734
139	0.053803234482143455
140	0.046786944993000824
141	0.4070847516227401
142	0.25440711104296865
143	0.001484505499784898
144	0.06809272598986699
146	0.31286402540474795
147	0.48222339615511395
148	0.004042594502323242
149	0.418208761051368
150	0.024003109894964625
151	0.0054783732618974915
152	0.5036414396968322
153	0.05765310654862887
154	0.22609168978426086
155	0.47029005019391085
156	0.23281733395417714
157	0.7236857191111113
158	0.19985007200745264
159	0.4616873705262462
161	0.18652439599925594
163	0.22633750788784432
164	0.014345068297783627
165	0.2182182942543532
166	0.2758265497868207
167	0.030878854997900815
169	0.24656964181046118
170	0.44254213109548646
172	0.01011409514553857
173	0.017419243605327008
174	0.26912879980975574
175	0.0029289395987351016
176	0.018551937121078065
177	0.009654188794554427
178	0.5188769526581377
180	0.2681301253783947
182	0.005722935819751231
185	0.49408328406362956
186	0.18452938605824815
187	0.471819564784351
188	0.24085918741982326
189	0.05855780053837936
190	0.43127220059004445
191	0.4227285852326971
193	0.27358497911766616
194	0.26576792385836534
196	0.3127920235728563
197	0.4194713557959906
199	0.24010014994614806
204	0.46951577663544886
207	0.27108717086308076
208	0.21860308742331166
211	0.35102138247031267
212	0.5608919001406217
213	0.0040431708288536684
215	0.2110840231261042
216	0.29282328157150134
217	0.045090571519221856
218	0.027230527484387153
219	0.44144531994770125
220	0.05807790868778103
221	0.001840875835445694
223	0.2479941638942298
224	0.2874653828753032
225	0.002494388713146764
227	0.020738159118427593
228	0.5287849507754396
229	0.4191639256942262
230	0.31119244016458575
231	0.48871206333607553
233	0.5132706174899647
234	0.004299831830531047
235	0.04426237593436237
237	0.010274881532176226
238	0.015860266715966284
240	0.021457288699206486
241	0.5385000000549851
242	0.2878177661742606
244	0.011065491240012985
246	0.2490662095777364
247	0.261423530525598
249	0.22567401552856706
250	0.25375807932141103
252	0.23083438733171038
254	0.47197296914481895
257	0.6961078906915882
258	0.5101082447073391
260	0.291748146318621
261	0.48447152704079716
262	0.03782490433900215
263	0.3030784414721945
264	0.012039694265330567
266	0.15695885741797463
268	0.025634240280752056
271	0.013827125408407363
273	0.4834184912987732
275	0.48303916757003074
276	0.2295560859175761
278	0.4667066081934512
279	0.0860154828676613
281	0.24974827932517646
282	0.2324540127073336
287	0.452911657259661
289	0.3427311111213831
290	0.07154927623652808
291	0.2545394016390955
294	0.22205070649801684
295	0.29790837761155764
296	0.22951873282763147
298	0.011611789213994958
299	0.02218537964161823
300	0.13217016588793282
301	0.24500390504275735
302	0.26900889026439945
304	0.25283656737186294
306	0.7208911090542506
310	0.5246344958967666
311	0.03761753162207458
314	0.006311695741472369
316	0.21162030424711942
317	0.24425747101052603
318	0.29923902221334553
319	0.02757902230907896
322	0.0320228509229136
323	0.045639195330488345
325	0.24014326390436144
326	0.030107269441385694
328	0.012435691136030116
329	0.22617045693015053
330	0.7375282992801944
331	0.0017411583931890365
332	0.22294594885831018
333	0.27645980388083463
334	0.07849569265070383
336	0.48211745838242664
337	0.26356824806933205
341	0.25129601076399255
343	0.29976908296838517
346	0.26060763660616476
347	0.010155388527812573
348	0.24137993363346497
349	0.28710998803520693
352	0.2912006588765659
353	0.2724532038266743
354	0.05255466251127923
357	0.266094229187539
358	0.025860532992427108
359	0.22429433276471916
361	0.2781876238959361
362	0.18437542690395317
363	0.010063687040530848
365	0.0077071862870876084
366	0.2729391024343789
367	0.24629964835856888
368	0.44219110489038926
369	0.7181983876901504
371	0.30100661232377435
372	0.21610953540553687
375	0.02616657160875348
376	0.2593215476337447
377	0.19327913291516746
378	0.009604023248371153
383	0.22671980284671145
386	0.2416877886339088
387	0.054423188663590596
392	0.0001805602156905728
393	0.4829836848112832
394	0.22900327321903835
395	0.2420749828032937
396	0.5551471724068102
397	0.07579997258559823
398	0.008618329304449196
399	0.04931712137606385
400	0.22930759231877945
403	0.24753962233411358
409	0.00455202159171391
410	0.4926632184352602
412	0.025721582776369142
413	0.49908208192215064
415	0.2907903258331145
416	0.21367881669093042
417	0.0357348115946262
419	0.4698997702975252
420	0.22637778439730707
421	0.026437915972371537
422	0.30079444424147145
423	0.2577041657783652
426	0.237564851470822
429	0.01891464418283375
431	0.24662878594026152
432	0.5008278622066179
433	0.0016551821366125527
434	0.3250747182785053
435	0.000678007884175949
436	0.2930814664533434
437	0.05290205739436735
438	0.023325637158222605
439	0.4949235791294935
440	0.26097036324335515
441	0.2237492832432616
443	0.26172704026780635
449	0.5430553900503502
450	0.25359500288671344
452	0.08154326985643522
453	0.5249843546827095
454	0.2722075183694898
455	0.10252774324509902
456	0.23540954081017101
457	0.010677281767170907
459	0.014311759529154224
461	0.08091818500551291
462	0.0031581778091152347
466	0.03631173120290343
469	0.010292983747636344
470	0.706089107753678
471	0.2185256496225628
472	0.22748746265314052
473	0.24762804921143672
474	0.259287229259606
477	0.21655497967889387
478	0.003357337112443043
481	0.21480577158069614
482	0.49565369609435567
483	0.48785972284957996
484	0.2633019729492884
487	0.24517816369028878
488	0.25908252652169284
492	0.21729874402449187
495	0.5340282323113302
496	0.24929765954946972
497	0.24185496128385925
499	0.00202303150044246
502	0.008466302173442478
503	0.06856869958302127
504	0.023040977660229
505	0.24905262698875194
507	0.04277812829174703
508	0.05885451603712949
509	0.13982197328410992
510	0.2662579679525913
511	0.30422812713358277
512	0.23589032199991064
513	0.2554163496007469
514	0.05039588349249691
515	0.008136541733696934
517	0.25186582114996464
519	0.536488977672142
520	0.49258706460562607
521	0.0028464581853566324
523	0.0036537101341121356
524	0.02877307601529376
528	0.2672207233369364
529	0.023936091532115216
530	0.017601635387291432
531	0.2336061207201739
532	0.009006011502125405
533	0.2456284816050949
536	0.24245771506853314
537	0.23247157129563661
538	0.04206881437786893
540	0.23367599757245228
544	0.38263041398090863
545	0.28151136820369765
546	0.4999786738409121
549	0.020488337982716445
550	0.24461567448106786
551	0.021447864409561576
552	0.464078242805566
554	0.7100007000083826
555	0.23585432801814582
556	0.26654485040988735
557	0.2646972150515271
559	0.45708196149745656
563	0.6895421584356319
564	0.2987762598469821
565	0.22659070510832216
566	0.015387968139864261
568	0.07743470944655279
570	0.17530981098003434
571	0.020527521520795584
573	0.006857693800962336
576	0.23235628049766727
578	0.48054785669732847
580	0.17625916626171734
582	0.24581390303514966
583	0.007724906951221168
584	0.2954384671092776
589	0.039972121572240824
590	0.24179915327293094
592	0.010049366076422706
593	0.5191574440813609
594	0.46914656452319237
596	0.469425309329418
598	0.5034609881220945
600	0.02559182175120739
602	0.24140368114261315
603	0.0060396318617582725
604	0.2590805945803712
609	0.4197098141819051
610	0.2956018146747258
611	0.2380322235107652
612	0.4652595307456941
615	0.0008405671957074368
616	0.4878476309530738
618	0.23836771136239784
619	0.23162071270989315
620	0.7523151535642749
621	0.010208064871098196
622	0.23839380433068694
623	0.2248951875733309
624	0.3041648561536618
625	0.056616352080187296
626	0.21715963073483263
629	0.5272952225915505
631	0.020420420246682294
632	0.2975681155224582
633	0.06414043875176273
634	0.07388830862131124
636	0.0055927860740276406
637	0.0050988990258752954
640	0.006758858169376353
642	0.24319183172571832
644	0.2523840152877721
645	0.013060860000052663
646	0.6593846617112049
647	0.04551232484765618
651	0.20986450111555693
653	0.2339112697524986
654	0.21483028324931605
655	0.3118439041983589
657	0.2553327109951629
660	0.489558269264704
661	0.0002545033317280232
662	0.19984306842171864
663	0.23712446962174974
665	0.018945464788020408
666	0.016304956818586226
667	0.04263982942660756
671	0.31584881636414974
672	0.4710581687443414
673	0.2808410926239764
674	0.2289545491488832
675	0.5583207049259091
679	0.7226644225181851
680	0.012407328511845301
681	0.6853945553481101
684	0.27559794467776233
687	0.22580931341284322
688	0.25662711351944023
689	0.4494574769858135
691	0.240623231719422
692	0.05698390615575833
694	0.529558829303018
695	0.04730425295146541
697	0.22396701779257372
698	0.44395004843605357
700	0.26675216043037386
701	0.49870574789348077
702	0.20922954105492153
703	0.24392084404165962
705	0.22720791604187088
706	0.2395372769166559
708	0.47422452594924264
709	0.23498976270836253
711	0.001468131320660003
712	0.4716340459242663
714	0.24430050548613724
715	0.24697061063957104
716	0.22403936387230558
717	0.2867398785905269
718	0.21270608288387693
719	0.00016541217310665768
720	0.01951963540425761
721	0.06163370059925807
722	0.21010353836478043
723	0.477140317877574
725	0.4312059954743383
726	0.2982579709947233
728	0.2388929167009225
729	0.18558109564902603
730	0.011016386473272546
731	0.26321690840719847
732	0.23330739291666383
733	0.0106461786559396
734	0.04990041746215067
736	0.025124682261957233
737	0.03409892471433152
738	0.22196629867894052
742	0.008295997146836594
746	0.027328426842604378
750	0.22675490144153895
751	0.033184305695492494
754	0.4842722017099393
755	0.014018973493436532
757	0.0171832456127113
761	0.0003758466965311999
762	0.2522937042311355
765	0.24651672551993065
766	0.02046601779165766
769	0.229865816962253
770	0.007860197302282084
772	0.24146211280530935
773	0.018009312249371086
774	0.06400028575964004
775	0.24161540500597467
776	0.4498057101722805
777	0.06888049125829937
779	0.005662440565564305
780	0.30162215819443505
781	0.21160006144256016
784	0.008193107513089125
785	0.2798497156100667
786	0.31912356350761584
787	0.010050088008098472
788	0.525432665930101
789	0.0026792012755307015
790	0.20457852053013917
791	0.23179749619436757
792	0.036209449790424744
794	0.0026790779801745754
797	0.27450494640827205
798	0.2516282796566269
799	0.24969408963547773
801	0.230890459128067
802	0.0011165631385652505
803	0.046716360112630646
804	0.25452636778620524
807	0.2682367436079992
810	0.2226722432633894
811	0.25185656196304507
814	0.03471067835196308
815	0.2485841852087531
816	0.2420827398110291
823	0.2718543840221691
824	0.0064549877571600835
825	0.23631091085594594
826	0.21383140103944676
829	0.01764209309999979
830	0.21812483929399054
831	0.21566371779707316
832	0.7288995671968064
834	0.4606943244196039
835	0.0009105327188129939
836	0.0024715759121162334
837	0.21979367274202527
838	0.25992946069526285
843	0.043928160592392684
844	0.2398503661129729
845	0.5420644228846189
847	0.25672722808830833
848	0.038052656058411835
849	0.01764209309999979
850	0.24093126582433802
851	0.022515061795122734
852	0.017184352168956515
855	0.19519947373119578
856	0.016106005211374067
857	0.2591158770460154
858	0.2193118105937786
859	0.039792108120591904
860	0.23124655396361044
862	0.25473452983957706
866	0.11195256506459703
868	0.019126714933482364
869	0.2780918001144886
870	0.05147495280819765
872	0.22881356495276314
873	0.23225543591460945
874	0.00021863825255640304
875	0.3017803576126099
876	0.6878494187861292
877	0.022984054141070187
878	0.019934014831488198
879	0.22879207837542997
880	0.009526255972946762
881	0.031703096686920826
882	0.012040819449742599
885	0.17697841004539505
888	0.43843563878355274
889	0.24740574216766134
890	0.0894374092994775
891	0.22487061642716427
892	0.021300155315966716
893	0.25438305049875026
894	0.06254647819386316
895	0.28032438745098026
897	0.27414078304347556
902	0.3204621567982853
903	0.014024558845411799
904	0.01022121344678921
906	0.25850293292637777
907	0.043469191831033274
908	0.30556702911546013
909	0.22830089066436496
912	0.09897150593587309
914	0.1740449460571396
915	0.4505133003129045
916	0.19315765535638874
917	0.25906713992244684
919	0.05568401706705593
920	0.22513449077246264
921	0.20682860627673114
922	0.17519120033462499
923	0.241450549745917
925	0.0003130649245814236
929	0.03863815849667699
930	0.2647863842284397
931	0.0025229879109127384
932	0.0034436507622443886
933	0.02451392595688427
934	0.015911171591205198
935	0.476047582479697
936	0.2524438843583323
939	0.2821772392110367
941	0.24648675602253078
942	0.2506984422774369
0	0.0
0	0.0
0	0.0
0	0.0
0	0.0
0	0.0
0	0.0
0	0.0
0	0.0
0	0.0
0	0.0
0	0.0
0	0.0
0	0.0
0	0.0
0	0.0
0	0.0
0	0.0
0	0.0
0	0.0
0	0.0
0	0.0
0	0.0
0	0.0
0	0.0
0	0.0
0	0.0
0	0.0
0	0.0
0	0.0
0	0.0
0	0.0
0	0.0
0	0.0
0	0.0
0	0.0
0	0.0
0	0.0
0	0.0
0	0.0
0	0.0
0	0.0
0	0.0
0	0.0
0	0.0
0	0.0
0	0.0
0	0.0
0	0.0
0	0.0
0	0.0
0	0.0
0	0.0
0	0.0
0	0.0
0	0.0
0	0.0
0	0.0
0	0.0
0	0.0
0	0.0
0	0.0
0	0.0
0	0.0
0	0.0
0	0.0
0	0.0
0	0.0
0	0.0
0	0.0
0	0.0
0	0.0
0	0.0
0	0.0
0	0.0
0	0.0
0	0.0
0	0.0
0	0.0
0	0.0
0	0.0
0	0.0
0	0.0
0	0.0
0	0.0
0	0.0
0	0.0
0	0.0
0	0.0
0	0.0
0	0.0
0	0.0
0	0.0
0	0.0
0	0.0
0	0.0
0	0.0
0	0.0
0	0.0
0	0.0
0	0.0
0	0.0
0	0.0
0	0.0
0	0.0
0	0.0
0	0.0
0	0.0
0	0.0
0	0.0
0	0.0
0	0.0
0	0.0
0	0.0
0	0.0
0	0.0
0	0.0
0	0.0
0	0.0
0	0.0
0	0.0
0	0.0
0	0.0
0	0.0
0	0.0
0	0.0
0	0.0
0	0.0
0	0.0
0	0.0
0	0.0
0	0.0
0	0.0
0	0.0
0	0.0
0	0.0
0	0.0
0	0.0
0	0.0
0	0.0
0	0.0
0	0.0
0	0.0
0	0.0
0	0.0
0	0.0
0	0.0
0	0.0
0	0.0
0	0.0
0	0.0
0	0.0
0	0.0
0	0.0
0	0.0
0	0.0
0	0.0
0	0.0
0	0.0
0	0.0
0	0.0
0	0.0
0	0.0
0	0.0
0	0.0
0	0.0
0	0.0
0	0.0
0	0.0
0	0.0
0	0.0
0	0.0
0	0.0
0	0.0
0	0.0
0	0.0
0	0.0
0	0.0
0	0.0
0	0.0
0	0.0
0	0.0
0	0.0
0	0.0
0	0.0
0	0.0
0	0.0
0	0.0
0	0.0
0	0.0
0	0.0
0	0.0
0	0.0
0	0.0
0	0.0
0	0.0
0	0.0
0	0.0
0	0.0
0	0.0
0	0.0
0	0.0
0	0.0
0	0.0
0	0.0
0	0.0
0	0.0
0	0.0
0	0.0
0	0.0
0	0.0
0	0.0
0	0.0
0	0.0
0	0.0
0	0.0
0	0.0
0	0.0
0	0.0
0	0.0
0	0.0
0	0.0
0	0.0
0	0.0
0	0.0
0	0.0
0	0.0
0	0.0
0	0.0
0	0.0
0	0.0
0	0.0
0	0.0
0	0.0
0	0.0
0	0.0
0	0.0
0	0.0
0	0.0
0	0.0
0	0.0
0	0.0
0	0.0
0	0.0
0	0.0
0	0.0
0	0.0
0	0.0
0	0.0
0	0.0
0	0.0
0	0.0
0	0.0
0	0.0
0	0.0
0	0.0
0	0.0
0	0.0
0	0.0
0	0.0
0	0.0
0	0.0
0	0.0
0	0.0
0	0.0
0	0.0
0	0.0
0	0.0
0	0.0
0	0.0
0	0.0
0	0.0
0	0.0
0	0.0
0	0.0
0	0.0
0	0.0
0	0.0
0	0.0
0	0.0
0	0.0
0	0.0
0	0.0
0	0.0
0	0.0
0	0.0
0	0.0
0	0.0
0	0.0
0	0.0
0	0.0
0	0.0
0	0.0
0	0.0
0	0.0
0	0.0
0	0.0
0	0.0
0	0.0
0	0.0
0	0.0
0	0.0
0	0.0
0	0.0
0	0.0
0	0.0
0	0.0
0	0.0
0	0.0
0	0.0
0	0.0
0	0.0
0	0.0
0	0.0
0	0.0
0	0.0
0	0.0
0	0.0
0	0.0
0	0.0
0	0.0
0	0.0
0	0.0
0	0.0
0	0.0
0	0.0
0	0.0
0	0.0
0	0.0
0	0.0
0	0.0
0	0.0
0	0.0
0	0.0
