3	0.42987591639096906
4	0.2770151346192684
5	0.2852279664494567
9	0.03382579810775417
10	0.09793080702907715
13	0.023459949974499003
14	0.04774989420062567
16	0.006840783258603281
17	0.1764820610458575
18	0.31690187268199466
20	0.20260413808274602
23	0.5371818125392297
24	0.10103037868816517
25	0.31770616155437936
27	0.02072808162977883
28	0.19804482780123137
30	0.1345405170785137
32	0.00033103209147947524
33	0.7644559574543094
34	0.5069360256877085
35	0.07149518539802058
36	0.07466128334134045
37	0.09370183121033399
40	0.5170173441604138
46	0.22467906991564712
47	0.2884258735373122
48	0.2840518085175758
50	0.13329360528622045
52	0.011221465772661816
53	0.46081258028371275
54	0.003426191971138824
55	0.20694248716055938
56	0.20968840584629042
57	0.28079332519864575
58	0.2798583178190466
59	0.316493825139517
60	0.2916663643145351
61	0.13957780738295164
62	0.10505078865793208
63	0.032237038548657934
64	0.23053869123791676
65	0.5194160667057486
66	0.2112353143546133
67	0.45998074592483296
68	0.2754968987404812
69	0.0007554163778828935
70	0.481823872078527
72	0.5290226691964157
73	0.542504688560939
74	0.5254937197120115
75	0.258196945383388
78	0.000999604683515884
80	0.2340320966824798
82	0.1293535555689199
83	0.3213869882984468
84	0.17930052473036595
88	0.022563969498862576
91	0.3126006663937191
92	0.0034625681288947725
97	0.09372607121711904
98	0.21855016194285434
100	0.3337034312398948
101	0.03563023063686742
103	0.08063198800112358
105	0.5018657562173944
106	0.5542615133311529
107	0.5353350168288058
109	0.09157152173189717
110	0.07475644680054357
112	0.5158364619797333
113	0.006346612634211518
115	0.737349777419442
117	0.23311623345346627
121	0.1285459199247638
122	0.2959802725076707
126	0.04947503669490039
127	0.025658647277279394
128	0.19281883659080656
129	0.09515285652974961
131	0.0964596466660759
132	0.5301141760944286
133	0.0064549877571600835
135	0.2036138285971189
136	0.32130697483528875
138	0.08944734862842432
139	0.4430545184814024
140	0.5472949563668723
141	0.559391232407825
143	0.7637398291970011
145	0.18379627262139916
146	0.38911627082229905
150	0.21191490948543745
151	0.06937080491895023
153	0.6636911100369619
154	0.008956265399900055
155	0.3861966371429747
156	0.004754437643539965
159	0.557139690130992
160	0.015992857543593017
161	0.19505373617384486
162	0.1867542497077404
164	0.9850825852712247
166	0.00010768802445764586
168	0.09495776052306752
169	0.21292505144460347
170	0.5494007489238864
171	0.4170162369756482
172	0.7370115621839942
173	0.5214398214958401
174	0.30597541294467356
175	0.013267304565874927
176	0.22717610778401523
177	0.4520030152454549
179	0.06457464469942624
180	0.20474821601187826
183	0.14740692790168175
184	0.06707810851844338
186	0.29326178842519546
188	0.29864075989156824
190	0.0524558078585399
191	0.24432205333021206
192	0.23916883434382663
195	0.5194113842432486
198	0.17616934404274806
203	0.0589732100501683
204	0.0030079590505532536
205	0.2387740384062672
206	0.4886997136148665
207	0.2919973807071093
208	0.26253716741474153
210	0.7467357410668486
213	0.4397897968218938
214	0.004794284781667817
216	0.2056054999377152
217	0.7595819559217746
218	0.05218692002534268
219	0.34360267547186824
220	0.12787766097884284
221	0.2109215420891441
224	0.07831463525433896
227	0.49964272081232586
228	0.050542970576015894
229	0.2676885426497912
232	0.2706471437559183
234	0.06775108850136755
237	0.19500325892571246
239	0.28223334045180587
240	0.3091700172869778
242	0.2553794615724989
243	0.12897716877919432
244	0.23191253932942238
246	0.022903638576927135
248	0.42299123085759255
251	0.031130347883000082
252	0.07285719555045606
254	0.07067231663034086
255	0.5543009538739433
257	0.3510209338780046
259	0.2753795838581488
260	0.2824269002315768
262	0.011254231284675988
263	0.22313676106216557
264	0.09998565316105726
265	0.20631665312400543
266	0.2409407059489322
267	0.040199429732343354
268	0.043902273607474035
269	0.05336171711673681
270	0.21945853826331244
271	0.05564110907999775
272	0.5386640528261734
273	0.0031300973124115464
274	0.20855670533599688
277	0.25243661099921827
278	0.00748642305512983
281	0.17692143301338206
282	0.2074260269708901
283	0.03138159537674363
284	0.5324789483106307
285	0.5294525453676103
286	0.28731523161387523
287	0.562276813847136
288	0.22263274984287845
289	0.08030174789763968
291	0.5403324367591954
292	0.33669176185077276
296	0.31408806233383013
297	0.5238332108489608
298	0.32367944638843293
299	0.05051488079279236
300	0.2638676677927657
302	0.2392664603481282
303	0.30166519194113794
308	0.2865128538299164
309	0.48569248888047584
312	0.5206357278748651
313	0.31024077972561154
315	0.006611232356938765
316	0.18629119816277168
317	0.23378752123857452
318	0.19887223905693374
319	0.7390846790437573
322	0.2870470956126856
323	0.019433308302264415
329	0.3006945600926488
331	0.27532681914917656
332	0.0021399712683091016
333	0.5422988111899198
334	0.026170492743399425
335	0.5947025501659468
336	0.19182351394762032
337	0.0026962819886467114
338	0.3093693142505699
339	0.2954777301403981
341	0.007935604554243685
345	0.3357130865426381
346	0.5082450516396437
347	0.28933460807815065
348	0.014546685606516455
349	0.019038541747195287
350	0.10249484431431893
351	0.5357558723588817
352	0.06584088133563164
353	0.23438640140223144
354	0.5303477115141604
356	0.1622657866776335
357	0.2192817319898903
358	0.03467972695532988
361	0.31681838144411867
362	0.28218842443917996
364	0.5393842860611315
365	0.4457039590427723
366	0.4561629526505043
370	0.3112428618956561
372	0.5359867212780883
376	0.43456982336491123
377	0.2557257833147268
379	0.3133548926438205
380	0.2819593003414144
382	0.31457231183313056
383	0.022661405721347696
384	0.050627153836004475
385	0.05167661676326301
386	0.30438560636258
388	0.20439205017200224
389	0.08497062759955573
393	0.2979025743227337
396	0.04236719124587618
397	0.04669788340635988
398	0.001846848240476165
399	0.072502634173366
401	0.5080797127604555
403	0.33358008057598265
404	0.08701688647724298
407	0.08136734154609451
408	0.15766712811935374
409	0.05473959970822719
411	0.32466926997331313
412	0.22400927832383474
414	0.3023734838424555
415	0.5400538529617156
418	0.44073823867251
419	0.44046702383236874
420	0.29844304909937713
423	0.21606992351694235
424	0.3779991736398357
425	0.309901790213545
426	0.27231067343351123
427	0.013637240313645466
428	0.07038661286218564
429	0.27975254920325837
430	0.5174044486386253
431	0.2931409761013286
432	0.4455889175971728
435	0.09113304721222745
436	0.3073664445497348
438	0.00362235578030988
439	0.29155344871335276
440	0.5502309229874335
443	0.5383089162131638
444	0.5139536674323043
445	0.048709030688654335
446	0.04182557545249966
450	0.3028399788535541
451	0.5491778776481074
452	0.012343655192940325
456	0.0727380727127265
458	0.07223799152294252
459	0.02608680514076698
460	0.3016805451605009
461	0.27962339591596097
462	0.5024925385266463
463	0.2971645000112024
464	0.2312453160625409
465	0.3183598243982629
466	0.19145926222363308
467	0.07532357937667743
469	0.5312034650962301
470	0.23316839877100437
471	0.07372201700088077
472	0.01263579882337957
473	0.2059693561087385
474	0.5422145790337639
475	0.5512973007236741
476	0.36168765675020625
479	0.20550507316693675
480	0.27389433522757867
481	0.08897070530315532
482	0.20878099872167413
484	0.07302674987371477
485	0.2856616446410421
486	0.06044947332946758
489	0.21045334396741705
490	0.07456370911589613
491	0.27679856439299283
492	0.3198834579450723
494	0.27212193898510056
496	0.17834296580648937
497	0.20098964504704608
498	0.07786785498583075
499	0.5285798077468927
500	0.2888657474901561
501	0.0856292375391553
502	0.3131707454459708
504	0.29070601612837166
505	0.29618696543267653
507	0.012853153441525905
508	0.2767913213291808
510	0.1876892613306728
511	0.25645639169320333
512	0.24921901874717312
515	0.2487273620163078
516	0.28606100983092647
518	0.17804902996740096
522	0.5302573659953355
523	0.021789228995271602
524	0.010918715873653367
527	0.20296098151223496
528	0.007891359289630494
529	0.31935221230975774
530	0.526451798034452
531	0.27560907175938776
533	0.08579950609652541
534	0.2357284465859937
538	0.06020502840378027
540	0.25189633445641546
542	0.09504361571916886
543	0.5271395941987475
545	0.07159532285334175
546	0.028519614743057354
547	0.2754135100820328
548	0.03402961960003359
549	0.48153492851731405
550	0.3007998395425132
551	0.5190251476577817
552	0.011718566559440553
553	0.2936477309566633
556	0.24184923896767926
558	0.2387223845789459
559	0.5469919749032806
560	0.08199725078992776
561	0.29349542601812123
562	0.14571638676197074
565	0.28791407843456235
566	0.5213397356735231
567	0.061266379738038446
570	0.5212190754560839
571	0.3027580732961097
572	0.13029656950476373
573	0.3116063934015744
574	0.0017313315340988233
575	0.1297962731708439
578	0.20428529667737655
579	0.055904984942308916
580	0.004174755959226187
581	0.20727809020338195
582	0.2644059687681012
583	0.5556241280077726
586	0.3145000719107835
587	0.41367418014216467
590	0.3122839973965513
591	0.5341919060825292
594	0.44986028794408195
596	0.2905274603648443
597	0.05394484372033941
598	0.037657103144626926
599	0.2006286268753778
600	0.17889248973842872
601	0.04152993627669136
602	0.03526381474340081
605	0.24096015387315634
607	0.31171425033265093
608	0.5440431206181892
609	0.32541642251833125
610	0.2093382957350609
611	0.5181293701014343
612	0.23297179192560352
615	0.07702232058599343
616	0.0023690973883674603
617	0.023005941748766835
618	0.005061899693464298
621	0.2681017280519947
622	0.0021628486389814357
623	0.07960258375924745
624	0.28806837031096955
626	0.27694803937050055
627	0.08010636736320759
628	0.5320143658773844
630	0.2627642323233874
631	0.41956358749176426
632	0.07677401572300502
633	0.04984491276042999
634	0.06986008134709637
635	0.29845109386783975
636	0.01680494070975213
639	0.27141712941789464
640	0.29177140972349913
645	0.29494075838564476
648	0.04619276374622218
649	0.31556567820347725
651	0.029615808522498743
652	0.3217538141185604
653	0.2927061268189727
654	0.07075666092881139
658	0.27577939587230976
660	0.3024966217437294
661	0.031225830121191747
662	0.25892910772272704
663	0.2216758005325192
664	0.09689288954371778
666	0.29838144498680264
667	0.51033140901724
670	0.5148516407180724
672	0.23354037831330798
673	0.272955350523504
674	0.3219039969331366
675	0.3287133716450485
677	0.5105851961221352
686	0.5536988158134766
687	0.022096059578674082
689	0.09518937253509199
690	0.30374698978917736
691	0.1982774779573945
692	0.004125097830635499
695	0.07704367922003087
696	0.5208655405198447
697	0.05698416613959085
698	0.03646131321366952
699	0.5448744625262251
701	0.006385016962303307
703	0.2665746375344091
704	0.24206881880508296
707	0.28278964083112884
708	0.06157238057228079
710	0.5081231317358906
711	0.10853093004634434
712	0.22574869953360358
713	0.4880885135432649
714	0.2878967859982099
716	0.2772703480517301
717	0.001929268770995092
718	0.3436369076607872
719	0.5339141175088586
720	0.4717459025647506
722	0.034070075211054957
724	0.4886997136148665
725	0.34471313814653787
728	0.7626432032220813
729	0.24591329845152338
731	0.30128090456790696
732	0.2502262872840385
733	0.258412309253768
734	0.08535696250424013
737	0.020874067647276187
739	0.3269956715226218
740	0.6846849809032272
741	0.08809309926171165
742	0.3282752042634072
743	0.2880142556403873
744	0.30874466739506007
745	0.5373430543793157
748	0.08817408722982897
750	0.027510109898228205
752	0.5098851627975153
754	0.5455295925370406
755	0.22922076410109476
756	0.10302600784528405
757	0.060193503061281
759	0.06635999636382267
761	0.19621113878803745
762	0.11625008613981613
766	0.287835811792671
768	0.05967220209497023
772	0.28989828771178183
775	0.328306999492749
776	0.20942816651125468
777	0.2544468736132628
778	0.5524310610059053
780	0.02567490099277136
781	0.016985923824927182
782	0.28329374483398184
783	0.22202474377282574
784	0.20567343623016307
785	0.0401476215003462
787	0.0059394106586089755
788	0.04743844474108623
789	0.49134571229273705
791	0.27789891854741766
794	0.00761832775553202
796	0.07106502766314206
797	0.004776766820312962
798	0.20931969341206502
799	0.004569918178268038
800	0.29900258543273406
801	0.2990391117976571
803	0.22427384077662232
804	0.27852912696503923
805	0.16643361675422935
808	0.29816041926628284
809	0.3722194744258456
810	0.31632996285215836
811	0.21204641485673045
812	0.3278367273674068
813	0.4487405260445951
814	0.4599540314883388
816	0.4317042704892108
818	0.028402974883736387
819	0.2934453435352866
820	0.523304113111325
821	0.295984716212166
822	0.3551069329176272
825	0.3039102247000314
828	0.3132343098765374
829	0.3211941835703199
830	0.08516009854633887
832	0.22275583743711375
834	0.01839602310305856
836	0.03036539076334658
837	0.305693437074163
838	0.3025927908762721
840	0.07459672431148207
841	0.08322143553757617
842	0.05327616028587877
844	0.018981215531910206
846	0.27331742586325436
847	0.5218842073236474
850	0.009310356445424262
852	0.004479202835687899
853	0.2633993048658867
854	0.22354587531594922
855	0.2934333761728213
856	0.5205171954734613
858	0.2941887610465171
859	0.43938105047748294
863	0.3122866434700682
864	0.05601199650153114
865	0.2783260610593385
867	0.0835774645664431
872	0.18935540405635756
873	0.5499948112402242
874	0.2860657858950042
878	0.5110016055432425
879	0.045450936794222595
880	0.541695225726807
881	0.2764493853852605
882	0.06104103528238413
883	0.06137100637918478
884	0.01706915184867587
888	0.12296908739492021
889	0.4388236624006107
890	0.26560785065491904
891	0.00841283378547061
892	0.4859159747786315
893	0.0008982790611242047
898	0.3928212631202812
900	0.2306580137089161
901	0.03754969087726778
903	0.052769720387924844
904	0.009239677178084098
905	0.4545246053945345
911	0.5295594400126107
913	0.4719141227871304
914	0.0584354427804402
917	0.23668945431755864
918	0.262343553451392
920	0.3088132640378175
923	0.5505792105594943
925	0.7585553698306384
927	0.3140319262195554
929	0.26739476245760974
930	0.3174404877211747
931	0.3356981960029648
932	0.0861142907783213
933	0.33570396474657105
934	0.5306053656223607
935	0.2731813375112121
936	0.0645439333912332
937	0.2672640857070618
938	0.2408549538581447
940	0.3004966233888709
941	0.06999034625895639
943	0.7534529717824895
0	0.0
0	0.0
0	0.0
0	0.0
0	0.0
0	0.0
0	0.0
0	0.0
0	0.0
0	0.0
0	0.0
0	0.0
0	0.0
0	0.0
0	0.0
0	0.0
0	0.0
0	0.0
0	0.0
0	0.0
0	0.0
0	0.0
0	0.0
0	0.0
0	0.0
0	0.0
0	0.0
0	0.0
0	0.0
0	0.0
0	0.0
0	0.0
0	0.0
0	0.0
0	0.0
0	0.0
0	0.0
0	0.0
0	0.0
0	0.0
0	0.0
0	0.0
0	0.0
0	0.0
0	0.0
0	0.0
0	0.0
0	0.0
0	0.0
0	0.0
0	0.0
0	0.0
0	0.0
0	0.0
0	0.0
0	0.0
0	0.0
0	0.0
0	0.0
0	0.0
0	0.0
0	0.0
0	0.0
0	0.0
0	0.0
0	0.0
0	0.0
0	0.0
0	0.0
0	0.0
0	0.0
0	0.0
0	0.0
0	0.0
0	0.0
0	0.0
0	0.0
0	0.0
0	0.0
0	0.0
0	0.0
0	0.0
0	0.0
0	0.0
0	0.0
0	0.0
0	0.0
0	0.0
0	0.0
0	0.0
0	0.0
0	0.0
0	0.0
0	0.0
0	0.0
0	0.0
0	0.0
0	0.0
0	0.0
0	0.0
0	0.0
0	0.0
0	0.0
0	0.0
0	0.0
0	0.0
0	0.0
0	0.0
0	0.0
0	0.0
0	0.0
0	0.0
0	0.0
0	0.0
0	0.0
0	0.0
0	0.0
0	0.0
0	0.0
0	0.0
0	0.0
0	0.0
0	0.0
0	0.0
0	0.0
0	0.0
0	0.0
0	0.0
0	0.0
0	0.0
0	0.0
0	0.0
0	0.0
0	0.0
0	0.0
0	0.0
0	0.0
0	0.0
0	0.0
0	0.0
0	0.0
0	0.0
0	0.0
0	0.0
0	0.0
0	0.0
0	0.0
0	0.0
0	0.0
0	0.0
0	0.0
0	0.0
0	0.0
0	0.0
0	0.0
0	0.0
0	0.0
0	0.0
0	0.0
0	0.0
0	0.0
0	0.0
0	0.0
0	0.0
0	0.0
0	0.0
0	0.0
0	0.0
0	0.0
0	0.0
0	0.0
0	0.0
0	0.0
0	0.0
0	0.0
0	0.0
0	0.0
0	0.0
0	0.0
0	0.0
0	0.0
0	0.0
0	0.0
0	0.0
0	0.0
0	0.0
0	0.0
0	0.0
0	0.0
0	0.0
0	0.0
0	0.0
0	0.0
0	0.0
0	0.0
0	0.0
0	0.0
0	0.0
0	0.0
0	0.0
0	0.0
0	0.0
0	0.0
0	0.0
0	0.0
0	0.0
0	0.0
0	0.0
0	0.0
0	0.0
0	0.0
0	0.0
0	0.0
0	0.0
0	0.0
0	0.0
0	0.0
0	0.0
0	0.0
0	0.0
0	0.0
0	0.0
0	0.0
0	0.0
0	0.0
0	0.0
0	0.0
0	0.0
0	0.0
0	0.0
0	0.0
0	0.0
0	0.0
0	0.0
0	0.0
0	0.0
0	0.0
0	0.0
0	0.0
0	0.0
0	0.0
0	0.0
0	0.0
0	0.0
0	0.0
0	0.0
0	0.0
0	0.0
0	0.0
0	0.0
0	0.0
0	0.0
0	0.0
0	0.0
0	0.0
0	0.0
0	0.0
0	0.0
0	0.0
0	0.0
0	0.0
0	0.0
0	0.0
0	0.0
0	0.0
0	0.0
0	0.0
0	0.0
0	0.0
0	0.0
0	0.0
0	0.0
0	0.0
0	0.0
0	0.0
0	0.0
0	0.0
0	0.0
0	0.0
0	0.0
0	0.0
0	0.0
0	0.0
0	0.0
0	0.0
0	0.0
0	0.0
0	0.0
0	0.0
0	0.0
0	0.0
0	0.0
0	0.0
0	0.0
0	0.0
0	0.0
0	0.0
0	0.0
0	0.0
0	0.0
0	0.0
0	0.0
0	0.0
0	0.0
0	0.0
0	0.0
0	0.0
0	0.0
0	0.0
0	0.0
0	0.0
0	0.0
0	0.0
0	0.0
0	0.0
0	0.0
0	0.0
0	0.0
0	0.0
0	0.0
0	0.0
0	0.0
0	0.0
0	0.0
0	0.0
0	0.0
0	0.0
0	0.0
0	0.0
0	0.0
0	0.0
0	0.0
0	0.0
0	0.0
0	0.0
0	0.0
0	0.0
0	0.0
0	0.0
0	0.0
