1	0.24628352351677157
3	0.10280514621949187
4	0.2759851087663873
7	0.022337772704214096
8	0.04075018922351642
11	0.07199449935555106
13	0.03875334159768366
15	0.08297149453333975
16	0.03057134736260529
22	0.20768158342352855
29	0.3188733833088149
30	0.0020316759522253577
31	0.048089618764799
34	0.18428308609900007
38	0.02992400979233102
42	0.004500422551618546
43	0.05302064524330488
44	0.007911036342975554
46	0.029042826275803797
47	0.039785313665026904
49	0.32616634052975324
50	0.24151027440240563
56	0.008976232410006536
58	0.3113706784983888
59	0.031096525245171522
62	0.04561335140985657
63	0.13268466687553904
64	0.2861557221688505
67	0.009389116376340607
68	0.010606771380423631
69	0.03296252210339498
73	0.011381766027163807
74	0.01301581541885375
76	0.03943666436985588
78	0.03945613511253639
79	0.052322866779783025
80	0.051778976721525365
82	0.28432086435325693
84	0.020923784501019956
85	0.2546752668309937
87	0.016658417324288466
88	0.036727747391759574
90	0.5188529236700926
92	0.0066605240531806414
94	0.5245674574935735
95	0.26071179368571396
98	0.3051472389638471
100	0.010027701713212628
102	0.272973101960432
103	0.0699913179460096
108	0.07373751030052952
109	0.047829377781621274
110	0.016181315231709008
112	0.0369774723092519
113	0.0021656485096331335
115	0.05079463957180319
116	0.5196497717822178
117	0.2631137664495075
118	0.2699904879510268
119	0.2434043312549001
123	0.023136643714791932
130	0.2584680338275629
133	0.043469191831033274
135	0.2766089862750825
138	0.061756093299557266
142	0.26818690450823596
144	0.06529650311094887
145	0.06503804161837946
146	0.03293595801337652
149	0.053033108287498666
150	0.02107056977527222
151	0.05497369922233695
152	0.018663311954080997
154	0.008632949161957455
156	0.05398800181917213
158	0.013508883928720176
160	0.2516631945003876
167	0.285358989891563
173	0.011888459779734177
174	0.04588415877165653
176	0.017519016558636233
178	0.05035852825287204
182	0.013939203659315579
183	0.3293847128106687
185	0.04184090832778648
186	0.03916096954221458
189	0.07882165478859764
192	0.3390124912800756
194	0.22500983454844242
195	0.30674832888750253
196	0.3182402998912406
197	0.05966234732963213
198	0.317013412720524
201	0.291827050466375
204	0.013117162100234607
208	0.30708992223568116
209	0.03179418503058151
211	0.04380518616373372
212	0.029722525887046387
213	0.2709903986307672
214	0.022976617954786824
215	0.25835630787520225
216	0.01960885006090668
217	0.05587082380599575
221	0.27641247955913206
222	0.09481182828052961
223	0.2433534948290497
225	0.5027458243972635
226	0.02017189089003099
227	0.2831098266550146
230	0.04336949149383181
235	0.019539936293800263
236	0.030677018822762817
239	0.023472092286769067
244	0.267840093127928
247	0.03945613511253641
249	0.28611882411976386
250	0.024210527089256008
255	0.16413614516995256
259	0.29702854244357046
262	0.2519518426388244
263	0.5276924405244781
266	0.2824802584882667
270	0.04484882618797427
277	0.029363889502105188
280	0.01661132593727036
282	0.025215036842016807
283	0.2681991099262326
286	0.30998349526379043
287	0.04584584662861289
288	0.5062911888722218
290	0.2675307736038633
291	0.02112179027283574
292	0.026901751484857704
293	0.0651132659232432
295	0.25827435596420484
296	0.020069670243407695
297	0.03048905739284432
298	0.04354266359442567
301	0.03220561966808934
303	0.022235189502403496
305	0.2994133311713587
308	0.04054365583545515
310	0.054264355220103935
311	0.09174800029947755
315	0.284460461505326
317	0.027892235555066175
318	0.5083055332869186
319	0.039071369857881344
320	0.2818624293158458
321	0.03608011400227486
324	0.04113329496285951
327	0.26888074256332734
328	0.24598091692026586
330	0.29821510037018606
332	0.02834499131329249
333	0.005408899689425144
334	0.31660824967741297
339	0.04705208019503691
342	0.042445141010240606
343	0.31752401066133845
344	0.042271677123141616
345	0.013708772772132533
346	0.003413983208200473
347	0.08297285762676762
349	0.2795809521933813
350	0.2654903989677534
351	0.042525040272303645
353	0.061239809061443704
354	0.046777936656864666
355	0.27309893134280294
357	0.022863401374912384
360	0.2750939764312861
366	0.023973391809507492
367	0.010090393970600922
370	0.05468539089008562
371	0.0690609892601777
373	0.28075794171281143
374	0.11819533242228036
375	0.02418818068860106
377	0.04432006270620012
378	0.012730433431351995
379	0.021912873146727158
380	0.04460084882828723
381	0.2517260463423162
382	0.05626075587802319
383	0.003249664526723428
385	0.02102392618037456
386	0.05386851636124801
387	0.02500728537256036
389	0.02390116894119069
391	0.5465086630819183
392	0.25466976255830875
394	0.001981782303981605
395	0.03210860816998701
397	0.27569440939599127
398	0.02726552341810419
399	0.25232687859344205
401	0.029335884966722098
402	0.2861411176690734
405	0.3326925315210517
406	0.025295964727031973
407	0.26236773684533743
411	0.025224061947440604
412	0.006166306867874831
413	0.010574153073834296
415	0.021164018353889827
416	0.05222898527929029
417	0.24274262525715426
419	0.05921899658290439
422	0.055158100746995876
424	0.46254143941333614
427	0.022249540533416427
429	0.020576846437433044
432	0.013655418746724969
433	0.22757903227250695
434	0.057944062077538744
435	0.26310288925996395
436	0.06988214090985936
437	0.27178344972202023
442	0.27801444145501847
447	0.3053261500713739
448	0.06315630948794061
449	0.22166965337440597
450	0.014324469479573262
452	0.12448547078780059
453	0.5132573269447618
454	0.08521564374898125
455	0.11622610982352316
456	0.03433789707651814
457	0.06812467502725916
458	0.025275258254470856
460	0.03482251344447001
462	0.0354635903913985
463	0.0027846359906165616
464	0.03518552505559801
465	0.020217101352898427
467	0.06783104203495005
472	0.033357807542175696
473	0.23996799405838334
477	0.04624579851560101
478	0.27442474029960423
479	0.01928697533208123
481	0.039443316836780026
482	0.013700559168661391
486	0.09392446015506817
487	0.26776015448180474
490	0.004312642835532211
493	0.2973926381811459
495	0.06236823995116511
496	0.013073781763089522
497	0.015540327754473345
498	0.08971352405557739
500	0.021987223759902627
501	0.2784913385741081
503	0.032220153483873144
504	0.03669240208582171
505	0.007412164621583742
507	0.03396263281111141
510	0.032714206765293415
512	0.03159417115327434
513	0.04611090452444325
514	0.03231342170684927
516	0.0023207243158526528
518	0.05031924598356336
519	0.03276706755875369
520	0.18482309531207158
521	0.2867414558658565
522	0.05536864873537389
524	0.27957041697925133
525	0.1918301368338413
527	0.32114707171632184
528	0.009853967388870316
529	0.020658281438743806
531	0.006822174261722588
532	0.019519083378638766
535	0.058933982981299586
537	0.24990165636194772
538	0.30038993401225456
539	0.26858256980392325
540	0.01528359158330149
541	0.2784500403419381
542	0.5043873593594809
545	0.02597621787630644
546	0.03706418248135723
551	0.04350008720433682
552	0.02323629459103415
553	0.017384311507851122
555	0.018149866664687826
556	0.2671238644744354
557	0.015324409527214602
558	0.24823406956740313
560	0.5066930213048375
561	0.028637082501327765
562	0.23212589289011987
564	0.2762791681140045
567	0.5243537962971727
568	0.030536916011372046
569	0.019029524664132394
570	0.03208361903243956
572	0.21886781276975142
573	0.038986956112547794
574	0.2713696905897783
577	0.5172852943243733
578	0.008398088457103929
579	0.2960328854305948
580	0.01498310188356803
581	0.27952356610134843
584	0.03568672959155763
585	0.30136512340236965
586	0.029511013050811677
588	0.2917009494390753
589	0.0023338060671596952
590	0.229157001926471
591	0.2687170873212482
592	0.07027156459951406
593	0.021121182977043358
595	0.5613750586536297
598	0.27857917794687115
601	0.3024650304792217
602	0.26240109612131823
604	0.12583622393468852
606	0.262449765249381
607	0.05491991491762646
608	0.007515173617637642
610	0.2893305582859534
617	0.12025174847022674
620	0.025222638071276365
622	0.233070651289648
624	0.2687083441790699
625	0.05191213841576767
627	0.016457857453189464
629	0.2633400545990906
631	0.26228003695677593
632	0.0209602878428461
634	0.03741591203825296
636	0.2779747720455248
638	0.0384017359647774
639	0.0049942751014822526
641	0.042848283073651884
642	0.016518539716062423
643	0.03859290350470486
646	0.06457651881463847
647	0.5240660960483768
650	0.020674523383802552
652	0.03889515965381819
655	0.2870756337293781
657	0.05158572848350135
659	0.5089980118563913
660	0.016674561888267006
661	0.03671944536634144
662	0.05417449797708453
664	0.02197135873501451
665	0.23809552590129285
667	0.008349100795538023
670	0.035780593933219855
671	0.2903124857289609
674	0.06735232652334469
681	0.06077712999772419
682	0.01694620644358237
683	0.034208011985076454
687	0.023048994984555725
691	0.0053310161972498354
693	0.2861167384500675
694	0.039787222630963986
695	0.0019496422553607548
699	0.0199482538886663
700	0.0200356885491507
705	0.01286524527745362
707	0.038923249974901125
709	0.0386965798934196
710	0.03800886638711708
711	0.21651042654870417
712	0.014632634596583531
716	0.2942884823638819
717	0.4681571821898611
721	0.32022411829607844
725	0.03841928666496881
727	0.18264434530772206
729	0.05288905888530957
731	0.03114597106188665
733	0.015253678932003474
734	0.029404781988510133
737	0.03927993551941865
739	0.007024971256351535
741	0.03779137714715136
742	0.018186407781818563
743	0.00830679537316345
745	0.0015053364154100218
746	0.011475637961992628
747	0.03808558950217507
748	0.01783302268877697
749	0.25558667039745087
753	0.03346511199619295
754	0.01515240466869696
756	0.24231424703615168
758	0.08516575576055392
760	0.028295666348158145
761	0.046768152833355614
763	0.30579088700162377
765	0.01290077487155912
767	0.2647469013087675
770	0.5008464084332023
771	0.03226525166230396
773	0.021240303582740296
774	0.20129161442801916
776	0.07039651716854073
780	0.30409698656721246
786	0.05275365301826767
788	0.005509274420291019
790	0.0036813472252109347
794	0.286830691329083
795	0.017134092772749604
798	0.005707395252060293
800	0.01902952466413242
805	0.33438131524852344
806	0.004949950917359308
807	0.2594721620839072
808	0.01057215984775832
809	0.011303344285585291
810	0.04094322360748607
814	0.010260521241550927
815	0.2523312485482224
816	0.056444583138914976
817	0.033588287742860407
821	0.0233585726749206
822	0.03177164542111912
823	0.3130395987205164
829	0.01902952466413242
833	0.2571303766264427
835	0.2867021010459938
836	0.023641318213313514
838	0.021220075125565542
839	0.03512861647844649
841	0.26504968258937056
843	0.01779152983689479
844	0.27826287533881633
845	0.009234964014497117
846	0.04404414589831898
848	0.013408954336241133
850	0.00718908131485925
851	0.03605329158413851
852	0.00911380201003948
854	0.27569489946328096
855	0.005371495499475409
859	0.03968080540740432
861	0.249157230981352
864	0.3042670015234287
865	0.15137300745882432
866	0.20645316596201416
869	0.05276748948460487
870	0.033948621495576245
875	0.08300585756227417
876	0.041283075386091904
878	0.034649151953550866
879	0.05634391708656511
882	0.015546775752160541
883	0.027576568703200383
884	0.23671227430477013
885	0.2853294723970652
886	0.008883921740427715
887	0.014970755731601004
889	0.05684445428587915
890	0.07736519817049356
891	0.2740740372313465
894	0.2904419689549013
896	0.26166984755777734
897	0.02490728610840858
898	0.07517375327463126
899	0.29118795040255796
900	0.12734621696638357
901	0.04934782353197313
903	0.056545139570478346
904	0.27066298996274835
906	0.25340936189258173
908	0.057667015117894085
912	0.06510497247837461
913	0.03712873908052863
916	0.2874305820892088
917	0.2562517596501733
919	0.2944121725095337
920	0.0016126221725860507
921	0.041329899981284904
923	0.017274196043642
924	0.019292625923189533
926	0.005627684425742789
928	0.03442326391996686
929	0.26040891218656886
931	0.01034565514535872
934	0.025139374204941584
936	0.020395111605346093
939	0.015621190825490593
943	0.04109490375306797
0	0.0
0	0.0
0	0.0
0	0.0
0	0.0
0	0.0
0	0.0
0	0.0
0	0.0
0	0.0
0	0.0
0	0.0
0	0.0
0	0.0
0	0.0
0	0.0
0	0.0
0	0.0
0	0.0
0	0.0
0	0.0
0	0.0
0	0.0
0	0.0
0	0.0
0	0.0
0	0.0
0	0.0
0	0.0
0	0.0
0	0.0
0	0.0
0	0.0
0	0.0
0	0.0
0	0.0
0	0.0
0	0.0
0	0.0
0	0.0
0	0.0
0	0.0
0	0.0
0	0.0
0	0.0
0	0.0
0	0.0
0	0.0
0	0.0
0	0.0
0	0.0
0	0.0
0	0.0
0	0.0
0	0.0
0	0.0
0	0.0
0	0.0
0	0.0
0	0.0
0	0.0
0	0.0
0	0.0
0	0.0
0	0.0
0	0.0
0	0.0
0	0.0
0	0.0
0	0.0
0	0.0
0	0.0
0	0.0
0	0.0
0	0.0
0	0.0
0	0.0
0	0.0
0	0.0
0	0.0
0	0.0
0	0.0
0	0.0
0	0.0
0	0.0
0	0.0
0	0.0
0	0.0
0	0.0
0	0.0
0	0.0
0	0.0
0	0.0
0	0.0
0	0.0
0	0.0
0	0.0
0	0.0
0	0.0
0	0.0
0	0.0
0	0.0
0	0.0
0	0.0
0	0.0
0	0.0
0	0.0
0	0.0
0	0.0
0	0.0
0	0.0
0	0.0
0	0.0
0	0.0
0	0.0
0	0.0
0	0.0
0	0.0
0	0.0
0	0.0
0	0.0
0	0.0
0	0.0
0	0.0
0	0.0
0	0.0
0	0.0
0	0.0
0	0.0
0	0.0
0	0.0
0	0.0
0	0.0
0	0.0
0	0.0
0	0.0
0	0.0
0	0.0
0	0.0
0	0.0
0	0.0
0	0.0
0	0.0
0	0.0
0	0.0
0	0.0
0	0.0
0	0.0
0	0.0
0	0.0
0	0.0
0	0.0
0	0.0
0	0.0
0	0.0
0	0.0
0	0.0
0	0.0
0	0.0
0	0.0
0	0.0
0	0.0
0	0.0
0	0.0
0	0.0
0	0.0
0	0.0
0	0.0
0	0.0
0	0.0
0	0.0
0	0.0
0	0.0
0	0.0
0	0.0
0	0.0
0	0.0
0	0.0
0	0.0
0	0.0
0	0.0
0	0.0
0	0.0
0	0.0
0	0.0
0	0.0
0	0.0
0	0.0
0	0.0
0	0.0
0	0.0
0	0.0
0	0.0
0	0.0
0	0.0
0	0.0
0	0.0
0	0.0
0	0.0
0	0.0
0	0.0
0	0.0
0	0.0
0	0.0
0	0.0
0	0.0
0	0.0
0	0.0
0	0.0
0	0.0
0	0.0
0	0.0
0	0.0
0	0.0
0	0.0
0	0.0
0	0.0
0	0.0
0	0.0
0	0.0
0	0.0
0	0.0
0	0.0
0	0.0
0	0.0
0	0.0
0	0.0
0	0.0
0	0.0
0	0.0
0	0.0
0	0.0
0	0.0
0	0.0
0	0.0
0	0.0
0	0.0
0	0.0
0	0.0
0	0.0
0	0.0
0	0.0
0	0.0
0	0.0
0	0.0
0	0.0
0	0.0
0	0.0
0	0.0
0	0.0
0	0.0
0	0.0
0	0.0
0	0.0
0	0.0
0	0.0
0	0.0
0	0.0
0	0.0
0	0.0
0	0.0
0	0.0
0	0.0
0	0.0
0	0.0
0	0.0
0	0.0
0	0.0
0	0.0
0	0.0
0	0.0
0	0.0
0	0.0
0	0.0
0	0.0
0	0.0
0	0.0
0	0.0
0	0.0
0	0.0
0	0.0
0	0.0
0	0.0
0	0.0
0	0.0
0	0.0
0	0.0
0	0.0
0	0.0
0	0.0
0	0.0
0	0.0
0	0.0
0	0.0
0	0.0
0	0.0
0	0.0
0	0.0
0	0.0
0	0.0
0	0.0
0	0.0
0	0.0
0	0.0
0	0.0
0	0.0
0	0.0
0	0.0
0	0.0
0	0.0
0	0.0
0	0.0
0	0.0
0	0.0
0	0.0
0	0.0
0	0.0
0	0.0
0	0.0
0	0.0
0	0.0
0	0.0
0	0.0
0	0.0
0	0.0
0	0.0
0	0.0
0	0.0
0	0.0
0	0.0
0	0.0
0	0.0
0	0.0
0	0.0
0	0.0
0	0.0
0	0.0
0	0.0
0	0.0
0	0.0
0	0.0
0	0.0
0	0.0
0	0.0
0	0.0
0	0.0
0	0.0
0	0.0
0	0.0
0	0.0
0	0.0
0	0.0
0	0.0
0	0.0
0	0.0
0	0.0
0	0.0
0	0.0
0	0.0
0	0.0
0	0.0
0	0.0
0	0.0
0	0.0
0	0.0
0	0.0
0	0.0
0	0.0
0	0.0
0	0.0
0	0.0
0	0.0
0	0.0
0	0.0
0	0.0
0	0.0
0	0.0
0	0.0
0	0.0
0	0.0
0	0.0
0	0.0
0	0.0
0	0.0
0	0.0
0	0.0
0	0.0
0	0.0
0	0.0
0	0.0
0	0.0
0	0.0
0	0.0
0	0.0
0	0.0
0	0.0
0	0.0
0	0.0
0	0.0
0	0.0
0	0.0
0	0.0
0	0.0
0	0.0
0	0.0
0	0.0
0	0.0
0	0.0
0	0.0
0	0.0
0	0.0
0	0.0
0	0.0
0	0.0
0	0.0
0	0.0
0	0.0
0	0.0
0	0.0
0	0.0
0	0.0
0	0.0
0	0.0
0	0.0
0	0.0
0	0.0
0	0.0
0	0.0
0	0.0
0	0.0
0	0.0
0	0.0
0	0.0
0	0.0
0	0.0
0	0.0
0	0.0
0	0.0
0	0.0
0	0.0
0	0.0
0	0.0
0	0.0
0	0.0
0	0.0
0	0.0
0	0.0
0	0.0
0	0.0
