1	0.5147177172146646
2	0.30035781440381304
5	0.06320214716880865
6	0.298171199198145
7	0.0489464895396343
8	0.49690084295047493
9	0.23119693210568354
10	0.5477407255888244
12	0.21126570684302204
13	0.3273947090942439
14	0.08627617443767555
15	0.018190213096896453
17	0.05812607706551553
18	0.2695794229691213
20	0.012647186284071715
21	0.11820160391322143
22	0.30971880028734344
26	0.34864103764427035
27	0.1419559247599771
28	0.2749792653213614
29	0.30127605896835036
31	0.10010533597091475
32	0.4756678075903967
35	0.22622617368622688
36	0.03938886716619559
37	0.48289476186591673
38	0.06913589967505077
39	0.5475610376109101
41	0.2956787806639964
42	0.007120634119155242
43	0.028130198440868573
44	0.37219316990968365
45	0.7777150849394651
46	0.03733269121895416
48	0.2585850675687733
51	0.7122252351206442
52	0.25882084604631544
54	0.2645710844295536
55	0.2153845861619506
56	0.08066612654680397
57	0.29390943057086927
59	0.2785842972902815
60	0.33290242040837437
62	0.03035718952534376
63	0.2091485475512599
66	0.014739332802399578
68	0.21312426410912869
69	0.32712941236836307
70	0.031286285698888694
71	0.25952716220435934
74	0.04379751226089841
76	0.5009686568854772
78	0.25178836823352646
79	0.2036573538396081
80	0.03399521338874483
81	0.2829603919714386
82	0.4703849657954824
83	0.2247855708089379
84	0.010427328812544878
85	0.0414257997780612
86	0.115356628669813
87	0.5532570451882522
88	0.018741564173948552
89	0.2501022778936267
90	0.07353850263135284
91	0.24732296081649413
92	0.27228310488075663
93	0.15702731682810991
94	0.05833083441942521
96	0.09391407910215199
99	0.006314138384325853
100	0.23579438870522929
101	0.44901090031130975
102	0.24350627612275297
103	0.17943415240454752
104	0.33462125522342423
109	0.24833894606513532
111	0.34694103018168665
113	0.3304509382723116
117	0.009996461873699118
118	0.4777267726971273
119	0.012964367381228005
120	0.07083997218874233
123	0.21620489011468735
124	0.01813618335575127
125	0.24295816260878814
126	0.20378273922498974
127	0.2150462633266142
128	0.22909562374512038
129	0.2754168759612472
131	0.1958356729522359
133	0.17020447655313525
134	0.20447631324915613
135	0.005348195397285815
136	0.0863402509107269
137	0.5265856417663042
138	0.48457264420443136
142	0.2771180908977424
145	0.25954809432362513
148	0.3314623904404207
149	0.5017275834046531
152	0.48831274982100403
154	0.21416979833798006
156	0.22690605721223242
157	0.23070766802023984
160	0.25965807882629377
163	0.266520940799543
166	0.01644069427824566
167	0.5395912778690354
169	0.033503222056412256
173	0.050766856671102534
174	0.272757928234247
175	0.03047033988371381
177	0.06964091383663051
178	0.020656008866346456
179	0.02426528112390984
180	0.031742744588860186
182	0.0032091431905134707
183	0.04196077356395435
186	0.20712650142374975
188	0.3121348770341106
189	0.28826110086814555
190	0.4157160850267272
193	0.21680747280444987
194	0.2269127017348451
197	0.7239174468109199
199	0.2745851604809163
200	0.12225409030312401
202	0.0475360458084517
204	0.21126132298798014
207	0.09061339599451437
211	0.062349364422401375
212	0.058776955349179406
216	0.08853849200337345
218	0.5196335345874421
219	0.18328151696165904
222	0.27504051304194876
224	0.007356960411805093
226	0.36306557189083444
228	0.06187375692910656
229	0.15269055857668476
231	0.2627494454585219
233	0.019073812853290517
234	0.08578546472591009
236	0.24693828705341914
238	0.2748235045700584
239	0.12247684778870549
240	0.09713340806928765
241	0.2835558691151727
245	0.03172987253512652
246	0.26773121730381816
247	0.2750561827148718
248	0.13009796125605655
249	0.5132508759434098
254	0.48538024091273374
256	0.08979377774261399
257	0.1763219939431449
258	0.2574295297040156
259	0.03738835622943601
260	0.031359157871934926
261	0.22870024761645225
264	0.2894058645562945
267	0.31867159864729333
268	0.5896877258977408
271	0.0924481633801476
272	0.041322756970129354
274	0.2777098237753446
275	0.485750373701851
276	0.3103032982314715
278	0.2263957634064344
280	0.03460183818592525
281	0.3074516358096782
283	0.19738392787404035
285	0.061089639040950064
289	0.32845198504655576
290	0.018169083967571838
293	0.09059011754991035
294	0.24346472584921544
295	0.05850674197973492
298	0.008656447357084707
299	0.5855748946143945
301	0.4990062664803228
302	0.1280126552941186
303	0.09429319856721471
306	0.2270908558335869
309	0.0635118154671627
310	0.4225482271645102
313	0.32598446677392656
314	0.05068540492260947
316	0.1804626855715022
317	0.2667045731602268
320	0.516162856061286
321	0.04937428517116291
322	0.08323612725551446
323	0.05041837860818716
325	0.29457468386296826
326	0.3283662772360218
328	0.277790966194989
329	0.06882520955285432
330	0.19827936623161826
331	0.3411341438200424
332	0.5210134261647931
334	0.05832975422820728
336	0.28477322934564403
337	0.01266071496915789
338	0.29353083214470754
341	0.27959290541498794
345	0.03447495076672682
346	0.019980540884898756
347	0.041929160618888336
348	0.26855688336582556
349	0.025068839583450242
352	0.5477101697794758
356	0.08271108133260538
359	0.24722353911492506
360	0.3389966351564303
361	0.0553844630505441
362	0.30410700372266025
363	0.36006231463497695
364	0.03116686976102484
367	0.5755155326827422
368	0.45363892470348927
369	0.48729657006532834
374	0.005097174047221639
375	0.5261026295879245
376	0.05684260316641301
378	0.31124261623320926
379	0.06129820592547592
381	0.324509807965497
384	0.06941322845581867
385	0.09492621454957634
386	0.21709887682943285
387	0.3502512212814276
388	0.06584594179204524
389	0.34670026452275177
390	0.09425325361316636
392	0.033862683748590194
393	0.23438770383976515
394	0.3166693155084296
395	0.6064532263971861
396	0.23721786781014842
397	0.3128532058582551
399	0.08863222829957852
400	0.04861862276921801
402	0.02832764360643468
403	0.00282292194573823
404	0.05130412485181313
406	0.06962832262077112
408	0.11667128783193206
409	0.580419859856934
410	0.25479055009753365
412	0.037173145168510086
413	0.27341086902851763
414	0.0905457195490009
416	0.3002114711381007
417	0.315224486299902
420	0.2948962883957309
421	0.5560808078175322
422	0.0027471911665126955
423	0.06259987320219362
425	0.1308974731152671
426	0.30302645539885986
428	0.058866180774382854
429	0.327044428252777
432	0.015241329423726843
433	0.3451665064268305
435	0.488981412568699
436	0.019597380730266782
438	0.03161928694238168
440	0.03550978253776991
441	0.48552146108025585
442	0.29210079033084413
446	0.34477928425879073
447	0.5227902121881244
448	0.3223027707411835
449	0.26714151652164053
450	0.0017507246686283146
451	0.014763758767004184
452	0.010964266930734413
454	0.23661126089320408
455	0.26347613342695547
456	0.27013043283166216
457	0.28417174010079044
459	0.032784298284799084
460	0.06752917510994245
461	0.06545695107444964
463	0.12117839984246695
466	0.3516412400534601
467	0.03100742007351459
468	0.018196640953353584
469	0.06668873621909907
470	0.21217267998004918
471	0.23165961257538437
472	0.47446010329890786
474	0.06905448691107113
476	0.22137350840181846
479	0.0985669314553763
481	0.4902431572054068
482	0.22268660057654122
483	0.28070386971072925
484	0.5478270885371601
486	0.03337588275158266
487	0.2269729329631971
488	0.5661268042837306
490	0.35809601349616205
491	0.05320859277296973
492	0.2583456570975433
493	0.02707098505345218
494	0.012863024035079704
495	0.028962363991105383
496	0.3398203341098839
497	0.0009671677002609166
498	0.0660093287229591
499	0.04677235948907988
500	0.09343819299572023
501	0.03863619256247321
502	0.2528472159960373
505	0.2297991160952552
506	0.5808024132645615
507	0.3048572819685895
509	0.6011513178786819
510	0.27689758969463507
511	0.061561332343143184
512	0.21795417294316766
513	0.5128984402835982
514	0.3262740249794461
515	0.025737164047521487
516	0.01463645437860131
517	0.2932987011407859
518	0.030456508821922655
519	0.07449903577072281
520	0.2363839062771871
521	0.03820178655472806
523	0.013734935767639483
524	0.30759480404367173
528	0.511994142819698
531	0.3199665261209173
532	0.3178815896366014
533	0.25958851246840264
535	0.07720162626779126
536	0.5514996083154163
537	0.29055411851167573
538	0.05492091274039375
539	0.0018170891041262016
540	0.25550149648161075
541	0.0034575946835630755
542	0.026762664985434476
544	0.5612895237194689
545	0.25167812795114625
546	0.25194036880943665
547	0.34785114528583666
548	0.5646280368738399
550	0.2692473695279378
552	0.4658174478740345
553	0.3016702483056699
554	0.48678092305028803
557	0.30416139666743497
560	0.2805617245680577
561	0.31350597924341095
563	0.5199767043380165
564	0.2629190462777363
565	0.2640762979639675
566	0.04945772201901603
567	0.07414595848717234
568	0.3261418005819016
569	0.06570683780046455
570	0.07045994482391482
571	0.10118007690121944
573	0.29446038855318746
574	0.26136537480449135
575	0.22283281010904205
576	0.49147906119799367
577	0.21765096162313352
578	0.22682489111839463
579	0.03182676880338495
580	0.23338377929869086
582	0.020450001897891777
584	0.2550347834670342
585	0.2310701207052626
587	0.12933662756459996
592	0.004568698859799852
593	0.27183700245596215
596	0.22537540230229952
597	0.021867861895747256
600	0.33451337703476003
601	0.220871831353332
602	0.008100404813640785
603	0.3201241636717461
606	0.31498358894495626
609	0.07984497846023425
613	0.5666700062002207
615	0.535269917608709
616	0.5476458034793354
617	0.2834702346780818
619	0.5737923405120997
620	0.48113545163056454
621	0.28982696869824937
622	0.2929216855581037
623	0.4879295455339659
624	0.05415527797462102
625	0.27762364543908913
626	0.31600187729539775
627	0.5665004183452257
628	0.09425325361316636
632	0.059648309232829246
633	0.009408617532524768
634	0.3369643822112846
636	0.009897239551136514
637	0.004090658485621491
638	0.2388093441105421
639	0.10786287846529008
642	0.489522131438694
643	0.2946284702348479
644	0.2777934835225905
645	0.05673217035207879
646	0.18585490413246897
647	0.020982772609625874
648	0.5727807349721157
650	0.31492427446546456
651	0.5382461722716526
654	0.318405696538043
656	0.3125755608193731
657	0.2685316071617839
659	0.06607591326771631
660	0.23568752408705085
661	0.06415852896074897
663	0.2495798331068088
665	0.04168575485260797
666	0.09155204526047647
668	0.2943401729647574
669	0.06866381694593211
671	0.023978607942605958
672	0.009137826522445248
673	0.013327680343410468
676	0.0577774973654617
679	0.4977407262756211
680	0.029244688651320183
681	0.23938611521297176
682	0.5613401328035541
683	0.05644256649046338
684	0.053287342771819
688	0.04191815795654636
689	0.47402172143295834
693	0.29522274838724216
694	0.4783688625500017
695	0.2566816606040717
696	0.09423063371584825
697	0.5715445944947947
698	0.4535145406672388
700	0.2736575909684538
701	0.2739422046182815
702	0.21484566303917266
703	0.23761980095704516
705	0.21567020190429748
706	0.2435922846744996
707	0.06754034659763888
708	0.4991197749031308
709	0.24043420456548104
710	0.06730903805809678
711	0.052574332873399326
712	0.20715198628765852
714	0.27163164957353253
715	0.003862903942471553
717	0.061130743008157365
718	0.19773901187251341
720	0.11619601639912802
721	0.23876330778807014
722	0.2645056526442307
723	0.4742335321168596
725	0.17752451916038978
727	0.36535136184231587
733	0.11800330717229648
735	0.046675893925329996
737	0.061972963919943606
738	0.5420558540215534
741	0.28946707216476025
743	0.0842282929639229
745	0.053807559123822374
746	0.30097778690306204
747	0.326759653143194
748	0.11174228886966359
749	0.2286257978253819
750	0.22887401682204922
757	0.09668801188630614
758	0.28691117150301
761	0.2789486191079381
762	0.515512939130686
764	0.054182595244266746
766	0.35673355673413765
769	0.0026182882569162347
772	0.3559805706241621
773	0.0956462987846659
774	0.07137813045791308
776	0.2450482882182492
781	0.5443629028880066
783	0.33632933003546306
784	0.044368557764808816
785	0.24098635772169075
787	0.31168674077356034
788	0.3180834283895626
789	0.0528739710898816
790	0.5084867968017532
791	0.2944760958119255
792	0.05538469347192096
796	0.5257717232081629
797	0.31775723693130403
798	0.009161284324279394
799	0.030690273493095596
802	0.7762285670482059
804	0.23264266318313054
805	0.09598915299234523
806	0.09031780916128539
807	0.29344871728981325
808	0.08062899326721049
809	0.22765191670851465
811	0.2738775214648519
813	0.039876947007186116
814	0.02304721623388724
815	0.5169992035158959
818	0.5335489396683339
819	0.2869387306947658
823	0.29857612480014356
825	0.25859786254287137
826	0.5649436027643301
827	0.2850684997896228
828	0.334244929817564
830	0.5153882781513623
831	0.2477986330510443
832	0.21971841625776414
833	0.07540130634803546
834	0.47179241709699093
835	0.31083571987478636
836	0.05814670834489461
841	0.27057633494089084
842	0.3360670558956248
843	0.13630488221258805
844	0.004592646497434336
845	0.04850824824038629
846	0.06690164970837767
847	0.02707494617591573
848	0.3204081597351044
849	0.04667589392533001
851	0.3336258316000678
852	0.0147683696030503
853	0.08209905975247543
855	0.19888161192211345
856	0.02133997466633083
857	0.12959045755690346
860	0.5682468959246867
862	0.5564812125882759
863	0.2671814537849208
864	0.21380822810545047
867	0.3157496954864042
868	0.34239726160988415
870	0.07286481597929961
871	0.5745319232794976
872	0.2853227122455671
874	0.1179135520492629
875	0.021313363645728778
876	0.19397608889276374
877	0.27910315667878677
878	0.02266701669937307
879	0.23593608279551673
880	0.07344870968145786
881	0.34718135234544395
882	0.32048325544557116
883	0.09819106275108873
884	0.2547736699347676
885	0.22996204595947958
886	0.3481114959624715
887	0.26594527416371216
888	0.18038273406897562
890	0.048916638636555085
892	0.10676931563989536
893	0.008595384038639006
895	0.07715213010926733
896	0.27905261089163347
900	0.32424380433091443
901	0.2223884257904157
905	0.16536590553509972
906	0.01068540434891542
908	0.06125800701852088
913	0.10520002964451747
915	0.5229832215129598
916	0.2504925717602468
918	0.0497544256582514
920	0.24525452748358373
921	0.4441999697254927
922	0.29679138195499005
924	0.016614734786581258
926	0.5438965502717429
927	0.24555949158456725
929	0.011737647378385493
931	0.027938481682909855
932	0.0884376615037753
933	0.06603667813775216
934	0.07444157882299804
935	0.22436003478548078
938	0.10661855992890588
939	0.27214140922781677
941	0.023314203903701362
942	0.3086669709039974
0	0.0
0	0.0
0	0.0
0	0.0
0	0.0
0	0.0
0	0.0
0	0.0
0	0.0
0	0.0
0	0.0
0	0.0
0	0.0
0	0.0
0	0.0
0	0.0
0	0.0
0	0.0
0	0.0
0	0.0
0	0.0
0	0.0
0	0.0
0	0.0
0	0.0
0	0.0
0	0.0
0	0.0
0	0.0
0	0.0
0	0.0
0	0.0
0	0.0
0	0.0
0	0.0
0	0.0
0	0.0
0	0.0
0	0.0
0	0.0
0	0.0
0	0.0
0	0.0
0	0.0
0	0.0
0	0.0
0	0.0
0	0.0
0	0.0
0	0.0
0	0.0
0	0.0
0	0.0
0	0.0
0	0.0
0	0.0
0	0.0
0	0.0
0	0.0
0	0.0
0	0.0
0	0.0
0	0.0
0	0.0
0	0.0
0	0.0
0	0.0
0	0.0
0	0.0
0	0.0
0	0.0
0	0.0
0	0.0
0	0.0
0	0.0
0	0.0
0	0.0
0	0.0
0	0.0
0	0.0
0	0.0
0	0.0
0	0.0
0	0.0
0	0.0
0	0.0
0	0.0
0	0.0
0	0.0
0	0.0
0	0.0
0	0.0
0	0.0
0	0.0
0	0.0
0	0.0
0	0.0
0	0.0
0	0.0
0	0.0
0	0.0
0	0.0
0	0.0
0	0.0
0	0.0
0	0.0
0	0.0
0	0.0
0	0.0
0	0.0
0	0.0
0	0.0
0	0.0
0	0.0
0	0.0
0	0.0
0	0.0
0	0.0
0	0.0
0	0.0
0	0.0
0	0.0
0	0.0
0	0.0
0	0.0
0	0.0
0	0.0
0	0.0
0	0.0
0	0.0
0	0.0
0	0.0
0	0.0
0	0.0
0	0.0
0	0.0
0	0.0
0	0.0
0	0.0
0	0.0
0	0.0
0	0.0
0	0.0
0	0.0
0	0.0
0	0.0
0	0.0
0	0.0
0	0.0
0	0.0
0	0.0
0	0.0
0	0.0
0	0.0
0	0.0
0	0.0
0	0.0
0	0.0
0	0.0
0	0.0
0	0.0
0	0.0
0	0.0
0	0.0
0	0.0
0	0.0
0	0.0
0	0.0
0	0.0
0	0.0
0	0.0
0	0.0
0	0.0
0	0.0
0	0.0
0	0.0
0	0.0
0	0.0
0	0.0
0	0.0
0	0.0
0	0.0
0	0.0
0	0.0
0	0.0
0	0.0
0	0.0
0	0.0
0	0.0
0	0.0
0	0.0
0	0.0
0	0.0
0	0.0
0	0.0
0	0.0
0	0.0
0	0.0
0	0.0
0	0.0
0	0.0
0	0.0
0	0.0
0	0.0
0	0.0
0	0.0
0	0.0
0	0.0
0	0.0
0	0.0
0	0.0
0	0.0
0	0.0
0	0.0
0	0.0
0	0.0
0	0.0
0	0.0
0	0.0
0	0.0
0	0.0
0	0.0
0	0.0
0	0.0
0	0.0
0	0.0
0	0.0
0	0.0
0	0.0
0	0.0
0	0.0
0	0.0
0	0.0
0	0.0
0	0.0
0	0.0
0	0.0
0	0.0
0	0.0
0	0.0
0	0.0
0	0.0
0	0.0
0	0.0
0	0.0
0	0.0
0	0.0
0	0.0
0	0.0
0	0.0
0	0.0
0	0.0
0	0.0
0	0.0
0	0.0
0	0.0
0	0.0
0	0.0
0	0.0
0	0.0
0	0.0
0	0.0
0	0.0
0	0.0
0	0.0
0	0.0
0	0.0
0	0.0
0	0.0
0	0.0
0	0.0
0	0.0
0	0.0
0	0.0
0	0.0
0	0.0
0	0.0
0	0.0
0	0.0
0	0.0
0	0.0
0	0.0
0	0.0
0	0.0
0	0.0
0	0.0
0	0.0
0	0.0
0	0.0
0	0.0
0	0.0
0	0.0
0	0.0
0	0.0
0	0.0
0	0.0
0	0.0
0	0.0
0	0.0
0	0.0
0	0.0
0	0.0
0	0.0
0	0.0
0	0.0
0	0.0
0	0.0
0	0.0
0	0.0
0	0.0
0	0.0
0	0.0
0	0.0
0	0.0
0	0.0
0	0.0
0	0.0
0	0.0
0	0.0
0	0.0
0	0.0
0	0.0
0	0.0
0	0.0
0	0.0
0	0.0
0	0.0
0	0.0
0	0.0
0	0.0
0	0.0
0	0.0
0	0.0
0	0.0
0	0.0
0	0.0
0	0.0
0	0.0
0	0.0
0	0.0
