2	0.06610509464948196
4	0.03182740222110858
5	0.09999210611729606
6	0.3012534495978902
7	0.28503792383264814
8	0.028295942650664985
10	0.03857880492917173
11	0.06707720451539502
12	0.015133469132002277
13	0.06152079504900178
14	0.2812191594190625
15	0.2923456058557188
18	0.5519130360271367
19	0.21371410018560044
20	0.2718170130761852
21	0.30697285835289684
22	0.5775341228115399
23	0.483080257345282
24	0.04872224661860669
26	0.5699833199259758
28	0.26877487098638214
29	0.2483936808716894
30	0.0007273160275308443
31	0.019215517654543265
32	0.041464900707553425
33	0.009822777019605732
34	0.1550049287860402
35	0.03832070174880043
37	0.29370963905820285
39	0.06847974373373004
40	0.2644843540103134
42	0.04256937449357115
43	0.02783591255882536
44	0.3135554177424352
45	0.07519441423759032
46	0.031847004848626
47	0.05319105653551137
52	0.034445997376017876
53	0.29280666987331727
54	0.0606836612629499
55	0.2634461149172822
56	0.5098443329526194
57	0.04383587993471193
59	0.038551582120396055
60	0.5200849918457436
61	0.1850801296083778
62	0.03185803113880681
63	0.18931441780964575
64	0.271211355010943
65	0.24377954476730992
66	0.26405267366400503
67	0.2538564735881763
68	0.24657448406933988
70	0.2898888939767954
71	0.23683281354637925
72	0.2630587243174275
73	0.2969170161489962
74	0.5231587505576787
75	0.06028957539157494
76	0.05834684974419506
79	0.04826567896354801
80	0.5858793767407316
81	0.04430056750702348
82	0.2809213831276957
84	0.26336980059271264
86	0.25470007455459176
87	0.04451663953107765
88	0.33842704511676
89	0.04479091911046294
90	0.040004474246568285
91	0.015971602707111038
92	0.5441575201233695
94	0.2690939154261349
95	0.2538702834830719
96	0.26591242946842036
98	0.05760225126052135
99	0.02730649678957527
100	0.25251882851748303
102	0.038678020151340475
103	0.3440775317974022
104	0.0991700629991431
105	0.534537478940793
106	0.24616491438576543
107	0.0583467133619056
108	0.0282474548759337
109	0.0363853255858355
110	0.006572114271891558
111	0.06862393750719299
112	0.2695440492437682
113	0.07701403601205242
114	0.08853849200337345
115	0.46253503841218613
117	0.5200776574842385
118	0.01791850187727746
119	0.056549721216376914
120	0.040378037570757266
123	0.0017694549068468027
124	0.03359284774136474
128	0.2769379972174596
129	0.3334669013800385
132	0.5274100312879308
133	0.29282328157150134
134	0.01984565455774602
135	0.03534635322460857
136	0.5572462096376156
137	0.029358378905520028
138	0.04033038255707092
139	0.5450439050564136
140	0.2982022217949736
142	0.29104115264989694
144	0.010279646133524736
145	0.2646459303030039
146	0.4672904547886132
147	0.027199810551128894
148	0.041171559112710886
149	0.5650200520278311
152	0.24251339689826684
153	0.4206957529891453
154	0.03538962911690718
156	0.283019717118959
157	0.0710466701506893
158	0.009494477630156803
159	0.2563710100193281
160	0.27344430840920597
161	0.2462931842079195
162	0.23792284970022187
163	0.011287187313170126
164	0.24606955629717034
165	0.019245866078366754
166	0.040681518715181726
167	0.475302175307091
168	0.06435363126466152
169	0.03823940160906828
170	0.22857468802228653
171	0.27505258405273403
172	0.4731778095000093
173	0.5005277404237662
174	0.5474549143573791
176	0.2814132435469114
177	0.5279506040867501
178	0.2416251696054259
179	0.004327366663048074
180	0.026059377206048576
182	0.04362728774923301
183	0.19305984480415866
184	0.0524337844637981
188	0.2968274091913291
189	0.26243530654788244
190	0.028241412484194296
191	0.24029475784736054
192	0.29219115832497505
193	0.0677742564828176
194	0.29981000432339283
195	0.04470991231055653
196	0.054094821864559606
198	0.24398428869174044
199	0.01881299074905837
200	0.06033058321633049
204	0.343085253776823
207	0.516708382312301
208	0.06596100088825904
210	0.5155375993993385
211	0.3052687181038948
212	0.2751678491147643
213	0.2594415512405802
214	0.2926760491943204
215	0.26589338476934476
217	0.5244493219164824
218	0.31598210269481636
219	0.0238494679181111
220	0.174139765164885
221	0.2633926919781405
222	0.4558050244728201
225	0.0305551202906005
227	0.27174121815989316
228	0.08400961665221647
229	0.2501734670160267
230	0.25709752996949564
231	0.06683349084749804
232	0.04868624848831478
233	0.05300107312032505
234	0.28846017198977747
235	0.30065479664420375
236	0.011479931942854134
237	0.2476536395552993
239	0.2988368795873139
240	0.5661024871115146
241	0.3096506380229154
242	0.03989762972321262
243	0.008102583136468982
244	0.03691842993318579
246	0.06019573282013589
247	0.025558184453831508
248	0.2809802633165085
249	0.5174511488139275
251	0.010686616876748236
252	0.028835025014444876
254	0.06314568785299082
256	0.280958077739875
257	0.012179561826816853
258	0.2775889805055233
259	0.2538888522696215
260	0.3176302884278026
261	0.2505273046573426
262	0.04513641667669811
263	0.2748626217037672
265	0.017199935988817267
266	0.28219347013952073
267	0.28216158448512024
268	0.32093633482132367
270	0.268121081154881
271	0.3041505159219093
272	0.28593181794446365
274	0.27085388015192974
276	0.5514579684192265
277	0.30818734649356716
278	0.006641138795635541
279	0.010964879695339876
280	0.041047606663706646
284	0.3021716615649925
285	0.2852258893671786
286	0.01611147104588035
287	0.06753811200354215
288	0.023511354697669753
289	0.40298482059762997
290	0.002087779100757036
291	0.026553335877389707
292	0.26490628866532284
293	0.066731102285026
294	0.03135412630660446
295	0.29694973003539943
296	0.04835325119083577
297	0.26297230990522213
298	0.04260333619319394
299	0.3121172179827737
300	0.05042194419048419
301	0.2790058865095682
302	0.08066514436948846
303	0.2971127739742119
304	0.009886443012933954
306	0.029162748425740632
308	0.05212133377601563
309	0.016174622404088873
312	0.03042758003378743
313	0.27768737437201046
315	0.27712636756114556
316	0.023760889460316327
317	0.035699083479797916
318	0.4890954978172733
319	0.26221620542492197
320	0.5079339774800187
322	0.27942415463138204
323	0.06160169400879195
324	0.02213209248610072
325	0.312089149769767
326	0.055227193694025824
328	0.052089711132132635
329	0.284388107431122
330	0.01957915108054775
331	0.048379793835795895
332	0.31634928331581624
333	0.017937824256792433
334	0.5213414685027672
335	0.05670178821384029
336	0.259910506761883
337	0.043865495339127925
338	0.28366144445137764
339	0.2654441539483289
341	0.3465816479709663
342	0.011465607641037621
343	0.5065805172811746
344	0.27449838309657404
345	0.24914395598008376
346	0.2855248576389871
347	0.28330995458102676
348	0.051340431483641466
349	0.288924519500225
351	0.2649985151445007
352	0.32710181603243543
353	0.512498861383226
354	0.7347309113242878
357	0.525237449940272
359	0.02937292129375623
360	0.5304757340386378
361	0.273409637786007
362	0.603181820919393
363	0.08589579593505527
364	0.5367101436094178
366	0.04089112817052255
367	0.3190820497474477
368	0.012467007178854787
369	0.06877142442681283
370	0.04228505718965687
371	0.47414917188729605
372	0.009158704740654621
374	0.20626233003347041
376	0.5041800518514953
378	0.29944310123403767
379	0.5257666446796924
380	0.07239938721680822
382	0.02680356656621745
384	0.06319389424589236
385	0.03402347862784417
386	0.28435663818067375
387	0.31155267668802855
388	0.04347608540126241
389	0.32530683041196196
392	0.27263635648151885
393	0.03708237811140694
394	0.3193784507445751
395	0.49180420195335117
396	0.07493148992493723
397	0.5391554115938145
399	0.5272447592090678
403	0.05406100876849555
404	0.05772213760499535
406	0.2957988846126796
407	0.27686850313040284
408	0.2732211557199019
409	0.2866285197818635
410	0.064212143792329
411	0.05306794659498526
412	0.029935894451258955
413	0.02580870932641843
414	0.5736248078410294
415	0.026074966445640252
416	0.2929328289756617
417	0.5557399139009358
419	0.5127497562265121
420	0.5592155974408209
421	0.5281881437315931
422	0.016140879255770298
423	0.5330810036838299
424	0.03573024381338838
425	0.11039349870703907
426	0.5302533266924481
428	0.05201150402944535
429	0.5335630069501005
430	0.48544041244442143
431	0.266109257633771
432	0.2778790076790523
433	0.28077860817318895
434	0.011539720123562396
435	0.04455290403546904
436	0.5368419698128728
438	0.036863718196100834
440	0.27731495315065935
442	0.5231817786148247
443	0.3016809945355536
444	0.24688562828634142
446	0.004742384785102586
447	0.26907475215067606
449	0.5363888695790449
450	0.2833888018963461
451	0.011891134676837518
452	0.23547169782328742
453	0.5133072166574401
454	0.02033829375917666
455	0.05610128984510455
456	0.2779074757723382
457	0.27041954852527433
458	0.05169026051636075
460	0.5334187099786978
461	0.30294949989959263
463	0.2828196236486013
464	0.2865990368768171
465	0.02467191307215302
466	0.76516147739696
468	0.010369023694478452
469	0.5301402202790824
470	0.05073887757184689
472	0.055657812143713827
473	0.011873892572600655
474	0.5335538793862065
475	0.01542101448006607
476	0.034866256394456896
479	0.5310794191495949
480	0.012924186214246229
482	0.23254287874362414
483	0.020131486253472587
484	0.2971435661029373
485	0.17238679463064976
486	0.25080668312609306
487	0.2756166223891524
488	0.28120784826599127
490	0.29430613645698306
491	0.26150438761115696
492	0.066476467896689
495	0.26642230942705136
496	0.5614868622602807
497	0.5145230852759273
499	0.2732896759843738
500	0.06503358338850643
501	0.011111286598214837
502	0.016452006928970312
503	0.02898500265492205
504	0.2685474767544024
505	0.03871389162080935
506	0.06287153396469425
507	0.27431734583432255
508	0.0007297624584762137
509	0.11702894128647273
510	0.48413568482892
511	0.08441074281950595
512	0.03697698638940378
513	0.02225054441250817
514	0.28065340653838305
516	0.01659710934692609
517	0.05907858015102434
519	0.5113897557489876
520	0.3159235631795104
521	0.2580481204152116
522	0.03275330167407746
524	0.5241311303244673
525	0.030924912045150302
526	0.04080458161555982
528	0.06019650003141551
530	0.012527029396814365
531	0.5514907451423342
532	0.3035599082610172
534	0.27573995826193937
535	0.05862253137130044
536	0.04730158728234744
537	0.5437605422699971
538	0.24370275396313626
540	0.03905833188783311
541	0.015817447595845247
542	0.2145377203707629
543	0.2529511569395983
544	0.5627127116339623
545	0.24526633261516756
546	0.26219485055921665
547	0.29584621806933464
548	0.027841621567339214
549	0.26695704243308105
550	0.05760310535855194
551	0.025208064583870496
552	0.30312941878998695
553	0.5320255328283984
554	0.054818108860086215
556	0.30177771688114957
557	0.29068567574648563
558	0.2933035423033756
559	0.25997773256006196
560	0.08247273722181037
561	0.5556290970449005
563	0.0453116037671865
564	0.030565555374146864
565	0.26475767243942916
566	0.5305491495089744
567	0.041449335684852213
568	0.750602269480863
569	0.2934542600394009
570	0.3466639180737184
571	0.0291045035581234
573	0.5316491217126865
574	0.2622519298314259
575	0.022199856766935786
578	0.24974725135943532
581	0.25883202889124424
582	0.34042951860085846
584	0.021048058052717176
586	0.26851240781184543
587	0.509325942834354
590	0.28084394486518655
591	0.26399903014920567
592	0.024100922888660448
593	0.024215715804087757
594	0.5166432017344907
595	0.2081319361349903
596	0.009600579702825584
598	0.5326764253037045
599	0.002923702780351655
600	0.5388765499554774
601	0.004429440894115424
602	0.09488287687944935
603	0.2785221114306815
605	0.23901994801168808
606	0.06235047167831934
607	0.28415436253639964
608	0.4593012424956951
609	0.09368899376453509
610	0.5026394666347827
611	0.5117816627107982
612	0.021713758143668
613	0.03620338893004805
614	0.006161180374095132
615	0.02361154809443084
616	0.289663069246739
617	0.18903589974749604
619	0.2883933303655026
620	0.03279448131537786
621	0.2386818846437147
622	0.5630046814315757
624	0.5339481161176592
625	0.020144713206616642
626	0.5917830301244525
627	0.28941852705922444
628	0.27400467711030974
629	0.023969313981636632
630	0.03873736940622635
631	0.2669051342387626
632	0.024419643608280587
633	0.016035071173737644
634	0.5469869591636826
635	0.28790024964919886
638	0.23608893987575305
639	0.5361936913335682
640	0.020842290139193174
641	0.030310141030667353
643	0.04022032597247186
644	0.02950098034605759
645	0.48375312746346993
646	0.034088107040994825
647	0.2548321380733359
648	0.2935398849664001
650	0.046426669137937714
651	0.2912005916619084
652	0.03100393919197139
653	0.03823364766184985
654	0.0936363435889262
655	0.2712228335330132
656	0.2105502317056545
657	0.030118177164497162
658	0.25371347419792245
659	0.24303478893458294
660	0.04780307418956831
661	0.3229786178676883
662	0.3143297464449291
663	0.5301073799255528
664	0.06953031734491474
665	0.019059100868825462
666	0.5521047105568676
667	0.5252582991681393
670	0.2956315832866214
672	0.3306446586036235
673	0.3045425953388545
674	0.2992001567491506
676	0.06605686255488354
677	0.011825972302242447
678	0.22529198099422962
679	0.2879330204348696
681	0.07282501016680297
682	0.2901164390944483
683	0.2655545291765548
684	0.05535084935512885
686	0.28623273470028004
688	0.041434053651458636
691	0.4973968088507173
693	0.027686086547541233
694	0.03015881267833847
695	0.05196719438054493
696	0.5360742311144062
697	0.31128644150896995
699	0.04586801967899934
701	0.038517965015004284
703	0.03565018495909668
704	0.25623984257118143
705	0.2778707216249694
707	0.25377444826132445
709	0.2756609932650057
710	0.5232752540407273
711	0.05682892375309648
712	0.2633187722235803
713	0.3308232702492122
714	0.012389494925012571
715	0.2575358076914449
716	0.25629198930871133
717	0.5352414581061502
718	0.0018074545467938428
719	0.23622510250832193
720	0.781640243563999
721	0.024429603177662025
722	0.013864129312526955
723	0.00301336762249535
725	0.3140470241334434
726	0.059335589350480944
727	0.3544721497198115
728	0.5296299345169566
732	0.060362299949673695
733	0.5473545481211619
734	0.015435836800781904
736	0.2616083780225245
737	0.5594575384860287
738	0.33003377083527186
740	0.537976627748645
741	0.2700288851552949
742	0.0557245645521275
743	0.3291036325751408
744	0.06799854717625627
745	0.5001886834642194
746	0.05748064038839132
747	0.07056107459590454
748	0.04943289394360927
752	0.11231978871792632
754	0.04985457226557666
755	0.2490131439676024
756	0.030687490199333964
757	0.31645485376368676
758	0.02762544313440278
762	0.04650310594406422
763	0.011331961880842921
764	0.03574988662380588
765	0.036283486549620866
766	0.3190968214713878
769	0.028270810909149607
770	0.018509894025793505
772	0.3056311353107758
773	0.3040243981810619
774	0.08602173299719915
776	0.29673787386720873
778	0.06737557513507966
780	0.2826987917258558
781	0.29440645481176136
782	0.00029621773556689004
783	0.08546779743643744
784	0.2677977287759336
786	0.2739107587658478
787	0.5362046540047501
788	0.5439258566345387
789	0.241917231309119
790	0.0811527808948612
791	0.25017656347964906
792	0.3045894612075925
794	0.04053699990493037
795	0.30439714646278565
796	0.02651489456488296
798	0.27126547575672044
800	0.017471385028332783
801	0.004847218961514615
802	0.2592468286242041
803	0.2584108151950977
804	0.2767108640348718
805	0.25071352751069237
806	0.052522599958730494
807	0.5359182165012689
808	0.3211329513014348
809	0.28072966525182436
810	0.2818685525347244
811	0.022793224745819258
813	0.49809214133847035
814	0.5478923804008164
815	0.2979375928387401
816	0.2591385999846022
818	0.2852463847098243
819	0.5490510562282483
820	0.3747200294777091
821	0.045556830166618933
822	0.04492026059416291
823	0.48377450816243694
824	0.2056054999377152
825	0.018187624857622608
826	0.3081411248137732
827	0.0473425381729686
828	0.5480967033558912
829	0.036920967957423875
830	0.29550692512206345
831	0.017139644403360174
832	0.2992865199719031
833	0.021265200682171102
835	0.5025043971946885
836	0.08173305074733139
837	0.0006446751904541359
839	0.029762994051155393
840	0.04079483422208478
841	0.3019323216157668
842	0.08009807587373967
843	0.254276159397624
844	0.050738491587720626
845	0.30994526092181035
846	0.4800276612626343
847	0.012658662891215759
848	0.03216455418379885
851	0.5454448121964989
852	0.055136286207858036
853	0.3077204316641904
854	0.021454655627092527
855	0.0034937052707518304
856	0.0038178397065644076
858	0.2495524768024498
859	0.28457262116290516
860	0.5508068381279126
862	0.2925749428956683
863	0.055730366011534395
864	0.025621964754463093
865	0.36939478360019096
867	0.2788252850346221
868	0.564577932631284
869	0.29569534719196133
870	0.5263523963873864
871	0.0809262941725323
872	0.2606420373690914
873	0.00888502043229937
874	0.547488002646861
875	0.025727811212348864
876	0.04195940063279815
877	0.037605156167197513
878	0.4927888559234589
879	0.3206281551656333
880	0.5332875137909816
881	0.531372814530526
882	0.3090227467797518
883	0.05373617864320741
886	0.07713072503559945
887	0.04671811904654888
888	0.02956860424063865
889	0.27191836149031196
890	0.48493422944443254
891	0.2808714558030486
892	0.7717172746402912
893	0.04912815123910114
894	0.007182116486059438
895	0.06363623341740378
896	0.05030796524468694
897	0.020358900855482562
898	0.27119667519397644
899	0.02869590361764792
900	0.2273267622545303
902	0.4991733738177311
903	0.028896019484475264
905	0.5450289168334829
906	0.26652374452640776
907	0.01960885006090668
908	0.5199561958295288
912	0.03560553788299643
913	0.5234462588276957
914	0.10411218646318175
915	0.33032077906391843
916	0.4909476851799074
917	0.08042073186514803
918	0.2839258844086278
919	0.5192006942536728
920	0.025215660536719652
922	0.07996303680820206
923	0.28467195130428313
925	0.26832849037963
926	0.30915241672975957
927	0.2778005711036947
928	0.03157172196292786
929	0.23903182554437805
930	0.3023199465580614
931	0.29001748786497034
932	0.29655998884782775
933	0.5481981554508621
934	0.2853651532859006
935	0.2681961876147622
936	0.04513307062909032
938	0.039442025441564395
939	0.29395491659074774
940	0.2533825549475852
941	0.022663025020272242
942	0.2919944447846497
943	0.2874478398316411
0	0.0
0	0.0
0	0.0
0	0.0
0	0.0
0	0.0
0	0.0
0	0.0
0	0.0
0	0.0
0	0.0
0	0.0
0	0.0
0	0.0
0	0.0
0	0.0
0	0.0
0	0.0
0	0.0
0	0.0
0	0.0
0	0.0
0	0.0
0	0.0
0	0.0
0	0.0
0	0.0
0	0.0
0	0.0
0	0.0
0	0.0
0	0.0
0	0.0
0	0.0
0	0.0
0	0.0
0	0.0
0	0.0
0	0.0
0	0.0
0	0.0
0	0.0
0	0.0
0	0.0
0	0.0
0	0.0
0	0.0
0	0.0
0	0.0
0	0.0
0	0.0
0	0.0
0	0.0
0	0.0
0	0.0
0	0.0
0	0.0
0	0.0
0	0.0
0	0.0
0	0.0
0	0.0
0	0.0
0	0.0
0	0.0
0	0.0
0	0.0
0	0.0
0	0.0
0	0.0
0	0.0
0	0.0
0	0.0
0	0.0
0	0.0
0	0.0
0	0.0
0	0.0
0	0.0
0	0.0
0	0.0
0	0.0
0	0.0
0	0.0
0	0.0
0	0.0
0	0.0
0	0.0
0	0.0
0	0.0
0	0.0
0	0.0
0	0.0
0	0.0
0	0.0
0	0.0
0	0.0
0	0.0
0	0.0
0	0.0
0	0.0
0	0.0
0	0.0
0	0.0
0	0.0
0	0.0
0	0.0
0	0.0
0	0.0
0	0.0
0	0.0
0	0.0
0	0.0
0	0.0
0	0.0
0	0.0
0	0.0
0	0.0
0	0.0
0	0.0
0	0.0
0	0.0
0	0.0
0	0.0
0	0.0
0	0.0
0	0.0
0	0.0
0	0.0
0	0.0
0	0.0
0	0.0
0	0.0
0	0.0
0	0.0
0	0.0
0	0.0
0	0.0
0	0.0
0	0.0
0	0.0
0	0.0
0	0.0
0	0.0
0	0.0
0	0.0
0	0.0
0	0.0
0	0.0
0	0.0
0	0.0
0	0.0
0	0.0
0	0.0
0	0.0
0	0.0
0	0.0
0	0.0
0	0.0
0	0.0
0	0.0
0	0.0
0	0.0
0	0.0
0	0.0
0	0.0
0	0.0
0	0.0
0	0.0
0	0.0
0	0.0
0	0.0
0	0.0
0	0.0
0	0.0
0	0.0
0	0.0
0	0.0
0	0.0
0	0.0
0	0.0
0	0.0
0	0.0
0	0.0
0	0.0
0	0.0
0	0.0
0	0.0
0	0.0
