5	0.33781268351564075
6	0.27329637362725856
7	0.06268645445769197
8	0.0453815213205322
9	0.27402517930199644
10	0.29433506739325915
12	0.2465538022229605
14	0.03474527384068704
17	0.027648724008513554
18	0.2657522961747652
20	0.29191105439635967
22	0.028679230543354667
24	0.25698282415769036
25	0.025764515337878744
26	0.0009503094348346543
27	0.2339275055154388
28	0.5325741939411153
31	0.05134605272992618
32	0.26703423738943055
33	0.5165867591603432
35	0.2540187157562297
36	0.044097055535822785
39	0.23237976371446717
41	0.3181418210205675
42	0.25073317144669627
43	0.023663162995114298
44	0.041969448302693904
45	0.3094872888138644
46	0.02795010519016919
47	0.06495303017845387
48	0.5072564111731434
51	0.32700987662709335
52	0.279574779527609
53	0.23953829303413626
54	0.29912338936808974
55	0.24478062209294751
56	0.5589218929703096
57	0.3354680093010956
59	0.5457533484531569
60	0.28590226207374475
61	0.12334838037286372
62	0.2831186625828986
64	0.2781658927434906
66	0.5058846565800387
67	0.21937410791911033
68	0.24537091446173404
69	0.04073786401436068
70	0.29133600951489125
71	0.26160306473987627
72	0.01710765237747361
73	0.2830950226214789
74	0.0035547911208235403
75	0.25269492715461794
76	0.05400274694002194
78	0.25076784554339826
79	0.013058345286859514
80	0.3285726919428538
81	0.3046651895357084
82	0.026045576486154673
83	0.2625569377832693
84	0.034171800381920095
86	0.3348395950232109
87	0.07179584211883641
88	0.09816737673149953
89	0.5210657940096421
91	0.7518621182305625
92	0.04110137828768318
95	0.04203046883005646
97	0.05339922263722317
98	0.0016667017554940142
99	0.029463162717026366
100	0.5044161940769055
101	0.5519194652654709
103	0.3022701151628442
106	0.2250876874345747
107	0.27957601835791673
109	0.04555323119198105
110	0.017392945561896973
111	0.022974943405183718
112	0.2340309169816206
113	0.030596033732427558
114	0.2777098237753446
115	0.24350167715371288
117	0.06310619200217518
118	0.2818835362993567
119	0.044619816951877514
120	0.3166312973403686
123	0.21038647474644911
124	0.27572541580826465
125	0.2625189549628238
126	0.27704098649446396
127	0.2877017064305033
128	0.2741582926504866
129	0.07134908597961515
132	0.009915899311229326
134	0.03913354572751819
136	0.05217391101010579
137	0.25091822560165344
138	0.5056242168266512
139	0.5362045649796046
142	0.31350059847717343
143	0.47864697834756986
145	0.6902474338811224
148	0.032496683979236975
149	0.24495733267249548
150	0.010200915902704673
152	0.5232881128273507
153	0.33934639949792156
154	0.49169087805239425
156	0.2596225561440941
157	0.04772524231859816
158	0.014970979191639405
159	0.22577304645862356
160	0.2686687638418672
162	0.20458747853711046
163	0.26494867517066906
164	0.27388543305574065
166	0.08833942587231507
167	0.2488334781539681
168	0.26193638475886927
169	0.3004912274343452
170	0.23207294479677348
171	0.3263442031026349
174	0.05907141861728149
175	0.29963538570582404
176	0.019346376377282794
177	0.5019695437415372
180	0.2550228238070241
182	0.05549821133234434
189	0.027933971989875586
190	0.5184272833712208
191	0.19973338341886782
192	0.055197481474170945
194	0.06026339034037152
195	0.04498742227425862
197	0.27041643880471555
198	0.23279339388025183
199	0.28966328292473453
200	0.038783565319897184
202	0.33387635629922185
203	0.09981729737481451
204	0.25646122748152295
205	0.14009196149668457
207	0.052913883198906636
210	0.2429563662259206
211	0.07632664737614483
213	0.25809843905444013
215	0.03223646837717498
216	0.27085388015192974
217	0.2905380269340233
218	0.08162542036132492
219	0.2507171827575455
220	0.23283064744127302
221	0.020461462267817174
222	0.4690899395896943
224	0.01121095445797526
227	0.005473472290493418
229	0.491130556526194
230	0.02302257559140245
231	0.2847787673335219
235	0.04727791262828274
238	0.2974477220848826
239	0.02571285036241081
240	0.0325560769018428
241	0.2518767090917546
244	0.020426151120811982
245	0.27625971236522895
246	0.361007234931114
247	0.048488380530299205
248	0.44074071997928366
249	0.019206554109548267
251	0.059547667213543355
254	0.29668941509651864
255	0.15845488361185694
256	0.23103480299891863
258	0.28395949167937545
260	0.27753235772879375
261	0.23907620173940808
263	0.016401179286391496
264	0.031499074419765724
265	0.44866962331574106
266	0.02325909478803993
268	0.059618836588868206
270	0.2582330261602263
272	0.22904727122886812
275	0.286877046540765
276	0.026035693286631016
277	0.3191539623111368
278	0.2720862953075234
279	0.033178208222927365
281	0.4891813469349746
283	0.24958817031539074
284	0.015190431676182784
285	0.19592510856537151
287	0.031142990655974218
288	0.2576967556814995
289	0.6158947529534534
290	0.017531002111522666
292	0.027755978056937906
294	0.05991000588711434
296	0.04372785560629892
297	0.22336996853624808
298	0.037989040147247015
299	0.06287853545468503
300	0.3129068427341727
301	0.5235045189759064
302	0.14429260088539542
304	0.025353550817218157
306	0.06038975289384256
309	0.5422724208328408
310	0.2172673217148421
312	0.019732523512839703
313	0.5046643280460485
314	0.06343171713335946
317	0.22971545676629979
318	0.012174272902117277
319	0.2534167794322953
320	0.2638274251388312
322	0.013159951474889842
323	0.30482033641892836
324	0.04286081906564668
326	0.2853213523732027
331	0.004484246449050652
332	0.25005304525544086
335	0.5199137525083353
336	0.5235713485263642
337	0.02485384902752271
338	0.04833514345953263
342	0.0004897896796768296
343	0.017389530246925418
345	0.2813784303513581
346	0.2889215775783204
347	0.04323252147237122
348	0.5585099260726633
349	0.029705193701135845
351	0.22390543132826796
352	0.08599406211808118
353	0.2423028654439316
354	0.021073651871801147
356	0.5309942414649673
357	0.26247813693464955
359	0.05974713341483538
360	0.003448317735290897
362	0.2712817273680239
363	0.05125246455871339
364	0.03434119172813419
365	0.04368297319252214
367	0.2937020117238914
369	0.2805574659033463
370	0.025654757490164187
371	0.0011066493819859337
372	0.24102779413264694
375	0.49133401150926986
376	0.547495290385389
377	0.25294592844495567
379	0.2703510341894065
383	0.024615721352961504
386	0.1940821765837951
387	0.03671965776815253
388	0.22148325510951353
389	0.28643699528941097
393	0.02061789193167078
395	0.05562474737530421
396	0.25725730302803257
397	0.008862407690334584
398	0.029584063825990978
399	0.024496242746691845
400	0.052447664400440845
401	0.03151074964361788
403	0.26508423300549083
406	0.027749302348581154
408	0.22285784749581172
409	0.04954034267834341
410	0.05936459656349546
411	0.2716361039948443
412	0.5061608769009638
413	0.05918344283643715
414	0.04936077825623567
417	0.045305598445683215
418	0.48251600543054507
419	0.2819426159807627
420	0.24892789434312182
421	0.7664118721521006
423	0.024801973023806018
425	0.26478197907854595
426	0.024576252861152083
427	0.23515208247735073
429	0.034473361902776105
431	0.24608954553645915
432	0.26685904441935593
435	0.29885565471690395
438	0.2681957186566687
440	0.30119943784493663
441	0.28366640150099764
442	0.008401665208800778
443	0.28987592055621825
444	0.19788575335085434
446	0.3038463174841265
447	0.24427223104161197
448	0.004215410084598754
449	0.31072870927261026
450	0.032884376792455886
451	0.7037027397239157
452	0.22693086382217592
453	0.04164508679644602
454	0.257230721649017
455	0.24012481854502124
459	0.2976909157989417
460	0.03243929463500523
461	0.055140229054814326
464	0.03273569586310082
465	0.044493792581560165
466	0.5436050078254463
468	0.029932918616302418
469	0.27289518886047315
470	0.27687668463027076
471	0.021818612253368626
472	0.7541378160356333
473	0.2603060929506927
474	0.03915040896022502
475	0.014795182706760748
476	0.7532042730415539
479	0.26079336468335457
481	0.04137898789910521
482	0.46150677933512757
483	0.07272714516576056
484	0.07003369854137446
485	0.009009944084503656
486	0.012936883619806924
487	0.024912779241969177
488	0.05889332000328056
489	0.4711802327080198
490	0.27078098955619206
491	0.19180952984116056
492	0.5460460236783484
493	0.015564983954700198
494	0.5244428573003367
496	0.28328448317470273
497	0.281044698380268
501	0.040487938091645484
502	0.5255706573433023
503	0.009995253588930279
504	0.029401200947974958
505	0.05033894102362598
506	0.28828374807892404
507	0.5020046893351853
509	0.2550582644344076
510	0.2241888935739964
511	0.0679057559196064
512	0.48284740431231177
513	0.2840999422145225
514	0.03879357918111971
515	0.5076651074744946
516	0.2665114466093348
517	0.3164166316276123
518	0.4846830934402831
520	0.2906505786976408
521	0.28341836297538775
522	0.01385360196154379
523	0.2672834904227144
524	0.25954806873111025
525	0.027531716801361725
527	0.19921876802602806
528	0.04735516585571982
530	0.012621045316231903
531	0.0373784181930083
533	0.280725969598802
534	0.7311682822499174
535	0.038587312992863484
536	0.062474382936143505
537	0.01795857371302869
538	0.024698350360298188
540	0.543988821010512
541	0.26613464688687133
544	0.18350921046919644
545	0.2815847436920081
546	0.5249181593637003
547	0.2415908936369979
548	0.22614953445363672
549	0.2566671616160391
550	0.536968785589025
552	0.5252260073682053
553	0.2628965155504596
554	0.30905058333243096
556	0.05258540164170314
558	0.06707349999347408
559	0.24330162245729287
561	0.014663422198008244
563	0.3156379914243198
564	0.053431675747790106
565	0.5296164968193204
568	0.5309475886400011
569	0.03265383539309382
573	0.02841639596803889
574	0.24015400698612083
575	0.5033551377862814
576	0.28413419153531794
578	0.49812785449539265
580	0.3160993331092708
581	0.051445612579551374
582	0.31891854332739905
583	0.26410314196158974
584	0.03871483436894839
586	0.2706132168667241
587	0.5006488355987732
588	0.015662167155753855
590	0.026101399282615657
591	0.00889986145749623
592	0.024194971973711975
593	0.30435547583861366
594	0.504187497721263
596	0.24461387034413856
597	0.02558490878863168
598	0.07014094929875307
599	0.007070075920295425
600	0.2543413417445827
601	0.2408920646844907
602	0.08962378064014374
605	0.2665240169713929
607	0.28568710036059397
608	0.28068907416504035
609	0.0575738101306084
610	0.48784014452785024
611	0.5043220387535714
613	0.04892983371701444
614	0.2245830874972315
615	0.016308171666872456
616	0.04752157973112861
618	0.2620108373806402
619	0.5212698076819938
620	0.28672394205930163
621	0.25407935310849095
622	0.041078565796290316
623	0.23787637951424695
625	0.05481764381665257
626	0.010148794476806892
627	0.31012764291530853
628	0.5205077180181191
630	0.5089670377386936
631	0.2051947938097813
632	0.07294766733110966
633	0.24515121024918513
634	0.2871599167883202
636	0.25594636585772246
638	0.24862857899916727
639	0.23394985524339612
640	0.02125986862184015
642	0.2843455208998119
644	0.5296284774373445
645	0.010583148902896779
646	0.0023626607429527192
647	0.02588052596439002
648	0.47924931925880715
650	0.04538606788399745
651	0.2345778976321602
653	0.2492940810037887
654	0.006014395943882027
655	0.029399061512599294
661	0.056761890711078705
662	0.24910880041501515
663	0.7604322341539279
666	0.02509797780507014
667	0.27554238246678125
670	0.015096365120132578
672	0.3018977290370345
673	0.2633682879053551
674	0.062006919703488164
677	0.4646400879741571
678	0.41753757949080855
679	0.021066707102818997
680	0.0411904127098489
681	0.0174805864104088
682	0.29661535378331644
684	0.06702943884358853
686	0.014977185915431075
689	0.2866181147474722
691	0.25247754555154295
692	0.058110835535632156
694	0.2772959381459003
695	0.026076866060599314
696	0.26667297084233244
697	0.03034403060129514
698	0.5227746757873595
699	0.2852860958536784
700	0.05910237807953968
701	0.06794689412046007
703	0.7327145992660904
705	0.4975853069280016
706	0.005540098148229797
708	0.2889623096200421
709	0.25156161367424257
710	0.01721638567614074
712	0.4853961049303347
714	0.5246377638203086
715	0.030133313175556734
716	0.019317924232972516
718	0.22925780077478872
719	0.2810847674786239
720	0.28378802436076017
721	0.039384252477062655
722	0.07552077541275509
723	0.5217100215504671
725	0.2743341266179507
727	0.00409891525639219
728	0.2905602711717454
729	0.0011893855919811874
732	0.45293175601915686
733	0.022111981994423713
734	0.03009566761691843
735	0.059167633361845225
736	0.005577536425262354
737	0.06009401620858454
740	0.23180458227394712
744	0.0010501803749766586
745	0.023451543341813798
746	0.044532838668270375
747	0.02094787817031661
748	0.038953782561010085
750	0.29768213451465014
751	0.05864097504930511
752	0.040367297072917835
754	0.007045870117449636
755	0.03890617319713342
756	0.02653210736955247
761	0.266568769714475
762	0.23722721653198459
763	0.00972828482176782
764	0.022547900372271768
766	0.28084856127915
772	0.04512042833512196
774	0.09089602537053627
775	0.0003591050989608241
776	0.25004534703136405
778	0.764277377101381
780	0.03452423553041684
781	0.4799204025851721
782	0.27784129242321015
783	0.490535383895116
784	0.23289803809883458
785	0.4864574792030518
786	0.018639593983010003
787	0.28332402581955485
789	0.5284488088228104
791	0.533917844058527
792	0.31328039205867536
794	0.03683529582324953
796	0.24911429111710334
797	0.511136914695303
798	0.5014525374791902
799	0.03462956819423196
800	0.28188353629935664
802	0.5346790475557102
803	0.24307296828039798
804	0.2704714111880993
806	0.00740172248537567
807	0.03692998242844052
809	0.2840428975621282
810	0.24940971312033736
811	0.7462219794311683
812	0.24977511538641506
813	0.7968610501181256
814	0.24740884120962015
816	0.4647355103512475
817	0.004653341023096946
818	0.5111125305619878
819	0.4776432279806352
820	0.05832017983416368
822	0.043417105421029695
824	0.20855670533599688
825	0.5156717035472306
826	0.27775253576251935
827	0.20095921097185324
828	0.262485931541216
829	0.03265383539309382
831	0.26777633710789894
832	0.2535548467679193
834	0.528469770847829
835	0.0034504643672144675
839	0.23246058369436878
841	0.02012733837608516
843	0.05668146589430288
844	0.04563424096012755
846	0.20924254573132725
847	0.043877742549305015
849	0.059167633361845225
850	0.035194513240219646
851	0.3018977718457848
852	0.2863806133769775
853	0.1995587647598576
854	0.021859439344633518
855	0.028099739856533544
856	0.2918804442541177
858	0.23843783865975765
859	0.24574130266735317
860	0.27985364188216383
862	0.06899214388299713
863	0.7738519326343624
864	0.2305399634100652
867	0.024551329951618257
868	0.27216325022430704
869	0.2567363887108235
870	0.008461888243623351
871	0.25238269460078566
872	0.7814322889407692
873	0.22464508582941753
874	0.034751364947807575
875	0.25823317359404846
876	0.007556592931893546
877	0.06400141678964849
878	0.2555682528377772
879	0.32566297581610965
880	0.24986977087141166
881	0.28835637345708526
884	0.05161451504012978
886	0.035878365448697186
889	0.26264229542733436
891	0.02820629387796916
892	0.2449368873694225
893	0.04552773876810989
895	0.09195588687589104
897	0.26182572725702236
900	0.2389491848513461
902	0.03634002837887117
905	0.22787332425460213
906	0.02086618496934642
911	0.013027496964200726
914	0.07241272730363776
915	0.00710782882141428
916	0.00172721225382607
920	0.2727655553313845
921	0.24740357561604492
923	0.27366703680678833
924	0.027924345566363376
925	0.47873309635643707
926	0.31324121299369073
927	0.7528066918188714
929	0.3174998460101015
930	0.035390275836518895
933	0.036698132094857366
935	0.2604477481632751
937	0.022974943405183704
938	0.301733809982735
939	0.28472523278951234
943	0.27066379642091715
0	0.0
0	0.0
0	0.0
0	0.0
0	0.0
0	0.0
0	0.0
0	0.0
0	0.0
0	0.0
0	0.0
0	0.0
0	0.0
0	0.0
0	0.0
0	0.0
0	0.0
0	0.0
0	0.0
0	0.0
0	0.0
0	0.0
0	0.0
0	0.0
0	0.0
0	0.0
0	0.0
0	0.0
0	0.0
0	0.0
0	0.0
0	0.0
0	0.0
0	0.0
0	0.0
0	0.0
0	0.0
0	0.0
0	0.0
0	0.0
0	0.0
0	0.0
0	0.0
0	0.0
0	0.0
0	0.0
0	0.0
0	0.0
0	0.0
0	0.0
0	0.0
0	0.0
0	0.0
0	0.0
0	0.0
0	0.0
0	0.0
0	0.0
0	0.0
0	0.0
0	0.0
0	0.0
0	0.0
0	0.0
0	0.0
0	0.0
0	0.0
0	0.0
0	0.0
0	0.0
0	0.0
0	0.0
0	0.0
0	0.0
0	0.0
0	0.0
0	0.0
0	0.0
0	0.0
0	0.0
0	0.0
0	0.0
0	0.0
0	0.0
0	0.0
0	0.0
0	0.0
0	0.0
0	0.0
0	0.0
0	0.0
0	0.0
0	0.0
0	0.0
0	0.0
0	0.0
0	0.0
0	0.0
0	0.0
0	0.0
0	0.0
0	0.0
0	0.0
0	0.0
0	0.0
0	0.0
0	0.0
0	0.0
0	0.0
0	0.0
0	0.0
0	0.0
0	0.0
0	0.0
0	0.0
0	0.0
0	0.0
0	0.0
0	0.0
0	0.0
0	0.0
0	0.0
0	0.0
0	0.0
0	0.0
0	0.0
0	0.0
0	0.0
0	0.0
0	0.0
0	0.0
0	0.0
0	0.0
0	0.0
0	0.0
0	0.0
0	0.0
0	0.0
0	0.0
0	0.0
0	0.0
0	0.0
0	0.0
0	0.0
0	0.0
0	0.0
0	0.0
0	0.0
0	0.0
0	0.0
0	0.0
0	0.0
0	0.0
0	0.0
0	0.0
0	0.0
0	0.0
0	0.0
0	0.0
0	0.0
0	0.0
0	0.0
0	0.0
0	0.0
0	0.0
0	0.0
0	0.0
0	0.0
0	0.0
0	0.0
0	0.0
0	0.0
0	0.0
0	0.0
0	0.0
0	0.0
0	0.0
0	0.0
0	0.0
0	0.0
0	0.0
0	0.0
0	0.0
0	0.0
0	0.0
0	0.0
0	0.0
0	0.0
0	0.0
0	0.0
0	0.0
0	0.0
0	0.0
0	0.0
0	0.0
0	0.0
0	0.0
0	0.0
0	0.0
0	0.0
0	0.0
0	0.0
0	0.0
0	0.0
0	0.0
0	0.0
0	0.0
0	0.0
0	0.0
0	0.0
0	0.0
0	0.0
0	0.0
0	0.0
0	0.0
0	0.0
0	0.0
0	0.0
0	0.0
0	0.0
0	0.0
0	0.0
0	0.0
0	0.0
0	0.0
0	0.0
0	0.0
0	0.0
0	0.0
0	0.0
0	0.0
0	0.0
0	0.0
0	0.0
0	0.0
0	0.0
0	0.0
0	0.0
0	0.0
0	0.0
0	0.0
0	0.0
0	0.0
0	0.0
0	0.0
0	0.0
0	0.0
0	0.0
0	0.0
0	0.0
0	0.0
0	0.0
0	0.0
0	0.0
0	0.0
0	0.0
0	0.0
0	0.0
0	0.0
0	0.0
0	0.0
0	0.0
0	0.0
0	0.0
0	0.0
0	0.0
0	0.0
0	0.0
0	0.0
0	0.0
0	0.0
0	0.0
0	0.0
0	0.0
0	0.0
0	0.0
0	0.0
0	0.0
0	0.0
0	0.0
0	0.0
0	0.0
0	0.0
0	0.0
0	0.0
0	0.0
0	0.0
0	0.0
0	0.0
0	0.0
0	0.0
0	0.0
0	0.0
0	0.0
0	0.0
0	0.0
0	0.0
0	0.0
