1	0.2505850132422159
5	0.2665209052753116
6	0.238393747209394
7	0.28895096346255034
8	0.2533455637182547
10	0.2463250047599903
11	0.29885151627792494
12	0.24260910299719146
14	0.264212814728463
15	0.32100352485952355
17	0.23559047856499252
18	0.028635941864205695
20	0.030666092196893695
23	0.05535756118179276
24	0.04384557325672481
25	0.2907557160484996
27	0.13565104854591264
28	0.5002211907971487
30	0.314413631514327
32	0.2647743580468285
33	0.26337101095100235
34	0.26348229825502256
35	0.5395573833435637
36	0.02643313715385055
37	0.2808991385766561
39	0.23677653465229676
40	0.015432000968084267
41	0.053948029734474726
44	0.48263245113917846
45	0.27396375915578525
46	0.03199825337169056
47	0.01296606832504418
48	0.5219354063387273
51	0.27686948963418806
52	0.025309604620955856
54	0.2576561551460459
55	0.24362943686944943
56	0.2959938178768374
57	0.5310989333825478
59	0.2734460039507224
60	0.5089464121771329
62	0.27065691623323856
63	0.21872018883438346
64	0.038279561321264796
65	0.32163790655406654
66	0.012959869580242998
67	0.003211675202349242
68	0.20805992517014607
69	0.04721470223847492
70	0.5134274418358586
71	0.46844794144482726
72	0.037366268466177514
73	0.09530241506429608
74	0.243563605326392
76	0.24982609524633734
78	0.28605158827396615
79	0.02631061009723563
80	0.23496513033954772
81	0.0474285612026544
82	0.22585053950077594
83	0.5252280463373072
84	0.239628273363077
86	0.28547307144744144
87	0.2784265575470383
88	0.034932285391217135
89	0.01747351217050932
90	0.05210955400343804
91	0.500487648576525
92	0.009342341342432968
95	0.5016009350988657
96	0.03531949378717887
97	0.2961299732160954
100	0.7470866513389941
101	0.2345105857387701
102	0.015004138721384098
103	0.1746386573804169
105	0.0017879885890070488
106	0.31712758406202785
107	0.00697972213418116
109	0.5466261630656625
110	0.4948651256248722
111	0.22146139438557377
112	0.25715860901995935
114	0.25167812795114625
115	0.27959540247103787
117	0.2669384993831968
118	0.5111537700242745
119	0.030026269214789493
120	0.042595471658045225
121	0.0905863781006905
122	0.01729533638814794
124	0.03904500877713843
125	0.24600088265747724
126	0.006864103576784939
128	0.25724818134330846
129	0.2575834615320134
130	0.018916314407780247
131	0.30898774219348746
132	0.020758145485315387
133	0.28151136820369765
134	0.009232066161856789
136	0.05167577800408671
137	0.2234826431943286
138	0.2553958689746327
139	0.0388832677683999
141	0.3271207341670423
142	0.27240659812697854
143	0.026028151428450528
145	0.016357144626675924
146	0.05588589023741515
147	0.014405252841760634
148	0.2427430250946322
149	0.029902582754137288
150	0.022028350715576912
151	0.018413444587713993
152	0.7439478356554372
153	0.1221754550767477
154	0.02696104250597095
157	0.037705379653105886
159	0.2764526185374785
161	0.1932233336201653
163	0.26190906014335913
164	0.014891404223967963
166	0.02301035835963196
167	0.2627221058457299
168	0.05851222812568038
169	0.03932158595217859
170	0.30314025614254775
171	0.029182251367791564
172	0.007467180480161113
173	0.2688620966116123
174	0.26267270179569974
175	0.005233065484064377
177	0.0050418328829849104
178	0.02126080673208372
179	0.2703989965691673
180	0.005723427903192708
182	0.26371960416813917
185	0.051715788502927795
186	0.25654549201345406
188	0.050375249728177356
189	0.2661500898160355
190	0.23312981903002522
193	0.03434010229323715
194	0.25872460070224057
196	0.2502967692067411
197	0.23027838845635892
199	0.29351031667821514
201	0.08075779711483962
202	0.04422786421356302
204	0.07071457768332451
205	0.1970560499376306
206	0.3700051234872545
207	0.2514423717882236
210	0.03641655080344293
211	0.34322188381369034
212	0.3083008775576284
216	0.24526633261516756
217	0.25520831235224306
218	0.5144595821192736
219	0.2653653584183486
222	0.20683471632573694
223	0.013960209098809195
224	0.2930693084638495
227	0.1941219350223411
228	0.07439679696829309
229	0.2089384856716112
230	0.2753771886177191
231	0.04942096069626278
232	0.019524298992645555
233	0.036927220923133094
234	0.04658248517891034
238	0.28815275377562527
239	0.022795446129251055
240	0.03205279524489675
241	0.32938865657192323
242	0.038137214909249206
243	0.09639936745697462
245	0.0360457824852751
246	0.26051876664711315
247	0.2704873993727869
252	0.27018415708258664
253	0.2411876769949724
254	0.5424487790757566
255	0.24613772705472747
257	0.27188189547846636
258	0.23616539342185697
260	0.05395587545094709
261	0.26713191633730327
263	0.045803745956192
264	0.046516927820916404
268	0.2563063052804757
271	0.029264178842875473
272	0.029423079732246067
274	0.2815847436920081
275	0.2661717771385867
276	0.006834636498069365
277	0.24227451143542011
278	0.032378455646810966
279	0.28905256666370693
281	0.49721716525653825
285	0.04772381093503733
287	0.0026985484206766414
288	0.025023247060912746
289	0.3577120761951016
290	0.5045583166181618
291	0.042737705659119496
292	0.05073923039795879
294	0.23648985363432495
295	0.040868677763911565
296	0.2567303401445239
297	0.03547675835948009
298	0.026793622317306996
299	0.2719069473134394
301	0.025267857234920352
302	0.33461949348425846
304	0.00285266035267347
306	0.009649728785485735
309	0.30296167959079384
310	0.20030522768526685
311	0.26935836582895273
312	0.021563874019645768
313	0.4884581861965578
314	0.02380521343672326
316	0.32199616670732173
318	0.27461056846324416
319	0.2497783375858035
320	0.235677615111628
322	0.2305485680861461
323	0.025227760564030904
324	0.061340947762781754
325	0.005693320936402034
326	0.02498238091824808
328	0.026728924184670762
329	0.03363396621846877
330	0.27701957576348446
331	0.4855460884866757
334	0.2764676433332722
335	0.007208336322531376
336	0.2707515919303267
338	0.5098587751286686
343	0.040768398605057043
345	0.3005389090122814
346	0.5118736980618885
347	0.01085788113547477
348	0.04451502347996371
349	0.04567250139999069
350	0.025015040574070523
351	0.019830922861225748
352	0.5130625001951841
353	0.22087342550220126
354	0.27908985458483077
356	0.04562491168610472
357	0.22510257219812668
358	0.26005151564471196
359	0.23846477774482816
361	0.011426506795304367
362	0.017525548078200448
363	0.012805026575593993
364	0.2547938518665064
367	0.2652258644445817
368	0.019282395529089825
369	0.2918648583333274
371	0.25792832870664867
372	0.2797619637240115
375	0.045631202353879144
376	0.2589208056619685
379	0.2619988218220082
381	0.01863476301127303
384	0.004658746323781507
385	0.00915115426680984
387	0.5078960224145287
389	0.2554899718339385
390	0.03568517661313912
393	0.036336083666766175
394	0.006425236276693978
395	0.23956635919544533
396	0.5563067496452863
397	0.2904118124484602
399	0.2791514372978311
401	0.20905856510022788
403	0.058343177619989806
404	0.015503924915638283
407	0.05798926723223666
409	0.251994921819026
410	0.06603174733024124
411	0.05767509850404107
413	0.26710932841689905
415	0.026814769286486923
418	0.14583003616447365
419	0.23754913912694323
420	0.029828814414888095
421	0.2647572989015465
422	0.2893989303149225
424	0.0709807005954603
425	0.019019273597744184
426	0.4881764731573138
428	0.03129577133662276
429	0.04896322528359561
430	0.03848956244968901
431	0.2646524055269504
432	0.033528373674876086
434	0.28507770151457057
435	0.5069249489574166
436	0.06691745678149297
437	0.3104468116047403
439	0.039457924495670725
440	0.25254762810946735
441	0.27672768512619145
443	0.23061481024823238
444	0.014931355362750018
446	0.3095416787058082
449	0.5108333865639447
450	0.26951595364917963
451	0.33071994565400065
452	0.713267195061529
453	0.2801178584320766
454	0.26364480726751777
455	0.29800256859052826
456	0.2623253827206701
459	0.006677137960443221
460	0.022013514437408642
462	0.2623290382338134
463	0.03895626091354873
465	0.04850206932088278
466	0.2675006307948448
467	0.03881459079976178
469	0.2630140160259745
470	0.02483181763860738
471	0.2638334635787512
472	0.2585649339098246
473	0.009565059878092187
474	0.04690247243103006
475	0.012732904073500233
476	0.2607672566777787
481	0.48355906331903464
482	0.2443252873979533
483	0.2729166649193307
484	0.5107277438823334
486	0.007192742896306708
487	0.010294823335536156
488	0.019564426728195985
489	0.013273513790399476
490	0.27335085101066897
491	0.012258867002588866
492	0.2669335371433318
495	0.03867413057229558
496	0.04960939158671058
497	0.24214763920338112
499	0.26484207222379685
501	0.2925203794196122
502	0.7288432397212896
503	0.04588173563481393
504	0.26108372011307734
505	0.5165087877585008
506	0.01876911762740279
507	0.03412313793318089
508	0.08295341091846108
509	0.19434546753559395
510	0.02733307094451679
511	0.31080170570201676
513	0.48894076195740693
514	0.2673434130603598
515	0.019771476915427088
516	0.5031528711130299
517	0.06479243461343562
518	0.011037472467803393
519	0.040467447421385805
520	0.03751601255639994
521	0.011317527516000042
524	0.009263091502759967
525	0.005160042259641458
528	0.032480263566490454
529	0.03482660761912726
530	0.25752105368433814
531	0.26488050468338376
533	0.2673035087095459
534	0.002534579110691902
535	0.06246087311938621
536	0.25642197000462863
538	0.26345217510118096
540	0.24791019889747773
541	0.00576549837956946
542	0.04752938211739889
543	0.04200140600148243
544	0.0028792367343953955
546	0.261194982002819
547	0.0228846041345551
548	0.2265932789441557
549	0.031030461184479382
550	0.2995297783826373
552	0.254798079944217
553	0.2638913138817852
554	0.26743773874906435
557	0.044658573962554855
558	0.021432071216947537
559	0.2935876108471551
561	0.00025279409836855005
562	0.04617239501784876
563	0.30596048924746766
564	0.518601161847575
565	0.5317828433787072
566	0.24555987912960323
568	0.534511740784248
571	0.04194957145323952
572	0.2895071092453483
573	0.028644703162924667
575	0.5247091685226701
576	0.029367934123272356
577	0.0036036459127889164
578	0.22941859779455312
579	0.00021952505585692839
580	0.22275598222398396
583	0.2603509623409641
584	0.5070703778401658
586	0.4925717750556382
587	0.014113667959306072
590	0.2699512616257954
591	0.030176617470317503
593	0.5247674869097374
596	0.5130302708572189
597	0.037729397146846255
598	0.24515928913599333
601	0.4486781037869102
602	0.024482781384893723
604	0.028760037123625754
607	0.24171670042849924
608	0.2536944176320498
609	0.27308316471671457
610	0.5078484492702225
611	0.2616986998110672
613	0.2721278188017656
615	0.03431117774951758
616	0.2434301629782133
617	0.15637784205643857
619	0.26241068470218937
620	0.520208619226956
621	0.4643377468947949
622	0.005066125864659529
623	0.23128695389947318
624	0.2768019604187043
625	0.5134605667057104
626	0.1981536779979458
627	0.3014523327342125
628	0.2690700283544372
629	0.26496997314903353
632	0.5285716968053598
633	0.529765696756648
634	0.5223425808661969
637	0.23581220492931193
638	0.20142285836762475
639	0.23166090494698088
640	0.02950890140918378
641	0.07572060926247787
642	0.5195118637661745
644	0.2640901801389618
645	0.272345227615116
646	0.007474922075560379
647	0.025374243546189126
648	0.472014306333067
650	0.28137270922659124
651	0.4300006184089687
653	0.04034782849876911
654	0.03127673478480763
655	0.05153318475235663
657	0.044678482868518894
660	0.29612341605239206
663	0.2472928945237457
665	0.003286647985361192
666	0.028393857456189785
667	0.2686261250321716
671	0.31625452858316816
673	0.26585210297036777
674	0.24896771149365204
675	0.20655335216870863
677	0.02571948246824167
679	0.03105540551909097
680	0.003184873599406963
681	0.08850532570098736
682	0.0260071535450739
684	0.027446340862741572
689	0.513395533750248
691	0.22573975617682077
692	0.048754831468436156
694	0.28639937701017587
696	0.035072537231257625
697	0.47647761756922996
698	0.2420074014244146
699	0.028904687790069505
700	0.26753194620219395
701	0.2658963710357257
702	0.0229317189511005
703	0.011490535073146173
704	0.0023961279052090965
705	0.24730588397828898
706	0.04383574097851069
707	0.02655353853881659
708	0.5237910286845043
710	0.0172880016639644
711	0.044960121476281575
712	0.24548092569562774
714	0.5016647887642832
715	0.2353483810114355
716	0.24414725755739966
717	0.012119535425184388
718	0.5127753412048992
719	0.24249978588281731
720	0.2672360071204808
721	0.2671631238234203
722	0.49147163842536035
723	0.4543781634144309
724	0.3700051234872545
725	0.25033607744637304
726	0.05890930533591425
728	0.19504430962948677
729	0.28241164985316936
731	0.04983456018664336
733	0.027438249043879166
734	0.28284786507955245
735	0.27437422953037577
738	0.0024135501205748283
741	0.048709196115135085
742	0.012715079395202548
743	0.0032813237274054614
744	0.05313735415831754
745	0.07887733542494835
746	0.04231776553587367
748	0.043110957647757596
749	0.2721265423524539
750	0.22171829850906483
754	0.017851263559318063
755	0.2482198732852069
756	0.2736361572158146
757	0.01925727476366886
759	0.014662821738433602
761	0.24158477774448017
762	0.2358542499928998
766	0.2667948782744731
769	0.0189417780534433
771	0.09667371702528164
772	0.25627241576335863
774	0.07064568985313502
775	0.031868082480230875
778	0.22296993120633246
780	0.036000361558613546
782	0.5100917732152067
785	0.007782546124390069
786	0.06219462006834198
788	0.5176715284199502
789	0.2748964699083101
791	0.2994038798646587
792	0.030339251439576526
796	0.5086710598318398
797	0.09150562898927922
798	0.02367691893275752
800	0.2690700283544372
801	0.31154894848619674
802	0.2627125183361335
804	0.28030536656868216
807	0.034386202297339505
808	0.016710506862299537
809	0.19246598667575252
810	0.027378353470248373
811	0.2680133521873152
812	0.274474336953968
813	0.26336754086948405
814	0.005918741890104592
815	0.01334327356115829
816	0.012892797458693355
818	0.18753922762379624
819	0.24880833642058814
822	0.28233407074263267
823	0.021735034645696157
824	0.07159532285334175
825	0.5119709450851568
826	0.22636568878862715
828	0.24474867218080795
829	0.03214904249584673
830	0.28942004829978885
831	0.017033373552377162
832	0.022861849477214764
834	0.2592935824149076
837	0.04494551982184401
838	0.030190614602074405
840	0.07180188661336868
841	0.22483072645697405
842	0.23062641252733693
843	0.2704554529494859
844	0.023000233585655474
845	0.3262414436953979
846	0.23629753746807175
847	0.5058154204744119
848	0.5203128359952407
849	0.019772573085323365
850	0.01311574697613755
851	0.02077867798596961
852	0.03167916904496748
853	0.006690557016231082
855	0.2605400623177049
856	0.4768634776501803
857	0.3195822243679283
858	0.006075278125686926
859	0.033396711988433
860	0.24083558698677437
862	0.2685867184959193
863	0.2836262830714398
864	0.02177906434235826
867	0.2579522393319762
869	0.0534489974407952
870	0.029595449120875816
872	0.28387568329781304
873	0.05244858311613816
874	0.05067378266906194
875	0.27295191547510367
876	0.020228379730204485
877	0.02431978386258149
878	0.2686316485778001
879	0.2290344803737765
880	0.03826659265073504
881	0.5089404604425176
882	0.023479784672699233
887	0.24870480817057797
888	0.29223543551630826
890	0.29776823292540977
892	0.2549868557072157
893	0.024898276665046577
895	0.0507227839433845
897	0.03533882347580283
899	0.04266592718696372
900	0.1990765388832171
901	0.22371947816627308
902	0.28524259074240327
903	0.03023397289337906
905	0.20444272527420973
906	0.02897118843290362
907	0.02597621787630644
908	0.04129494265297191
911	0.028445161707862154
914	0.08884174402193262
915	0.049543902448197424
918	0.007246335766283304
920	0.28492689929897985
921	0.4815103318646872
923	0.26244196690448407
925	0.04149387364051427
926	0.22962433302588828
927	0.5063069376325176
929	0.010167699271610889
930	0.48589897029008383
931	0.03373446510442049
932	0.04791327873522652
933	0.04514030402844031
935	0.5152156807169377
936	0.25437517989817954
937	0.23847147116690948
939	0.26850552623995655
941	0.31002687108378557
943	0.01790450966302912
0	0.0
0	0.0
0	0.0
0	0.0
0	0.0
0	0.0
0	0.0
0	0.0
0	0.0
0	0.0
0	0.0
0	0.0
0	0.0
0	0.0
0	0.0
0	0.0
0	0.0
0	0.0
0	0.0
0	0.0
0	0.0
0	0.0
0	0.0
0	0.0
0	0.0
0	0.0
0	0.0
0	0.0
0	0.0
0	0.0
0	0.0
0	0.0
0	0.0
0	0.0
0	0.0
0	0.0
0	0.0
0	0.0
0	0.0
0	0.0
0	0.0
0	0.0
0	0.0
0	0.0
0	0.0
0	0.0
0	0.0
0	0.0
0	0.0
0	0.0
0	0.0
0	0.0
0	0.0
0	0.0
0	0.0
0	0.0
0	0.0
0	0.0
0	0.0
0	0.0
0	0.0
0	0.0
0	0.0
0	0.0
0	0.0
0	0.0
0	0.0
0	0.0
0	0.0
0	0.0
0	0.0
0	0.0
0	0.0
0	0.0
0	0.0
0	0.0
0	0.0
0	0.0
0	0.0
0	0.0
0	0.0
0	0.0
0	0.0
0	0.0
0	0.0
0	0.0
0	0.0
0	0.0
0	0.0
0	0.0
0	0.0
0	0.0
0	0.0
0	0.0
0	0.0
0	0.0
0	0.0
0	0.0
0	0.0
0	0.0
0	0.0
0	0.0
0	0.0
0	0.0
0	0.0
0	0.0
0	0.0
0	0.0
0	0.0
0	0.0
0	0.0
0	0.0
0	0.0
0	0.0
0	0.0
0	0.0
0	0.0
0	0.0
0	0.0
0	0.0
0	0.0
0	0.0
0	0.0
0	0.0
0	0.0
0	0.0
0	0.0
0	0.0
0	0.0
0	0.0
0	0.0
0	0.0
0	0.0
0	0.0
0	0.0
0	0.0
0	0.0
0	0.0
0	0.0
0	0.0
0	0.0
0	0.0
0	0.0
0	0.0
0	0.0
0	0.0
0	0.0
0	0.0
0	0.0
0	0.0
0	0.0
0	0.0
0	0.0
0	0.0
0	0.0
0	0.0
0	0.0
0	0.0
0	0.0
0	0.0
0	0.0
0	0.0
0	0.0
0	0.0
0	0.0
0	0.0
0	0.0
0	0.0
0	0.0
0	0.0
0	0.0
0	0.0
0	0.0
0	0.0
0	0.0
0	0.0
0	0.0
0	0.0
0	0.0
0	0.0
0	0.0
0	0.0
0	0.0
0	0.0
0	0.0
0	0.0
0	0.0
0	0.0
0	0.0
0	0.0
0	0.0
0	0.0
0	0.0
0	0.0
0	0.0
0	0.0
0	0.0
0	0.0
0	0.0
0	0.0
0	0.0
0	0.0
0	0.0
0	0.0
0	0.0
0	0.0
0	0.0
0	0.0
0	0.0
0	0.0
0	0.0
0	0.0
0	0.0
0	0.0
0	0.0
0	0.0
0	0.0
0	0.0
0	0.0
0	0.0
0	0.0
0	0.0
0	0.0
0	0.0
0	0.0
0	0.0
0	0.0
0	0.0
0	0.0
0	0.0
0	0.0
0	0.0
0	0.0
0	0.0
0	0.0
0	0.0
0	0.0
0	0.0
0	0.0
0	0.0
0	0.0
0	0.0
0	0.0
0	0.0
0	0.0
0	0.0
0	0.0
0	0.0
0	0.0
0	0.0
0	0.0
0	0.0
0	0.0
0	0.0
0	0.0
0	0.0
0	0.0
0	0.0
0	0.0
0	0.0
0	0.0
0	0.0
0	0.0
0	0.0
0	0.0
0	0.0
0	0.0
0	0.0
0	0.0
0	0.0
0	0.0
0	0.0
0	0.0
0	0.0
0	0.0
0	0.0
0	0.0
0	0.0
0	0.0
0	0.0
0	0.0
0	0.0
0	0.0
0	0.0
