2	0.22096887632613071
3	0.015358113693511234
4	0.06096353990491907
7	0.23616019028697968
8	0.03508020107294069
9	0.2544437489681042
11	0.23518760166809682
12	0.2805631614797678
17	0.5439628474226114
18	0.007680154866255038
19	0.24535804443277134
20	0.29169498106904934
21	0.014856103815804218
23	0.23567122833333412
24	0.22286047367928116
25	0.7295246661279253
27	0.34107949504285107
28	0.28305119447388694
29	0.004940980332752448
30	0.023097536050365117
31	0.05706711211959677
32	0.26936876118156083
33	0.04213416155237959
35	0.0058084781561457376
36	0.2752141038800407
39	0.24374473179300882
40	0.2927129760735052
41	0.2368182521308055
43	0.005464260808788229
45	0.015853060443074846
46	0.2870611508075376
47	0.30492202638813015
48	0.2725648590439573
50	0.05045971722800578
51	0.03057269289166452
52	0.25852879709749865
53	0.2694136275367018
54	0.2512912812389298
55	0.2581040512852591
56	0.02765182334593047
57	0.04042803891017566
58	0.010331165844359433
60	0.2739135531742389
61	0.42525662697438044
64	0.023388138855720872
65	0.23063654158262337
66	0.7739075842495786
67	0.24919073906977945
68	0.004852179274927777
70	0.03172804301340053
71	0.5575741634794233
72	0.2601940427036096
74	0.03530843354453687
75	0.44969749959115835
76	0.25457666208849444
77	0.2544074011316652
78	0.008249040577151832
79	0.18355776524698364
80	0.19937538080258557
81	0.26416952392341453
83	0.2738440186756085
84	0.01661295614405266
86	0.5735626798398297
88	0.010859071777009118
89	0.21551657871870294
91	0.27136915434694153
92	0.00813763409643805
93	0.5032973859694607
96	0.020918551837711963
98	0.011739687083613892
99	0.21031843443636317
100	0.03334696031010678
103	0.2549635257841504
104	0.13937926770928766
105	0.196240251685072
106	0.2288511275581645
107	0.272214890482553
108	0.2308571991631741
111	0.030299944278299983
112	0.2559983866417873
113	0.030690821015392
114	0.01813618335575127
118	0.018017144264061816
120	0.26980998986757343
122	0.28830746591375245
125	0.2669882829687953
126	0.2696111652429461
127	0.2995327843058129
128	0.26534303200065523
130	0.007814181000945712
131	0.22863028721696596
132	0.2798248194717967
134	0.20348024101218332
135	0.06352918461462623
136	0.003027352230559048
137	0.26119661285870543
138	0.0010367690193164997
139	0.27190698720694606
141	0.2353489868005316
142	0.004508200398264207
143	0.0177533016365634
144	0.22532877834890233
146	0.023437312781224295
147	0.008217968038548379
148	0.29700136324690324
152	0.2758793951580831
153	0.3602948017877077
154	0.014572901087676535
156	0.2516019076345677
157	0.007152590214201709
158	0.009516322619125793
159	0.2664036468474178
161	0.5434804490878915
162	0.4770504309757583
163	0.7822186648887951
164	0.026892307469799343
165	0.2541184541203117
166	0.5675520927624552
169	0.7559764121567528
170	0.23133396079392046
171	0.5587078976918363
173	0.026404458054280107
176	0.2830716420282785
179	0.02429643216694425
180	0.5358890143250875
182	0.014406900502589495
183	0.2274754379342227
186	0.21725908889942389
187	0.26292540172486123
190	0.17625760237679017
191	0.5765327356471455
192	0.2198955734547372
193	0.017782701569639188
194	0.04935620920104756
196	0.2416544298223036
199	0.7287081119422981
200	0.22637339045783672
202	0.7683990181470137
203	0.22227480858358828
204	0.21342383761171316
205	0.5045684546089042
209	0.19629150541958873
210	0.030972282685974115
211	0.0011575092671691004
212	0.020016069159536014
213	0.023874943632319998
216	0.03359284774136474
217	0.05422510099674517
219	5.753159881400488e-06
220	0.5610939904001095
221	0.24610542002688895
222	0.018590523571479303
223	0.005492347105797428
224	0.0016702445301791033
225	0.04252851637018382
226	0.2304835722657405
227	0.030148327801292438
229	0.2291486762543982
231	0.2335251123343058
233	0.24048711660439862
237	0.3011597577173193
238	0.21940331100432686
239	0.02031192462764244
240	0.014888422035504466
241	0.38431278188629997
242	0.2601611778824316
243	0.20465564110075848
244	0.0017340187611504868
245	0.518563814922159
246	0.1934313776053693
247	0.27973310255494843
248	0.00815660889915909
250	0.013494478667773986
251	0.2155493171577434
254	0.21970084471602289
256	0.013579791201215663
258	0.48550277171836664
260	0.26057537866811054
261	0.5011366066717158
262	0.2609810660210362
264	0.02185914308771547
265	0.21703740041044894
266	0.11668424717490047
268	0.008411614767257679
272	0.005058594403940568
273	0.2991335350155989
274	0.27572541580826465
275	0.259084647177953
277	0.5384676243331912
278	0.18231236076536667
279	0.5055723638875366
281	0.05573756943630731
282	0.04063324052683336
284	0.04594993707000703
289	0.6182353950626042
290	0.2532715433108901
294	0.21223821404808507
300	0.6196438406402451
301	0.25499433009850586
302	0.042998386463678484
304	0.560486547583978
305	0.01872523033826453
306	0.24825789183650063
307	0.25856078183786496
309	0.3338306737214998
311	0.19224811959549934
313	0.026028119236937784
314	0.022627496206792056
315	0.04070633970677613
318	0.03655376649423629
319	0.028928188949401384
321	0.018083281348661696
322	0.037319630964908784
324	0.2575769960813602
325	0.0013421807637723528
329	0.003987821912788611
331	0.011549621887860614
333	0.008452789228908915
335	0.1931372040150203
336	0.5110745952886964
337	0.26479087925169237
338	0.2896573774974051
340	0.24561361106775884
341	0.2639703586729875
345	0.013511752694272669
348	0.41735386632361876
349	0.03461466454862072
351	0.23512716821185276
352	0.02999759988014559
353	0.275076087673648
354	0.01697392119141384
355	0.02847009255892203
356	0.5225620379814436
357	0.04015866100216224
358	0.2738693764583192
359	0.5300371919795366
364	0.044147175126504526
365	0.2325930920006691
366	0.05285921556726705
368	0.042415393092053645
369	0.23691741637930433
371	0.01754749355557088
372	0.25543738350205825
374	0.1891125113924378
375	0.018650879117057907
376	0.2804247641962461
377	0.0269894760005321
381	0.04536035520120029
382	0.003515574733995809
384	0.03683218806734765
386	0.025236301039032877
388	0.21897094483522514
390	0.0077370919812637245
393	0.00120502501448784
395	0.024335348866952232
400	0.5154771252371141
401	0.020374266857403366
408	0.2354294199827643
409	0.03056045253139867
410	0.4327387393523373
412	0.2816026168009816
413	0.029162087641639644
414	0.004926959152021276
415	0.028217541106797937
418	0.35737556418869026
419	0.017244099412816814
421	0.26571882110705186
425	0.013805249477591854
426	0.027721889141684754
427	0.23665353930747204
428	0.22884828774575294
430	0.020692048398819315
431	0.5239006884131497
433	0.01831339737264385
434	0.021722701725601104
438	0.49218447569875773
439	0.25100709888141765
440	0.02420881954178586
441	0.2340597273284205
444	0.5142617278961517
446	0.31001469678501864
449	0.04983599669314499
450	0.0023222818489360073
451	0.2854205769331783
452	0.002571484577572246
461	0.08381913582482507
464	0.014870644570135413
465	0.24000555941341434
466	0.28831208900832456
468	0.2395293888698823
471	0.29504264361559124
472	0.007095224313680374
473	0.05705126691508691
475	0.04363704779601231
477	0.48819443238853816
482	0.015008926900175978
483	0.28165474665933327
484	0.050348323897014
487	0.0017816880732815649
488	0.02815723823194067
489	0.25913169155024796
491	0.2203095040326941
492	0.01592071266895344
494	0.2451660870874074
497	0.24713209726866298
499	0.03210394734042395
502	0.010325634323009206
504	0.048722787634631795
507	0.0131693549021661
510	0.25951626649380366
511	0.015815781469875282
513	0.02397437691278608
514	0.01533852601801634
515	0.25525415812501323
516	0.2860685072503159
517	0.43390933630538975
518	0.27595074609283976
520	0.013933031608883577
521	0.02716681074949262
522	0.03131809027121582
523	0.22786088216665168
526	0.19455999376382804
530	0.29634312929350476
533	0.01747205288939523
534	0.23057196583772752
536	0.008963062541677266
543	0.24025118313620533
545	0.03904500877713843
546	0.01742313533762422
547	0.2292267562593462
548	0.23631954003434302
549	0.02410384855475419
550	0.22189234069695407
551	0.004381733407954766
552	0.24809600668694778
554	0.2581448052844203
555	0.2520321162815915
558	0.31783074703072123
559	0.2541354795090566
563	0.2683536252694184
564	0.02379001351797441
565	0.5102096366151007
566	0.04891854226282078
568	0.05525343859608074
571	0.24269593705476059
572	0.024576218989334625
575	0.5190944277464097
576	0.2355391289139583
578	0.036653303625639386
581	0.2550690585317203
582	0.23102071036928812
583	0.033897302335515855
585	0.24965025929503293
586	0.0020756064747402825
587	0.3003949426145791
591	0.044060313441934604
594	0.26020183535637786
596	0.006152281243464348
597	0.015306581534086948
599	0.5121437011549881
600	0.004751279460037228
603	0.2400767240950123
604	0.2128607354278237
607	0.049276688787617116
609	0.3585681811350475
611	0.2677213699453409
612	0.48820650118935643
613	0.045284930563781266
614	0.22715467716588922
615	0.24260087253418622
616	0.023131386608929015
619	0.2641532900634476
620	0.012870937038748868
621	0.2563379736138004
625	0.014540013000681952
628	0.05091331156901562
630	0.46264176786105815
631	0.05528936534935534
633	0.2558041134110789
636	0.005096259093284913
640	0.004701674808652304
642	0.004426998421766734
644	0.520012609015761
645	0.010616200394682175
648	0.2508608722535847
649	0.00019207007606161092
651	0.013675132174641242
652	0.19665363886201787
656	0.49690561676507905
657	0.01294351322954889
658	0.015809136458344704
662	0.4857129725496856
663	0.4989495244803137
667	0.045174779880600244
671	0.042913438078859105
672	0.25927644456227805
673	0.5124805742971318
675	0.008963187079088122
677	0.2628836845730632
678	0.21985046169114528
680	0.26055773664073634
682	0.01665832894473525
684	0.23596355579652425
686	0.042621720874055205
687	0.24339614500863946
688	0.2698784251926143
689	0.02922653906328114
691	0.26922025165547
692	0.022015499506072567
694	0.009848478260042731
695	0.0049552425088257995
697	0.010637202918470704
698	0.014494954056985521
699	0.04488892089666302
701	0.2543042964545426
702	0.22793917537479
703	0.002325373226536604
704	0.5116836359293055
705	0.22734980440069882
706	0.20983508338767043
707	0.030975401262300507
708	0.01868538544029288
709	0.2059276879860578
710	0.04051007318280114
712	0.01984348428214418
714	0.2828958054836307
715	0.2457804073991576
718	0.4792308859066943
719	0.025918106002621955
720	0.010555259189804912
722	0.024527621719081624
723	0.28185965287897113
726	0.35313121533017033
728	0.022689312933098848
729	0.20659136989016663
730	0.49999236517942125
731	0.010632671812452185
735	0.007737091981263742
736	0.2502060758046796
737	0.03653495306768729
739	0.025372675088790916
742	0.004389087873895539
744	0.0015086219295610756
745	0.008794084721922953
748	0.00396870667154893
753	0.025518667261990445
754	0.023484631150849145
755	0.2500134715483089
759	0.26582733662598507
760	0.2139641491306909
761	0.0420478169251723
765	0.07530747772945398
766	0.015704765134120374
768	0.03675688922987459
769	0.2371002205875465
772	0.021149785279937224
775	0.008547568420210996
777	0.2381978387211249
778	0.24734958781448763
779	0.2283818485526698
781	0.009951851261470208
782	0.26416545613022485
783	0.006064911486678266
784	0.25702662275910093
785	0.2019356109152504
787	0.024240892789398005
789	0.5259629904822158
791	0.29245080190935624
792	0.2170500656618735
794	0.27202594954430986
796	0.25940116026966975
797	0.27268944095361264
798	0.03130574049077574
799	0.5173783992666574
800	0.2667944095077749
801	0.48368903081477826
802	0.2896340945955135
803	0.03981275217098894
804	0.2585965789811707
808	0.014136041962870459
811	0.2582353623392408
812	0.2616727167956455
813	0.29715329713952815
814	0.07984961856830937
816	0.23472416063761697
817	0.020900189270977476
819	0.016309712548171273
822	0.23363161730713264
825	0.27298627088111127
826	0.013894767912100842
827	0.23831965807301897
828	0.002041186835875331
831	0.4751881557369621
832	0.029851864101451117
834	0.011956300194066294
842	0.27605495278352343
843	0.062397350481509115
847	0.2960740507242865
848	0.02852137825499751
849	0.007737091981263742
851	0.0222011658619497
855	0.2709120666508162
856	0.2756783847680035
857	0.36396298313290454
858	0.2963152488302749
859	0.30013561838234715
860	0.026460229609169814
861	0.009397205088071653
862	0.24439778780063978
863	0.007193618418434158
866	0.19729576809407168
867	0.003202062103872076
868	0.2190122482133216
871	0.019242214472390044
872	0.5036126257460259
873	0.01935667549106971
877	0.2481929684938216
878	0.025086691601842757
879	0.2599829586509049
881	0.24848729215274068
884	0.06305113907720594
888	0.2477776601742471
890	0.015974501732645058
891	0.029440055417309232
892	0.025505949335795013
895	0.22280163818367726
901	0.22818436583732804
902	0.2700765373077753
904	0.02467450467017482
905	0.218887497399891
909	0.2648975896757814
910	0.27723383606032875
911	0.038650698814496315
912	0.21222358464086966
913	0.02455015655713507
914	0.5376315331994043
915	0.20780649331215537
917	0.07781871343619301
918	0.24293257762087633
920	0.2733232278067836
925	0.2646428248224954
926	0.061717515516765395
927	0.2663755797694326
928	0.25480084019973853
929	0.008877162056380318
930	0.3251496839237528
935	0.2562225501708697
936	0.009276164829794799
937	0.2878559256809777
938	0.007836566813176064
939	0.26936323274807
943	0.041968137673417234
944	0.16652661596664337
946	0.4536513219523181
0	0.0
0	0.0
0	0.0
0	0.0
0	0.0
0	0.0
0	0.0
0	0.0
0	0.0
0	0.0
0	0.0
0	0.0
0	0.0
0	0.0
0	0.0
0	0.0
0	0.0
0	0.0
0	0.0
0	0.0
0	0.0
0	0.0
0	0.0
0	0.0
0	0.0
0	0.0
0	0.0
0	0.0
0	0.0
0	0.0
0	0.0
0	0.0
0	0.0
0	0.0
0	0.0
0	0.0
0	0.0
0	0.0
0	0.0
0	0.0
0	0.0
0	0.0
0	0.0
0	0.0
0	0.0
0	0.0
0	0.0
0	0.0
0	0.0
0	0.0
0	0.0
0	0.0
0	0.0
0	0.0
0	0.0
0	0.0
0	0.0
0	0.0
0	0.0
0	0.0
0	0.0
0	0.0
0	0.0
0	0.0
0	0.0
0	0.0
0	0.0
0	0.0
0	0.0
0	0.0
0	0.0
0	0.0
0	0.0
0	0.0
0	0.0
0	0.0
0	0.0
0	0.0
0	0.0
0	0.0
0	0.0
0	0.0
0	0.0
0	0.0
0	0.0
0	0.0
0	0.0
0	0.0
0	0.0
0	0.0
0	0.0
0	0.0
0	0.0
0	0.0
0	0.0
0	0.0
0	0.0
0	0.0
0	0.0
0	0.0
0	0.0
0	0.0
0	0.0
0	0.0
0	0.0
0	0.0
0	0.0
0	0.0
0	0.0
0	0.0
0	0.0
0	0.0
0	0.0
0	0.0
0	0.0
0	0.0
0	0.0
0	0.0
0	0.0
0	0.0
0	0.0
0	0.0
0	0.0
0	0.0
0	0.0
0	0.0
0	0.0
0	0.0
0	0.0
0	0.0
0	0.0
0	0.0
0	0.0
0	0.0
0	0.0
0	0.0
0	0.0
0	0.0
0	0.0
0	0.0
0	0.0
0	0.0
0	0.0
0	0.0
0	0.0
0	0.0
0	0.0
0	0.0
0	0.0
0	0.0
0	0.0
0	0.0
0	0.0
0	0.0
0	0.0
0	0.0
0	0.0
0	0.0
0	0.0
0	0.0
0	0.0
0	0.0
0	0.0
0	0.0
0	0.0
0	0.0
0	0.0
0	0.0
0	0.0
0	0.0
0	0.0
0	0.0
0	0.0
0	0.0
0	0.0
0	0.0
0	0.0
0	0.0
0	0.0
0	0.0
0	0.0
0	0.0
0	0.0
0	0.0
0	0.0
0	0.0
0	0.0
0	0.0
0	0.0
0	0.0
0	0.0
0	0.0
0	0.0
0	0.0
0	0.0
0	0.0
0	0.0
0	0.0
0	0.0
0	0.0
0	0.0
0	0.0
0	0.0
0	0.0
0	0.0
0	0.0
0	0.0
0	0.0
0	0.0
0	0.0
0	0.0
0	0.0
0	0.0
0	0.0
0	0.0
0	0.0
0	0.0
0	0.0
0	0.0
0	0.0
0	0.0
0	0.0
0	0.0
0	0.0
0	0.0
0	0.0
0	0.0
0	0.0
0	0.0
0	0.0
0	0.0
0	0.0
0	0.0
0	0.0
0	0.0
0	0.0
0	0.0
0	0.0
0	0.0
0	0.0
0	0.0
0	0.0
0	0.0
0	0.0
0	0.0
0	0.0
0	0.0
0	0.0
0	0.0
0	0.0
0	0.0
0	0.0
0	0.0
0	0.0
0	0.0
0	0.0
0	0.0
0	0.0
0	0.0
0	0.0
0	0.0
0	0.0
0	0.0
0	0.0
0	0.0
0	0.0
0	0.0
0	0.0
0	0.0
0	0.0
0	0.0
0	0.0
0	0.0
0	0.0
0	0.0
0	0.0
0	0.0
0	0.0
0	0.0
0	0.0
0	0.0
0	0.0
0	0.0
0	0.0
0	0.0
0	0.0
0	0.0
0	0.0
0	0.0
0	0.0
0	0.0
0	0.0
0	0.0
0	0.0
0	0.0
0	0.0
0	0.0
0	0.0
0	0.0
0	0.0
0	0.0
0	0.0
0	0.0
0	0.0
0	0.0
0	0.0
0	0.0
0	0.0
0	0.0
0	0.0
0	0.0
0	0.0
0	0.0
0	0.0
0	0.0
0	0.0
0	0.0
0	0.0
0	0.0
0	0.0
0	0.0
0	0.0
0	0.0
0	0.0
0	0.0
0	0.0
0	0.0
0	0.0
0	0.0
0	0.0
0	0.0
0	0.0
0	0.0
0	0.0
0	0.0
0	0.0
0	0.0
0	0.0
0	0.0
0	0.0
0	0.0
0	0.0
0	0.0
0	0.0
0	0.0
0	0.0
0	0.0
0	0.0
0	0.0
0	0.0
0	0.0
0	0.0
0	0.0
0	0.0
0	0.0
0	0.0
0	0.0
0	0.0
0	0.0
0	0.0
0	0.0
0	0.0
0	0.0
0	0.0
0	0.0
0	0.0
0	0.0
0	0.0
0	0.0
0	0.0
0	0.0
0	0.0
0	0.0
0	0.0
0	0.0
0	0.0
0	0.0
0	0.0
0	0.0
0	0.0
0	0.0
0	0.0
0	0.0
0	0.0
0	0.0
0	0.0
0	0.0
0	0.0
0	0.0
0	0.0
0	0.0
