2	0.2356489621887595
5	0.2586705682324405
6	0.024867015195449083
7	0.2946003793277347
8	0.494863909488531
9	0.5027197391225376
10	0.009303474941326578
11	0.2930552560308493
12	0.5135726662083205
15	0.539444091941954
16	0.01785243860513334
17	0.2851277915280691
18	0.03255176046308588
20	0.27961313074917754
22	0.01485523575387646
24	0.030741638635839827
27	0.14928587724958853
28	0.286744431333887
30	0.003038279260308814
31	0.017889659360861405
32	0.7364047388031526
33	0.015400759193754405
35	0.2936801473146905
36	0.2791175285457184
37	0.2537919889129682
39	0.23770530331136883
41	0.5314141293054063
42	0.04834145421469735
43	0.01304754652163223
44	0.2532675713243147
45	0.7521426838804738
46	0.261529497758274
48	0.276147287125693
51	0.7725179266837322
52	0.517560650240349
54	0.27521709672399136
55	0.5203683967138379
56	0.3028472506128917
57	0.30145655503878804
59	0.036018667271360466
60	0.02515034717933845
62	0.014798001777009732
63	0.008973041401771152
64	0.028105668325872576
65	0.2632112856302688
66	0.012488570605267826
67	0.2666209512795391
68	0.5110295596690335
69	0.2833645462673211
70	0.07111377038459701
71	0.26933608693105
75	0.21670425294221354
76	0.26810451303762306
78	0.7500536678093845
79	0.2684359004993903
80	0.07230092245227719
81	0.29463147459690375
83	0.47011293158576356
84	0.27403529711098384
86	0.09247520554808149
87	0.535093870679482
88	0.05700306058635188
89	0.261693308429678
91	0.2613667629828411
92	0.029953391207107292
93	0.17690893000992594
95	0.2754679227739796
96	0.26308599783443354
97	0.0364653607462615
99	0.28865092501089334
100	0.24622741578409665
101	0.7154758129561632
102	0.25225481635195923
103	0.1900618984241987
104	0.1656302859980582
106	0.22630135056541906
109	0.5214193451370491
110	0.026364221801027352
111	0.22426726882558204
112	0.02747082087207959
113	0.23057213900706333
114	0.48113545163056454
117	0.5101639449266341
118	0.7652750083381599
119	0.05155527223617004
120	0.05374548956638655
121	0.027305301929463184
122	0.25978058797926856
123	0.013539391561659363
124	0.012870937038748868
125	0.71219476404416
126	0.4698686872957756
127	0.47124627432399546
128	0.5215653243625032
129	0.022516790236367417
130	0.018667439339468617
131	0.261550758438771
133	0.7523151535642749
134	0.2690468130942697
137	0.4954855608081603
138	0.24983000801342808
141	0.21027645589415028
142	0.2905603932074176
143	0.010312018496802768
145	0.03376602122150879
146	0.04110301963363927
147	0.2854432382903614
148	0.24296244731835528
149	0.2513320150499367
150	0.029089879332982294
151	0.014094119111345043
152	0.7728328078217355
154	0.28087866512092086
155	0.2362977189234431
156	0.028981874508252146
157	0.5220814484729472
158	0.001436736663810903
159	0.23309085729809584
160	0.008242339278750371
163	0.2773647642971404
165	0.004638543290969445
166	0.07318853146445112
167	0.06779764034218158
168	0.037581701573470516
169	0.2491425882977362
170	0.24595634348817488
171	0.0038891881884694536
174	0.052233815329247396
175	0.23460076453173584
177	0.017837853906925542
178	0.2604650206177477
180	0.2480295273133232
182	0.0409287435234917
185	0.4812188465999555
187	0.24728761403595764
188	0.016458763337245226
189	0.2693568785899419
190	0.45506333886141276
191	0.19187384730472656
193	0.0561947790782318
194	0.04785817468108883
196	0.24498860947233844
197	0.682722741294822
199	0.2938414894736804
202	0.0524426359840449
204	0.2736170259535204
207	0.027765364301018454
208	0.0013368920649819288
211	0.348003993913533
212	0.3259213668257056
215	0.012886450479096367
216	0.03279448131537786
218	0.06446918806151569
219	0.2472822175888723
222	0.00048520797548580463
223	0.24896973951135234
224	0.4993973570681712
228	0.38211058851149343
229	0.21227072037343464
230	0.2866950388069707
231	0.5076291456315348
233	0.28939314634677077
238	0.2896518637142923
241	0.353029574446241
242	0.04496698859887134
245	0.24616779966204427
246	0.2792626662135058
247	0.2876557767219855
248	0.011568055810776526
249	0.01637454467883854
252	0.030253509245768265
253	0.020868276949532156
254	0.525077833769331
257	0.4927415634718712
258	0.32677621109552296
260	0.07463279991998185
261	0.29789888307092466
263	0.044712778382617356
264	0.26321013721125236
268	0.03277176574478676
273	0.229952989492442
274	0.28672394205930163
275	0.7656229206671749
276	0.027201759879572206
278	0.29545577805775547
279	0.282969602486611
281	0.5489079137441338
282	0.0025107008424190384
287	0.23598276327594533
289	0.342833678347912
290	0.2775905490397444
291	0.016158414340208684
294	0.2540594152978786
295	0.03981477093754163
296	0.25404554012459
298	0.02017393553714847
299	0.036369811082025125
301	0.28076397205909404
302	0.3117342150757991
304	0.04696044305998074
306	0.5490952510464407
309	0.2720151556652234
310	0.7221233274153653
311	0.24502638036405405
313	0.006775777860694554
314	0.25439287094709684
316	0.0005558965956417861
317	0.269062972514053
318	0.040372552748228374
320	0.03160602494224537
322	0.03933490460189769
323	0.2782607992522815
324	0.050738335667443735
325	0.026055521574483518
326	0.26879300639602693
328	0.04827579962158601
330	0.7488305718685374
331	0.22594877783284273
332	0.2514425660573456
333	0.043077321173343855
334	0.058199318741446224
336	0.5255529062028065
337	0.22292874018260414
343	0.04739037296808668
345	0.01817022408435372
346	0.2873369169673726
348	0.2823369201126965
349	0.0663864897675363
352	0.2949102232762545
353	0.03236940679752094
356	0.07364688225716887
357	0.0332464863559222
358	0.01630673247350491
359	0.25470373365750937
361	0.04479011815743504
362	0.008903962791596397
363	0.2449231619680878
366	0.02437947533187104
367	0.5000164409483266
368	0.48424796087659105
369	0.7452735689055782
371	0.04703981382202804
372	0.013350987224024006
373	0.0010704697920690467
375	0.29612728857680076
376	0.2793347534261805
377	0.21551481865338165
381	0.020785140381879213
383	0.2490116287040192
387	0.2622439797603995
389	0.01789803452955241
393	0.26995946913416624
394	0.026718776248779632
395	0.24441282504261755
396	0.7798995093772768
397	0.06085003627468638
398	0.017494399512722823
399	0.038033829181928276
400	0.277260223074011
403	0.2769294157493537
409	0.020941700501466737
410	0.32413027241173664
412	0.035498169616443476
413	0.5240634768480127
415	0.04765989969688755
418	0.14120877205472704
419	0.2603705610014038
420	0.024889665412386637
421	0.2976076274564404
422	0.3030644588810873
423	0.013388044401513696
426	0.03080434195973243
431	0.032023117707147344
432	0.27387781335132466
434	0.2949204201872071
435	0.2680371442633605
436	0.037299599915794165
437	0.032550961353356216
438	0.02837145461635782
439	0.2669006923473532
440	0.26820426470708564
441	0.5232874496254906
443	0.027254122329847676
446	0.06288012098269935
448	0.1809315826576623
449	0.5226084153836529
450	0.03979966784237558
451	0.009648923944348388
452	0.28468135770949693
453	0.29476796522391513
454	0.5034312142367869
455	0.300848169008163
456	0.027318224399934584
459	0.2529958263822074
461	0.022794673400994885
466	0.0549631626359592
468	0.0032076975567158703
469	0.018910258197117193
470	0.5107442241487614
471	0.47793379098936617
472	0.5144448662519515
473	0.2739751647890235
474	0.03005363245715456
476	0.22979563735775765
477	0.008617074507657148
481	0.4674222011511846
482	0.5402676050235923
483	0.5308283592998398
484	0.2835646243892735
487	0.03055790357670534
488	0.2640751691679628
489	0.22326837379684855
490	0.024564186476321498
492	0.4885069374831981
494	0.23874609989560078
495	0.26717540149105556
496	0.07220210323515636
497	0.03847333956384266
501	0.027081405177002665
502	0.2647938070959448
503	0.05321050866324642
505	0.2749143938391737
506	0.030390993474291493
507	0.26550434244257815
509	0.40256781511555284
510	0.059003315677466486
511	0.10375183657221668
512	0.26329167859703545
513	0.50781147150012
514	0.27074824302331996
515	0.2730655877079229
516	0.0109106156644623
517	0.30651706755174263
518	0.24340988885710071
519	0.2869553798401352
520	0.3026319022705285
521	0.021544255929382746
523	0.24611163928912888
524	0.017241223497622457
525	0.025808312865895834
528	0.2930996761838477
529	0.028360022912351155
531	0.04098532726742261
533	0.5109609113156747
534	0.01916936849263896
535	0.05168114143895895
536	0.5088416615439231
537	0.018547871829680637
538	0.032021151500534153
540	0.4963900584917235
544	0.22510504972861037
545	0.520208619226956
546	0.7406340446097602
547	0.012878566665016477
550	0.28302294744218887
552	0.5039566780279691
554	0.7564312853104145
555	0.010721858681716621
556	0.028890848982924107
557	0.06654801625034057
559	0.24569469101068367
563	0.7574467328828131
564	0.5297974252866018
565	0.2757832380984396
568	0.30162964495414596
571	0.01740602865535386
574	0.013229910391818655
575	0.23726182870820559
576	0.508409633892291
577	0.023942834704172786
578	0.5266982988100241
580	0.44422247241267904
582	0.21303161069198054
583	0.01563689287813157
584	0.518411430197803
585	0.004655782807939823
586	0.026025993038626474
588	0.01704786776586683
590	0.02174851973851731
593	0.7638155276641188
594	0.25500978056158347
596	0.5155516348241296
597	0.22872621746123012
598	0.2598537825188203
601	0.2308454773468236
602	0.2673214389500776
604	0.4513230807571934
609	0.35120316899692966
610	0.2960092608400415
611	0.037480820383148455
612	0.232716529619727
613	0.01965863624334111
615	0.010324803372463776
616	0.5040322372015803
618	0.26776734947702896
619	0.510324245149485
621	0.0058858920775889945
622	0.025499407993626915
623	0.4710119639442388
624	0.03736307112917281
625	0.28189066741879104
627	0.055787852852566495
629	0.5158218952334833
632	0.5168676231032292
633	0.2807543773482703
634	0.2847776905278196
636	0.24497856806311596
637	0.040388155374918785
638	0.0020385385325783177
642	0.5307953674328069
644	0.5242492009808222
646	0.46176580498605774
647	0.03363747439326503
648	0.24796224999457414
650	0.018483660181955835
651	0.26344088788539716
653	0.2634587647524444
654	0.2430017890359793
655	0.059519761703774515
657	0.06646688054081593
660	0.27110233156103086
661	0.008767458762869322
663	0.26241406032155035
665	0.0029450255954259798
671	0.5193442247643933
672	0.249922014950364
673	0.054882230638354304
674	0.029331660154185372
675	0.33200101307994767
679	0.5269249657532152
680	0.2502228348169254
681	0.4930810507752192
682	0.037044840403901054
684	0.26541416746133645
688	0.01640088501564403
689	0.7486456850197059
691	0.02445266704655314
692	0.2694127875186902
694	0.7632274608891034
695	0.2583995281527387
697	0.24665889073171468
698	0.7310954908415711
700	0.5297353047466382
701	0.5179730045155995
702	0.464172049872432
703	0.5069336671287682
705	0.28227132294332624
706	0.4997052123538302
708	0.7667771481379659
709	0.0390615156588387
712	0.5154163600963662
714	0.5171823888216822
715	0.041450008896394636
716	0.022483483452760324
717	0.01168843343558382
718	0.22084328393724761
721	0.2714768420771966
722	0.27126606192188085
723	0.7629711782728097
725	0.24023535029747298
726	0.23357025610197513
727	0.013811081729775177
728	0.00384434466777624
729	0.03593502551501516
730	0.017986149867383807
731	0.03910438217720953
732	0.25857583911430426
734	0.037931226224063086
735	0.030597550860620645
738	0.022326742641188897
739	0.008210596725275295
746	0.06417472297344655
749	0.03304361340305552
750	0.47267270485718826
751	0.045320591476753824
754	0.2476487211636484
756	0.02399622791717659
761	0.2439826007143876
762	0.4801996627688925
765	0.011122904234007358
766	0.026765184872601825
769	0.04005212378394529
772	0.246652574012953
774	0.0890790778911823
775	0.26495673530374997
776	0.23511282179478674
779	0.013113667439540552
780	0.27623353264529593
781	0.4746202952840397
782	0.0306255261479448
783	0.22075120727759395
785	0.5305881281801595
786	0.06910079433723855
787	0.009521276479446738
788	0.2956630392965067
789	0.04900511618919409
791	0.3031183494721945
792	0.04309627650840464
796	0.2549461290842677
797	0.5994397405257901
798	0.28179650719612287
799	0.2750457336971881
801	0.034465041892181913
802	0.29137944988702014
804	0.05347047515267762
807	0.055789611692231206
810	0.017960684524266586
811	0.5319787885849767
812	0.017794243993628753
813	0.022181095211993976
815	0.03420092314553152
816	0.037563986885443365
818	0.2019836237101348
819	0.0105909934742964
823	0.030221505174721358
825	0.49895641111604294
826	0.24230620745142512
827	0.0019344408964750148
829	0.026338551107127642
830	0.03087940506313975
831	0.25827368924820276
832	0.5075788658964424
834	0.7465451378404488
836	0.008622438042368195
837	0.004768815871168942
838	0.01723399779457326
839	0.015888173561774518
843	0.2611644475710458
844	0.26525097124582553
845	0.34395095458861996
847	0.25442733014066415
848	0.2501414602397705
849	0.2648425373027346
850	0.26547985939056445
851	0.03221347332788005
852	0.0533516958356596
855	0.007839260385846175
856	0.01632720854567036
857	0.315317298440953
858	0.01972534917943658
860	0.25724230774184575
862	0.28600518425222343
863	0.2782715281955394
864	0.02523853759847175
868	0.010499854592622714
869	0.28387293190505203
870	0.036798940890719625
871	0.23759327000259245
872	0.29629608838743365
873	0.027129452322369102
875	0.5024427897002987
876	0.491723720056056
877	0.03545806793295576
879	0.24512186853007426
881	0.03797731991881595
884	0.2496213938556437
885	0.1983964446908651
886	0.00923660383260553
888	0.24355148405887384
889	0.017791152662427742
891	0.006914895863641978
893	0.27998219347885356
895	0.28736807296812666
896	0.0186392555237391
897	0.28066332268714456
901	0.005995324957695988
902	0.07446715060548209
906	0.04988181275376051
907	0.025222638071276365
908	0.04933360025886967
909	0.01914290478435552
915	0.2729098901189247
920	0.2653544214286828
921	0.4834999247420479
922	0.19962237559173746
923	0.02712732830406686
924	0.000904467449229153
926	0.24448311421333285
927	0.2596845788190249
929	0.0006716075987788367
930	0.016825825518734006
935	0.29233616353613284
936	0.03427851923285641
938	0.004859817709193175
939	0.2873588918351191
941	0.06323442789049677
942	0.026577537105824903
0	0.0
0	0.0
0	0.0
0	0.0
0	0.0
0	0.0
0	0.0
0	0.0
0	0.0
0	0.0
0	0.0
0	0.0
0	0.0
0	0.0
0	0.0
0	0.0
0	0.0
0	0.0
0	0.0
0	0.0
0	0.0
0	0.0
0	0.0
0	0.0
0	0.0
0	0.0
0	0.0
0	0.0
0	0.0
0	0.0
0	0.0
0	0.0
0	0.0
0	0.0
0	0.0
0	0.0
0	0.0
0	0.0
0	0.0
0	0.0
0	0.0
0	0.0
0	0.0
0	0.0
0	0.0
0	0.0
0	0.0
0	0.0
0	0.0
0	0.0
0	0.0
0	0.0
0	0.0
0	0.0
0	0.0
0	0.0
0	0.0
0	0.0
0	0.0
0	0.0
0	0.0
0	0.0
0	0.0
0	0.0
0	0.0
0	0.0
0	0.0
0	0.0
0	0.0
0	0.0
0	0.0
0	0.0
0	0.0
0	0.0
0	0.0
0	0.0
0	0.0
0	0.0
0	0.0
0	0.0
0	0.0
0	0.0
0	0.0
0	0.0
0	0.0
0	0.0
0	0.0
0	0.0
0	0.0
0	0.0
0	0.0
0	0.0
0	0.0
0	0.0
0	0.0
0	0.0
0	0.0
0	0.0
0	0.0
0	0.0
0	0.0
0	0.0
0	0.0
0	0.0
0	0.0
0	0.0
0	0.0
0	0.0
0	0.0
0	0.0
0	0.0
0	0.0
0	0.0
0	0.0
0	0.0
0	0.0
0	0.0
0	0.0
0	0.0
0	0.0
0	0.0
0	0.0
0	0.0
0	0.0
0	0.0
0	0.0
0	0.0
0	0.0
0	0.0
0	0.0
0	0.0
0	0.0
0	0.0
0	0.0
0	0.0
0	0.0
0	0.0
0	0.0
0	0.0
0	0.0
0	0.0
0	0.0
0	0.0
0	0.0
0	0.0
0	0.0
0	0.0
0	0.0
0	0.0
0	0.0
0	0.0
0	0.0
0	0.0
0	0.0
0	0.0
0	0.0
0	0.0
0	0.0
0	0.0
0	0.0
0	0.0
0	0.0
0	0.0
0	0.0
0	0.0
0	0.0
0	0.0
0	0.0
0	0.0
0	0.0
0	0.0
0	0.0
0	0.0
0	0.0
0	0.0
0	0.0
0	0.0
0	0.0
0	0.0
0	0.0
0	0.0
0	0.0
0	0.0
0	0.0
0	0.0
0	0.0
0	0.0
0	0.0
0	0.0
0	0.0
0	0.0
0	0.0
0	0.0
0	0.0
0	0.0
0	0.0
0	0.0
0	0.0
0	0.0
0	0.0
0	0.0
0	0.0
0	0.0
0	0.0
0	0.0
0	0.0
0	0.0
0	0.0
0	0.0
0	0.0
0	0.0
0	0.0
0	0.0
0	0.0
0	0.0
0	0.0
0	0.0
0	0.0
0	0.0
0	0.0
0	0.0
0	0.0
0	0.0
0	0.0
0	0.0
0	0.0
0	0.0
0	0.0
0	0.0
0	0.0
0	0.0
0	0.0
0	0.0
0	0.0
0	0.0
0	0.0
0	0.0
0	0.0
0	0.0
0	0.0
0	0.0
0	0.0
0	0.0
0	0.0
0	0.0
0	0.0
0	0.0
0	0.0
0	0.0
0	0.0
0	0.0
0	0.0
0	0.0
0	0.0
0	0.0
0	0.0
0	0.0
0	0.0
0	0.0
0	0.0
0	0.0
0	0.0
0	0.0
0	0.0
0	0.0
0	0.0
0	0.0
0	0.0
0	0.0
0	0.0
0	0.0
0	0.0
0	0.0
0	0.0
0	0.0
0	0.0
0	0.0
0	0.0
0	0.0
0	0.0
0	0.0
0	0.0
0	0.0
0	0.0
0	0.0
0	0.0
0	0.0
0	0.0
0	0.0
0	0.0
0	0.0
0	0.0
0	0.0
0	0.0
0	0.0
0	0.0
0	0.0
0	0.0
0	0.0
0	0.0
0	0.0
0	0.0
0	0.0
0	0.0
0	0.0
0	0.0
0	0.0
0	0.0
0	0.0
0	0.0
0	0.0
0	0.0
0	0.0
0	0.0
0	0.0
0	0.0
0	0.0
0	0.0
0	0.0
0	0.0
0	0.0
0	0.0
0	0.0
0	0.0
0	0.0
0	0.0
0	0.0
0	0.0
0	0.0
0	0.0
0	0.0
0	0.0
0	0.0
0	0.0
0	0.0
0	0.0
0	0.0
0	0.0
0	0.0
0	0.0
0	0.0
0	0.0
0	0.0
0	0.0
0	0.0
0	0.0
0	0.0
0	0.0
0	0.0
0	0.0
0	0.0
0	0.0
0	0.0
0	0.0
0	0.0
