3	0.44182670639867394
4	0.5354158896961023
5	0.2732068162833373
9	0.22373113926279342
10	0.2194754082067736
11	0.18902908589495127
17	0.2815347651722152
18	0.29969692762538436
19	0.00884519981983592
21	0.04375298961702507
22	0.04759999659702653
23	0.3002102533646737
24	0.3349985794645982
25	0.484830531024206
26	0.015420822747044888
27	0.537431776442794
28	0.18301405908558258
29	0.2792094222745859
30	0.24757261731695634
31	0.307141697897152
33	0.5137631544619172
34	0.46634614673373026
36	0.23602356243868025
37	0.011507455446250543
40	0.2724315758035011
43	0.07803654866784522
46	0.5183893059746448
47	0.7590149069355345
48	0.24328847154080716
49	0.00547011566936758
50	0.4830608823404624
53	0.09211091864906984
54	0.19552016817355725
56	0.46384384859777694
57	0.4230242239457908
58	0.4991164421344402
59	0.5092644624227969
60	0.21287405160098458
62	0.29399191472341507
64	0.48205124690129214
65	0.01013519467507061
66	0.540710317896196
67	0.04525998405569298
68	0.23709307728380344
70	0.187531664831412
71	0.26819273509991637
72	0.28990701058095536
73	0.4985914156562375
74	0.3080280748579177
75	0.2804889626099257
76	0.2071555791030842
77	0.21992171857050066
80	0.32019667297332033
82	0.11242154356493117
83	0.01983657451647545
86	0.28778453435536866
88	0.3223631206596308
89	0.06843874467276934
91	0.21843399479601117
92	0.0561255803803128
94	0.030863012630067202
97	0.21974434885118296
98	0.07803675960059256
100	0.3019003419354815
103	0.5838572141984868
105	0.5371657513440843
106	0.04912988165278043
108	0.2877676750433625
112	0.2954537689086965
113	0.29547472562653676
115	0.5129104944327758
117	0.06246832590664989
120	0.3171542424080205
122	0.2635291989034369
124	0.272214890482553
126	0.28344649296945723
127	0.2739061307371707
129	0.34492881813682014
131	0.27714944376637834
132	0.5596379405168272
135	0.3289809059201301
136	0.533456196505055
138	0.28742702984627283
139	0.5020655730904339
140	0.2953141341019015
141	0.035753891769005786
142	0.25784390403306356
143	0.3000603653288102
144	0.00010744598118098136
145	0.023510825714349134
146	0.0014311541487813037
148	0.022383235196141757
149	0.0580294718063363
153	0.40300857815596913
154	0.312353443478488
155	0.10846178112588724
156	0.31486019460847675
159	0.029274565394048494
160	0.05269772058386042
161	0.18914937560416878
162	0.03303407191626582
163	0.3120730141140265
164	0.5264855257275746
165	0.004237127895450311
168	0.33066172934951826
170	0.027221590541372607
171	0.5882427989329866
172	0.292546980258837
173	0.2953130072692625
174	0.2949719828714379
176	0.3274525389618044
177	0.05026153336250925
180	0.012880203693477872
183	0.30600120055764113
186	0.01077029268746825
187	0.02545754448506636
190	0.21259345336428417
191	0.07459104423303514
192	0.3409027836266098
195	0.49826619266707
196	0.19517312634110645
198	0.2126781918179791
199	0.012259060677872809
200	0.18155226779496697
203	0.46791850719116707
204	0.3155429012551406
205	0.26614819187082994
206	0.3330585455865496
207	0.20246652363238393
208	0.3427995704722639
209	0.014124575018478448
210	0.4972008389475738
212	0.0031633825468303546
213	0.2798445249531669
214	0.05826008585212476
215	0.0483055567497333
216	0.0583467133619056
217	0.5186316189904474
219	0.24300201883636302
220	0.24084679104036336
221	0.06760502654528955
222	0.019261509466553656
225	0.3215292844715323
226	0.0004208106049776589
227	0.30585285509566673
229	0.04581598086501153
233	0.020615436167410562
235	0.04813212380749789
237	0.30545293552179775
239	0.4713487494844495
240	0.523073632322736
243	0.26955873409928316
244	0.2717223039266044
246	0.2046617478301384
247	0.230725789285641
248	0.20975018210827773
249	0.048043035339413606
251	0.2528694654381171
254	0.19890386634849025
255	0.4999691250404123
257	0.013533251635369219
258	0.02052440831723502
259	0.2540594871629883
260	0.5082310096661568
261	0.011738856071734336
262	0.3301062658243701
263	0.2617336629714788
264	0.007069678068091223
265	0.03521008511589077
266	0.5386845271402756
268	0.1730294230833017
270	0.26069157749750493
272	0.08996110788522702
273	0.07949259105470173
274	0.27957601835791673
275	0.010316648718966676
276	0.030977748954578527
277	0.5281419182264792
279	0.025196403932178972
281	0.0015945551623142498
282	0.25135677939520473
283	0.317733378594986
284	0.7474711706728372
285	0.09159506799881978
286	0.2674290978215793
287	0.31767117938640965
288	0.04293243217954269
289	0.05572831068113479
291	0.28893967103154766
292	0.3076988572450474
296	0.07652246808284148
297	0.2823308809967737
298	0.07804125215340832
299	0.17314526109464767
300	0.3588953958621566
301	0.2579055121752597
302	0.20295007473577567
303	0.27371997403349985
304	0.037050886735515376
305	0.04743284136369221
307	0.007058616991911605
308	0.25244052151902396
309	0.279209422274586
313	0.21634791940965756
315	0.30849193240971795
316	0.08136416194430822
317	0.04463350754753505
318	0.03899820125810795
319	0.509938070644977
322	0.024337105478083987
323	0.03985995367977217
324	0.304956863879184
329	0.002578440991123962
333	0.26629452572733364
334	0.009658638343420137
335	0.5942566024419321
336	0.0046867498320067105
337	0.21661989985444347
338	0.20886405975183533
339	0.26914471287570874
341	0.28643919393348055
342	0.031434273198301735
343	0.0456145927783408
345	0.5165434090648657
346	0.05834939079877601
347	0.27600922247533183
348	0.20431507036350424
349	0.3175685505114224
350	0.33505779018318693
351	0.3205422476612678
352	0.19412199908108646
353	0.34091605643579764
354	0.3096299614377607
355	0.22906474703790614
356	0.22362794436556171
357	0.08184117325224477
358	0.18656025238990137
359	0.2546444008563078
360	0.03130251709433093
362	0.27940977557597363
364	0.298542778392026
366	0.5296813981144776
367	0.030611727197683028
370	0.2829781273577144
372	0.22164736115421607
375	0.24778605877448612
376	0.2656131552948269
377	0.37004754900626785
379	0.08874416101367996
380	0.06355670386973193
381	0.02189362116418237
382	0.5425937851994341
384	0.24366678742301465
386	0.2828605559182137
389	0.2731217695685413
391	0.08330588313304056
392	0.034495359512485266
397	0.027976992705976297
399	0.053029683735014044
400	0.2486436417623194
401	0.2200644280775111
402	0.0028580594844790086
403	0.08062487917303159
404	0.3106785916655899
407	0.06031206710375879
408	0.14540694044328328
409	0.19746701325212349
410	0.008513660779423476
411	0.2891907266243673
412	0.4826319505040478
414	0.538895330930724
415	0.5185744726863638
417	0.03672721890976546
418	0.350372666995897
419	0.07976086669608937
420	0.27877261885858035
421	0.033854070719935146
423	0.046623947511796854
424	0.34569359328824195
425	0.7302101596042433
427	0.3232289557320188
429	0.2538582676003668
430	0.2875063805276475
431	0.27252185150425146
432	0.26067779317494827
433	0.2422261717474594
435	0.2851694729233252
436	0.29034471799105777
437	0.047372637524705566
438	0.27947241896035574
439	0.2533577618703118
440	0.5035355698363969
442	0.034594859567263554
443	0.5069599399117511
444	0.6064201275032456
446	0.0453524440330319
447	0.01261748834865345
449	0.2615144350483154
450	0.2810695730384753
451	0.49810006836738197
453	0.03049953820391496
458	0.05282673478742685
460	0.2822772854539133
461	0.3169279838225989
462	0.21780553186963209
463	0.4354285327830206
464	0.5260248495463768
465	0.5112054314080443
466	0.26149638215224236
469	0.0729757476936127
471	0.2825112332324094
472	0.2698485247144156
474	0.28733858658447897
475	0.3032154009368388
476	0.5512275090298544
477	0.03255345946206413
479	0.2394895575542478
480	0.03858156675949309
483	0.23172116852700045
484	0.2177676578541162
485	0.2670542097979726
486	0.04447168377828654
487	0.04856687601692603
490	0.2676849421294277
491	0.0636850141557876
492	0.3163013000925734
494	0.5472780668685253
496	0.2168743754901565
497	0.052168715423690046
498	0.23014726666533789
499	0.22501241311118453
500	0.254357329772679
501	0.28480994255161074
502	0.22702251305542015
504	7.687843132626188e-05
507	0.2696248110631187
508	0.1794217511127784
510	0.035856660013449594
511	0.4116471154705095
512	0.04971325238507105
515	0.021557884900172374
516	0.24596254064980003
518	0.031972164177089035
520	0.0183635219235868
521	0.25511963976877927
522	0.7514663157564819
524	0.05391346983481213
527	0.026053341356417056
529	0.24671875546986413
530	0.4910506047737043
531	0.25513909586827627
534	0.0717918052308856
537	0.03872386796880327
538	0.04277483025316124
540	0.2814308718610502
542	0.0635264145768889
543	0.22534654370331655
545	0.00697972213418116
546	0.07349174735061473
547	0.45483016396351333
549	0.44653969875552363
550	0.4179057220260659
551	0.27444192383249383
552	0.28103093573060134
553	0.0597518588468212
556	0.06783366798233648
558	0.3387022536842407
559	0.01274691750324803
560	0.07246459635376938
561	0.275671437749656
562	0.04572307681606529
564	0.00145901043518043
565	0.21373535022484527
566	0.29129498834075634
567	0.04523448392417909
568	0.030943782109923452
570	0.3074297306307557
571	0.20696450810770628
572	0.10399963005627354
573	0.28917822515403024
574	0.04063970197347755
575	0.25322262664995027
579	0.03867723069741319
580	0.0056342432096827474
581	0.03933119474443336
582	0.32061342880873317
583	0.28345994024274185
586	0.09394348417254876
587	0.48635797246437573
590	0.2802640579783219
591	0.3048242145715095
594	0.07849273938392809
595	0.0010284654753385664
598	0.09857755788969334
599	0.2527973576230097
601	0.21920230700409185
603	0.1939032140321706
605	0.2724079775188208
607	0.36494902607151153
608	0.30393624946339926
609	0.07525650422969385
610	0.04834871816757064
611	0.28615885572249705
613	0.2635165075459852
614	0.227517369222358
615	0.20570297136172552
621	0.19513829464826932
622	0.05523549810631006
624	0.26960988523475976
626	0.2593949338532301
627	0.2768462438813975
628	0.5058045619832956
630	0.3299919568411307
631	0.260214195356097
634	0.2579258315888638
635	0.28441969539973616
636	0.049654984135426086
639	0.056632133074300386
640	0.19749053057571758
644	0.023226141709516427
645	0.016482303138809527
649	0.3038350524427648
650	0.0020681153903460633
652	0.2989986190142867
653	0.05137936830623353
656	0.4395313694799562
658	0.25285414094008035
660	0.003599982816737325
662	0.3970854444962062
663	0.28504299093141955
664	0.3326271015733196
666	0.275386537992368
667	0.28233484186121355
670	0.09055475116967882
671	0.019708888155389303
672	0.3403312557820631
673	0.25390514571035194
674	0.3144083439312522
675	0.1782112149564971
677	0.2628239775417106
680	0.006611780973512348
682	0.044098001115411865
686	0.7802945393604435
687	0.2564509584391194
688	0.02740969901106702
689	0.014875626864442389
690	0.20887308351660824
691	0.049605959049730336
695	0.2851539527121189
696	0.4826025959280552
697	0.1846976752476795
698	0.0019329643101197932
699	0.7291544377824333
703	0.2696533700290728
704	0.20926889933044723
709	0.030557348857237196
710	0.27855230485493593
711	0.0208210385581359
713	0.4530639502536328
716	0.2572225706148395
717	0.05216016888613473
718	0.2474795958769928
719	0.23481554101227886
720	0.2500643324631082
722	0.1876666400571375
724	0.3330585455865496
725	0.3313582170768631
728	0.33475510339335285
730	0.21877345969336326
731	0.23395568565601263
732	0.04693216735935716
733	0.23561790548124958
736	0.25444506280486506
737	0.33187735703136406
739	0.34126554854114655
740	0.46475325492146496
741	0.0021952916768838773
742	0.3108444049666468
743	0.2714323841904646
745	0.2871719779382983
748	0.2864146078106973
752	0.2950628541124222
754	0.2992793707268132
756	0.07919253704426454
758	0.015195553598812854
759	0.24040331670235487
765	0.057182076805884344
766	0.401387113053768
768	0.04794552567270241
770	0.034774345750456015
771	0.04369231351625874
772	0.19692873002351835
775	0.2557402495035654
776	0.053379842866670815
777	0.22503748934617424
778	0.51908848786834
781	0.0511620553209015
782	0.20518271632821328
783	0.27118709937711005
787	0.2685460950922439
789	0.5054817781776901
791	0.5029129560877921
792	0.24962258159705608
794	0.5240824002004789
795	0.03512300228623362
796	0.006221361571690162
797	0.24611183149487456
799	0.25184474526448536
800	0.2878018396162041
801	0.2471152038731616
803	0.24862622550092983
805	0.202750513076557
806	0.01823149462978629
807	0.043673298489985586
808	0.5236393453256164
809	0.3431897407160505
810	0.29649215243270644
812	0.26499979951070296
813	0.4839561098869495
814	0.28241366604049956
816	0.2791832689970431
817	0.3143397886178114
818	0.26516551069564864
819	0.06510500561732373
820	0.5072114655956744
821	0.20476945360400745
822	0.3684171605236753
824	0.5353350168288058
825	0.004301700205373987
826	0.17872060802655995
827	0.032412019914933816
828	0.4900877488541913
829	0.06979911724911268
832	0.0519496406702271
835	0.025256496692512682
836	0.09832783672629511
841	0.06738199453945048
842	0.4533483426460819
844	0.11708419145029522
846	0.05514348153424563
847	0.22300027417909532
848	0.2535054936577211
851	0.26104286020117606
852	0.04496877956193998
853	0.042830325253668
854	0.26203780013054123
856	0.4405933031951302
857	0.29997889529478705
858	0.5714232648282745
859	0.5110858275070201
860	0.24963066631434616
861	0.25634221415276875
863	0.5071644624291367
864	0.03829088170157939
865	0.2663611282730735
866	0.18259041636347706
867	0.2004204845454016
868	0.23830034051626292
871	0.040346725155792164
872	0.1940347660193638
873	0.49950702316215884
874	0.2597651888347833
878	0.2838081268364182
879	0.5587539665986836
880	0.4994661096763738
881	0.19753890606444105
883	0.04185300665811587
884	0.3152887389849629
888	0.2948637955775178
889	0.25259250036296077
891	0.3095895877152972
892	0.2611897782738114
898	0.2242880175462503
900	0.4022603567988354
902	0.011373795042855867
904	0.2273763091196906
905	0.4569582427851729
906	0.03293307553068711
909	0.030817358851409078
910	0.2712921034696595
911	0.2593615940089681
913	0.25438906791792576
915	0.006179301556772994
916	0.015238285399287305
917	0.3581183959771721
919	0.04495441908804437
920	0.5165001597250853
923	0.5142697525099987
925	0.5053665655083477
926	0.34478713589905485
927	0.28895107526816766
928	0.31380247094147434
929	0.5091064774617379
930	0.2657082335376066
931	0.31048758020716094
932	0.0011320878139851262
933	0.3105117383670687
934	0.27626643322189787
938	0.28497837285914146
939	0.4980778509273146
940	0.27740969413042893
943	0.5147167761589323
0	0.0
0	0.0
0	0.0
0	0.0
0	0.0
0	0.0
0	0.0
0	0.0
0	0.0
0	0.0
0	0.0
0	0.0
0	0.0
0	0.0
0	0.0
0	0.0
0	0.0
0	0.0
0	0.0
0	0.0
0	0.0
0	0.0
0	0.0
0	0.0
0	0.0
0	0.0
0	0.0
0	0.0
0	0.0
0	0.0
0	0.0
0	0.0
0	0.0
0	0.0
0	0.0
0	0.0
0	0.0
0	0.0
0	0.0
0	0.0
0	0.0
0	0.0
0	0.0
0	0.0
0	0.0
0	0.0
0	0.0
0	0.0
0	0.0
0	0.0
0	0.0
0	0.0
0	0.0
0	0.0
0	0.0
0	0.0
0	0.0
0	0.0
0	0.0
0	0.0
0	0.0
0	0.0
0	0.0
0	0.0
0	0.0
0	0.0
0	0.0
0	0.0
0	0.0
0	0.0
0	0.0
0	0.0
0	0.0
0	0.0
0	0.0
0	0.0
0	0.0
0	0.0
0	0.0
0	0.0
0	0.0
0	0.0
0	0.0
0	0.0
0	0.0
0	0.0
0	0.0
0	0.0
0	0.0
0	0.0
0	0.0
0	0.0
0	0.0
0	0.0
0	0.0
0	0.0
0	0.0
0	0.0
0	0.0
0	0.0
0	0.0
0	0.0
0	0.0
0	0.0
0	0.0
0	0.0
0	0.0
0	0.0
0	0.0
0	0.0
0	0.0
0	0.0
0	0.0
0	0.0
0	0.0
0	0.0
0	0.0
0	0.0
0	0.0
0	0.0
0	0.0
0	0.0
0	0.0
0	0.0
0	0.0
0	0.0
0	0.0
0	0.0
0	0.0
0	0.0
0	0.0
0	0.0
0	0.0
0	0.0
0	0.0
0	0.0
0	0.0
0	0.0
0	0.0
0	0.0
0	0.0
0	0.0
0	0.0
0	0.0
0	0.0
0	0.0
0	0.0
0	0.0
0	0.0
0	0.0
0	0.0
0	0.0
0	0.0
0	0.0
0	0.0
0	0.0
0	0.0
0	0.0
0	0.0
0	0.0
0	0.0
0	0.0
0	0.0
0	0.0
0	0.0
0	0.0
0	0.0
0	0.0
0	0.0
0	0.0
0	0.0
0	0.0
0	0.0
0	0.0
0	0.0
0	0.0
0	0.0
0	0.0
0	0.0
0	0.0
0	0.0
0	0.0
0	0.0
0	0.0
0	0.0
0	0.0
0	0.0
0	0.0
0	0.0
0	0.0
0	0.0
0	0.0
0	0.0
0	0.0
0	0.0
0	0.0
0	0.0
0	0.0
0	0.0
0	0.0
0	0.0
0	0.0
0	0.0
0	0.0
0	0.0
0	0.0
0	0.0
0	0.0
0	0.0
0	0.0
0	0.0
0	0.0
0	0.0
0	0.0
0	0.0
0	0.0
0	0.0
0	0.0
0	0.0
0	0.0
0	0.0
0	0.0
0	0.0
0	0.0
0	0.0
0	0.0
0	0.0
0	0.0
0	0.0
0	0.0
0	0.0
0	0.0
0	0.0
0	0.0
0	0.0
0	0.0
0	0.0
0	0.0
0	0.0
0	0.0
0	0.0
0	0.0
0	0.0
0	0.0
0	0.0
0	0.0
0	0.0
0	0.0
0	0.0
0	0.0
0	0.0
0	0.0
0	0.0
0	0.0
0	0.0
0	0.0
0	0.0
0	0.0
0	0.0
0	0.0
0	0.0
0	0.0
0	0.0
0	0.0
0	0.0
0	0.0
0	0.0
0	0.0
0	0.0
0	0.0
0	0.0
0	0.0
0	0.0
0	0.0
0	0.0
0	0.0
0	0.0
0	0.0
0	0.0
0	0.0
0	0.0
0	0.0
0	0.0
0	0.0
0	0.0
0	0.0
0	0.0
0	0.0
0	0.0
0	0.0
0	0.0
0	0.0
0	0.0
0	0.0
0	0.0
0	0.0
0	0.0
0	0.0
0	0.0
0	0.0
0	0.0
0	0.0
0	0.0
0	0.0
0	0.0
0	0.0
0	0.0
0	0.0
0	0.0
0	0.0
0	0.0
0	0.0
0	0.0
0	0.0
0	0.0
0	0.0
0	0.0
0	0.0
0	0.0
0	0.0
0	0.0
0	0.0
0	0.0
0	0.0
0	0.0
0	0.0
0	0.0
0	0.0
0	0.0
0	0.0
0	0.0
0	0.0
0	0.0
0	0.0
0	0.0
0	0.0
0	0.0
0	0.0
0	0.0
0	0.0
