2	0.07832086012832572
3	0.09110479482555822
4	0.14079109266777057
6	0.05877670177217735
9	0.4186454922131876
11	0.08758417276017935
12	0.3438058693800562
17	0.2945581182885565
18	0.1445318351284225
19	0.2692232439870617
20	0.3667351667141399
23	0.03854392427403834
24	0.12297789884070201
25	0.2936074928766816
27	0.49874905156847776
28	0.3061995629766202
29	0.08211105207112779
32	0.1513463694491164
33	0.05126058955304909
35	0.059234216188517874
36	0.1408317247100028
37	0.12377836239352163
39	0.0633581189613717
40	0.31394150662943476
46	0.12277913912433702
47	0.12257676572741505
48	0.31107766395980585
50	0.3794775352394157
52	0.1370794687114698
53	0.3468805786749498
54	0.1279298319814782
55	0.336766993507367
56	0.10913318759967205
57	0.09901377103752555
58	0.08789515626542171
60	0.045126451227132366
61	0.47884079928251544
64	0.11093809439992972
65	0.3045175173363924
66	0.6037848631208572
67	0.32196147665389496
70	0.2990116978786067
71	0.3268590835803478
72	0.05996542994160385
73	0.07548401210538194
74	0.054415015408583
75	0.13394938755999303
76	0.10705952969338858
77	0.35373025906011396
78	0.13776305063817715
79	0.1197393076168303
80	0.22765546947291793
81	0.13402098939409463
83	0.07666919418903947
84	0.03515647792503869
86	0.2859671633352123
88	0.0886154093948065
91	0.355122868821499
93	0.10389800419695114
98	0.14714842048654603
99	0.13255459374372305
101	0.17588498371337544
103	0.12609390128748038
104	0.04693587092228302
105	0.2220844171720534
106	0.30160832066531507
107	0.3588953958621566
108	0.09664494259905522
112	0.3323851699871547
115	0.2987853361138741
119	0.11919530156467106
122	0.43361826385998614
124	0.6196438406402451
126	0.3960568981064844
127	0.44224078192556077
128	0.34340857523968793
131	0.36196976104675643
132	0.3007531312139755
133	0.13217016588793282
134	0.10189675436968687
135	0.14338916695652365
136	0.08089947737052039
137	0.07536848955043071
139	0.5496307532458038
141	0.30232195501062076
143	0.36189425017825416
144	0.09287709355480891
145	0.2924371604443115
146	0.035356119332355995
147	0.08512483046665167
148	0.05027235216605931
149	0.07042928725359682
150	0.05101219801536766
152	0.07787771695363119
153	0.4097207655016939
154	0.40766408351482813
155	0.2423608327052555
156	0.3923709283451909
157	0.14399842801415672
158	0.09665716926001088
159	0.33926036527134457
161	0.5327787640636596
162	0.31927584012928767
163	0.5510048427101492
164	0.33920757527317325
165	0.09521149305096194
166	0.6538451573908836
168	0.11081619353542087
169	0.3761532482269003
170	0.3054222082408128
171	0.29855553249234595
173	0.04384698839960579
176	0.304128165904928
177	0.05632857220628934
180	0.35700332437056337
183	0.253143440829529
185	0.11290640575728964
186	0.29314621751306846
187	0.4033161225454387
190	0.4223291100229887
191	0.6431053048197743
192	0.24219074716859706
194	0.06344875136205139
195	0.0742146068407318
196	0.10270275585005116
198	0.06975133630447745
199	0.33275095398558824
200	0.11205180503577777
202	0.4048282430662494
203	0.42381819153459627
204	0.33792603898740314
205	0.5455825828208096
207	0.13227997533658797
208	0.07497240591506196
209	0.0633225075421509
210	0.29931445317980465
212	0.09836571178060163
213	0.30178823166151664
216	0.05042194419048419
217	0.30653335470990223
219	0.41463017097766436
220	0.6594094648158543
221	0.04234635133909544
225	0.12145491073153844
227	0.05302351299354255
229	0.6267021724543234
231	0.1126984987164171
233	0.11660178235083027
237	0.12857002208674853
240	0.09352120398301905
241	0.4584564519091188
242	0.07697940870973156
243	0.06649473306597443
244	0.11218195747637885
245	0.06939633394532327
246	0.14736784064521405
247	0.11208557216239179
248	0.03412464639729965
251	0.398388793359914
254	0.10947704596319835
256	0.019138206682762927
257	0.12206398200829087
258	0.5791367132054763
260	0.40172013460462397
261	0.5801033088038324
262	0.14159603961654318
263	0.10762578685877884
265	0.31440617650123054
266	0.1799667815378724
270	0.09378530519841782
272	0.06191558390723319
273	0.4359143056321248
274	0.3129068427341727
275	0.13156463693190892
277	0.31681269675216395
278	0.4179988129961613
279	0.03765868982461438
281	0.012017450484637392
282	0.3903782844182441
283	0.4052023461978418
284	0.40423913793420424
285	0.04563202787366864
287	0.12332067132699821
288	0.06156866508340931
289	0.4311947218424138
297	0.034294554451344564
301	0.1425236291681615
304	0.6469822711830856
306	0.39264940133929593
309	0.09817396058439863
312	0.061255653700044585
313	0.05364222312884458
315	0.12018975033067275
317	0.1415744538913708
318	0.04954314493297519
319	0.3090246209315613
322	0.03985757281720375
333	0.1474087069228718
335	0.5560312217362184
336	0.3086550467611321
337	0.12104182975754638
338	0.0573730149598784
340	0.07310357211489905
341	0.3996452609511809
348	0.40542799679568503
349	0.11373260523413284
351	0.3117931710052656
353	0.2999645006839602
354	0.0330493611198338
355	0.3639398878564394
356	0.5512775592965484
357	0.06063063819451789
359	0.1298275506772863
362	0.06276429013916518
364	0.05478176684722294
365	0.3235840704175854
366	0.37064777581170383
368	0.15908772318631043
369	0.12233957339363052
371	0.03439531209853086
372	0.5942554981473249
374	0.013002579230353986
375	0.16623671825869002
376	0.03711889719011147
377	0.3924508956834722
382	0.08067573542015058
384	0.11522839996229055
386	0.1583740210214779
388	0.32797485155108175
391	0.11346569961064554
393	0.1381067576301825
400	0.36649945897434644
401	0.33086921983642636
408	0.26207296345833125
410	0.37825087335480156
412	0.42086311423195455
414	0.08187804286575126
415	0.10704646319806152
418	0.3450787434404081
419	0.0331334000628513
420	0.12319968885122101
421	0.08406388457618177
425	0.0689218023313968
426	0.0430375836072523
427	0.4055129983342052
428	0.07606375547303298
430	0.038425231894550216
431	0.6046015428905985
432	0.1344757607210011
433	0.09492851287757326
434	0.024871559070913422
436	0.11846984583241543
438	0.1607784870865808
439	0.3839571773402791
443	0.1674607209788902
444	0.5912819883680079
446	0.04786381722375738
451	0.31360199796932475
462	0.2717014491817504
464	0.3610492306789579
466	0.04694534774538399
470	0.3993189560812114
471	0.16981329316086394
472	0.13094513631341184
473	0.12154124621274114
475	0.04255413863669549
476	0.13934131565237443
477	0.5671514081732811
478	0.09523579468133525
479	0.10578665013997379
482	0.07761402744303149
483	0.09671710105613565
489	0.31592133483853213
491	0.04731635928220001
494	0.40902605354848787
496	0.06305525772702344
497	0.039933339920316294
498	0.08989926699724403
499	0.3005140718534757
502	0.056142492810230316
504	0.062606366233773
507	0.14811860939625682
508	0.061041738811354454
510	0.33924312081413455
511	0.3317931504367357
512	0.13359172166218633
515	0.3229850200943875
517	0.11521240834463321
518	0.08268876131460617
520	0.1511202718925667
522	0.36606826382826724
523	0.15390992293081482
526	0.018919240301761932
527	0.12264928583091902
529	0.1118452123819948
530	0.5826810858633364
534	0.3337802753194802
541	0.058124235314458664
543	0.2919187340442545
544	0.06852590232415869
547	0.13012654835528684
548	0.05657643918166295
549	0.0915476353323809
550	0.3787860525353918
552	0.13606832675845199
554	0.13811426409551542
555	0.08401236231001877
558	0.3269819781852398
559	0.32344660731721375
563	0.12961152681978083
565	0.3230788026005015
566	0.06561134994917198
572	0.030023374516676027
575	0.3432992532435553
578	0.10443242794701835
581	0.031388718738593245
583	0.3161644949317527
585	0.31080969292997274
587	0.3049865768410154
591	0.06027514475357685
592	0.10723468767376783
594	0.33877941944286627
596	0.0699469948471649
599	0.5795800963086277
600	0.28871822467710007
604	0.10434787119448327
605	0.14979060756630275
607	0.05048408235282746
608	0.104052597082422
609	0.13564466387731441
610	0.04169685618835152
611	0.3440585977174665
612	0.32695535521031754
615	0.1365064843707659
618	0.14797818059609114
619	0.05981478756006356
621	0.040337034954420196
628	0.05734051888601051
630	0.599197910645289
631	0.3071807811313405
633	0.06714576349957721
638	0.055252447212056924
640	0.10141288781349993
644	0.3275969056853754
645	0.029397597311902474
646	0.11779936178429042
648	0.05864536509820129
651	0.08393287159068721
652	0.10207467154410776
655	0.10775470674399006
656	0.2621249411847348
657	0.09025938774759547
662	0.5627265646842784
663	0.3271267459254321
667	0.06069655860028744
668	0.0949822111734811
672	0.40187100401818987
673	0.5930895890865047
675	0.08576699698002005
677	0.34095250176269143
678	0.02923212560905805
679	0.1327447667442572
681	0.08825653304458377
686	0.3766393004350811
687	0.6526206542237369
688	0.4117463765790633
690	0.3951730561180504
691	0.04974594939145148
696	0.0934456851598656
698	0.15315067252290387
699	0.12904612170068674
703	0.12110993287886476
704	0.27051783828670345
705	0.06808615338137096
707	0.04550693232511856
709	0.12241267928956091
710	0.05411126241057246
712	0.07763412623446651
713	0.10063333482739732
714	0.08793255967101668
715	0.0347742770423237
718	0.3258711402843804
719	0.3383415703784874
720	0.024489520064230105
723	0.09239410926855873
725	0.12366245609125359
726	0.06193021627268988
728	0.03983509405833516
729	0.27856341885826985
730	0.08047384734475152
731	0.0881821277146433
732	0.07564017152315451
736	0.08923286269676806
737	0.11581000984960434
739	0.14924750175379123
740	0.2778363622432018
744	0.038661287824725415
745	0.017139756110683607
754	0.16285193165405673
755	0.022918836040060325
761	0.04189062974611533
765	0.15602798053855663
766	0.10147481409885957
769	0.08612688493313254
775	0.40043522589202346
776	0.11468297167671121
777	0.3604130476630053
778	0.3478066290536014
779	0.13102117615831702
782	0.0583646116640356
783	0.12422717721314269
784	0.6014592096190835
785	0.12722611614641657
786	0.10147251780414002
789	0.33076097348159683
790	0.3762775161148096
791	0.14080343042069055
794	0.11389297420554849
796	0.0659078590867946
797	0.07073326318931161
798	0.0903140497217108
799	0.38625203594815866
801	0.5560776127603448
802	0.08495288682807262
803	0.16649963223268163
804	0.3346330443284508
805	0.0619003153787875
808	0.09208983083238946
810	0.12915588550008644
811	0.2986579493944252
812	0.5973120061143198
813	0.31499314103030546
814	0.3340339690606817
816	0.5652820040521966
817	0.09618039262265117
819	0.06972557377290983
820	0.06488697558896378
821	0.12667970651734742
822	0.039535415764103
824	0.2638676677927657
825	0.0869185315651129
826	0.11079900049121195
827	0.5672577244802244
831	0.12526503217632803
832	0.16940352961666302
834	0.14038499083575012
836	0.11407945493935341
842	0.11480312093941208
845	0.039281985843894016
847	0.05436403716928899
853	0.05136515263653637
854	0.10726256953080762
855	0.3448670766519718
856	0.3392831140309385
857	0.10124523282836596
858	0.43914619222326945
859	0.5516611500739992
861	0.08699183973052477
863	0.1333603675796554
866	0.26191110363557546
872	0.5696591356412323
873	0.40603433142098205
876	0.10858704494867188
878	0.041461073761710966
879	0.09715162498204039
880	0.11007303895717128
881	0.032138197162409246
888	0.38409036605274754
889	0.10557529421777812
890	0.032636762690976324
891	0.10838541135809458
892	0.04212879662160145
897	0.15856272593185478
898	0.08183166369537613
901	0.06972764527778652
902	0.2895630639877014
904	0.3693772803449998
905	0.009452624741468518
909	0.4041505788237397
910	0.11356714573462631
911	0.3041405733621062
912	0.08874287331212291
913	0.041113690684552444
914	0.5789063460249126
915	0.3370431028390679
917	0.15928490865694925
918	0.315823531247566
920	0.14135792375010955
923	0.12410405869937256
925	0.5884441580272588
927	0.08238965604907467
928	0.11670474429959579
929	0.1551444262863465
930	0.3419059509049361
935	0.3303878823030799
939	0.12107553005360813
943	0.3054224363127089
0	0.0
0	0.0
0	0.0
0	0.0
0	0.0
0	0.0
0	0.0
0	0.0
0	0.0
0	0.0
0	0.0
0	0.0
0	0.0
0	0.0
0	0.0
0	0.0
0	0.0
0	0.0
0	0.0
0	0.0
0	0.0
0	0.0
0	0.0
0	0.0
0	0.0
0	0.0
0	0.0
0	0.0
0	0.0
0	0.0
0	0.0
0	0.0
0	0.0
0	0.0
0	0.0
0	0.0
0	0.0
0	0.0
0	0.0
0	0.0
0	0.0
0	0.0
0	0.0
0	0.0
0	0.0
0	0.0
0	0.0
0	0.0
0	0.0
0	0.0
0	0.0
0	0.0
0	0.0
0	0.0
0	0.0
0	0.0
0	0.0
0	0.0
0	0.0
0	0.0
0	0.0
0	0.0
0	0.0
0	0.0
0	0.0
0	0.0
0	0.0
0	0.0
0	0.0
0	0.0
0	0.0
0	0.0
0	0.0
0	0.0
0	0.0
0	0.0
0	0.0
0	0.0
0	0.0
0	0.0
0	0.0
0	0.0
0	0.0
0	0.0
0	0.0
0	0.0
0	0.0
0	0.0
0	0.0
0	0.0
0	0.0
0	0.0
0	0.0
0	0.0
0	0.0
0	0.0
0	0.0
0	0.0
0	0.0
0	0.0
0	0.0
0	0.0
0	0.0
0	0.0
0	0.0
0	0.0
0	0.0
0	0.0
0	0.0
0	0.0
0	0.0
0	0.0
0	0.0
0	0.0
0	0.0
0	0.0
0	0.0
0	0.0
0	0.0
0	0.0
0	0.0
0	0.0
0	0.0
0	0.0
0	0.0
0	0.0
0	0.0
0	0.0
0	0.0
0	0.0
0	0.0
0	0.0
0	0.0
0	0.0
0	0.0
0	0.0
0	0.0
0	0.0
0	0.0
0	0.0
0	0.0
0	0.0
0	0.0
0	0.0
0	0.0
0	0.0
0	0.0
0	0.0
0	0.0
0	0.0
0	0.0
0	0.0
0	0.0
0	0.0
0	0.0
0	0.0
0	0.0
0	0.0
0	0.0
0	0.0
0	0.0
0	0.0
0	0.0
0	0.0
0	0.0
0	0.0
0	0.0
0	0.0
0	0.0
0	0.0
0	0.0
0	0.0
0	0.0
0	0.0
0	0.0
0	0.0
0	0.0
0	0.0
0	0.0
0	0.0
0	0.0
0	0.0
0	0.0
0	0.0
0	0.0
0	0.0
0	0.0
0	0.0
0	0.0
0	0.0
0	0.0
0	0.0
0	0.0
0	0.0
0	0.0
0	0.0
0	0.0
0	0.0
0	0.0
0	0.0
0	0.0
0	0.0
0	0.0
0	0.0
0	0.0
0	0.0
0	0.0
0	0.0
0	0.0
0	0.0
0	0.0
0	0.0
0	0.0
0	0.0
0	0.0
0	0.0
0	0.0
0	0.0
0	0.0
0	0.0
0	0.0
0	0.0
0	0.0
0	0.0
0	0.0
0	0.0
0	0.0
0	0.0
0	0.0
0	0.0
0	0.0
0	0.0
0	0.0
0	0.0
0	0.0
0	0.0
0	0.0
0	0.0
0	0.0
0	0.0
0	0.0
0	0.0
0	0.0
0	0.0
0	0.0
0	0.0
0	0.0
0	0.0
0	0.0
0	0.0
0	0.0
0	0.0
0	0.0
0	0.0
0	0.0
0	0.0
0	0.0
0	0.0
0	0.0
0	0.0
0	0.0
0	0.0
0	0.0
0	0.0
0	0.0
0	0.0
0	0.0
0	0.0
0	0.0
0	0.0
0	0.0
0	0.0
0	0.0
0	0.0
0	0.0
0	0.0
0	0.0
0	0.0
0	0.0
0	0.0
0	0.0
0	0.0
0	0.0
0	0.0
0	0.0
0	0.0
0	0.0
0	0.0
0	0.0
0	0.0
0	0.0
0	0.0
0	0.0
0	0.0
0	0.0
0	0.0
0	0.0
0	0.0
0	0.0
0	0.0
0	0.0
0	0.0
0	0.0
0	0.0
0	0.0
0	0.0
0	0.0
0	0.0
0	0.0
0	0.0
0	0.0
0	0.0
0	0.0
0	0.0
0	0.0
0	0.0
0	0.0
0	0.0
0	0.0
0	0.0
0	0.0
0	0.0
0	0.0
0	0.0
0	0.0
0	0.0
0	0.0
0	0.0
0	0.0
0	0.0
0	0.0
0	0.0
0	0.0
0	0.0
0	0.0
0	0.0
0	0.0
0	0.0
0	0.0
0	0.0
0	0.0
0	0.0
0	0.0
0	0.0
0	0.0
0	0.0
0	0.0
0	0.0
0	0.0
0	0.0
0	0.0
0	0.0
0	0.0
0	0.0
0	0.0
0	0.0
0	0.0
0	0.0
0	0.0
0	0.0
0	0.0
0	0.0
0	0.0
0	0.0
0	0.0
0	0.0
0	0.0
0	0.0
0	0.0
0	0.0
0	0.0
0	0.0
0	0.0
0	0.0
0	0.0
0	0.0
0	0.0
0	0.0
0	0.0
0	0.0
0	0.0
0	0.0
0	0.0
0	0.0
0	0.0
0	0.0
0	0.0
0	0.0
0	0.0
0	0.0
0	0.0
0	0.0
0	0.0
0	0.0
0	0.0
0	0.0
0	0.0
0	0.0
0	0.0
0	0.0
0	0.0
0	0.0
0	0.0
0	0.0
0	0.0
0	0.0
0	0.0
0	0.0
0	0.0
0	0.0
0	0.0
0	0.0
0	0.0
0	0.0
0	0.0
0	0.0
0	0.0
0	0.0
0	0.0
0	0.0
0	0.0
0	0.0
0	0.0
0	0.0
0	0.0
0	0.0
0	0.0
0	0.0
0	0.0
0	0.0
0	0.0
0	0.0
0	0.0
0	0.0
0	0.0
0	0.0
0	0.0
0	0.0
0	0.0
0	0.0
0	0.0
0	0.0
0	0.0
0	0.0
0	0.0
