2	0.22486949584403879
3	0.217158222352187
4	0.0319727815784827
5	0.28487442481239844
6	0.012341511016402525
7	0.007271579431905487
8	0.21444295252934337
9	0.03427452418242073
10	0.04764586740842161
12	0.4722119604815149
13	0.0036639905978042148
14	0.3019054578963809
15	0.20377549666829076
17	0.19232760792762646
18	0.5153847187036565
19	0.17926794642099206
20	0.7127258949470198
22	0.0009673806799016561
23	0.31475702413313683
24	0.30590647047731234
25	0.31627993105953117
28	0.23233190904579187
30	0.10904550018934064
32	0.447852423424595
33	0.2985391750206477
34	0.24887903247098228
35	0.5402910700171765
36	0.2994727308279103
37	0.4988749756685441
40	0.5183520890312088
41	0.25442118391436175
42	0.022232377656968113
44	0.043376395996183974
45	0.2562201913706215
47	0.02601878869684774
48	0.2614831303374506
51	0.2765408453493971
52	0.4683426749077566
53	0.4536998654782709
54	0.019066471429672924
55	0.6958057107612594
56	0.01733024267170136
57	0.2891422217673086
58	0.04283800398136006
59	0.06118051804044195
60	0.5285751027702468
61	0.3795273605617752
62	0.07624845479793206
63	0.20586796760564113
65	0.7385344767855857
66	0.22112736618670747
67	0.4703298690637728
68	0.2550512803851335
70	0.5260640483088082
71	0.2007809542041587
72	0.30061243636619084
73	0.33714972970062423
74	0.2872980493232322
75	0.2177358858173301
76	0.017330564514783126
78	0.0012265049350776297
79	0.2209478681783752
80	0.24992155246921138
81	0.23159013743927206
82	0.05855621897782595
83	0.550972914578711
84	0.45184842809597103
86	0.21653672993538142
87	0.027773565802681182
88	0.01959300262896829
91	0.5421363579331537
92	0.003985580665500605
95	0.019929620687656587
98	0.19201227686354083
99	0.4665733084156616
100	0.3295685432034856
101	0.2633161008392202
102	0.21593256585036877
104	0.13852706616035915
105	0.24402187089330463
106	0.9984213504726853
107	0.027221590541372607
109	0.3025351268135191
110	0.31245522944726345
112	0.4998535210986483
115	0.25325825399841545
117	0.231540058619083
118	0.010803356793748376
119	0.015523618753410004
121	0.3537037319277778
122	0.5229649736412124
124	0.23133396079392046
125	0.21547449031803448
127	0.019039778856906962
128	0.7032774895632254
129	0.10585614230810293
131	0.49396963443523917
132	0.2902862134400555
133	0.44254213109548646
134	0.213257830541342
136	0.30009377645239643
137	0.24758460615406397
138	0.27926149689728774
139	0.26113570266783603
140	0.29700501793067813
141	0.7748316502695461
143	0.5321292849593097
145	0.23159661442659477
146	0.20326161380710175
147	0.23971156885624212
149	0.16856574300068125
150	0.004373313324203362
151	0.28097603276462163
152	0.24110723060158243
153	0.6005101162138676
154	0.009237116103727672
155	0.12757753233090652
156	0.21914116743857606
157	0.48300162926227125
159	0.996520224211618
161	0.22091617139249928
162	0.20626738057089256
163	0.18830178711989823
164	0.49278063252238385
165	0.18704902072308555
166	0.3136562605515772
167	0.011991777715607124
168	0.3081531708550394
169	0.4798371353107054
171	0.175773070746394
172	0.48350258644019106
173	0.29341063559503155
174	0.2735966396388662
177	0.23810143430948222
178	0.21223719943052127
179	0.06842694205797156
180	0.4547838694530024
182	0.03257075638789424
184	0.04503993596482177
186	0.512837066533689
187	0.21200104154881994
188	0.5160920833728084
190	0.1870936318919845
191	0.6545676595773917
193	0.025990403902813576
194	0.2610861584732637
195	0.010350039749251784
197	0.22352491282782153
199	0.22003969115351119
202	0.09866925493456405
204	0.22988551254129852
205	0.47676285796866347
206	0.45138596610420895
207	0.24744136468403183
210	0.29130679688080885
212	0.027920826510695555
216	0.22857468802228653
217	0.2763912568629545
218	0.33741468979918177
219	0.5214479440624821
220	0.26544333545569043
224	0.2780274921627824
227	0.2492914613980466
228	0.3346456869886435
229	0.40919277384952213
230	0.23120289681949177
231	0.46355502333781595
232	0.27401808210801265
233	0.24344710281058604
234	0.28468787265601797
235	0.01858915955285835
238	0.31672131285043414
239	0.03844159197208348
240	0.28850930062051366
241	0.45055440437521366
242	0.2784528777707172
243	0.33552601340543253
245	0.22107753950814762
246	0.020048919648633493
248	0.014144205683099834
252	0.2903151109425575
253	0.0670853496875949
254	0.5361078700468657
255	0.034560854167579994
257	0.7597696793201123
258	0.4853373888340473
259	0.03075141089057369
260	0.5482507981731366
261	0.4439611725057285
264	0.3135618132022052
267	0.23732053377125825
268	0.2731627903871259
269	0.03130409441352833
271	0.27351101201547484
272	0.5222481683039065
273	0.20774028673919803
274	0.23207294479677348
275	0.2565110733718184
277	0.01306053353507896
278	0.20361188471949404
281	0.17919519901089298
284	0.04815061250603783
285	0.5188416299051867
286	0.032491851259067756
287	0.4895180373622446
289	0.5849895108087323
291	0.2863227268089266
292	0.3003930687401915
296	0.28760845305714583
297	0.08077138909888862
298	0.2953483139091813
299	0.2852122374972146
300	0.3054222082408128
301	0.2316637853039558
302	0.5087195490647328
303	0.05655369834707427
304	0.2507302411116848
306	0.5005344701978915
309	0.5131181721763366
310	0.2902969998398265
311	0.04026649017868281
312	0.28743996884697154
313	0.30224143679098964
314	0.00011603371721738073
316	0.3777346757104187
317	0.004373313324203376
319	0.2623472094560047
320	0.0029540362047408217
322	0.5200467263984293
323	0.038687885767283284
326	0.023469610356719947
329	0.501084131369282
330	0.21792008690117692
331	0.27772810928060954
332	0.2273671530643107
333	0.5352119516213575
334	0.008518159904570399
335	0.2414696919155044
336	0.6713373140888308
337	0.22733096611981776
338	0.3114955499461345
339	0.05146503133151675
340	0.23288539622891943
341	0.013335992232776747
345	0.3061239157690869
346	0.548016522378525
347	0.255632490249892
348	0.22851889142203508
351	0.5024286564354267
352	0.3181860536668576
353	0.2057943625104583
354	0.2801273884266809
356	0.1801483928106559
357	0.22881681093475695
358	0.013983478922240167
361	0.5221140927567377
362	0.42785885480447944
363	0.003825336342911982
364	0.3000781090743471
365	0.20623199544779316
366	0.004443258239404998
367	0.01014617431465234
368	0.1997555153891834
369	0.4540009945838555
371	0.1915143960672051
372	0.5264309026864424
374	0.1735369110013962
376	0.4564294628329375
379	0.3016344650920553
380	0.025624217586881107
382	0.04279482749994546
383	0.0037969576142252333
384	0.02946391974174221
385	0.052343694792416184
386	0.4915306595959227
387	0.06218497623904842
388	0.21555935912479388
389	0.06511309594645584
393	0.7494936287083533
396	0.4668286445580909
397	0.048337288487893544
398	0.0020795981601232152
399	0.06595412074317925
400	0.20486057761610252
401	0.24860346808190897
403	0.5567153654032407
409	0.25777685765485314
410	0.2499889896439288
411	0.09670270977024421
412	0.009567069299481996
413	0.2275639518832291
414	0.22987716639294428
415	0.2924995639466915
416	0.18155090825778264
417	0.011129725895873938
418	0.16540286793295736
419	0.42159466014990693
420	0.4987800841532814
421	0.269345607412832
423	0.22245514262335003
424	0.09996871734191431
426	0.5077779947747633
428	0.30016862418891366
429	0.2895287863313583
430	0.3005988065470651
431	0.7593016685487097
432	0.2257657921290988
435	0.07712239591367824
436	0.2568087064502806
438	0.005922103426127746
439	0.47398793052054394
440	0.5071629999361291
441	0.004095982074028989
443	0.2769557377164541
444	0.47849434020897924
445	0.028002014112356696
446	0.2559014567733433
449	0.03733447144159124
450	0.28788382908451865
451	0.34778058600408446
452	0.22613262583320254
454	0.001264674167524852
456	0.2816874767748921
459	0.0073708012457237605
460	0.2661877004200697
461	0.039123475749593545
462	0.2711164956984996
463	0.07175164533542007
465	0.061816251759865624
466	0.2369547467116546
469	0.5317651549999725
470	0.46681562809274313
471	0.28676662128662317
472	0.010636407583009256
473	0.267719047158402
474	0.5284734709584206
475	0.3280652830848107
476	0.2630442522259783
477	0.18255878902385314
480	0.03817725914913243
481	0.29575164517867053
482	0.479839828106261
483	0.2237248088483967
484	0.2914138768196204
486	0.041961993056812044
488	0.22473993943593362
489	0.23166777646932232
490	0.06934300921167487
491	0.2755587307277064
492	0.5014568392498074
495	0.21541102244785482
496	0.0031350789098191605
497	0.22386040935479076
499	0.30337132098501524
502	0.3151383814767954
504	0.5235047972886805
505	0.5518548734057149
508	0.049809825297531
510	0.22207538816178474
511	0.30823059242210077
512	0.2391075738733481
513	0.2325735183647227
515	0.22311442872425008
516	0.07586553830947192
517	0.2392237428493473
518	0.2234939778709921
519	0.2198125834778781
520	0.29083547654192304
522	0.045773874741198
523	0.005819455349994677
528	0.036496024753029814
529	0.0657035955158782
530	0.28992404871878286
531	0.2695732270363799
533	0.5375058189666787
534	0.22758640575181466
536	0.011592679080852361
538	0.058195173825685786
540	0.005392777690677225
541	0.005734360404493946
543	0.30101378945893303
544	0.150368956186625
545	0.30314025614254775
546	0.23478439295899048
547	0.2732072602558906
548	0.259170303437974
549	0.2713924781594356
550	0.5212820097638438
551	0.2710830379074104
552	0.2270054709762112
553	0.3023133667378311
554	0.47719071698911913
556	0.23167054239373325
557	0.001702861548728913
558	0.0038566090214931514
559	0.9974951568672086
561	0.24800940806267244
563	0.43111943315260304
565	0.754232740631429
566	0.2996090629931458
568	0.02255612569139044
570	0.22950013084237816
571	0.2819725398030208
572	0.12644715463715034
573	0.27988668245525916
575	0.5831637053711439
576	0.23623694395080244
578	0.48591648935686804
582	0.2105171772368724
583	0.5348529728275896
586	0.29657802830182556
590	0.32578834889315617
591	0.3016706459486437
593	0.005266468360829241
594	0.6732968472117906
596	0.7691688087390002
597	0.25146393741847983
600	0.20544353952144023
601	0.04459439830877181
602	0.01773750122435573
607	0.27898466259147114
608	0.05104025526329066
609	0.34265802988132144
611	0.7511204654519665
612	0.46808016755881937
613	0.061502759941135875
615	0.2863926388032272
616	0.22841181264328708
617	0.1951845923006154
618	0.24288285564424716
619	0.45677794397379246
620	0.24595634348817488
621	0.49368436038711777
623	0.5054766647972098
624	0.037086034377221855
625	0.04370201561675503
626	0.2580170863306424
627	0.09527884786524224
628	0.06945015081695377
629	0.0013865411956852682
630	0.006145380837736154
631	0.006839227986750004
632	0.30450262988502064
633	0.2785646046220284
634	0.06598941840087569
635	0.021685223826635625
636	0.007631223326023728
637	0.06156537536087482
639	0.2693792221062633
640	0.27611380231763893
642	0.2994590796672721
644	0.4825691955280056
645	0.5264746765001984
646	0.42131439365003504
648	0.49120579479440535
649	0.0769662042050602
650	0.09461373642306783
651	0.5067872016666114
652	0.2624526331038013
653	0.525817259616954
654	0.5075143014087985
658	0.03419019677748983
660	0.5292794740296458
662	0.19051105837137555
663	0.4522377238075575
666	0.2818092452644233
667	0.5322387813172424
670	0.26503751646079315
672	0.44823708091528963
673	0.7591908305936629
674	0.2474700889077014
675	0.49758877397199736
677	0.30350992158006956
678	0.15667817072124013
679	0.46599174135629434
680	0.005402999201269659
681	0.40579661975724246
684	0.24074291567621892
686	0.06661610717105254
688	0.2307288343807687
689	0.529291473774043
690	0.2757929523054823
691	0.21751846986891643
694	0.2435825563966885
696	0.2689683662681046
697	0.2559155000696243
698	0.2315476761888077
699	0.053987262252347984
700	0.021949939645818952
701	0.23448141274425605
703	0.24635381579628057
704	0.24398300124067512
705	0.2445764338476417
707	0.28342195636190054
708	0.509051236209085
709	0.22182916404086112
710	0.27613240989383303
711	0.08443704955858751
712	0.4804824451334021
713	0.032314023750799455
714	0.7673258196415722
715	0.22069658265337638
716	0.25738195072245307
718	0.5691394512089087
719	0.49223944481765536
720	0.500634419335128
722	0.2493247914372397
723	0.49468941283702894
724	0.45138596610420895
725	0.5007209078327322
728	0.6793869358040349
729	0.4808453217438575
731	0.2806219211794202
732	0.23529466475214958
733	0.26498710214225524
734	0.06670878291728759
735	0.06945015081695374
737	0.008354594101355434
739	0.31998660748572405
740	0.22349343285601037
741	0.2937699178781561
742	0.05701114086824936
743	0.02955207204603567
744	0.09888559322870606
745	0.30703555188675113
749	0.07805388355102882
750	0.012266579059576198
751	0.02726218995501297
752	0.007653135591318323
754	0.5218348213018037
755	0.4809330763328524
756	0.08516284769981035
757	0.2715773901609428
758	0.03508116732464825
759	0.048197740084542154
762	0.5637480448713561
766	0.2858001736629252
768	0.03266677155143097
772	0.49503110288358004
774	0.06686498314130265
775	0.29653842655487683
776	0.42616823074148985
777	0.031337605099177136
778	0.26072375930160196
779	0.007745286805469816
781	0.2149435905261856
782	0.049060706942149576
784	0.2187705244184885
785	0.28206362421381775
788	0.28690272243739784
789	0.49905254031745283
791	0.5042230260124713
792	0.012492893615205652
796	0.29851570631844104
797	0.27576095711009424
798	0.4926144325819308
799	0.22402180816039904
800	0.06945015081695376
801	0.5178589992151503
802	0.24584794370914703
803	0.018845942999154076
804	0.7650917138341863
807	0.006919081797303328
808	0.04044144702153299
809	0.021246734446295185
810	0.5026365673670324
811	0.4746786049166285
812	0.31683934345198256
813	0.21256915626559975
814	0.028804935111532513
815	0.007298780682152832
816	0.19797797980130286
819	0.5059217834164339
820	0.007842430506718526
821	0.03084676055535975
822	0.10138988854202556
824	0.5494007489238864
825	0.7807364021654156
828	0.26717423067478396
829	0.30403732690977536
830	0.29872438045766425
831	0.2018249599569353
832	0.4794768063156643
834	0.24768592035002832
836	0.0037062489607855194
837	0.5069574406390862
838	0.282112799619324
841	0.04808955122566488
842	0.03196504425922332
845	0.034799293777120766
846	0.2764793192890964
847	0.5242457175838351
849	0.010803356793748376
850	0.009593771993118078
853	0.25852084095624434
855	0.542726218597836
856	0.2617315088733531
858	0.49323807868001324
859	0.009937195250075626
862	0.00034998870314864594
863	0.2843618936695007
864	0.27639622431593935
865	0.03615140897717227
867	0.28074115897816954
869	0.0006022527236955004
872	0.44807843770185873
873	0.3406035314230824
874	0.28113503469801865
876	0.44527286497486945
878	0.5235001029294785
880	0.2931273813766923
881	0.532775785866779
882	0.27210201439030346
887	0.07273597653277393
888	0.5419621834162366
889	0.21368844770434925
890	0.2655507918219238
892	0.5085544160361856
893	0.031110910344670284
895	0.24674806486739043
897	0.0023027257725049544
900	0.2127215181354894
901	0.26981609188905537
902	0.22005149305245816
903	0.27244032673934226
905	0.22273775545918897
911	0.2983372291791048
913	0.24980831621652558
914	0.2833613033065212
915	0.20204670654031381
918	0.4811556045649762
920	0.28778249589829286
921	0.2838930544071211
922	0.17855886478340985
923	0.2869222685512827
925	0.5285894011822353
927	0.5453304002880847
930	0.5477604533207625
931	0.0723908322001914
932	0.29386652176056854
933	0.30776644154973537
934	0.2829072154177057
935	0.7480837485228921
936	0.2820583777038461
937	0.2719557194553482
939	0.018731744930225842
940	0.038219578911720016
941	0.2943250680815908
942	0.21723557037454555
943	0.27605807459455084
0	0.0
0	0.0
0	0.0
0	0.0
0	0.0
0	0.0
0	0.0
0	0.0
0	0.0
0	0.0
0	0.0
0	0.0
0	0.0
0	0.0
0	0.0
0	0.0
0	0.0
0	0.0
0	0.0
0	0.0
0	0.0
0	0.0
0	0.0
0	0.0
0	0.0
0	0.0
0	0.0
0	0.0
0	0.0
0	0.0
0	0.0
0	0.0
0	0.0
0	0.0
0	0.0
0	0.0
0	0.0
0	0.0
0	0.0
0	0.0
0	0.0
0	0.0
0	0.0
0	0.0
0	0.0
0	0.0
0	0.0
0	0.0
0	0.0
0	0.0
0	0.0
0	0.0
0	0.0
0	0.0
0	0.0
0	0.0
0	0.0
0	0.0
0	0.0
0	0.0
0	0.0
0	0.0
0	0.0
0	0.0
0	0.0
0	0.0
0	0.0
0	0.0
0	0.0
0	0.0
0	0.0
0	0.0
0	0.0
0	0.0
0	0.0
0	0.0
0	0.0
0	0.0
0	0.0
0	0.0
0	0.0
0	0.0
0	0.0
0	0.0
0	0.0
0	0.0
0	0.0
0	0.0
0	0.0
0	0.0
0	0.0
0	0.0
0	0.0
0	0.0
0	0.0
0	0.0
0	0.0
0	0.0
0	0.0
0	0.0
0	0.0
0	0.0
0	0.0
0	0.0
0	0.0
0	0.0
0	0.0
0	0.0
0	0.0
0	0.0
0	0.0
0	0.0
0	0.0
0	0.0
0	0.0
0	0.0
0	0.0
0	0.0
0	0.0
0	0.0
0	0.0
0	0.0
0	0.0
0	0.0
0	0.0
0	0.0
0	0.0
0	0.0
0	0.0
0	0.0
0	0.0
0	0.0
0	0.0
0	0.0
0	0.0
0	0.0
0	0.0
0	0.0
0	0.0
0	0.0
0	0.0
0	0.0
0	0.0
0	0.0
0	0.0
0	0.0
0	0.0
0	0.0
0	0.0
0	0.0
0	0.0
0	0.0
0	0.0
0	0.0
0	0.0
0	0.0
0	0.0
0	0.0
0	0.0
0	0.0
0	0.0
0	0.0
0	0.0
0	0.0
0	0.0
0	0.0
0	0.0
0	0.0
0	0.0
0	0.0
0	0.0
0	0.0
0	0.0
0	0.0
0	0.0
0	0.0
0	0.0
0	0.0
0	0.0
0	0.0
0	0.0
0	0.0
0	0.0
0	0.0
0	0.0
0	0.0
0	0.0
0	0.0
0	0.0
0	0.0
0	0.0
0	0.0
0	0.0
0	0.0
0	0.0
0	0.0
0	0.0
0	0.0
0	0.0
0	0.0
0	0.0
0	0.0
0	0.0
0	0.0
0	0.0
0	0.0
0	0.0
0	0.0
0	0.0
0	0.0
0	0.0
0	0.0
0	0.0
0	0.0
0	0.0
0	0.0
0	0.0
0	0.0
0	0.0
0	0.0
0	0.0
0	0.0
0	0.0
0	0.0
0	0.0
0	0.0
0	0.0
0	0.0
0	0.0
0	0.0
0	0.0
0	0.0
0	0.0
0	0.0
0	0.0
0	0.0
0	0.0
0	0.0
0	0.0
0	0.0
0	0.0
0	0.0
0	0.0
0	0.0
0	0.0
0	0.0
0	0.0
0	0.0
0	0.0
0	0.0
0	0.0
0	0.0
0	0.0
0	0.0
0	0.0
0	0.0
0	0.0
0	0.0
0	0.0
0	0.0
0	0.0
0	0.0
0	0.0
0	0.0
0	0.0
0	0.0
0	0.0
0	0.0
0	0.0
0	0.0
0	0.0
0	0.0
0	0.0
0	0.0
0	0.0
0	0.0
0	0.0
0	0.0
0	0.0
0	0.0
0	0.0
0	0.0
0	0.0
0	0.0
0	0.0
0	0.0
0	0.0
0	0.0
0	0.0
0	0.0
0	0.0
0	0.0
