1	0.21367111496096627
2	0.3147054603309083
3	0.25257902654981745
4	0.01690484708011884
5	0.28260485468802826
6	0.010335066744668036
8	0.2688570154127858
9	0.4786929334826492
11	0.13803259777685528
12	0.2904745584104867
13	0.011430035768473165
15	0.05319296419621513
17	0.5321149021715774
18	0.04234224475648472
21	0.28800785969506604
22	0.2632179035984914
23	0.019549401612971945
24	0.012637431167569942
26	0.3059539202610413
27	0.20932118625446758
29	0.4520750564263109
31	0.7397763712722942
32	0.27441004871229924
33	0.31726595224147547
34	0.17471020201063037
36	0.2837034830813289
37	0.022768424212442913
38	0.09660395167050966
39	0.2466432041610095
40	0.3151083527266195
41	0.056410152038280204
43	0.28758948771228526
44	0.038293336497631
45	0.48291583718144293
46	0.7379362760882411
47	0.24367217470151445
48	0.00808335503569274
50	0.2200211742331349
51	0.25570785809277635
52	0.0806422887106145
53	0.10295103397063202
55	0.06690938651231457
56	0.0016307795623126502
59	0.019376028925145998
62	0.006102541673631938
64	0.014333132319838175
66	0.2442084310180463
67	0.33774706926085185
68	0.5685374583506198
69	0.5304000378999016
71	0.2244370997318244
74	0.2539042857252261
75	0.31597630322890624
76	0.15935300621377252
78	0.28598918916802324
80	0.2099294217254448
82	0.24367015591217697
83	0.254503634766038
84	0.04140432437182287
86	0.01640218957273863
87	0.5157434372801971
88	0.23515586372189193
89	0.025940540056140753
92	0.23787960256022292
94	0.024898546160397002
96	0.3034106899250443
98	0.06066747201543642
100	0.20870930497065993
101	0.21901404575452801
102	0.030795715176234535
103	0.4606827144695705
104	0.3489038802343438
105	0.3045253104779868
107	0.2851539527121189
109	0.04741291845266033
111	0.5303835847668977
112	0.03237525554649405
113	0.9882917953367013
114	0.2566816606040717
117	0.3161422057188287
120	0.23478465819707903
122	0.27299778323235496
124	0.0049552425088257995
125	0.05797463182127535
126	0.5116847323367568
127	0.4821890291027518
128	0.04295512772867363
129	0.43798534379846144
131	0.014569113708737976
132	0.25880240760887285
133	0.04730425295146541
135	0.503101416279954
136	0.2508648636332353
137	0.5295052437797354
138	0.015612521521414839
140	0.32381845916293917
141	0.02400928679261642
142	0.243665675924718
143	0.07109861491920115
146	0.056690530654304266
147	0.27869266682691735
148	0.7411783766073945
149	0.31226412847764345
150	0.06969014044285186
154	0.2255901793275247
155	0.2757876504459797
156	0.020229281704001532
157	0.037869716540289255
160	0.2211574988823032
161	0.10200629549970641
163	0.22829863940422954
164	0.07661329991286743
165	0.027227882484895438
167	0.21510080901160972
168	0.011501891190277672
169	0.03838510885051795
171	0.5363100384850864
172	0.4020097438326983
173	0.24973056769490218
174	0.2597539398463379
175	0.02502746418561586
176	0.21897172494679867
177	0.34180461354339153
180	0.05018484825687355
183	0.23579563163100842
185	0.2334101233595051
187	0.2679357262569352
188	0.07621600644505902
191	0.1081459623028116
192	0.04966073633524484
195	0.03045414416650486
196	0.12124637987878124
197	0.1994523628204698
199	0.014900561417546122
200	0.02305404721693287
203	0.15066459240691538
204	0.22751634878082538
208	0.5596326788373236
210	0.04283749620400641
213	0.022640435198509955
214	0.039182240020161935
215	0.009934939362671615
216	0.05196719438054493
221	0.019206884901265528
222	0.19995139608441606
224	0.06073165056516179
225	0.23251240257079478
226	0.24643483831049456
227	0.01716807515872785
228	0.13743058690144475
231	0.0588363189068357
232	0.08544737463007403
233	0.27770541643319546
237	0.5154570322634339
239	0.26323568989543794
240	0.2589154739638072
242	0.09455770428930993
244	0.020590023778899756
245	0.05903683575177575
247	0.21058382127390257
248	0.5769911544896571
249	0.24566220739438288
255	0.1571637102301609
257	0.08513054462455197
259	0.017197415703969404
261	0.0006327354433800919
262	0.23733983152407603
263	0.00880237239409399
264	0.2906423323954772
266	0.45989952318967847
268	0.007696703859340612
272	0.3441821216793187
273	0.28915000400126456
274	0.026076866060599314
275	0.49405231540091954
276	0.2617473243613689
277	0.436494031510987
279	0.2654269566360741
281	0.347405021433748
282	0.2689719078108605
283	0.19906295907103005
284	0.2434411228394114
285	0.329628344621034
287	0.34907502572388244
288	0.011944753520632179
291	0.30889949538523637
295	0.009448474248925406
296	0.30441531989495424
297	0.033510196000242236
298	0.10025826376607036
301	0.006354495215132955
302	0.03541578249548348
303	0.055429583833079506
306	0.2734878155185311
307	0.2523312240228918
308	0.04283231287654678
309	0.2999489345141483
310	0.23040545969400328
312	0.0746741194962974
313	0.0019613200037720407
314	0.04067372795297145
315	0.22459568558078108
317	0.5543069342811581
318	0.005367646475151262
319	0.03443132280207645
320	0.23905445768446604
322	0.34411275170650985
323	0.30720271155048884
324	0.22356842073757932
325	0.006213747966653881
326	0.28140647565730487
329	0.07260866903790676
330	0.051933190972874604
331	0.5175125091011428
332	0.34430238432616134
333	0.11564389829345065
334	0.023903010858180012
335	0.03215465918589545
336	0.08117537016670938
337	0.23160880938663547
338	0.19825775283077923
339	0.022682134117978946
341	0.4463128150378141
342	0.004493973736593916
344	0.04355588467593767
345	0.005938876298324923
346	0.29207491362114896
349	0.2659373076048946
350	0.21698167267455068
352	0.18058837864708302
353	0.2546669536346
354	0.051046861146199156
357	0.019289274065692585
359	0.1929930863384103
360	0.054089002469091936
361	0.11834153456066832
362	0.12182068340313305
363	0.30152141044966896
364	0.24459115323534336
366	0.5510382258880488
367	0.7440335077625893
368	0.5554699396863622
369	0.2631680258234465
370	0.03517059500989807
375	0.44507740154777375
376	0.32619259337899836
377	0.5575418523981375
379	0.04712753525761035
380	0.328521340511679
381	0.44530792947341646
382	0.021130762014868687
383	0.05636337180890637
384	0.24267161709711801
387	0.01860106001956001
388	0.09867435941246043
389	0.26581860359223664
391	0.004013497616900681
392	0.22783733345121504
394	0.026353974450154326
395	0.026948658825878227
396	0.04992358663559306
397	0.033902400419934565
399	0.041985741930367956
400	0.30556092288022996
403	0.09449832292540669
404	0.45128121189613446
406	0.04141057664574044
407	0.033290210054683744
408	0.019227418402664183
409	0.011682107652028477
412	0.009068001269998772
413	0.2931157695331309
414	0.31360084456963316
415	0.551823277199689
416	0.09645071982138223
417	0.035654283193335363
418	0.16847113715359727
419	0.3407041885136773
420	0.059280109418366034
421	0.22584524938470546
423	0.30615272697984297
424	0.02232047088033199
425	0.5041441168995634
426	0.015552424698048586
427	0.021124808082828437
429	0.030431970544765596
430	0.022269450848602896
432	0.2884567142298372
433	0.48942708091827275
434	0.26290042253872314
435	0.21764148257484622
436	0.04382145903794028
438	0.011885459841535391
439	0.32905608791002494
440	0.34546542648384393
442	0.05564445632191875
444	0.06075508967660423
446	0.04655488387784824
447	0.21995736114032657
448	0.2659990188658963
449	0.18572654478570405
450	0.009890435764976797
458	0.04267115822654081
459	0.05402997967064691
460	0.051227153150177104
461	0.5362657442810079
463	0.2416004736706986
464	0.2649609646142451
465	0.012250515635183853
466	0.24325204519118335
469	0.3363409941630055
470	0.047526308808042206
471	0.4985495983575636
472	0.23934761034373
473	0.2841987552624856
474	0.32904309351681926
475	0.3543885008327881
476	0.03434592172730862
479	0.0523666515901187
480	0.28663818468981944
481	0.24489986023679933
482	0.3264136826800609
483	0.5131249945132664
484	0.20912916240664822
485	0.15907357179372367
486	0.007033771317236138
487	0.008311789282370197
488	0.2924322101064405
489	0.0453888875218107
490	0.2564900479865914
491	0.04391374214810016
492	0.3254359102427872
494	0.5121450943950194
496	0.2670809566454949
497	0.012134447653187653
500	0.05516756571785875
501	0.007975946415189561
505	0.0459775454812411
507	0.2508669618396629
509	0.5380653429905281
510	0.25552928622029575
512	0.09615897542794523
513	0.2586189222290737
514	0.008306530934804227
515	0.10884615857702384
516	0.20038259986775872
518	0.26981620956168895
519	0.09209448760953229
521	0.006950282028392575
522	0.012146123703392395
523	0.05687766855808882
524	0.0594704401521998
526	0.25235182447379395
527	0.05158676004850823
528	0.29442133106653523
529	0.28211428688974854
531	0.2688514605349445
533	0.06192427513968259
536	0.518901201204122
537	0.2487207177048127
539	0.22160294049224927
540	0.5247593433319512
542	0.004432978545130251
544	0.32066157595476624
546	0.33531847826000893
547	0.26655527982102406
548	0.004050371360425201
551	0.07649707480291373
552	0.2318689102685664
553	0.04217677741955634
554	0.2606789567185053
555	0.25624931628041686
556	0.10578939966142517
557	0.005033818425617224
558	0.25519692845076153
560	0.2719433141181336
561	0.08130478094149624
563	0.26083404285073636
564	0.18009127585980267
566	0.24082918676607673
567	0.033230598446932005
568	0.22246750991735012
569	0.03507522768050663
570	0.5729654304645496
571	0.30828890396839503
573	0.04255657870297021
574	0.2405540561128848
576	0.06750941301679708
578	0.29930559123225814
580	0.2181522369271936
582	0.30947719862611967
583	0.056110519715148396
586	0.02590321308461757
587	0.26542798329370215
593	0.2742717524242497
594	0.11339471722202193
596	0.049701276822419926
597	0.045573060203871696
598	0.04650667149967355
601	0.16652421665269398
602	0.32583270805371745
603	0.44092936849486947
604	0.19629172508929948
607	0.050033134793702215
608	0.010943990476012438
609	0.3829515864975521
610	0.014815006537282273
612	0.06116179078697512
613	0.22410754804316052
614	0.1538459115209554
616	0.5306754057102725
619	0.30719182965398195
620	0.2583995281527387
622	0.2578296076441255
623	0.05217466200133962
624	0.25492013918902146
626	0.2719321330733063
627	0.22595603421387947
628	0.25093665458830317
629	0.05310940286557179
630	0.0117810199912066
632	0.05569323753453293
634	0.24258280358581202
635	0.06309979109160038
636	0.3124353658106714
639	0.07404937569430387
644	0.2771742952620501
646	0.02360566555763197
648	0.04339949605549467
649	0.25023215625633705
651	0.026851413756959378
653	0.06842441678740849
654	0.10750518382124624
656	0.44980350704491984
658	0.014812698342577063
659	0.018801621430442547
660	0.04122566661222557
661	0.3588755831215148
662	0.2739722709516535
663	0.025447403861415422
664	0.2706586313990865
666	0.05217363644922498
668	0.048276935350863345
670	0.3647613431353367
671	0.45739676164373566
672	0.28911419752349327
674	0.0640764946822944
675	0.37692260914987985
676	0.5401691789534669
679	0.3031052335256228
680	0.26631144023536263
681	0.03346747756628336
682	0.2451019737022287
683	0.029342436707715136
684	0.04006891804362038
686	0.2552370580722524
688	0.3057586042791721
689	0.290907941546297
691	0.00152108531118577
692	0.06969014044285188
694	0.06125535564762275
696	0.05882236791267329
697	0.24672070333530452
698	0.28266947034518036
699	0.017207469924014104
700	0.29914663299161487
701	0.28793796036738895
702	0.2719277192770713
703	0.34844465533750535
705	0.009197058291443128
706	0.2958819988169462
708	0.2905540090006556
710	0.04143179582495009
711	0.003980220258375793
712	0.3196581422299236
713	0.0810087796327593
714	0.06094285982317647
717	0.25528362966259055
720	0.05508752470891631
723	0.28123753213409336
725	0.036757068357976826
727	0.2899851833422053
728	0.1683253874977754
730	0.25862241582375817
731	0.2920306916108198
732	0.14059499521627614
733	0.052587605143212826
737	0.256647695823178
738	0.04632903002329451
739	0.2943653811634671
740	0.09501231098547631
742	0.015614636972228618
743	0.28711317345643483
745	0.054489800460842015
746	0.0013827155480828773
748	0.2584753954213429
750	0.24363805053151572
752	0.3495835614828796
753	0.011135199318307774
754	0.3036586108612079
759	0.25347593324805906
761	0.2619764863737312
762	0.29185002809792787
766	0.014453941915045176
772	0.3210408850502207
775	0.28942463571104365
776	0.06982453695957987
777	0.12179433663799641
778	0.036219938064628046
779	0.060021486250264725
780	0.11112556626634838
781	0.5876527334650128
783	0.5645260887092641
785	0.10148170962609103
787	0.25116287805959797
788	0.005769472998352239
789	0.032599310778596194
790	0.036327480002083565
791	0.023811937541848634
792	0.0016889591123476107
793	0.02211366716188799
794	0.426078371626655
795	0.06001707337106045
796	0.22253838796898145
797	0.5389074333519923
798	0.07958097196376579
799	0.3190563811429561
800	0.011090624690751422
805	0.023099339483387757
806	0.2375928865872018
807	0.24530478572184472
808	0.48807933509068047
809	0.25949835943572175
811	0.09051649099582267
813	0.023703681773302433
814	0.23578232889449552
816	0.0514866077978822
817	0.2547492404212647
818	0.4393501508306636
819	0.06491787084268492
820	0.15778719068975366
822	0.23409603924378977
824	0.07704367922003087
825	0.04393413672621786
826	0.23772679655493628
827	0.2594804330807885
828	0.2762139505963076
829	0.09503673515489452
830	0.01616971157615773
832	0.2763952253595789
833	0.012237254941210002
834	0.2738366723764843
835	0.020676683638740173
836	0.5944593946705228
838	0.059644156972173235
841	0.2525371253423447
842	0.45869807336359264
843	0.32155182411993016
844	0.546932483672233
846	0.0309236188000451
847	0.2751421839245643
848	0.4362414622526563
849	0.05905983067026175
850	0.05374156884686521
851	0.24911349760400106
852	0.005035258896552507
853	0.07312108239979728
857	0.2503719568445115
858	0.04508664314619126
859	0.2419009650124833
860	0.47608844133592054
861	0.1789949819727194
862	0.21420787635061805
863	0.019368525909242332
865	0.15152710873855085
866	0.12774734432419124
868	0.25483979312103344
870	0.043753708802520844
871	0.5665442153237004
874	0.06369902635960961
875	0.03901803560207781
876	0.05244129018164846
879	0.46253583476473137
880	0.04105454523862737
883	0.04409153667454978
884	0.7357289324556967
885	0.016741027285321064
886	0.018208270572113515
889	0.08120992696143395
891	0.20941781512036733
892	0.0481356002499176
893	0.29047601116177524
895	0.044208985212092794
898	0.2953417546029605
905	0.31032344851308574
906	0.01052537906908552
907	0.0019496422553607548
910	0.1812684130324009
911	0.044525709654131405
913	0.055673538763270726
915	0.2483781259361998
916	0.21217626975945092
917	0.48971687273785586
919	0.049658762033720785
920	0.22809445251288613
922	0.12529298295619026
923	0.013528723378821009
926	0.7051236230952295
927	0.006613738337717785
928	0.015792691034091436
929	0.006994879458125075
931	0.24252373719044473
933	0.04188388417376468
934	0.3372515338321741
937	0.0382103377635084
938	0.5351924752901317
939	0.4257995716026144
940	0.03406481846724048
942	0.098753311354189
0	0.0
0	0.0
0	0.0
0	0.0
0	0.0
0	0.0
0	0.0
0	0.0
0	0.0
0	0.0
0	0.0
0	0.0
0	0.0
0	0.0
0	0.0
0	0.0
0	0.0
0	0.0
0	0.0
0	0.0
0	0.0
0	0.0
0	0.0
0	0.0
0	0.0
0	0.0
0	0.0
0	0.0
0	0.0
0	0.0
0	0.0
0	0.0
0	0.0
0	0.0
0	0.0
0	0.0
0	0.0
0	0.0
0	0.0
0	0.0
0	0.0
0	0.0
0	0.0
0	0.0
0	0.0
0	0.0
0	0.0
0	0.0
0	0.0
0	0.0
0	0.0
0	0.0
0	0.0
0	0.0
0	0.0
0	0.0
0	0.0
0	0.0
0	0.0
0	0.0
0	0.0
0	0.0
0	0.0
0	0.0
0	0.0
0	0.0
0	0.0
0	0.0
0	0.0
0	0.0
0	0.0
0	0.0
0	0.0
0	0.0
0	0.0
0	0.0
0	0.0
0	0.0
0	0.0
0	0.0
0	0.0
0	0.0
0	0.0
0	0.0
0	0.0
0	0.0
0	0.0
0	0.0
0	0.0
0	0.0
0	0.0
0	0.0
0	0.0
0	0.0
0	0.0
0	0.0
0	0.0
0	0.0
0	0.0
0	0.0
0	0.0
0	0.0
0	0.0
0	0.0
0	0.0
0	0.0
0	0.0
0	0.0
0	0.0
0	0.0
0	0.0
0	0.0
0	0.0
0	0.0
0	0.0
0	0.0
0	0.0
0	0.0
0	0.0
0	0.0
0	0.0
0	0.0
0	0.0
0	0.0
0	0.0
0	0.0
0	0.0
0	0.0
0	0.0
0	0.0
0	0.0
0	0.0
0	0.0
0	0.0
0	0.0
0	0.0
0	0.0
0	0.0
0	0.0
0	0.0
0	0.0
0	0.0
0	0.0
0	0.0
0	0.0
0	0.0
0	0.0
0	0.0
0	0.0
0	0.0
0	0.0
0	0.0
0	0.0
0	0.0
0	0.0
0	0.0
0	0.0
0	0.0
0	0.0
0	0.0
0	0.0
0	0.0
0	0.0
0	0.0
0	0.0
0	0.0
0	0.0
0	0.0
0	0.0
0	0.0
0	0.0
0	0.0
0	0.0
0	0.0
0	0.0
0	0.0
0	0.0
0	0.0
0	0.0
0	0.0
0	0.0
0	0.0
0	0.0
0	0.0
0	0.0
0	0.0
0	0.0
0	0.0
0	0.0
0	0.0
0	0.0
0	0.0
0	0.0
0	0.0
0	0.0
0	0.0
0	0.0
0	0.0
0	0.0
0	0.0
0	0.0
0	0.0
0	0.0
0	0.0
0	0.0
0	0.0
0	0.0
0	0.0
0	0.0
0	0.0
0	0.0
0	0.0
0	0.0
0	0.0
0	0.0
0	0.0
0	0.0
0	0.0
0	0.0
0	0.0
0	0.0
0	0.0
0	0.0
0	0.0
0	0.0
0	0.0
0	0.0
0	0.0
0	0.0
0	0.0
0	0.0
0	0.0
0	0.0
0	0.0
0	0.0
0	0.0
0	0.0
0	0.0
0	0.0
0	0.0
0	0.0
0	0.0
0	0.0
0	0.0
0	0.0
0	0.0
0	0.0
0	0.0
0	0.0
0	0.0
0	0.0
0	0.0
0	0.0
0	0.0
0	0.0
0	0.0
0	0.0
0	0.0
0	0.0
0	0.0
0	0.0
0	0.0
0	0.0
0	0.0
0	0.0
0	0.0
0	0.0
0	0.0
0	0.0
0	0.0
0	0.0
0	0.0
0	0.0
0	0.0
0	0.0
0	0.0
0	0.0
0	0.0
0	0.0
0	0.0
0	0.0
0	0.0
0	0.0
0	0.0
0	0.0
0	0.0
0	0.0
0	0.0
0	0.0
0	0.0
0	0.0
0	0.0
0	0.0
0	0.0
0	0.0
0	0.0
0	0.0
0	0.0
0	0.0
0	0.0
0	0.0
0	0.0
0	0.0
0	0.0
0	0.0
0	0.0
0	0.0
0	0.0
0	0.0
0	0.0
0	0.0
0	0.0
0	0.0
0	0.0
0	0.0
0	0.0
0	0.0
0	0.0
0	0.0
0	0.0
0	0.0
0	0.0
0	0.0
