1	0.23947489038127623
2	0.020842792192790185
5	0.2653004770655895
6	0.2699483233195192
7	0.2664020001847257
8	0.2864966934163883
9	0.26011560472808015
10	0.23880439882233645
12	0.28967017425169767
14	0.04950342786839125
15	0.07821738930998855
17	0.05988420843376527
18	0.2581050527775765
19	0.03292413477967915
20	0.2802085183743847
22	0.2543230914131513
24	0.2681751261470631
25	0.031087331417309825
26	0.011970027162284867
27	0.16261141870514184
28	0.30375937603338893
30	0.26922286880817636
32	0.5240459976932266
33	0.011950921094589638
34	0.25893132571003347
35	0.5436913978179748
36	0.2442025417163059
37	0.5057413901161429
39	0.4664042827589395
41	0.3061431753650824
42	0.2918896089836267
44	0.46320724548385106
45	0.5434869604174992
46	0.04640420983907695
47	0.23774742152393408
48	0.5076808521120908
50	0.07391635769739952
51	0.5550039300107158
52	0.26756105913447786
54	0.2915971337418484
55	0.29433027912005344
56	0.07123583927410262
57	0.5432277641957416
59	0.26664621178059233
60	0.27317706417568643
62	0.26208388096728846
63	0.23482937761099956
64	0.008894480089783136
65	0.0166598438107567
66	0.0037689472134163314
67	0.012659120975081806
68	0.2393772571684441
69	0.06137391276779701
70	0.30787470857216825
71	0.28587367205293074
73	0.09382998326768316
74	0.023464777062861576
76	0.2849636565687881
78	0.2827538360478943
79	0.2805445722089078
80	0.09069790841475076
81	0.5245139712207845
82	0.23678338960104714
83	0.5034670073303343
84	0.32707330223047887
85	0.02985713528831532
86	0.0959778161229514
87	0.31336778358486356
88	0.07551984960493849
89	0.25878284763303716
91	0.49613749846544797
92	0.047965857058835576
93	0.17985816555640682
95	0.3029265683601104
97	0.001815516131204075
98	0.01563830029816151
99	0.04766485000724946
100	0.52444991920646
101	0.49734008347949554
102	0.2974101591948948
103	0.20496865951752213
104	0.19680127545692788
106	0.30534853440556176
109	0.2592145420800204
110	0.5549704370083941
111	0.010736453032175557
112	0.2580381092119872
113	0.009125497947239887
114	0.489522131438694
117	0.06699790132119335
118	0.5260372069397397
119	0.3040134783091543
120	0.05789532900499893
121	0.08664067730428927
122	0.26295421222340976
123	0.012656859212406814
124	0.004426998421766734
125	0.25018110320359904
126	0.2201090125997579
127	0.23557940796175286
128	0.30874745747996424
129	0.27341060228276803
130	0.042990694658305253
131	0.5358594841562946
133	0.24319183172571832
134	0.2794507315264181
136	0.05032847932136339
137	0.25144889932800835
138	0.47337486239732646
141	0.29559695856606544
142	0.5362222118487501
143	0.020374196841752398
145	0.033741454199192125
147	0.05338436049906389
148	0.02887742832137598
149	0.2644776552416649
150	0.048334962553370456
151	0.2597965953212287
152	0.5361720139757028
153	0.02481150423781082
154	0.29291552266218157
156	0.02797236953853737
157	0.5394292775355118
158	0.28519464671086253
159	0.26022785045748337
160	0.0255018036868726
163	0.2804359710215131
165	0.06858276810996039
166	0.07598780618579308
167	0.08731262678583547
168	0.2728652793014303
169	0.023244869256486736
170	0.2994590796672721
173	0.04555545158308544
174	0.28285543580496825
175	0.2528996241296064
179	0.03249296846690441
180	0.2565312130258051
182	0.3101927098347529
186	0.2579813722313088
187	0.033615439345100154
188	0.04835379375413363
189	0.0044564985863984295
190	0.4659980946581856
193	0.0749333433832515
194	0.29991265240692017
195	0.26332117418791223
197	0.4873985376746827
198	0.026585773411757066
199	0.29781574143257045
200	0.0011844522797386653
201	0.008739549780228284
202	0.04246463205629403
203	0.0008156132802917028
204	0.2879006147132483
205	0.14654800764161305
206	0.3242396570800365
207	0.008072965093777203
211	0.2557940431311924
212	0.12250419744889887
213	0.038426382546566974
215	0.27940514641756276
218	0.30617855285671236
219	0.5054466208856093
220	0.08990722707474133
222	0.004302660915661345
223	0.24527810828603638
224	0.21848432563741274
225	0.028223901770010724
227	0.25656325365522
228	0.11293697157335353
229	0.2236415300118078
230	0.03604448893188997
231	0.5120422128039885
233	0.07772636403844915
234	0.2814582817704915
236	0.031914026018631275
238	0.7497309912397403
240	0.030764627633270133
241	0.3696820720633241
243	0.08965579868461358
245	0.24307337181049138
246	0.2954759075129175
247	0.3051293520875126
249	0.03425018647590811
252	0.2862868923549304
253	0.5106975023140372
254	0.772658195550751
255	0.23798880499777203
257	0.5024131336717621
258	0.33765812487545305
259	0.0521994790403841
260	0.2903575149053889
261	0.3107951138624122
262	0.037837178634744006
264	0.4977770844740606
268	0.2525735096379813
270	0.03792888048728964
271	0.029129093215114196
272	0.004194824401692533
273	0.02932776043368306
274	0.2843455208998119
275	0.5352324330084226
276	0.045155316776184645
278	0.3078759860031643
280	0.04133566620890913
281	0.33151628009923806
282	0.05189682890942899
283	3.2975401340139265e-05
285	0.01821104148115429
286	0.011150684593540985
287	0.22128352945400145
289	0.34074463284258116
290	0.25266096714748537
291	0.03905987724070681
292	0.04625695005792922
294	0.26983417058130277
295	0.015198542071099396
296	0.27381705491070346
298	0.02544429628354323
299	0.26772242381009415
301	0.27785307576109264
302	0.5552516751976787
304	0.05135634225829221
306	0.3046745960297761
307	0.014081480772967392
309	0.26133896643561777
310	0.4862472723499858
311	0.20217847640445302
313	0.2550853650239423
314	0.27640988788967163
316	0.32812761866027473
317	0.04462252860803431
318	0.035310642663113054
319	0.028798826898644894
320	0.049841147721815054
322	0.010056673927912901
323	0.04230964278966134
325	0.2749645542507359
326	0.04132815151486649
328	0.2969531391945176
329	0.030104702947348044
330	0.27567251942641186
331	0.2621991526374099
332	0.02715336038830088
333	0.23912997458996482
336	0.29096428545203407
337	0.0034740177486446804
338	0.24930927792257018
340	0.010188179673541395
345	0.5258943064197932
346	0.3050542503502763
347	0.01106005077526849
348	0.2805731328941839
349	0.08664209516488701
350	0.019932421391293177
351	0.24641110771499258
352	0.5289424160947234
353	0.05126874851465367
355	0.07375298729385359
356	0.06443028193683219
357	0.05151850799474664
359	0.2700195299031206
361	0.010325051517026167
362	0.2122535496937833
363	0.028455207671049393
364	0.00691816645644942
367	0.3002888905489567
368	0.26632752548757377
369	0.538242163407027
370	0.030183442215003405
371	0.043767276858322775
372	0.2645795186255893
373	0.2523359705133347
375	0.30102718009995355
376	0.04465557602320994
377	0.001509458479812105
378	0.029007052703141162
379	0.263203646621831
381	0.26490308093853837
383	0.2725380639610153
384	0.24335101760003894
386	0.2044223986383887
387	0.24289812527305102
389	0.24936251089863753
390	0.2481322548429948
391	0.011740720010518395
392	0.047969585107454665
393	0.26833762579347004
394	0.28637510634699553
395	0.030571470995471396
396	0.4467208866713847
397	0.01360035000453369
398	0.0515317534803811
399	0.2679019692949267
400	0.03226682475973272
402	0.010960629558520778
403	0.28570679658941506
404	0.010149036695975173
405	0.3399211611337274
407	0.008687672490217783
408	0.03401129277446191
409	0.24510592979085769
410	0.33700059493427204
411	0.2991277412849626
412	0.25985585300994124
413	0.532439312317752
415	0.025300745950873713
417	0.05390952850128457
419	0.05617915534313355
420	0.25152544101682134
421	0.2951306299476195
422	0.06080533324505451
424	0.2928743357640384
426	0.28008799799199624
427	0.009192480750375497
428	0.0009888702879082244
429	0.048960442329657204
431	0.26834481977998853
432	0.07396943165850192
435	0.5181418814258422
437	0.029624194463143405
438	0.019438526461113707
439	0.24338395942692795
440	0.2455184002964368
441	0.5333423285053794
442	0.039978890553037064
443	0.24955176993483252
446	0.5004693353899143
447	0.0018158288055114824
448	0.25862709769046094
449	0.291700448777301
450	0.2872168845609593
451	0.2681268600261545
452	0.2096606034568092
453	0.054511140162373545
454	0.24746375095962891
455	0.004205840897275014
456	0.2786140054612315
459	0.26502522182105265
460	0.2680963738335693
462	0.315253993362933
463	0.00903516698186663
465	0.2603742211774129
466	0.0594108615344592
467	0.03549312751027624
468	0.27234391738110386
469	0.026694135864701887
470	0.2894752878293633
471	0.4879028010506871
472	0.5241558420395955
473	0.05423062301839813
474	0.04538180198526225
476	0.4623238368989117
477	0.2874324426353461
478	0.06606020801702936
481	0.4924487538488263
482	0.30319883982844414
483	0.3062257462139595
484	0.5231032729889097
486	0.006347828972908712
487	0.04891162913958622
488	0.03455852325234783
490	0.2652437469204951
491	0.0010226460209524259
492	0.48900625358336014
493	0.0391082251929136
496	0.0913671283915258
497	0.05677288654048883
499	0.0337602312753483
501	0.00941267788864085
502	0.5274542121760812
503	0.015468093273808863
504	0.02602034811767883
505	0.30128250206864016
506	0.034795313338116494
507	0.007028194895148408
509	0.22086480136856254
510	0.06578283512913524
511	0.3349848746719862
512	0.023063668955391428
513	0.30369531869097294
514	0.014348599148558433
515	0.00939920231733982
516	0.24559913417051538
517	0.5508180783356958
518	0.019372418877352547
519	0.046804583630140534
520	0.5520041226841512
521	0.24986249595528118
523	0.002524681283254091
525	0.2634614536935543
528	0.07298798667553652
529	0.2749667287772623
530	0.028009540042308254
531	0.28309954123484954
532	0.02596154840772861
533	0.49831934944019185
534	0.018356012819793554
536	0.28915121972353053
537	0.03626578930806529
538	0.023295880686588527
539	0.014958544583275439
540	0.280309515862788
541	0.036290072193861385
544	0.23683567803513408
545	0.5195118637661745
546	0.26021637057587876
547	0.23599269385288746
548	0.20744639419652133
549	0.03223461147648049
550	0.5113963245629578
552	0.5134531660865606
553	0.025422817109568903
554	0.5332966949677442
555	0.044278433091581484
556	0.032220530238746214
557	0.3197105056870969
559	0.26966858408336736
562	0.05341489838657128
563	0.56788436128164
564	0.5381481020566267
565	0.5113720299466468
566	0.015212106582845542
568	0.04193187691689298
569	0.038390157689000656
571	0.01394125413602991
572	0.28442080564181915
573	0.026383070928035234
574	0.30020653953584076
575	0.49729954815248417
576	0.27159083274656876
577	0.2646374725355747
578	0.3065263320663395
580	0.5290866468591392
582	0.010719842384891102
583	0.03645265693489957
584	0.28586235037048263
585	0.00966373385149527
586	0.28251420664086985
588	0.2780790334143783
590	0.28463380595905297
593	0.2948918628710192
594	0.0268304672381921
595	0.018239903958083316
596	0.5532661224091174
597	0.5125823405589606
598	0.049220535162402324
601	0.4600179956134675
602	0.2850950625718643
603	0.005261536898001691
606	0.009638723428591046
607	0.015113695471515216
609	0.08710786560454481
610	0.0445903830909489
611	0.26622128736151307
613	0.26266535657905576
615	0.24006139014282626
616	0.27604138671581846
618	0.27622284941050973
619	0.2840268447890179
620	0.5307953674328069
621	0.24029215367231718
622	0.2740457627228364
623	0.44815976988456546
624	0.00906297096712132
625	0.2455898300202481
626	0.21365273457568895
627	0.2958769647627691
628	0.008013070574439052
629	0.2597230746407377
631	0.05254189303171186
632	0.5178817681694904
633	0.22263041011022655
634	0.2525443205734462
636	0.24230232824928183
637	0.256272774001106
638	0.30454959051376973
639	0.24426527629816455
640	0.27245248443622594
641	0.011592486371654009
644	0.28868634327589904
645	0.05783190955256477
646	0.26035137153150123
647	0.03152816140991117
648	0.47145433337700476
650	0.5074762838511719
651	0.4947069533580447
652	0.2384387701468672
653	0.2684011816973869
654	0.25187035813735176
655	0.03534746353959511
657	0.08600767061379717
660	0.31372995130420184
661	0.01605527027365946
663	0.2598171962573801
664	6.234307982602022e-05
665	0.02762597778313198
666	0.027136305129101347
667	0.2756197696333732
670	0.0022380956432943543
671	0.2552958898525093
672	0.05057575572024764
673	0.2713662582116682
674	0.2665354387557966
675	0.22599037828699667
677	0.004947658670712077
679	0.30055396749328095
680	0.01754140307931717
681	0.5768428382443733
682	0.04118165447211071
683	0.04623274262984041
684	0.04404339145825786
687	0.25542517227384975
689	0.7495913592563599
690	0.0009884385120447758
691	0.04243580403622944
694	0.2661716165103085
696	0.03330653185760345
697	0.48749151666787865
698	0.4968399783067907
699	0.23702735323192403
700	0.3014959311315118
701	0.29859587737266957
702	0.24093469466762157
703	0.245719570600734
705	0.2938356148567834
706	0.27315753782739904
707	0.010160800513084108
708	0.7647009581480866
709	0.03877200469076186
711	0.26185829322602344
712	0.28515928638579235
714	0.5121336645001449
715	0.05976002293003132
716	0.2611020185095496
717	0.01569009313441483
718	0.5074639637674137
719	0.015561205783053374
720	0.04452876697397384
721	0.01656619429388078
722	0.5027226756729151
723	0.5197630199428086
724	0.3242396570800365
725	0.4843776646604143
727	0.24746967176397172
729	0.5588606896385692
731	0.2929675460509985
732	0.0063791497207212645
733	0.02791466213223256
734	0.2746216938347215
735	0.26724208611696293
738	0.040137164445244795
739	0.2674219579399893
741	0.045114910491365116
742	0.008280267870249835
746	0.3162927801739802
748	0.014946169622282564
749	0.5262071383319717
750	0.2536963944047426
751	0.08416367535150743
754	0.2512057424744292
755	0.028957453294615593
756	0.5313265633035691
757	0.01884996799448324
760	0.26442860657383943
761	0.030301129407359573
762	0.47506944060896017
764	0.04928580851139251
765	0.0288779678785022
766	0.2608393343516864
767	0.030600527437759206
768	0.208512690455279
769	0.05829214762501381
770	0.02672338107001475
771	0.017675675899147585
772	0.24890035202242608
773	0.03535387319116476
774	0.09657794097408404
775	0.25739154407711856
776	0.02507269419731928
778	0.18091264636303142
779	0.028429555471220284
781	0.2307881455855398
785	0.2523473474141894
786	0.019565774218077658
787	0.013417697005938565
788	0.29154526714383644
789	0.2645945881506906
790	0.004010269838154917
791	0.5264170983574642
792	0.04796434044059544
794	0.002738966840861508
796	0.5002177401158703
797	0.317673827033877
798	0.287468520779405
799	0.01642805265543716
800	0.2481322548429948
801	0.29025068559896017
802	0.28810917257772506
803	0.0259354244801514
804	0.2849150591230061
807	0.07497098713856572
808	0.012860070626038965
809	0.2039319509844543
810	0.501348362781141
811	0.28177325361884714
812	0.26732443448285503
813	0.025832065507233916
815	0.2837582539819387
816	0.04435449343545596
818	0.21592376484381798
819	0.23233169343521762
822	0.04117906769259751
825	0.5139729979242832
826	0.25788108595630155
827	0.007940826183072045
828	0.2357000170308937
829	0.27097619107854287
830	0.3038184887653695
831	0.25528703021642446
832	0.29850219470887696
834	0.5176856915577694
835	0.029704322169154182
837	0.30205321438376925
838	0.27681717498453645
839	0.015388023263743774
841	0.23927296417301275
842	0.2210621988833296
844	0.29176044587397776
845	0.10618797601621066
846	0.020068326046575012
847	0.2665004179227803
848	0.26592009382064197
849	0.27477523699597645
850	0.293352110928745
851	0.03653223311702658
852	0.07209840910080902
855	0.256446198280379
856	0.24748326845085225
857	0.12349095463371666
858	0.24555328952218392
860	0.2730944708908188
861	0.0540530312811147
862	0.3026874244838789
863	0.49555765980346916
864	0.24341862115568827
866	0.2325353909930492
867	0.2486935596194134
868	0.01486674141984291
869	0.02527228135008282
871	0.012433786601142444
872	0.29384583030214567
873	0.29665046562404224
874	0.26962737654520386
875	0.009634852322230946
876	0.2696000985403673
877	0.03964158556829485
878	0.04543350176155336
879	0.2607647281064902
880	0.03517905149681766
881	0.28452042667823524
882	0.25483077220248
884	0.009187199274755121
885	0.20605748800758777
886	0.23313264088270905
887	0.2615863464662932
888	0.521502513334243
891	0.29699035990887857
892	0.034066994698288694
893	0.06481629857386889
895	0.06850673134034593
896	0.28436022536990724
897	0.26015909111560426
899	0.01702596544030487
900	0.19459696911726526
901	0.22733050319407377
903	0.290492519984346
904	0.04351229457941178
906	0.3097213028580497
907	0.016518539716062423
909	0.23913431323093096
914	0.21202175509042448
915	0.2864596639004951
916	0.012637805078906168
917	0.029928930156775165
920	0.5046685246595062
921	0.9950418444136938
923	0.27871073786676437
924	0.25050442774905485
925	0.013004704919561173
926	0.2588616547217185
927	0.49426925055985055
930	0.2602837497818314
931	0.027785741497771427
932	0.04475955519520721
933	0.04253118478111112
935	0.5318818603933411
936	0.2724924190767923
939	0.3050491899861906
941	0.327895537589107
0	0.0
0	0.0
0	0.0
0	0.0
0	0.0
0	0.0
0	0.0
0	0.0
0	0.0
0	0.0
0	0.0
0	0.0
0	0.0
0	0.0
0	0.0
0	0.0
0	0.0
0	0.0
0	0.0
0	0.0
0	0.0
0	0.0
0	0.0
0	0.0
0	0.0
0	0.0
0	0.0
0	0.0
0	0.0
0	0.0
0	0.0
0	0.0
0	0.0
0	0.0
0	0.0
0	0.0
0	0.0
0	0.0
0	0.0
0	0.0
0	0.0
0	0.0
0	0.0
0	0.0
0	0.0
0	0.0
0	0.0
0	0.0
0	0.0
0	0.0
0	0.0
0	0.0
0	0.0
0	0.0
0	0.0
0	0.0
0	0.0
0	0.0
0	0.0
0	0.0
0	0.0
0	0.0
0	0.0
0	0.0
0	0.0
0	0.0
0	0.0
0	0.0
0	0.0
0	0.0
0	0.0
0	0.0
0	0.0
0	0.0
0	0.0
0	0.0
0	0.0
0	0.0
0	0.0
0	0.0
0	0.0
0	0.0
0	0.0
0	0.0
0	0.0
0	0.0
0	0.0
0	0.0
0	0.0
0	0.0
0	0.0
0	0.0
0	0.0
0	0.0
0	0.0
0	0.0
0	0.0
0	0.0
0	0.0
0	0.0
0	0.0
0	0.0
0	0.0
0	0.0
0	0.0
0	0.0
0	0.0
0	0.0
0	0.0
0	0.0
0	0.0
0	0.0
0	0.0
0	0.0
0	0.0
0	0.0
0	0.0
0	0.0
0	0.0
0	0.0
0	0.0
0	0.0
0	0.0
0	0.0
0	0.0
0	0.0
0	0.0
0	0.0
0	0.0
0	0.0
0	0.0
0	0.0
0	0.0
0	0.0
0	0.0
0	0.0
0	0.0
0	0.0
0	0.0
0	0.0
0	0.0
0	0.0
0	0.0
0	0.0
0	0.0
0	0.0
0	0.0
0	0.0
0	0.0
0	0.0
0	0.0
0	0.0
0	0.0
0	0.0
0	0.0
0	0.0
0	0.0
0	0.0
0	0.0
0	0.0
0	0.0
0	0.0
0	0.0
0	0.0
0	0.0
0	0.0
0	0.0
0	0.0
0	0.0
0	0.0
0	0.0
0	0.0
0	0.0
0	0.0
0	0.0
0	0.0
0	0.0
0	0.0
0	0.0
0	0.0
0	0.0
0	0.0
0	0.0
0	0.0
0	0.0
0	0.0
0	0.0
0	0.0
0	0.0
0	0.0
0	0.0
0	0.0
0	0.0
0	0.0
0	0.0
0	0.0
0	0.0
0	0.0
0	0.0
0	0.0
0	0.0
0	0.0
0	0.0
0	0.0
0	0.0
0	0.0
0	0.0
0	0.0
0	0.0
0	0.0
0	0.0
0	0.0
0	0.0
0	0.0
0	0.0
0	0.0
0	0.0
0	0.0
0	0.0
0	0.0
0	0.0
0	0.0
0	0.0
0	0.0
0	0.0
0	0.0
0	0.0
0	0.0
0	0.0
0	0.0
0	0.0
0	0.0
0	0.0
0	0.0
0	0.0
0	0.0
0	0.0
0	0.0
0	0.0
0	0.0
0	0.0
