1	0.23465324347737468
3	0.13760808768414318
4	0.17914126738881478
5	0.21271177972564204
6	0.1748606897013667
9	0.1937820839178761
10	0.24340524798425894
13	0.1702184743509203
18	0.22618553063021563
22	0.1446967928344002
23	0.2559882838154185
24	0.23437560493846346
25	0.015932944821511745
26	0.13749753838108086
27	0.1677822403523272
28	0.1899500777850745
29	0.19551975194200025
30	0.028286703660359847
33	0.4918478703318171
34	0.7210832073171488
35	0.2647154670074583
37	0.2686309439123013
46	0.1924611046734966
47	0.1900996129870139
48	0.50603615113347
49	0.11999797273628907
50	0.36267800895394325
54	0.1726925992917005
56	0.15465392919466608
57	0.4709757187157417
58	0.20271908634801777
59	0.4804013787109486
62	0.238231053945116
63	0.22159909210573478
64	0.17198702946381436
67	0.16893449590368537
68	0.16916737355547248
69	0.2012411086517492
70	0.4740823678946925
72	0.22614994558635282
73	0.5010684156275307
74	0.49505218195623946
77	0.19889650342530532
78	0.20831781202040273
80	0.20766889932187355
82	0.5012424437770945
83	0.2587030751123373
88	0.19559221786693773
91	0.24510651043406748
92	0.16535428386384193
97	0.23839496729000187
100	0.526585367859866
101	0.18632021684788194
103	0.22761826393668533
105	0.2651624794335078
106	0.0477553382706799
107	0.4999691250404123
110	0.2509038014665722
112	0.5049001576432681
113	0.16023292899893227
115	0.512506953403008
117	0.18876325082984285
119	0.17778470697188414
121	0.02336994155884732
122	0.22347509285286202
126	0.1714193828219458
127	0.15557952071166906
129	0.44379731405908407
131	0.31443834869909215
132	0.23701626672653806
135	0.17959585048729967
136	0.24309366581940883
138	0.22272602287068216
139	0.16579482183014826
140	0.2130527435014499
141	0.3092714388133479
142	0.20609429652591593
143	0.5049645879938892
145	0.13691794094481233
149	0.2152243741731894
150	0.20115960794990756
153	0.29597754337325716
154	0.44256749754044444
155	0.3921260714595894
158	0.15087916453416533
159	0.002337630141831939
160	0.42405269049637234
161	0.014504246500156078
164	0.5157597754517251
167	0.16706709376073758
168	0.227795407700798
170	0.034560854167579994
172	0.2696033919632477
173	0.5103635933705923
174	0.49646731048724635
176	0.1759946861476333
177	0.16653157706188718
179	0.24427727397082769
183	0.16551619023603747
186	0.25482512637758736
190	0.2664215683478324
195	0.7278600464636962
198	0.13037363108757422
203	0.26768781190563246
204	0.1710079916259052
205	0.0902703400529711
206	0.5382320106621448
207	0.22971630516562452
208	0.22069148725006466
210	0.4884361412417758
213	0.4496764744379955
215	0.1714949152412613
217	0.48457965328312735
218	0.2017472616568265
219	0.5287385894736234
221	0.18143908018140328
225	0.16933407936320788
227	0.4637495231664778
229	0.2394961034649652
239	0.20103595070283184
240	0.22034734064091632
243	0.04745224605749557
244	0.44304096576487023
246	0.20515725795068385
248	0.13141921262562412
249	0.1719629379812224
252	0.23459485416828454
253	0.1913790810475638
254	0.240540806741838
257	0.2663449112229723
259	0.1991726413683007
260	0.1813021297286976
262	0.17948699727148612
263	0.4301625831048174
265	0.14895329214594144
266	0.4214425950287333
270	0.16795277076344303
272	0.24266502216466448
274	0.15845488361185694
276	0.15504136557309273
277	0.18730158029075805
278	0.2453766462055511
281	0.21238721270309646
282	0.2051676584925281
283	0.4412313272167035
284	0.4606180520003429
285	0.25392939627769556
286	0.21379234764463914
287	0.5025036605097518
288	0.43717634638406455
291	0.5072378906481858
292	0.2603717870753921
296	0.48826328179505896
297	0.4837527803474845
298	0.22713761902228183
303	0.22417240176090103
308	0.44653112216917673
309	0.1761389976969576
312	0.2336834534842553
313	0.2510847742702472
316	0.32210429710644095
317	0.45091545453229565
318	0.16978873193139243
319	0.7679229081810209
320	0.1718575068733636
331	0.26033038231037686
333	0.20454498098111304
334	0.15456727202717144
335	0.5665669566060934
338	0.2393583141271402
339	0.21501954598135556
341	0.12395602561694605
342	0.15015513462627222
345	0.2659246729119568
346	0.4721644065500283
347	0.20968512547071072
349	0.23527364559359212
350	0.4934161656642597
351	0.2535892197686461
352	0.211939590827468
353	0.22516375808356737
354	0.25561650144068526
355	0.18901057914007444
357	0.18287675795679806
362	0.22678332580223873
364	0.48233032097229755
366	0.4246698579793708
367	0.17046206717081752
370	0.47502975790929364
372	0.5218198203698778
375	0.46254621049001854
377	0.4502868715849899
379	0.24051862043864944
380	0.20856525636211376
382	0.24798289844241045
383	0.17986240891179983
384	0.2078101365394957
386	0.1788309265542687
389	0.2176917988955584
392	0.14971255185339818
397	0.17681390909658945
399	0.20421913927441807
401	0.48719364583600644
403	0.2348595546904824
404	0.4682155558379929
407	0.21339390364054603
411	0.48673162625659655
412	0.15428107265154264
414	0.23361643287293302
415	0.4813256836014835
418	0.03803351618203286
419	0.22221734199461338
420	0.21722520282644195
424	0.5634478652651747
425	0.47095983418927434
426	0.23219631303154759
427	0.1716616227315264
429	0.2057401839659178
430	0.23657719556962092
432	0.4449455677438711
433	0.14170517390107204
435	0.48897859351707157
436	0.22756310474062075
437	0.247822147613415
439	0.24615324129941463
440	0.22437732894612206
443	0.7198508666266186
444	0.23698354709601316
445	0.1224946014152187
449	0.1294426739998526
450	0.48657789714701166
451	0.4828676105898036
453	0.15281218307533667
456	0.2353660799232303
458	0.20384523431415885
460	0.22595120521699352
462	0.5321633439057919
463	0.2398926310617867
464	0.1852541497484049
465	0.23675095485257852
467	0.4930931166996966
469	0.22334222713850269
470	0.18347001995677784
471	0.23216004171031931
472	0.44593890181464846
473	0.16055212044938882
474	0.23176678893537309
475	0.19946035672271628
476	0.5289881351837363
478	0.15482233374179763
479	0.1616654318793701
480	0.18637458756882916
481	0.22781939698424236
482	0.17566455801811595
484	0.2262686110051589
485	0.441934762068443
486	0.19052104496058184
487	0.17303713897816636
490	0.20542868881619025
491	0.21848894740078145
492	0.23732206368547826
494	0.2038084768850244
496	0.4090884583629
497	0.17495172291286873
498	0.21934024206165037
499	0.5063506189491283
500	0.44825952791884066
501	0.21816534311635302
502	0.5300655864434721
505	0.23698152916917803
507	0.1708110449338442
508	0.220524432859231
509	0.1310404975289557
510	0.1969405739043372
511	0.46532483149706616
512	0.16829984949720234
516	0.4672821164404342
520	0.1006629468499172
522	0.47344585145405876
524	0.16817764519762818
525	0.13008330725926476
527	0.1442589927893012
528	0.1741555502108593
529	0.5102765486156217
530	0.5099711616902995
531	0.47070408662462165
534	0.18601754184890343
537	0.1515295154616161
538	0.19096572602336415
540	0.4449103971186379
542	0.2249540574700078
543	0.2557059489610975
544	0.1474501260133001
545	0.24613772705472747
547	0.20671097313166026
549	0.43335132394758924
550	0.236378667538648
551	0.20771830055684792
552	0.18332455008679113
553	0.21171832131774632
558	0.18757527364391646
560	0.4646857517295205
561	0.2120283853281374
562	0.2920648370450002
566	0.4693133601871787
567	0.19284584071032113
570	0.49556752682677707
572	0.3036023397129044
573	0.22962296515426012
574	0.4286527038081904
575	0.012005773523473717
578	0.16789432080138528
579	0.4374824557216983
580	0.17037552199586203
583	0.2704373275072389
586	0.5148029070149642
587	0.146754148308354
588	0.14106994461913808
590	0.45498033768759794
591	0.23387112824240844
593	0.16874932324451677
596	0.26760844621345414
598	0.20974556547839754
601	0.4209857231527865
602	0.20435230377023625
603	0.14380578170266628
605	0.1861308977829768
607	0.24307121172103774
608	0.5083632334852181
610	0.43396783946412204
611	0.22495083110608216
622	0.16383199230821358
624	0.46581452424928754
626	0.40744370386569695
627	0.21170092797647405
628	0.4849654963024839
630	0.2072208517184455
631	0.37115200780331614
634	0.20185708694339594
635	0.23638508431705552
637	0.15984869790759218
638	0.17601641346040717
639	0.2065821759439681
640	0.22282393019613855
642	0.23798880499777203
645	0.003995034734947368
649	0.23283208387703205
651	0.1993245778356106
652	0.2440204721229513
653	0.20265717070279998
658	0.19787450461645323
660	0.2550375389191197
662	0.2116786092899691
664	0.2305163039773909
666	0.21206479117453775
667	0.2081777624243735
668	0.15058405158483706
670	0.23634960694027676
674	0.5279318856699737
675	0.2147895423257372
676	0.15344367120871608
677	0.4577944159823422
686	0.49537340849653394
687	0.2023017477516301
689	0.2280837234821417
690	0.23190570318581472
691	0.16430361255273151
695	0.1571637102301609
696	0.48621454829237903
697	0.23066650338845412
698	0.19212977570243298
699	0.47938856441627087
703	0.16640499113803778
705	0.17237603966667328
708	0.23532902503435257
710	0.21101345555904305
711	0.25801871940107735
712	0.17516982191706276
713	0.4323052280603153
716	0.46281426898906564
717	0.15588085577182617
718	0.2889475346951932
719	0.2647577877096472
720	0.2015654669380497
722	0.1994272867374317
724	0.5382320106621448
725	0.514786599965932
727	0.121954323372662
728	0.25360486982869485
729	0.2645789260210934
731	0.26142743603659785
732	0.153551323068428
733	0.18439024925236056
734	0.22853600651576755
739	0.23466012200801206
740	0.45526054250726256
742	0.48942218631949475
743	0.46383163650539555
744	0.23589457465427582
745	0.27354302480287934
746	0.19005182280327734
748	0.22047209298258727
749	0.24011353196314297
750	0.1818715153044967
752	0.48143962277810565
754	0.483368880928838
756	0.49735697778304533
761	0.17678396410253516
766	0.21546875549728758
768	0.4363244876608258
770	0.1443784638298415
775	0.5120103414940053
778	0.504240020431635
782	0.22135498201257864
783	0.16676287422564076
788	0.20970014606220116
789	0.21289063975197745
790	0.17078952190261432
791	0.19353918422322727
794	0.16917455793008204
796	0.25268164547021177
800	0.22100899356786963
801	0.29015216952988293
803	0.1378600497814138
805	0.11929079618933236
807	0.17930795019714874
808	0.47886599992517925
809	0.7799179000963976
810	0.2336007988180779
812	0.5279923160185436
813	0.18175293133839698
814	0.4105170128577332
816	0.4748666462627117
817	0.42820113790358166
818	0.41837179018547244
819	0.2119948001172587
820	0.49880423299965365
821	0.22622342114114297
822	0.5386122561720618
824	0.5543009538739433
826	0.177805042945267
827	0.18920529448028373
828	0.23865575881941756
829	0.22100899356786963
830	0.2609571850537955
832	0.1577825594078032
834	0.1785650604471304
838	0.2386434984427956
840	0.21637500078251476
841	0.46019963221349985
842	0.20266557153122083
844	0.21581586075328416
846	0.21212757448422823
847	0.23913651661905233
848	0.2567515960597886
850	0.18487203926978096
852	0.42867688068416737
853	0.19045891209975213
854	0.17355911611030855
855	0.22154768247135953
856	0.5191063647473503
858	0.21463462190914423
859	0.44017503904875716
860	0.15783899554657727
861	0.13838388608742674
863	0.4764841741939505
864	0.1866619849108873
865	0.20921509691622964
873	0.7500642040749886
874	0.2239147891412853
878	0.22664109487171505
879	0.21636693838543442
880	0.486796580576902
883	0.19223050772724223
884	0.12566340843747573
887	0.2332370770435914
888	0.27573732741119406
889	0.15830819305056354
891	0.1625085660571485
892	0.20054582826201098
893	0.15345864409341356
898	0.12996441915546153
900	0.16772300790543895
901	0.20210530599950896
904	0.17437393937976384
905	0.2051530383456785
906	0.17825200369218866
907	0.16413614516995256
910	0.11687652694160662
911	0.24338761115686922
913	0.1878183182152779
916	0.12677662223190014
917	0.18783452968458073
920	0.4822385907011468
921	0.2368027575170386
923	0.7601435212073371
925	0.4920693487009682
926	0.161883519270377
927	0.23302635932737345
929	0.22307928510905795
930	0.21736971591858056
931	0.5054047030165563
933	0.24387158166988981
934	0.22415631206374032
935	0.24271536151600107
936	0.21593663897852355
938	0.18148268243584337
939	0.17718801998557765
940	0.24188901493970258
941	0.27215566943675834
943	0.4871595019515823
0	0.0
0	0.0
0	0.0
0	0.0
0	0.0
0	0.0
0	0.0
0	0.0
0	0.0
0	0.0
0	0.0
0	0.0
0	0.0
0	0.0
0	0.0
0	0.0
0	0.0
0	0.0
0	0.0
0	0.0
0	0.0
0	0.0
0	0.0
0	0.0
0	0.0
0	0.0
0	0.0
0	0.0
0	0.0
0	0.0
0	0.0
0	0.0
0	0.0
0	0.0
0	0.0
0	0.0
0	0.0
0	0.0
0	0.0
0	0.0
0	0.0
0	0.0
0	0.0
0	0.0
0	0.0
0	0.0
0	0.0
0	0.0
0	0.0
0	0.0
0	0.0
0	0.0
0	0.0
0	0.0
0	0.0
0	0.0
0	0.0
0	0.0
0	0.0
0	0.0
0	0.0
0	0.0
0	0.0
0	0.0
0	0.0
0	0.0
0	0.0
0	0.0
0	0.0
0	0.0
0	0.0
0	0.0
0	0.0
0	0.0
0	0.0
0	0.0
0	0.0
0	0.0
0	0.0
0	0.0
0	0.0
0	0.0
0	0.0
0	0.0
0	0.0
0	0.0
0	0.0
0	0.0
0	0.0
0	0.0
0	0.0
0	0.0
0	0.0
0	0.0
0	0.0
0	0.0
0	0.0
0	0.0
0	0.0
0	0.0
0	0.0
0	0.0
0	0.0
0	0.0
0	0.0
0	0.0
0	0.0
0	0.0
0	0.0
0	0.0
0	0.0
0	0.0
0	0.0
0	0.0
0	0.0
0	0.0
0	0.0
0	0.0
0	0.0
0	0.0
0	0.0
0	0.0
0	0.0
0	0.0
0	0.0
0	0.0
0	0.0
0	0.0
0	0.0
0	0.0
0	0.0
0	0.0
0	0.0
0	0.0
0	0.0
0	0.0
0	0.0
0	0.0
0	0.0
0	0.0
0	0.0
0	0.0
0	0.0
0	0.0
0	0.0
0	0.0
0	0.0
0	0.0
0	0.0
0	0.0
0	0.0
0	0.0
0	0.0
0	0.0
0	0.0
0	0.0
0	0.0
0	0.0
0	0.0
0	0.0
0	0.0
0	0.0
0	0.0
0	0.0
0	0.0
0	0.0
0	0.0
0	0.0
0	0.0
0	0.0
0	0.0
0	0.0
0	0.0
0	0.0
0	0.0
0	0.0
0	0.0
0	0.0
0	0.0
0	0.0
0	0.0
0	0.0
0	0.0
0	0.0
0	0.0
0	0.0
0	0.0
0	0.0
0	0.0
0	0.0
0	0.0
0	0.0
0	0.0
0	0.0
0	0.0
0	0.0
0	0.0
0	0.0
0	0.0
0	0.0
0	0.0
0	0.0
0	0.0
0	0.0
0	0.0
0	0.0
0	0.0
0	0.0
0	0.0
0	0.0
0	0.0
0	0.0
0	0.0
0	0.0
0	0.0
0	0.0
0	0.0
0	0.0
0	0.0
0	0.0
0	0.0
0	0.0
0	0.0
0	0.0
0	0.0
0	0.0
0	0.0
0	0.0
0	0.0
0	0.0
0	0.0
0	0.0
0	0.0
0	0.0
0	0.0
0	0.0
0	0.0
0	0.0
0	0.0
0	0.0
0	0.0
0	0.0
0	0.0
0	0.0
0	0.0
0	0.0
0	0.0
0	0.0
0	0.0
0	0.0
0	0.0
0	0.0
0	0.0
0	0.0
0	0.0
0	0.0
0	0.0
0	0.0
0	0.0
0	0.0
0	0.0
0	0.0
0	0.0
0	0.0
0	0.0
0	0.0
0	0.0
0	0.0
0	0.0
0	0.0
0	0.0
0	0.0
0	0.0
0	0.0
0	0.0
0	0.0
0	0.0
0	0.0
0	0.0
0	0.0
0	0.0
0	0.0
0	0.0
0	0.0
0	0.0
0	0.0
0	0.0
0	0.0
0	0.0
0	0.0
0	0.0
0	0.0
0	0.0
0	0.0
0	0.0
0	0.0
0	0.0
0	0.0
0	0.0
0	0.0
0	0.0
0	0.0
0	0.0
0	0.0
0	0.0
0	0.0
0	0.0
0	0.0
0	0.0
0	0.0
0	0.0
0	0.0
0	0.0
0	0.0
0	0.0
0	0.0
0	0.0
0	0.0
0	0.0
0	0.0
0	0.0
0	0.0
0	0.0
0	0.0
0	0.0
0	0.0
0	0.0
0	0.0
0	0.0
0	0.0
0	0.0
0	0.0
0	0.0
0	0.0
0	0.0
0	0.0
0	0.0
0	0.0
0	0.0
0	0.0
0	0.0
0	0.0
0	0.0
0	0.0
0	0.0
0	0.0
0	0.0
0	0.0
0	0.0
0	0.0
0	0.0
0	0.0
0	0.0
0	0.0
0	0.0
0	0.0
0	0.0
0	0.0
0	0.0
0	0.0
0	0.0
0	0.0
0	0.0
0	0.0
0	0.0
0	0.0
0	0.0
0	0.0
0	0.0
0	0.0
0	0.0
0	0.0
0	0.0
0	0.0
0	0.0
0	0.0
0	0.0
0	0.0
0	0.0
0	0.0
0	0.0
0	0.0
0	0.0
0	0.0
0	0.0
0	0.0
0	0.0
0	0.0
0	0.0
0	0.0
0	0.0
0	0.0
0	0.0
0	0.0
0	0.0
0	0.0
0	0.0
0	0.0
0	0.0
0	0.0
0	0.0
0	0.0
0	0.0
0	0.0
0	0.0
0	0.0
0	0.0
0	0.0
0	0.0
0	0.0
0	0.0
0	0.0
0	0.0
0	0.0
0	0.0
0	0.0
0	0.0
0	0.0
0	0.0
0	0.0
0	0.0
0	0.0
0	0.0
0	0.0
0	0.0
0	0.0
0	0.0
0	0.0
0	0.0
0	0.0
0	0.0
