1	0.0866878620141775
3	0.3841681282720456
4	0.47161287054901974
5	0.30521372120674567
6	0.06886001061248036
10	0.25468994626263586
13	0.26191306650773305
14	0.2840447381089101
17	0.0001609194928297239
18	0.7755143978572872
19	0.1886915685219639
21	0.5387041459028439
22	0.5861005151508906
23	0.5525962237176006
24	0.495390395109465
25	0.22553848692063372
26	0.5871925628196615
27	0.25035308662492917
29	0.48706448536718316
30	0.029442374744775884
31	0.28557122843011357
33	0.0482024846480365
34	0.4426423663044779
35	0.009110378741978557
37	0.4992470117443586
40	0.5014216726721473
42	0.04452611271527518
43	0.24342112343558617
44	0.3023709822127239
45	0.06934024092857896
46	0.25808400058777303
47	0.47138535238830037
50	0.21235065824986404
53	0.08393159919039304
54	0.010679364408857202
56	0.272964189740314
57	0.21174016753740643
58	0.4387548374831697
59	0.26328917623439996
60	0.5034601367843305
62	0.27330188506849024
63	0.36695687705596536
64	0.04870247334758088
66	0.2735375816536534
67	0.03773028009154884
68	0.23391100783949123
70	0.2228639597659244
71	0.21303987345923167
72	0.26883720116721777
73	0.5299901663636131
74	0.570847685632537
75	0.07564864096410387
76	0.21564635559277193
80	0.5451261080490641
82	0.5506964103833814
84	0.003187008041220251
86	0.2043038003865157
87	0.039398096026601985
88	0.5249168620598222
89	0.05400496507928279
90	0.049429513134493085
92	0.549351000677042
94	0.30270582441271543
96	0.03832274289235239
98	0.07006951496269709
100	0.2834012318151735
103	0.5525915465042944
104	0.11397545799981706
105	0.8148177533296936
106	0.25833986816874577
107	0.538895330930724
108	0.241043481433893
110	0.01055910566701012
112	0.27458468848599593
113	0.3503057654045499
114	0.0905457195490009
115	0.2564843799769019
117	0.2903237981923628
119	0.006859263242441731
120	0.2631195426771107
121	0.040483240321430074
122	0.21056886362458538
123	0.006987656827893374
124	0.004926959152021276
128	0.000514870776767918
129	0.8082213809082135
131	0.42254302682612255
132	0.7835195414714967
135	0.2767616093192362
136	0.9932819245079918
138	0.2663229332796618
139	0.48934703699207344
140	0.5498016303694683
141	0.023030305178845085
142	0.2773504056564431
143	0.04004787269689472
145	0.04880363433167037
147	0.1944913643248023
148	0.0650029417038549
149	0.5791018292685002
153	0.38118742294334285
154	0.2620897764321937
156	0.4832659675864246
157	0.019794421929981744
159	0.2247351679210922
160	0.3018207050733915
161	0.15061638514368142
162	0.02603443719815974
163	0.005234149275233389
164	0.2597161684646713
165	0.1928173760131556
167	0.2822403582157393
168	0.5070951930888188
170	0.22987716639294428
171	0.29358637318973535
172	0.5691637361552779
173	0.5555448051163883
174	0.7559738140801833
176	0.2795068979627814
177	0.3266874144867338
179	0.014766184710495164
183	0.25269601928697083
184	0.2777107200642541
188	0.5076570645780183
189	0.014546389012681338
191	0.1991942353335422
192	0.29404983863674183
193	0.01702179080519177
194	0.018226113463580156
195	0.27264694531555633
198	0.22966808807731193
200	0.0668769667020481
204	0.5388762265510204
205	0.1941820443504461
206	0.3053097106030465
207	0.4803060826430665
208	0.29199522111503623
210	0.555397288584714
212	0.21968017738035603
213	0.0538078411962513
214	0.3274050160747622
215	0.25390947501229233
216	0.5736248078410294
217	0.2956216287050327
218	0.294682651298383
219	0.214799540390842
220	0.19155511908204734
221	0.05907736869320031
222	0.26798123524791784
225	0.26951828595123245
226	0.08496988912504908
227	0.2857282085262077
228	0.03718693080080859
231	0.01607220820400119
232	0.08402554225576175
233	0.21905285324020649
234	0.49618190056351535
235	0.28145844146243965
236	0.01065602951511694
237	0.5122321772240213
238	0.006455462067125887
239	0.5518218731722514
240	0.9946682402046692
241	0.23763289859827458
243	0.4392433957289013
244	0.05060501694910001
246	0.010158700095033304
247	0.1972502298288474
248	0.12741652262768177
249	0.5257390391782476
251	0.17068518516765824
252	0.2100673593418092
254	0.23975988804912723
255	0.23361643287293302
256	0.06758974125507172
257	0.20817062704711714
258	0.2539267256614814
259	0.500875898871365
260	0.7074314070022412
261	0.19186095866912642
262	0.27923937591167014
263	0.04011747431554486
264	0.026479807397397373
266	0.4898440748440205
267	0.4660527388602554
268	0.503205854336299
269	0.2052952752534446
270	0.2568051104981443
271	0.49663957051207414
272	0.3522795867423641
273	0.03723163614519964
274	0.04936077825623567
276	0.560079044745153
277	0.2785952929310706
280	0.04418953964056243
283	0.02605836549302508
284	0.7518480573424688
285	0.37910845171851554
286	0.24656408869820678
287	0.2953301857119327
289	0.09302861229322279
291	0.26763809509229836
292	0.49881789590494524
293	0.06919837700938093
295	0.05694161982833642
296	0.27381926749490837
297	0.33708009583178944
298	0.2719999196883327
299	0.5049334650861202
300	0.08187804286575126
301	0.26260090825306537
302	0.23435665677244996
303	0.5664436224704841
305	0.18829283885071282
306	0.19384975315912378
308	0.32741552609992547
309	0.005384407023865705
312	0.047626473424026525
313	0.28913478709569623
315	0.5180234470949936
316	0.276547030238968
317	0.09203515460172523
318	0.031463560633464824
319	0.27089039016758926
320	0.31370912261356193
322	0.48686380975797533
323	0.06645319745189485
324	0.026630467083220297
325	0.2880846197111674
326	0.05052335331528284
328	0.04594735721854323
329	0.4969825029478118
331	0.09493399836739781
332	0.34788861730519205
333	0.24603085263876717
334	0.47776390461293666
335	0.27363568040770064
336	5.8834583417863295e-06
337	0.20407234498049914
338	0.2774315842195732
339	0.5259971979048792
341	0.5733315590459054
342	0.06486215923335732
343	0.24326813976435768
344	0.3104856379514004
345	0.49220821036009366
346	0.2823962395946574
347	0.47537363112678355
348	0.0021211608511688615
349	0.4795234351423144
350	0.26756274992836643
351	0.29824919577468467
352	0.5028271687207142
353	0.4926021299931247
354	0.5624997226868429
357	0.2982863296451099
359	0.21596850277648677
360	0.541009371366884
361	0.46229508343218717
362	0.8145388490688237
363	0.08567754936444319
364	0.5649197559217256
366	0.27983292495034146
367	0.346655041912159
368	0.2687059900257794
369	0.01788750030710533
370	0.3088967835212509
375	0.04820593066924236
376	0.2624501996674621
377	0.10566811880508867
378	0.2769289585071422
379	0.5593577084267067
380	0.34135682738039286
381	0.052805897368363525
382	0.47957613064504084
384	0.5034224439623234
385	0.08185590890524058
386	0.4698939611745102
387	0.3004843844543595
389	0.5748069358646201
390	0.043999812267868164
391	0.0296136793799565
392	0.30566522936183865
393	0.20976270629188193
394	0.29829523551981074
395	0.2714528805077428
397	0.5274705692600516
399	0.5514841218635591
403	0.2913795693248544
404	0.5460494803383454
406	0.32605890745999727
407	0.322458078527443
408	0.06912751677852347
409	0.47545764522073747
410	0.23394731360580753
411	0.2932075248866166
412	0.040718166110965515
415	0.45769814111305285
416	0.2744551775783362
417	0.5599405792221209
419	0.2849556373875951
420	0.7859068385355292
421	0.32711242895248493
423	0.5374838680310837
424	0.32070466703359407
425	0.5903550786182216
426	0.5059884194329345
427	0.047358447233640154
428	0.06900794235158196
429	0.7620345450849519
430	0.5512657821162554
431	0.4428537351576813
432	0.25895259360718687
433	0.5352404758714286
435	0.2752475429924042
436	0.5403593969723459
438	0.04702089806119367
439	0.20102277829579876
440	0.47922074782639085
442	0.5350473924508775
443	0.4786751744837157
444	0.5347030762334124
446	0.020969006541968038
447	0.297840301719472
449	0.2875365025199477
450	0.4861185105187823
451	0.05229571528585111
453	0.25917464718286604
456	0.47656781957039723
457	0.24528723008725248
458	0.32739524669244074
460	0.7641485302444511
461	0.3311020756545413
463	0.577659374778662
464	0.5378827249047593
465	0.2710801067799766
466	0.545729459608724
467	0.027400369492315904
469	0.5496852934743892
470	0.001544410342140954
471	0.006189166713913619
472	0.06402933750003957
474	0.7702741107499832
475	0.23758537257067786
476	0.2723997851777338
479	0.5410228942313577
480	0.275148802862601
482	0.019571193898095536
483	0.1904325948990963
484	0.48326737516961954
485	0.4430723026012281
486	0.4851971451716427
487	0.2598470555619986
488	0.25600648926863423
490	0.5509260666335134
491	0.33935947994518384
492	0.28998341402007227
494	0.02205321580376776
496	0.568135959549521
497	0.276610874344119
498	0.22176238489256
499	0.29576364482349415
500	0.3464054129316347
501	0.04050477708913123
502	0.015751764261030882
504	0.2111374031530218
505	0.006934052362922015
506	0.059719371698437586
507	0.10252971184882594
509	0.12775642161851347
510	0.29514440962451477
511	0.43626381812131315
512	0.04252311437781414
514	0.042485651677328776
516	0.016375202048809732
517	0.008956379637691091
519	0.2562724219212583
520	0.2892957092607717
521	0.243656389185064
522	0.4765228692255874
524	0.3399203247311582
525	0.034020227081789894
526	0.22412440914471785
528	0.05459506524792402
530	0.21721594140611117
531	0.7747545746778814
532	0.28165828641300117
534	0.05650883171518488
536	0.04512150604855167
537	0.5510294971767539
538	0.24386133029729162
540	0.04723916848727851
542	0.3078437608354344
543	0.2831782892380312
544	0.579607474517849
546	0.05261952784128901
547	0.5565854330032322
548	0.04836917819157316
549	0.45766646261684507
550	0.22800871523411873
551	0.2541470125181649
552	0.2880664081468838
553	0.5491689508666246
554	0.0052111717376370145
556	0.2873022248010555
557	0.264001449137594
558	0.284779294879996
559	0.22038847061862316
560	0.3507079599022093
561	0.7821974658891526
565	0.20930703018590224
566	0.5672903543054493
567	0.307500796443618
568	0.2979771557841402
569	0.3226652899643665
570	0.6091360919827022
571	0.25902028873261196
572	0.04484377711908243
573	0.7665703559166859
574	0.2925437392468616
575	0.20001216093221888
578	0.03669625979725602
579	0.014591372027023874
581	0.030133615313722335
582	0.33055700889598216
583	0.20854664087485844
586	0.2830218690908192
587	0.3288161506851991
590	0.4953068229378414
591	0.2836122555762918
594	0.281939830662488
595	0.19473977988739472
596	0.009550520216781544
598	0.31156959444059323
600	0.3151899930759459
601	0.21344783519664667
602	0.10464188871095415
603	0.31251459631702694
605	0.2240265381999459
606	0.0641248937716679
607	0.5100225692822932
608	0.2853939525732811
610	0.040387325959612044
611	0.4852611404167098
613	0.4771197628273847
614	0.19367864819131822
615	0.25485124636694767
616	0.2666415278327079
617	0.23915986276911183
619	0.06786608609676051
621	0.19867211843757643
622	0.5708161898920275
624	0.5400804695585469
626	0.8009704423914196
627	0.5388740333239947
628	0.3226652899643664
630	0.0392510507032964
631	0.06062022721227443
634	0.5507081661927425
635	0.5440226656798398
638	0.01790682584466949
639	0.5723350642057394
640	0.19791547178093571
641	0.032803043325257554
643	0.037107885253240866
645	0.49737639668432415
647	0.03710317750959602
648	0.29815667634001836
649	0.24008136634199406
650	0.28348825372707115
651	0.3046315374912049
652	0.2769197485209599
653	0.2608044889438955
654	0.3141977345275385
656	0.4675778721204933
657	0.19733506932882433
658	0.5026065345361529
659	0.08096457572662975
660	0.23008359988485286
661	0.35752683446060846
662	0.34374265381257196
663	0.2898554910487548
664	0.5595132165638089
666	0.7811170542118173
667	0.49814814928157625
669	0.04322886517918737
670	0.3664398911963001
672	0.5221626428968861
673	0.45417948457778196
674	0.5016037287066448
675	0.3121873130569579
676	0.12495283910824681
677	0.02855063274175051
678	0.02871673743485724
679	0.2614389352438003
681	0.02182456629634052
682	0.31785904957119127
683	0.29605671615695633
684	0.005780959567367641
686	0.7742072923375243
688	0.2669321944250669
691	0.26182236566595457
693	0.03243227617829361
695	0.31360084456963316
696	0.7731426234490253
697	0.5080934736728083
699	0.2746199699303688
703	0.044501116114668685
704	0.4505132366489452
705	0.06201774383265041
707	0.2576794557268454
709	0.258393948639593
710	0.5426717781642322
711	0.30737310601544104
712	0.040595451682709824
713	0.5769769778003145
716	0.45308053107242074
717	0.3486709452198362
718	0.03598743408955763
719	0.18937950606951398
720	0.7778473786462013
722	0.17574206091798658
724	0.3053097106030465
725	0.5277631063836214
727	0.3879062942742991
728	0.5087518725443
731	0.18357812473101592
732	0.06970865339110494
733	0.7662839493225237
736	0.4284629313024507
737	0.7787735011320337
738	0.3116085046850126
739	0.27151157499848644
740	0.5739667151717179
741	0.48847875021335085
742	0.28943933464497446
743	0.5783856117078314
744	0.1034752941105819
745	0.5631903529365381
746	0.052333791677968755
747	0.06967378429407094
748	0.33425142791176127
752	0.37956259161498024
754	0.27871601157729453
755	0.18559754978344853
756	0.27372464262371154
757	0.5065236498960284
758	0.4445262119028322
762	0.2802780598507884
764	0.0328449195008788
765	0.22174151643303028
766	0.5163119402396803
768	0.023667561698741714
769	0.19297099474233365
770	0.028051931867096883
772	0.503779669111197
773	0.2799777383709575
774	0.05258729991697247
776	0.28025878212090793
778	0.06646037484998142
780	0.05035479015686387
781	0.3295411346274976
783	0.14634814336198843
784	0.04737961818907107
787	0.5450069764899451
788	0.5057614196647506
789	0.2475478204650415
790	0.08875268534871258
791	0.4505061225105808
792	0.2874161616285294
794	0.2688526273954702
795	0.3415951227873879
796	0.06063508809329275
797	0.14740194342647817
798	0.042726598018171774
800	0.04399981226786814
801	0.19656636106065786
802	0.028125277586996733
803	0.23422087472922332
804	0.22160005536488925
805	0.2853513200618861
806	0.10990937490599183
807	0.5393871663357904
808	0.7832450110356066
809	0.5352860802657553
810	0.4923028358603244
813	0.23822827778206382
814	0.341318135188779
815	0.2708050680561955
816	0.06039126222481993
817	0.06432086820864087
818	0.3173754633152866
819	0.5605465924462463
820	0.6295188839101166
821	0.26000063670735524
822	0.3001031824337734
823	0.2398472530746562
824	0.3023734838424555
826	0.28916970286342464
827	0.09065719123179977
828	0.7921187214310637
829	0.26693219442506677
830	0.5187324763252663
832	0.2785725527510473
833	0.07495433617038624
835	0.5091533497527865
836	0.3530550398907618
837	0.19943077273283694
839	0.03652490810166943
840	0.03375730773720968
841	0.5517856086762382
842	0.5248002657187003
844	0.2770379402513445
845	0.20704939977502126
846	0.5310055643000283
848	0.2866724445809063
851	0.5519757059369993
852	0.05940453529829763
853	0.3536658003235924
854	0.035534922353978274
858	0.7044716918227052
859	0.26671002071297323
860	0.559680945912997
861	0.21030347501876212
862	0.26634584660633054
863	0.2714243624105717
864	0.23977106211361937
865	0.5988686763703643
866	0.1355110108732234
867	0.4943947968675142
868	0.5733695329612234
869	0.06562734727883017
870	0.3194370060074222
871	0.1403815214013618
873	0.273940770138814
874	0.7879540982519962
878	0.4891244625554938
879	0.514069667565014
880	0.7757219500492208
881	0.5202756043428101
882	0.5032333402327196
883	0.3253077013696685
884	0.02899457708171163
886	0.07839219438462573
887	0.2823938256592853
888	0.4583971545190655
889	0.25663705295993733
890	0.24056388931814762
891	0.4740443036986103
892	0.7813867713325787
893	0.05248129355200309
895	0.013097588916978677
896	0.04946956360523891
898	0.3054111419296848
899	0.03985982606215245
900	0.40497919753797695
902	0.21015389084378205
903	0.1964405382310951
905	0.6009465630232006
906	0.2493075676513002
908	0.25773918520519506
910	0.22158542018331276
913	0.5474311338163818
915	0.5208050068455624
916	0.4983131124990222
917	0.3082376506757341
918	0.2743723378366603
919	0.3289042382429774
920	0.26311292572251604
922	0.08622021048936847
923	0.4937248646687241
925	0.2753326526803523
926	0.5608493195005818
927	0.2778331845974119
928	0.2632626104267304
929	0.038152388289865134
930	0.43432670753077085
931	0.5616897014526306
932	0.5137632703630922
933	0.7900289863110265
934	0.5511060113609878
935	0.20707312867928493
936	0.20754410871354975
938	0.09590903465939533
939	0.4950210854420055
940	0.5224191225075296
941	0.21134511104835446
942	0.26952010578839136
943	0.2852107476169025
0	0.0
0	0.0
0	0.0
0	0.0
0	0.0
0	0.0
0	0.0
0	0.0
0	0.0
0	0.0
0	0.0
0	0.0
0	0.0
0	0.0
0	0.0
0	0.0
0	0.0
0	0.0
0	0.0
0	0.0
0	0.0
0	0.0
0	0.0
0	0.0
0	0.0
0	0.0
0	0.0
0	0.0
0	0.0
0	0.0
0	0.0
0	0.0
0	0.0
0	0.0
0	0.0
0	0.0
0	0.0
0	0.0
0	0.0
0	0.0
0	0.0
0	0.0
0	0.0
0	0.0
0	0.0
0	0.0
0	0.0
0	0.0
0	0.0
0	0.0
0	0.0
0	0.0
0	0.0
0	0.0
0	0.0
0	0.0
0	0.0
0	0.0
0	0.0
0	0.0
0	0.0
0	0.0
0	0.0
0	0.0
0	0.0
0	0.0
0	0.0
0	0.0
0	0.0
0	0.0
0	0.0
0	0.0
0	0.0
0	0.0
0	0.0
0	0.0
0	0.0
0	0.0
0	0.0
0	0.0
0	0.0
0	0.0
0	0.0
0	0.0
0	0.0
0	0.0
0	0.0
0	0.0
0	0.0
0	0.0
0	0.0
0	0.0
0	0.0
0	0.0
0	0.0
0	0.0
0	0.0
0	0.0
0	0.0
0	0.0
0	0.0
0	0.0
0	0.0
0	0.0
0	0.0
0	0.0
0	0.0
0	0.0
0	0.0
0	0.0
0	0.0
0	0.0
0	0.0
0	0.0
0	0.0
0	0.0
0	0.0
0	0.0
0	0.0
0	0.0
0	0.0
0	0.0
0	0.0
0	0.0
0	0.0
0	0.0
0	0.0
0	0.0
0	0.0
0	0.0
0	0.0
0	0.0
0	0.0
0	0.0
0	0.0
0	0.0
0	0.0
0	0.0
0	0.0
0	0.0
0	0.0
0	0.0
0	0.0
0	0.0
0	0.0
0	0.0
0	0.0
0	0.0
0	0.0
0	0.0
0	0.0
0	0.0
0	0.0
0	0.0
0	0.0
0	0.0
0	0.0
0	0.0
0	0.0
0	0.0
0	0.0
0	0.0
0	0.0
0	0.0
0	0.0
0	0.0
0	0.0
0	0.0
0	0.0
0	0.0
0	0.0
0	0.0
0	0.0
0	0.0
0	0.0
0	0.0
0	0.0
0	0.0
0	0.0
0	0.0
0	0.0
0	0.0
0	0.0
0	0.0
0	0.0
0	0.0
0	0.0
0	0.0
0	0.0
0	0.0
0	0.0
0	0.0
0	0.0
0	0.0
0	0.0
0	0.0
0	0.0
0	0.0
0	0.0
0	0.0
0	0.0
0	0.0
0	0.0
0	0.0
0	0.0
0	0.0
0	0.0
0	0.0
0	0.0
0	0.0
0	0.0
0	0.0
0	0.0
0	0.0
0	0.0
0	0.0
0	0.0
0	0.0
0	0.0
0	0.0
0	0.0
0	0.0
0	0.0
0	0.0
0	0.0
0	0.0
0	0.0
0	0.0
0	0.0
0	0.0
0	0.0
0	0.0
0	0.0
0	0.0
0	0.0
0	0.0
0	0.0
0	0.0
0	0.0
0	0.0
0	0.0
0	0.0
0	0.0
0	0.0
0	0.0
0	0.0
0	0.0
0	0.0
0	0.0
0	0.0
0	0.0
0	0.0
0	0.0
