1	0.08389018612229951
2	0.2830505301246252
3	0.1892538643145244
4	0.2540923193620397
5	0.24930164841914454
6	0.27265544476426196
10	0.04233300354528193
13	0.04998367539842559
14	0.24473594937030801
16	0.006909761376777776
18	0.3073262191327419
20	0.22217707140284643
21	0.344259073976784
22	0.32485007072219063
23	0.5346097327325127
24	0.054129762572756986
25	0.030442450745150527
26	0.15360723246835023
29	0.04805281193910195
30	0.050179196633457886
31	0.26512749341498776
33	0.4912634027332804
34	0.21203052769351005
35	0.0016182958748884174
36	0.002119692539769756
37	0.05798904593492902
38	0.2861081912294304
39	0.2894423544987412
40	0.4896229842754678
42	0.02610288870671537
43	0.023491180394374485
44	0.30709586376201664
45	0.02020965522878946
46	0.021849255063690405
47	0.27006548174956746
49	0.04861763574717086
50	0.048547420209738325
53	0.2589953260433693
58	0.02371573523158077
59	0.038888585925394716
60	0.2753265271117324
62	0.056016196880510224
64	0.051902669940103646
65	0.2331362574453529
66	0.034256451388977795
67	0.2758508482767885
68	0.08894225766872721
69	0.025859059816175464
72	0.26800780943273017
73	0.07681827503375292
74	0.5244351888316676
75	0.0654924588515434
80	0.041185733012509024
82	0.3394367597245468
83	0.24596300037907978
84	0.22333023009622993
85	0.04432762757469919
87	0.026650974702763945
90	0.27626727019664704
91	0.004067800032981444
92	0.06525397474855214
94	0.28080614826285316
95	0.017167823721084104
96	0.0447764945088677
98	0.263306279530386
100	0.28673266175445117
104	0.3916590652926953
105	0.582802402791337
106	0.25535263847956546
107	0.09055475116967882
108	0.09684882985560662
109	0.012461358307576192
110	0.2567305962308544
111	0.2896319191075358
112	0.25768086086978664
113	0.33375033331717846
115	0.23929014501933793
116	0.01894181319438161
117	0.04706897814624451
121	0.038581324773493214
129	0.3150831929050284
132	0.5348773527887606
136	0.33623028941883526
137	0.27240870734134054
138	0.04664267789407709
139	0.022169979195644084
140	0.5251278136096905
141	0.2766101958752401
142	0.046460770657230824
143	0.4714401907339296
145	0.005205920725513055
146	0.21873246566383575
148	0.26223236092912644
149	0.12430035929147283
150	0.22050410652828323
151	0.23451989218985883
153	0.39287604528843967
159	0.252784940861954
160	0.05577773945886247
162	0.0012155002216283697
164	0.46750285807942243
165	0.006029847097620729
167	0.22070772728672036
168	0.04858497668348447
170	0.26503751646079315
171	0.2367081412617689
172	0.8000757572723047
173	0.5244373844346603
174	0.2836801661873147
176	0.029084962026313867
177	0.5297706266124759
179	0.2354852118718188
180	0.19633480988448482
182	0.018743379250514128
184	0.05873401869735922
186	0.013685724567457341
188	0.28579182010581433
191	0.02366123534793671
192	0.3102243758138451
195	0.35168303978739446
198	0.023228552530389336
200	0.06754849096377982
201	0.012757011545840427
205	0.1638373811798498
206	0.33563207432510567
207	0.04780943451574192
208	0.09940288478988532
210	0.5434198269355823
213	0.2757882258079542
214	0.3094034272722306
215	0.06169287355091121
216	0.2956315832866214
217	0.3005149117431087
218	0.24024313332343658
220	0.19413665229837535
221	0.03039023886991673
222	0.23558642258752
224	0.003415669548897507
225	0.04928762603733343
227	0.4971905772157639
230	0.21824396433464588
231	0.010469338183655946
232	0.49811688032913026
234	0.29843241233181284
236	0.04761509786664724
237	0.25083449858755735
238	0.006076337949852583
239	0.32063003871266255
240	0.33492670461803065
242	0.04035867300275244
245	0.2055936282637561
248	0.5473969807863174
249	0.06715346591515983
250	0.01938746346018297
253	0.016582453818389013
255	0.23634960694027676
256	0.029722730178130548
257	0.04963095816683593
259	0.5620140638790057
260	0.008054144583309435
262	0.03623194716037771
264	0.5065116356754122
265	0.023284579298148048
266	0.06259399145396101
267	0.044453494753711444
268	0.049835193240810295
269	0.018087421024613103
270	0.06917837656674841
271	0.05456556818668208
272	0.7734748151332416
274	0.015096365120132578
276	0.09118032734525866
277	0.08554204609574186
280	0.0681994967649691
284	0.2874777535358518
285	0.7790909807954328
286	0.27952181491354644
287	0.31270372407633534
288	0.029148476543476534
291	0.27504699966059243
292	0.07359588375087406
293	0.05335428899708565
295	0.05340097418687871
296	0.271025427680372
297	0.532152463304974
298	0.27913443173856206
299	0.05551857235187605
302	0.18203022778856623
303	0.3396607536701561
307	0.008883068866397503
308	0.3105751443721564
309	0.452207834368656
312	0.4845625294475362
313	0.2839669038157121
315	0.32151132664864224
317	0.29064772329044947
318	0.2583964664254978
319	0.25093269990969347
320	0.2710127377417239
321	0.1977580038484517
322	0.5078252817503639
323	0.04608855711397308
325	0.051843375934866126
326	0.02833738689088836
328	0.016644294712317723
329	0.28335825828535766
331	0.5067412316696559
332	0.31598953108787187
333	0.5126597272890434
334	0.2665035518679712
335	0.2916596296260927
338	0.29908620880061126
339	0.2978080852752438
340	0.24158502691544234
341	0.07976300531256615
342	0.03572872964605037
344	0.0791716248028231
345	0.3100100327700487
346	0.47121085283404684
347	0.038335704838252826
350	0.055490382643713
351	0.5171343706439986
352	0.010869996169333079
353	0.027036536615510223
354	0.5424220895192249
357	0.016483586426260827
360	0.0900011608701696
361	0.2908411915053805
362	0.368786155032484
363	0.05865057306049843
364	0.561374933592772
366	0.04596890341116318
367	0.29240939174287706
368	0.017217471822230598
370	0.5603309684135431
371	0.0053293377909724715
372	0.015785312593307822
375	0.019904263824355686
376	0.2628503757672937
377	0.06949745252801197
378	0.05378218124053375
379	0.771196803367669
380	0.5283749919456573
381	0.04771257153592128
382	0.06813742804644188
383	0.022775846577688795
384	0.30028552523143487
385	0.27545154693198926
386	0.006524142421875406
387	0.07731345015591462
388	0.2655500022958419
389	0.33242153908713573
390	0.2801287782404517
391	0.05343690294423919
392	0.320376213828822
393	0.004654089944835342
394	0.08366504492444725
397	0.29013564258318814
398	0.017931204134268998
399	0.5471487210303446
402	0.03866919023627742
403	0.284351589144447
404	0.32475700918781625
405	0.33563207432510567
406	0.07565914492370662
407	0.5397634019454801
408	0.31945225613952327
409	0.04283059116123191
411	0.29849508366876104
412	0.02876687197107683
413	0.007980272982069405
414	0.3664398911963001
415	0.2766220956201872
416	0.05888540540134105
417	0.3013213744744316
419	0.26986071710244475
420	0.32737373313286156
421	0.26397951882566806
423	0.27567559070418274
424	0.34652073188400173
425	0.3705153775441206
426	0.27494496349636716
427	0.04559225726250957
428	0.28833197223110474
429	0.3026444846522919
430	0.5224031621956333
432	0.0056853823968694255
433	0.08555903606550877
435	0.04492578536870201
436	0.30915308517207185
440	0.297325112046687
442	0.35169103268478974
443	0.008228536775666404
444	0.25716781535346933
446	0.45113656901176347
447	0.05708896929210344
448	0.2945061108028202
450	0.035303285816274586
451	0.28877577014528866
456	0.037916985737656395
458	0.310550914605477
459	0.015875310626447623
460	0.5667907715001177
461	0.2791052193157636
462	0.25167285194275985
463	0.3754237408579757
464	0.3296248534733297
465	0.2926748841876883
466	0.26680044108525025
467	0.026753420990818795
469	0.7624204894062288
473	0.24001034895639986
474	0.5419240936154528
475	0.5176805409487213
476	0.06670052091161166
477	0.01138301168038535
479	0.08831008292522273
480	0.47759033888765856
481	0.009898723293533696
482	0.24128837178550455
484	0.022110211036484202
485	0.419158961388894
486	0.2590446818444669
488	0.0313656109963928
490	0.31813037943689026
491	0.5210326829528841
492	0.2806752630945174
494	0.02984333232157701
496	0.08850991830241367
497	0.024108013402826367
498	0.01867252147265358
499	0.2857067645024756
500	0.3291696455560126
501	0.03899268095362302
505	0.226405004313314
507	0.07131630409752317
509	0.11359738527304003
510	0.25667878912218267
512	0.036088643580801355
516	0.24994629870801424
518	0.21044797327780534
519	0.2869960423500809
520	0.012308980348707123
521	0.02269594502609305
522	0.03963275031758959
524	0.09515045822016246
525	0.003013385795867865
526	0.04894839599915169
528	0.033260526187623096
529	0.24819244780508676
531	0.32147034360374227
532	0.060376374165978
533	0.009499132469887872
534	0.03945255239191466
536	0.04027755579390194
537	0.07863854651881733
538	0.016600296999384354
540	0.04078603034030863
541	0.0017864250507776541
542	0.2951648111310833
543	0.2756942759917297
544	0.15245559635400238
546	0.05680001950788963
547	0.3382907368872916
548	0.24908794636400203
549	0.012611777459697566
551	0.2531393453543846
553	0.5366251381720176
555	0.008553810192146086
556	0.27516404876784306
557	0.029412225520184944
558	0.07492362239101785
559	0.25809159705823653
560	0.3313688004042685
561	0.3461051398537114
562	0.057847704972195955
565	0.0090694378028587
566	0.52788489215043
567	0.524228076121024
568	0.26268856485898173
569	0.3065620790600541
570	0.5963503826479234
571	0.2839777546403531
572	0.25228082211585834
573	0.31814043333751735
574	0.32513843420717053
575	0.052450625620213936
578	0.23857508057393673
579	0.012801492904007492
580	0.022918457879303574
581	0.059060791327055974
582	0.06584465401374423
583	0.23310788795178725
586	0.27719193718336205
587	0.2715463740659032
590	0.03230405269161012
591	0.26426605154408034
594	0.2714361104072195
595	0.021558429592910176
596	0.2161678746082641
597	0.2620661968525554
600	0.0397855844710254
602	0.2852923353397285
603	0.07110561743423335
606	0.05945614460182539
607	0.2807161367699953
608	0.4819467116015199
609	0.0601748722244773
610	0.02025108014116567
611	0.2686734933161713
612	0.011337020627571644
613	0.05767996956975949
615	0.039656723026372055
616	0.05818609783708932
617	0.23861082520195
619	0.24618031112450162
622	0.31863425454659156
623	0.0059135292309872994
624	0.29958675041143495
626	0.3387944507611676
627	0.2813414919542273
628	0.5261618089459827
629	0.010831096583700517
630	0.04577757363997464
631	0.2822590042987711
632	0.2416022724338201
634	0.3016795169934551
635	0.328693076569488
636	0.2846964911749952
638	0.282633809360201
639	0.778028061271516
640	0.02080743766802108
641	0.26530501147096824
642	0.0022380956432943543
645	0.25915019007905027
647	0.03532495827616458
648	0.2899147828782535
649	0.2613908298870892
650	0.29026570606613344
651	0.2787826313417964
652	0.3100204405567852
653	0.24623077180470965
654	0.30389365272454816
658	0.2772760706768743
659	0.2729537132517476
660	0.0031247336727372108
661	0.5530220462674292
662	0.07134310847499889
663	0.03930624263937675
664	0.5603906173869645
665	0.05775377925746323
666	0.32342287907958434
667	0.47803069622597993
669	0.26033995392584264
672	0.03847390779911197
674	0.07708476033856801
675	0.04717301266699285
676	0.31269124667623793
677	0.25021014492695226
678	0.024998585112808808
679	0.033432035779297084
682	0.06059685119058567
683	0.3304162239067177
686	0.3140888342978007
688	0.036942410700108445
689	0.017456392278745892
691	0.00948751646558714
695	0.3647613431353367
696	0.3360552352862989
697	0.08278053042701038
699	0.27485878364256955
703	0.06882654627965933
704	0.2492645884051533
705	0.018354700274298735
707	0.48588214863919543
710	0.5240422925933373
711	0.30761048751620734
712	0.26066837261946446
713	0.34168986058222955
714	0.21945537587736083
716	0.023910581436744262
717	0.3150816942609247
718	0.04191618466899581
720	0.5273503611696693
724	0.33563207432510567
725	0.08659975387150985
727	0.3511600872709386
728	0.5255781714599488
729	0.28081962775031766
731	0.26181629714829907
732	0.07831538420816067
733	0.3139315611959851
734	0.020724301129830234
737	0.07732143583747743
739	0.5107611273641216
740	0.5479188807629397
741	0.0628222079167283
742	0.05798842481455739
743	0.3459571041081632
744	0.32315830378722543
745	0.5915507800291685
746	0.027395563792469078
748	0.3181048892955036
749	0.01822363043254213
751	0.005783278847778423
752	0.5505089424326158
753	0.012456513238517472
754	0.2690549395773359
756	0.2928413489574229
757	0.06141249304164292
758	0.02860356050227736
762	0.3120477655793765
763	0.24147516501635768
764	0.046569157703899064
766	0.06845326266830197
768	0.020638524047129778
770	0.029410783917528188
771	0.022368431672976294
772	0.30109447505325126
773	0.03964158980798557
775	0.012384008671330722
776	0.018808159907983082
778	0.2848532795432407
779	0.03174279002570513
780	0.054190624740807734
781	0.33988865346775116
783	0.3246158492439959
784	0.021000863175908942
787	0.07883903866052668
788	0.04250454844286314
789	0.24930841635846157
791	0.016242157226388575
795	0.3376478392426115
796	0.2711631777708249
797	0.022742256668781054
798	0.47776842994333873
800	0.4997285081263802
801	0.01955673209722872
802	0.004509920716029986
805	0.05588025953826847
806	0.311535755571678
807	0.053362462562071784
808	0.34622841465797727
809	0.33651912475643636
810	0.3037225041826659
812	0.011237555812286124
813	0.04819407081355662
814	0.28815321966999985
815	0.0277257644369042
816	0.0311170424299973
818	0.0881183393199603
819	0.5518295250609763
820	0.41846275699935154
821	0.26579767524063025
822	0.3139791317640204
824	0.5148516407180724
825	0.23132260922385048
827	0.046760684739367696
828	0.3611633836835217
829	0.5127418254529537
830	0.0925771039902078
832	0.00863603412722733
833	0.04523273988758861
835	0.29591489842786367
836	0.3509976700639089
837	0.28102583851426527
838	0.2526302998960062
840	0.03219291576832679
841	0.3252053983267377
842	0.08274728881482814
843	0.25662111322621045
844	0.2752566915909822
846	0.51169205013677
847	0.22943550140660382
848	0.07165004224416932
849	0.010509109880505928
850	0.009336961800177207
851	0.07357506248326662
853	0.5465568349350958
854	0.04304966963235267
855	0.024548459969346993
858	0.037906718167510886
859	0.03854204417545135
860	0.0915651135742864
861	0.050735194225011104
863	0.030987674774205835
864	0.012376716581777449
865	0.39153668343466347
867	0.0740903653281573
868	0.09818663745226515
870	0.07866973051856377
871	0.32234170562647996
873	0.06024496741383088
874	0.5642399970234488
878	0.2524400882516729
880	0.3258241028167361
881	0.26933976449975205
882	0.2929998169228275
883	0.30812771063004135
884	0.042134438142456605
886	0.05997416121571626
887	0.07111069491281408
889	0.025745879194149987
890	0.23294967239694434
891	0.08236545058758593
892	0.5269417150416662
893	0.0260433060245969
896	0.06065788175189872
898	0.5687668441789525
899	0.2876790433520842
900	0.002735498607552872
903	0.02764405688723651
905	0.5637625053604604
906	0.0290303702801806
907	0.035780593933219855
911	0.22329950791783174
913	0.5184366475354533
914	0.09225806342813478
916	0.05428778680042031
917	0.23892120759370722
918	0.26450590868697016
919	0.08454388198894938
920	0.039954083456581975
921	0.04653053708518363
922	0.08923021535522241
923	0.04919935789844993
925	0.2842772915452368
926	0.10352145544754944
927	0.276143491521612
930	3.823470555012684e-05
931	0.3246269041426327
932	0.0834601410174923
933	0.32657423649215167
934	0.5514778902619368
937	0.20133075037130194
938	0.283375778791041
940	0.314337190015461
942	0.053959770828841326
943	0.5147889464723193
0	0.0
0	0.0
0	0.0
0	0.0
0	0.0
0	0.0
0	0.0
0	0.0
0	0.0
0	0.0
0	0.0
0	0.0
0	0.0
0	0.0
0	0.0
0	0.0
0	0.0
0	0.0
0	0.0
0	0.0
0	0.0
0	0.0
0	0.0
0	0.0
0	0.0
0	0.0
0	0.0
0	0.0
0	0.0
0	0.0
0	0.0
0	0.0
0	0.0
0	0.0
0	0.0
0	0.0
0	0.0
0	0.0
0	0.0
0	0.0
0	0.0
0	0.0
0	0.0
0	0.0
0	0.0
0	0.0
0	0.0
0	0.0
0	0.0
0	0.0
0	0.0
0	0.0
0	0.0
0	0.0
0	0.0
0	0.0
0	0.0
0	0.0
0	0.0
0	0.0
0	0.0
0	0.0
0	0.0
0	0.0
0	0.0
0	0.0
0	0.0
0	0.0
0	0.0
0	0.0
0	0.0
0	0.0
0	0.0
0	0.0
0	0.0
0	0.0
0	0.0
0	0.0
0	0.0
0	0.0
0	0.0
0	0.0
0	0.0
0	0.0
0	0.0
0	0.0
0	0.0
0	0.0
0	0.0
0	0.0
0	0.0
0	0.0
0	0.0
0	0.0
0	0.0
0	0.0
0	0.0
0	0.0
0	0.0
0	0.0
0	0.0
0	0.0
0	0.0
0	0.0
0	0.0
0	0.0
0	0.0
0	0.0
0	0.0
0	0.0
0	0.0
0	0.0
0	0.0
0	0.0
0	0.0
0	0.0
0	0.0
0	0.0
0	0.0
0	0.0
0	0.0
0	0.0
0	0.0
0	0.0
0	0.0
0	0.0
0	0.0
0	0.0
0	0.0
0	0.0
0	0.0
0	0.0
0	0.0
0	0.0
0	0.0
0	0.0
0	0.0
0	0.0
0	0.0
0	0.0
0	0.0
0	0.0
0	0.0
0	0.0
0	0.0
0	0.0
0	0.0
0	0.0
0	0.0
0	0.0
0	0.0
0	0.0
0	0.0
0	0.0
0	0.0
0	0.0
0	0.0
0	0.0
0	0.0
0	0.0
0	0.0
0	0.0
0	0.0
0	0.0
0	0.0
0	0.0
0	0.0
0	0.0
0	0.0
0	0.0
0	0.0
0	0.0
0	0.0
0	0.0
0	0.0
0	0.0
0	0.0
0	0.0
0	0.0
0	0.0
0	0.0
0	0.0
0	0.0
0	0.0
0	0.0
0	0.0
0	0.0
0	0.0
0	0.0
0	0.0
0	0.0
0	0.0
0	0.0
0	0.0
0	0.0
0	0.0
0	0.0
0	0.0
0	0.0
0	0.0
0	0.0
0	0.0
0	0.0
0	0.0
0	0.0
0	0.0
0	0.0
0	0.0
0	0.0
0	0.0
0	0.0
0	0.0
0	0.0
0	0.0
0	0.0
0	0.0
0	0.0
0	0.0
0	0.0
0	0.0
0	0.0
0	0.0
0	0.0
0	0.0
0	0.0
0	0.0
0	0.0
0	0.0
0	0.0
0	0.0
0	0.0
0	0.0
0	0.0
0	0.0
0	0.0
0	0.0
0	0.0
0	0.0
0	0.0
0	0.0
0	0.0
0	0.0
0	0.0
0	0.0
0	0.0
0	0.0
0	0.0
0	0.0
0	0.0
0	0.0
0	0.0
0	0.0
0	0.0
0	0.0
0	0.0
0	0.0
0	0.0
0	0.0
0	0.0
0	0.0
0	0.0
0	0.0
0	0.0
0	0.0
0	0.0
0	0.0
0	0.0
0	0.0
0	0.0
0	0.0
0	0.0
0	0.0
0	0.0
0	0.0
0	0.0
0	0.0
0	0.0
0	0.0
0	0.0
0	0.0
0	0.0
0	0.0
0	0.0
0	0.0
0	0.0
0	0.0
0	0.0
0	0.0
0	0.0
0	0.0
0	0.0
0	0.0
0	0.0
0	0.0
0	0.0
0	0.0
0	0.0
0	0.0
0	0.0
0	0.0
0	0.0
0	0.0
0	0.0
