2	0.18189913670815183
4	0.1985896644276977
5	0.28700176208668526
6	0.2947464526189547
7	0.23367306497228418
10	0.060834964260276986
13	0.17984738948432427
14	0.3277043974422624
16	0.03058572037889747
18	0.2862247219165544
19	0.1597970057091661
22	0.525414900860155
23	0.33910832184525197
24	0.4453230115717939
25	0.02510625108408152
26	0.37025421192845354
27	0.005470427276089471
29	0.2564608868625355
31	0.2633034621924973
37	0.0632373902672382
38	0.36857512503642403
39	0.12779208043788257
40	0.08865218292084492
41	0.016454558718755778
42	0.4527099211030721
43	0.4270814370599464
44	0.3317063074431441
45	0.08518106555536613
47	0.20071963726832465
49	0.23166985803921764
50	0.24789986920752344
54	0.01630515614122134
60	0.07402645407560934
72	0.029695124806429142
74	0.09852998183165687
75	0.07089028358999562
77	0.07812357609099617
79	0.0005802618746501564
80	0.20025670420466912
82	0.2705642489229943
85	0.35829426698097505
87	0.055074029984895856
88	0.2044002512683153
89	0.22178708745022246
90	0.08841135865219732
92	0.5566430258359789
94	0.2799902257208165
98	0.0033736076958574904
99	0.01968898368986191
103	0.21199249397283249
104	0.23158506966204584
105	0.3613502763965435
107	0.04375298961702507
108	0.48613017783316115
113	0.33370619667636986
114	0.11820160391322143
116	0.2769694030413034
120	0.4304937566342095
121	0.007713496881461262
123	0.2155563009560515
124	0.014856103815804218
125	0.043662923207390084
129	0.5255303095510739
130	0.06475432230545518
132	0.3018351097099308
134	0.05754673845557208
136	0.4949387491461055
139	0.16532383380376348
140	0.08035900383885207
142	0.18697220972823048
144	0.013402877744558443
148	0.1065007021850225
149	0.33830369753964895
154	0.16723030206519798
156	0.1676511844035317
158	0.27409586579196565
160	0.26431782882832217
162	0.04558185216648689
165	0.4857502049473933
167	0.24009205159987623
168	0.18233012525584183
171	0.0007420972148910777
172	0.1350789038845414
173	0.08603980162608568
174	0.2746640169582275
177	0.28697715055499146
178	0.015283950645367292
179	0.11840873328649601
182	0.22930518770326555
184	0.1609773648913586
188	0.08441626539223035
189	0.03448647721343319
192	0.21748587499296396
193	0.045782537288910866
195	0.05679251565544853
198	0.15359438971547837
200	0.3807056829439021
201	0.022928914071264014
204	0.21260019486997234
207	0.0926285426338499
208	0.014424509241586732
209	0.2194013082894496
210	0.09974762160569725
213	0.0015058903963680974
214	0.5718152980902237
215	0.18256083521251196
216	0.30697285835289684
218	0.0925273438396704
220	0.15343773940863642
221	0.057030591703513545
222	0.22857792589221412
223	0.07301604605049125
225	0.20078679743472383
226	0.3915529787288051
227	0.024026184541265684
233	0.212104801386016
234	0.5634630920180549
235	0.23258134499753297
236	0.5790480967161261
237	0.5876350625061021
238	0.23588416367494996
239	0.11767684488322827
240	0.5023563448811853
243	0.20202263002258133
244	0.05169264451226372
245	0.04278753330799378
246	0.0097625819248233
248	0.1313261011642705
249	0.2670064751373812
250	0.0898626371896245
251	0.17900994134730722
252	0.023460069176324434
253	0.26253867523666496
256	0.3829569156605885
259	0.32435817765685754
260	0.17220704818238988
262	0.43733029639088256
264	0.0639392172295417
265	0.017872152495940128
266	0.16839203869126718
267	0.35570161311287024
268	0.10697004543197244
269	0.11788655982612577
270	0.18638943871046212
271	0.3597418231607501
272	0.10835835143131012
276	0.5796494141521887
279	0.02434663556618619
280	0.38196227194614074
284	0.2925673676015649
285	0.12347939957052222
290	0.03797290432278724
291	0.03502330824195228
292	0.22532789023757527
293	0.28385972007703175
294	0.0291253903337789
295	0.1014975221667007
296	0.2508251716079497
297	0.08976955492112262
299	0.104805594790819
303	0.36563816240804037
305	0.418211380576824
307	0.25727525945911245
308	0.36232028686602075
313	0.0785576016564222
314	0.2455128112646888
315	0.5084030397207379
317	0.08035900383885208
320	0.26975119280537296
321	0.3326986207093501
322	0.2905684417528731
323	0.2395549695351719
324	0.22310258911711642
325	0.5640505501657175
326	0.0672215830573485
327	0.02246112424894286
328	0.541653031369245
329	0.3548730466587097
332	0.30916692891453224
334	0.2540757873666809
339	0.33563286524002656
340	0.053224806708892666
341	0.3049825555293557
342	0.3542159163866328
343	0.2100955862902371
344	0.36678774847498924
345	0.1606823717831763
347	0.2144738259447767
348	0.010468423890082887
349	0.15280004531961133
351	0.0017706500445873637
352	0.07643871624963236
353	0.1491235434315037
354	0.10033864555924081
355	0.010088261220293458
359	0.24552165495403636
360	0.2954976368516695
361	0.05500845561184446
362	0.3835231592750003
363	0.3635515143678373
364	0.10746255782519555
367	0.30776236528938444
368	0.2737326584952051
370	0.3270417379931112
373	0.22977578392728099
375	0.03807726526596128
377	0.028163232799753888
378	0.5689803560108188
379	0.4938245250872307
380	0.39868415156034936
381	0.3012301992820851
384	0.33872615899571284
385	0.18435807462060072
387	0.10756043767721049
388	0.17643493054478532
389	0.31822385780790247
390	0.35494799319514836
391	0.1917732763971764
392	0.3153800972051449
394	0.5744156601941415
395	0.0894550744129553
397	0.2874562407729886
398	0.2461305601371927
399	0.5096005499616756
402	0.27080088441959793
404	0.3026473943401482
405	0.2895818004353312
406	0.5516420709572227
407	0.565689817847484
408	0.16604687885293493
409	0.07104164692299153
410	0.23034170690206512
411	0.44061669406135495
414	0.5387041459028439
416	0.09832218650029495
417	0.5097484489794457
420	0.3135956704230087
421	0.28241635884293453
423	0.2692819275865707
425	0.3527295276582851
426	0.09123610305562267
427	0.46768833502839524
428	0.15872732157921815
429	0.29431466704665127
430	0.07963408752142706
433	0.3331534970892718
436	0.09246326372296187
438	0.02353798907015205
441	0.0254802719782761
442	0.5266422118610079
444	0.01779829865358323
445	0.05273659300795631
446	0.060109845038804406
447	0.262936454577262
448	0.15796431187913076
450	0.23040506987956544
456	0.05491330357393455
457	0.30732666291648647
458	0.3823590801789376
459	0.21785770917353586
460	0.5129013080539074
461	0.0535042922393169
463	0.14063500764363657
464	0.5259645900345715
465	0.2451494919069731
466	0.2827517887705498
468	0.261093921676267
469	0.285598201262851
474	0.2823301872085215
477	0.013773519633367284
479	0.3064525342845096
480	0.3398472655491645
484	0.05541563000060204
485	0.45888035873825817
486	0.4825642153084687
487	0.22351416562826465
488	0.058367883516163704
490	0.29279611935254146
491	0.3966033142260612
493	0.21885354571123428
495	0.003475224987404102
496	0.33300149600584206
497	0.25260150797216585
498	0.03614118658677713
500	0.3894738916798468
503	0.23005421376767607
506	0.3315795753023122
507	0.0904854454064441
509	0.16877903586781673
510	0.06536278253085301
514	0.3487381860637265
516	0.04036586687198864
517	0.23583317584885938
519	0.2898880735126258
520	0.19649243980233827
521	0.1485444634977781
524	0.3007068173448932
525	0.4320292244927605
526	0.405706014193184
528	0.07021203540664206
531	0.31875399604558763
532	0.5612864101867289
534	0.2393863022157972
536	0.33160586027466415
537	0.2934124057450186
542	0.058448440757441614
543	0.14342492272222954
544	0.37767569529652995
547	0.1328478452929584
549	0.2737210853619294
551	0.037818588775208564
553	0.29026213576056203
555	0.27178357911713336
556	0.1798112264276925
557	0.27768422176764024
558	0.0074973230198786996
560	0.13157901544350525
561	0.321630604786761
564	0.16584589765394617
566	0.09859732429700521
567	0.2999216667112907
568	0.257435831896566
569	0.7645265942299247
570	0.1824996724638323
571	0.1481845188056317
573	0.2826786262922077
574	0.49527779105588454
576	0.01183122157997435
577	0.1973522940146984
579	0.002324997924752936
581	0.07162128004762627
582	0.25608085558752003
584	0.015323475072937732
586	0.2309235518329963
587	0.09392775484566732
588	0.21275234972881443
589	0.07543189876513359
595	0.13820006913051205
598	0.24208608067961837
599	0.03862746864107677
600	0.12482239381727309
602	0.45366247920433067
603	0.4099811790367047
605	0.2044484579517618
606	0.5565146526047008
607	0.19145545384054197
608	0.062357063873095586
613	0.2595666122184577
614	0.42935658854381115
616	0.07309256969823848
617	0.04929652509997556
618	0.23395563855375123
619	0.0881162847400722
622	0.514005346644339
624	0.09866154767675728
625	0.016840091784969903
626	0.3450242934060695
627	0.2692979434068983
628	0.08778495801037264
630	0.2286105062628203
631	0.014655685067857128
634	0.29766431718414393
635	0.3862100709360403
637	0.08302770331608648
638	0.2920836750672202
639	0.5312674432145444
640	0.2476596016422658
641	0.3281242946141081
643	0.3273152665930934
645	0.053500332470870125
647	0.43075244430445414
648	0.1100910488753073
649	0.22989197307503467
650	0.27145710770613446
651	0.1210457430737872
652	0.27889231905427114
653	0.2537091941069769
654	0.3745302482802277
656	0.2807565055213643
658	0.3716890491967241
659	0.2684217823416162
661	0.7735409452710388
662	0.0319023042554161
664	0.7902692565518251
665	0.3880946896219343
666	0.5623617432817787
667	0.17515687022466753
668	0.2155696353941412
669	0.38496563772855413
670	0.344259073976784
672	0.19076051432393076
674	0.24222758397268135
676	0.40231043264465205
677	0.04780355654029564
678	0.2516619669615831
679	0.06239665355026963
680	0.22556088082732076
681	0.006462402604379722
682	0.5553897903336146
683	0.7830156767876242
684	0.01709665472284355
686	0.2932554698936062
688	0.08204856303789682
691	0.24933351765349002
693	0.14451607340038244
695	0.28800785969506604
696	0.3113089872488065
697	0.11065051265489945
704	0.40287168543368845
705	0.24785183473325212
707	0.07117663624131382
709	0.23558117432677445
710	0.09572772836211149
711	0.09296796891301659
713	0.15585353116467557
715	0.040973987619139465
717	0.3177878698436452
720	0.32658841416044326
727	0.7991618263251004
730	0.025181185475814938
733	0.3187585643453128
734	0.2295815781838855
735	0.012294000172590351
736	0.4114015193113644
737	0.49146814332973743
738	0.38815179268415523
739	0.18097742687386617
740	0.16743621287024466
741	0.060063321169361694
742	0.048430293328984964
743	0.40414586088305315
744	0.16385371384680628
745	0.11379544997673467
746	0.5376167756399184
747	0.3515936896263362
748	0.3610386480901243
749	0.2204791330974752
751	0.25820339524319724
752	0.16661516294388895
753	0.29290176223426345
755	0.05940888522248112
756	0.4372077892271628
757	0.36144566045343796
758	0.24602991222645582
759	0.04729325778224282
760	0.08853994298334102
762	0.07012456281816833
763	0.23954220519324226
764	0.550982102258568
766	0.10453337377794567
767	0.05322826363902757
768	0.11616121431667153
769	0.2403667118968351
771	0.20908788980952453
772	0.09932074403497809
773	0.5517375262849814
774	0.018246510474019734
777	0.017353536373203603
779	0.257325238115513
781	0.2966515284741867
783	0.1387597389276509
787	0.28094465822542536
788	0.10387075086514867
792	0.249350635156676
793	0.1765530094779929
795	0.6029891354374449
797	0.07087046796830805
798	0.17030227739527612
800	0.2505456046960878
802	0.045173767940428516
803	0.40721306971476373
805	0.0775125087249992
806	0.5824982061237342
807	0.27326836998162896
808	0.33493316880976354
809	0.2789990566060148
810	0.18834336809240104
814	0.0781859177785988
815	0.2709179358062048
817	0.266725852294305
818	0.2945543569699018
819	0.3099009690914201
820	0.4192087854425449
821	0.08856047764907113
822	0.22460582208208912
823	0.05120001605511359
826	0.107637609151184
827	0.13560029537429358
828	0.3187728535642408
829	0.44328847577127667
830	0.0988724283328513
831	0.017967980820542476
833	0.3487184306065607
835	0.4763998593069004
836	0.3320993720218151
839	0.2318097502133273
840	0.12640113372111433
841	0.2976131280455256
842	0.14705828348546407
844	0.3810816371557231
846	0.268453760152616
848	0.0946541830151221
849	0.2264527458116891
850	0.2299321758582635
851	0.2915613464983118
852	0.25219483889710825
853	0.1442140157150594
858	0.17851899034240729
860	0.3085488739202531
861	0.1813823134568617
862	0.3316481951628873
865	0.2260724571122951
866	0.21013905954362977
867	0.07287261757239903
868	0.5886407774842306
869	0.22285827398493926
870	0.5489988533039873
871	0.14073131969910116
874	0.525014335883491
877	0.015832523216296662
879	0.18760090899860823
880	0.2855720366326436
881	0.09607860810893883
882	0.3029220371475522
883	0.37975944102696235
885	0.024159220121404257
886	0.5732544697563247
887	0.332269212065239
891	0.39668848918645166
892	0.3092663204180578
893	0.2436428772322475
895	0.016046848601509383
896	0.553939376617306
897	0.21174200397884585
898	0.35544995262793644
899	0.3551018616405431
905	0.1909425668304977
906	0.16316671055925308
908	0.059130130353555535
910	0.2531448126496446
912	0.2115382081163447
913	0.11966669694871203
915	0.3225103868948737
916	0.25834448632868723
917	0.19045661727182556
919	0.10587898111125216
922	0.39450264988092265
924	0.2047359885056589
926	0.5080670559201873
928	0.2469127199085733
931	0.08848474531332423
932	0.34820426706341706
933	0.5295010741163552
934	0.10223710093039358
936	0.021060837814237992
938	0.3459772551509185
939	0.17675759555666246
940	0.37378308014735423
941	0.01984397844250825
942	0.354763997078573
943	0.0003542785506054254
0	0.0
0	0.0
0	0.0
0	0.0
0	0.0
0	0.0
0	0.0
0	0.0
0	0.0
0	0.0
0	0.0
0	0.0
0	0.0
0	0.0
0	0.0
0	0.0
0	0.0
0	0.0
0	0.0
0	0.0
0	0.0
0	0.0
0	0.0
0	0.0
0	0.0
0	0.0
0	0.0
0	0.0
0	0.0
0	0.0
0	0.0
0	0.0
0	0.0
0	0.0
0	0.0
0	0.0
0	0.0
0	0.0
0	0.0
0	0.0
0	0.0
0	0.0
0	0.0
0	0.0
0	0.0
0	0.0
0	0.0
0	0.0
0	0.0
0	0.0
0	0.0
0	0.0
0	0.0
0	0.0
0	0.0
0	0.0
0	0.0
0	0.0
0	0.0
0	0.0
0	0.0
0	0.0
0	0.0
0	0.0
0	0.0
0	0.0
0	0.0
0	0.0
0	0.0
0	0.0
0	0.0
0	0.0
0	0.0
0	0.0
0	0.0
0	0.0
0	0.0
0	0.0
0	0.0
0	0.0
0	0.0
0	0.0
0	0.0
0	0.0
0	0.0
0	0.0
0	0.0
0	0.0
0	0.0
0	0.0
0	0.0
0	0.0
0	0.0
0	0.0
0	0.0
0	0.0
0	0.0
0	0.0
0	0.0
0	0.0
0	0.0
0	0.0
0	0.0
0	0.0
0	0.0
0	0.0
0	0.0
0	0.0
0	0.0
0	0.0
0	0.0
0	0.0
0	0.0
0	0.0
0	0.0
0	0.0
0	0.0
0	0.0
0	0.0
0	0.0
0	0.0
0	0.0
0	0.0
0	0.0
0	0.0
0	0.0
0	0.0
0	0.0
0	0.0
0	0.0
0	0.0
0	0.0
0	0.0
0	0.0
0	0.0
0	0.0
0	0.0
0	0.0
0	0.0
0	0.0
0	0.0
0	0.0
0	0.0
0	0.0
0	0.0
0	0.0
0	0.0
0	0.0
0	0.0
0	0.0
0	0.0
0	0.0
0	0.0
0	0.0
0	0.0
0	0.0
0	0.0
0	0.0
0	0.0
0	0.0
0	0.0
0	0.0
0	0.0
0	0.0
0	0.0
0	0.0
0	0.0
0	0.0
0	0.0
0	0.0
0	0.0
0	0.0
0	0.0
0	0.0
0	0.0
0	0.0
0	0.0
0	0.0
0	0.0
0	0.0
0	0.0
0	0.0
0	0.0
0	0.0
0	0.0
0	0.0
0	0.0
0	0.0
0	0.0
0	0.0
0	0.0
0	0.0
0	0.0
0	0.0
0	0.0
0	0.0
0	0.0
0	0.0
0	0.0
0	0.0
0	0.0
0	0.0
0	0.0
0	0.0
0	0.0
0	0.0
0	0.0
0	0.0
0	0.0
0	0.0
0	0.0
0	0.0
0	0.0
0	0.0
0	0.0
0	0.0
0	0.0
0	0.0
0	0.0
0	0.0
0	0.0
0	0.0
0	0.0
0	0.0
0	0.0
0	0.0
0	0.0
0	0.0
0	0.0
0	0.0
0	0.0
0	0.0
0	0.0
0	0.0
0	0.0
0	0.0
0	0.0
0	0.0
0	0.0
0	0.0
0	0.0
0	0.0
0	0.0
0	0.0
0	0.0
0	0.0
0	0.0
0	0.0
0	0.0
0	0.0
0	0.0
0	0.0
0	0.0
0	0.0
0	0.0
0	0.0
0	0.0
0	0.0
0	0.0
0	0.0
0	0.0
0	0.0
0	0.0
0	0.0
0	0.0
0	0.0
0	0.0
0	0.0
0	0.0
0	0.0
0	0.0
0	0.0
0	0.0
0	0.0
0	0.0
0	0.0
0	0.0
0	0.0
0	0.0
0	0.0
0	0.0
0	0.0
0	0.0
0	0.0
0	0.0
0	0.0
0	0.0
0	0.0
0	0.0
0	0.0
0	0.0
0	0.0
0	0.0
0	0.0
0	0.0
0	0.0
0	0.0
0	0.0
0	0.0
0	0.0
0	0.0
0	0.0
0	0.0
0	0.0
0	0.0
0	0.0
0	0.0
0	0.0
0	0.0
0	0.0
0	0.0
0	0.0
0	0.0
0	0.0
0	0.0
0	0.0
0	0.0
0	0.0
0	0.0
0	0.0
0	0.0
0	0.0
0	0.0
0	0.0
0	0.0
0	0.0
0	0.0
0	0.0
0	0.0
0	0.0
0	0.0
0	0.0
0	0.0
0	0.0
0	0.0
0	0.0
0	0.0
0	0.0
0	0.0
0	0.0
0	0.0
0	0.0
0	0.0
0	0.0
0	0.0
0	0.0
0	0.0
0	0.0
0	0.0
0	0.0
0	0.0
0	0.0
0	0.0
0	0.0
0	0.0
0	0.0
0	0.0
0	0.0
0	0.0
0	0.0
0	0.0
0	0.0
0	0.0
0	0.0
0	0.0
0	0.0
0	0.0
0	0.0
0	0.0
0	0.0
0	0.0
0	0.0
0	0.0
0	0.0
0	0.0
0	0.0
0	0.0
0	0.0
0	0.0
0	0.0
0	0.0
