2	0.27419122351736075
4	0.04117507234457421
5	0.5630237274544042
6	0.2611358849334004
7	0.2508554967855794
10	0.016057833494740784
12	0.01035578947624368
13	0.056153842181049934
14	0.26150775596343917
16	0.22964865554144076
18	0.3097449727985743
20	0.2139474271581053
21	0.7735409452710388
22	0.5429241172143331
23	0.28072897025298654
24	0.3067291817297907
26	0.3538270148982594
29	0.043240674120858746
31	0.2590013500696503
33	0.05150183298374891
37	0.018244077207048983
38	0.5027007261231997
39	0.04477037966723174
40	0.025725589743152952
41	0.24428331346461005
42	0.5258475768315188
43	0.5098843930909999
44	0.2888387070227413
45	0.26658173274137226
46	0.031825724637239976
47	0.06454792456576869
49	0.2614515120060276
50	0.04480637297682858
51	0.03207975356591477
52	0.02101324516111528
53	0.05982707150383103
54	0.021276739188016792
55	0.015096291006962831
56	0.06942407257337346
59	0.05271162018845633
60	0.032091821583514736
62	0.04639075853279662
64	0.05295609738428719
67	0.0695246727029203
68	0.3111196868249482
69	0.00937387852675305
72	0.0463009411358459
73	0.08517883410749152
74	0.07299956212061559
75	0.32421047369789835
79	0.007825898840001896
80	0.16043447284897358
81	0.010207070359567097
82	0.2905502831455567
84	0.267407989285204
85	0.2567624315774855
87	0.25798604684645887
88	0.11849859611854628
89	0.2856063022863787
90	0.015764948338333848
92	0.5454216213285695
94	0.2648113427865789
95	0.01741052034631027
96	0.027313373703897935
98	0.26374114377210295
99	0.26144088706023855
100	0.038363481953816184
101	0.03347413978009195
102	0.22882297594050743
103	0.1141977532080296
104	0.35768688886175876
105	0.14687505831197678
108	0.3294409555407695
109	0.0006172855965384527
110	0.026455402364779317
111	0.0596192810289958
113	0.32484341501554714
114	0.06415852896074897
116	0.29423079768666
117	0.3080544502730307
119	0.014515898271731394
120	0.2855264689284708
121	0.23118937242428814
123	0.2659122397740323
125	0.26369002259292335
128	0.015461610515739375
129	0.3364734783097548
130	0.03569674585162144
132	0.07737590147574518
133	0.0002545033317280232
134	0.060443033922888405
135	0.00924182011703932
136	0.32769943236712284
137	0.04607368490629443
138	0.055624947768153965
139	0.07805147605817978
140	0.2843006049635244
142	0.29722677494246363
143	0.02529683256896021
145	0.05647305519544142
146	0.008996312516690589
147	0.04122136960751471
148	0.03041878844313986
149	0.3549633005981575
151	0.22610672667569173
154	0.04744183677313789
156	0.0586578899029544
157	0.2490969984621308
158	0.28582451072701043
160	0.2771702701162932
162	0.056798678334910604
164	0.0327062636707825
165	0.4960527366200677
167	0.262334383453972
168	0.07704452970076076
171	0.044232072526822555
172	0.35916047919720495
173	0.05845214101466484
174	0.3048238260337499
175	0.21460745782828056
177	0.531653833229413
178	0.24436374524765048
179	0.009723865155622
182	0.24929100807925184
184	0.041162385164729004
188	0.25804126191412013
192	0.12057026798219005
193	0.05039008771113746
194	0.023947952610359056
195	0.1309129280382846
198	0.2544636069772392
200	0.270928480165501
204	0.10573807322432349
207	0.044625041054862695
208	0.11221717629051903
209	0.04691691793937189
210	0.07032310910746972
213	0.06763712479687799
214	0.5307225350478344
215	0.2887440914484156
216	0.3229786178676883
218	0.06368939349092884
221	0.0772755563251327
222	0.24585696321908007
223	0.04145223870858153
225	0.04995427410428906
226	0.0689201500067037
227	0.09212540460754237
228	0.18170630864482504
230	0.22895598547823096
231	0.2643588954498651
232	0.029802181103285127
233	0.24331919850965522
234	0.5026339585196113
235	0.2953532866890154
236	0.515691857344414
237	0.5221363874709679
238	0.256155771454292
239	0.08078557571589719
240	0.32486514002879013
242	0.008109389916672587
243	0.015298403078912483
244	0.07007325381064602
245	0.23078758550270573
246	0.022466716754295287
248	0.33568093161413415
249	0.28328920056605367
250	0.2763537719432144
252	0.025510618187420817
253	0.2794216282110128
256	0.30227381817627463
257	0.008682666819851616
259	0.3163135529692549
260	0.07059315316204119
262	0.25745687065476935
264	0.23763393906806268
265	0.03592116460549526
266	0.07880185579062868
267	0.2739580215866222
268	0.06272961856455175
269	0.011700583586131439
270	0.29306694499024877
271	0.283557212968563
272	0.3074476660355833
274	0.056761890711078705
275	0.02033060370893964
276	0.5555550449340859
280	0.2810621975905732
284	0.058878325093191144
285	0.2962111149395409
286	0.04876158251490402
287	0.10148631143010343
290	0.007920972550161564
291	0.2786974034326657
292	0.2848272284201675
293	0.24305118994261005
294	0.033886967467781706
295	0.025695244687903147
296	0.5350465611446986
297	0.060355908751720436
298	0.28693061332445224
299	0.06341575485259165
301	0.053379120069133236
302	0.2430775167969809
303	0.29980890936968757
305	0.28419826711429397
306	0.050815181449919034
307	0.25097201651929557
308	0.2973220069370674
309	0.00817354205943063
310	0.040636908957013676
312	0.014660537180118342
313	0.03165146356275723
314	0.47718114083437146
315	0.30493856379385414
317	0.2843006049635245
318	0.038959818988276676
320	0.2905774760437435
321	0.23592383969509748
322	0.2887409290604949
323	0.5435155157783735
324	0.03557270088584375
325	0.5006083967831676
326	0.2614258632013733
328	0.4904975759760749
329	0.48906747441037574
331	0.03974812299850069
332	0.5424052170458447
333	0.2821413954701189
334	0.2544323782960919
336	0.017483596553885858
339	0.277665756630765
340	0.25034060910030936
341	0.06870358210861383
342	0.294005370411586
343	0.26857344083947654
344	0.29479786971807126
345	0.26306804615809914
346	0.2993617218931547
347	0.2797261148501251
348	0.020748426018150058
349	0.05017560592841712
351	0.06856727882528917
352	0.04812996689300089
353	0.05304788241292867
354	0.08007855141650813
357	0.06488967786299074
359	0.024595323962428497
360	0.2983087823932115
361	0.2730897004446965
362	0.4009582801255839
363	0.5041139736634025
364	0.0817021111885317
365	0.007982172997663396
366	0.05645601393141693
367	0.5361612385866025
368	0.2197807498172858
369	0.019981575236170054
370	0.3199043812646961
371	0.0094522280986475
373	0.2383203982264866
375	0.014352596975076945
376	0.2978712373285681
377	0.08165238017105883
378	0.5040672704906305
379	0.5259599071164897
380	0.541582824971889
381	0.020381841854805755
383	0.23447772913675421
384	0.04772948697284968
385	0.06046089866824086
386	0.01434993386293916
387	0.05598674109569646
388	0.27685616467626595
389	0.3295339525240015
390	0.2537916592422331
391	0.05331984959849243
392	0.3026889077918265
393	0.011639775947428245
394	0.5085482136006535
395	0.04047761540848167
396	0.0013842793260135516
397	0.29289338450450475
398	0.4862077919049245
399	0.5335389660138784
402	0.29475611361837617
403	0.29794728131053344
404	0.0761295970725259
405	0.3148423987014071
406	0.5355279070625134
407	0.518407671685181
408	0.08777661594062536
409	0.025263660910973276
410	0.03494215023726464
411	0.5195027384253609
412	0.02940068188428431
413	0.2323753863569241
414	0.35752683446060846
415	0.06251653719710562
416	0.2594535478548635
417	0.5395079895894532
419	0.30136205804911453
420	0.32643332636986355
421	0.30544300060313934
423	0.5048585301374046
424	0.062131211977989535
425	0.13125314309577737
426	0.04463606962281516
427	0.2862303355607916
428	0.038733273691592254
429	0.30778355086082654
430	0.04808840658799465
432	0.25600294132853885
433	0.07368179436159297
435	0.05813006820352389
436	0.07236759712022726
438	0.03979716687132816
440	0.30628912492759175
441	0.027581126656334127
442	0.5479410898425922
443	0.048599766508069714
445	0.007231862978565803
447	0.2724507759255417
448	0.26401282192835646
449	0.060963548818832786
450	0.290083880226608
453	0.057537588145749656
456	0.015310616524562146
457	0.23949988738332123
458	0.31648453275083743
459	0.4673188289621828
460	0.5430403757969757
461	0.274995027695636
463	0.09047766191309475
464	0.31337493446139963
465	0.27680955398953294
466	0.3027785305542752
468	0.27351723558875274
469	0.5307340387170206
470	0.028457252597548888
472	0.07080030272085222
473	0.026566684763509527
474	0.5314247972053963
475	0.08564564654347846
476	0.05213917796526759
479	0.31109640350076256
480	0.4999269589121614
482	0.2730803620313799
483	0.016712876624848064
484	0.018963259917408288
485	0.38670952428368843
486	0.4731843794809825
487	0.2819197720271609
488	0.2511903521654509
490	0.2961538467301642
491	0.3286145378771998
492	0.3002710123644153
493	0.2340329960760404
494	0.03991793208546744
495	0.22502673022804112
496	0.35065787183961417
497	0.3153238669921989
500	0.32097618154682966
503	0.24057795445918573
505	0.018226767435362307
506	0.2620538711796845
507	0.06515847150351015
509	0.2862086461118888
510	0.04080860509711878
512	0.28767441013634965
513	0.008119254808033965
514	0.26896349016813575
516	0.05092377072220483
517	0.26160891982575996
518	0.007696736249626111
519	0.4989452336622688
520	0.30463388731793045
521	0.24987262268751986
523	0.01497452376839005
524	0.31263996552569806
525	0.500453440985473
526	0.30429392012639495
527	0.007531742557768936
528	0.27291542851534917
529	0.00493336680951225
531	0.3286743552248822
532	0.49565439070480255
533	0.010986817613926798
534	0.30194604302087164
536	0.4933341260837485
537	0.30200670894825055
538	0.04052971940879026
540	0.2838264495800181
541	0.0018347406244474396
542	0.029084849373941374
543	0.028343412128321508
544	0.35690342361860056
546	0.29477712605502304
547	0.09131219643478616
549	0.3269992759307971
551	0.2748669930093417
552	0.0719333850858564
553	0.3008546366988153
554	0.029844447773201777
555	0.268959434870846
556	0.5176280925876052
557	0.2556632266380797
559	0.0004514963417647719
560	0.10331601790177228
561	0.3240161926979207
564	0.01584691473075636
566	0.06594035759479784
567	0.28388669505928277
568	0.27563681630870085
569	0.7646844044160845
570	0.35789434939725046
571	0.2670944238816859
573	0.2989112050099382
574	0.5227959317019094
576	0.2455785095336366
577	0.2148922196801397
578	0.2718533771085293
579	0.018235467791105048
580	0.23631411771422975
581	0.09042473693766556
582	0.5333361473208272
584	0.017168866744840194
586	0.29390607001211366
587	0.06126595415625919
588	0.23111195999221973
589	0.26162961347921165
590	0.03968078111101102
593	0.0024636977606926035
594	0.2949661712109534
595	0.23348049490601938
596	0.0026867391041957914
597	0.024271514575561984
598	0.3133517594651951
600	0.07463914358763007
601	0.015299826505319272
602	0.7604720096849416
603	0.3313382056079673
605	0.2564927361934649
606	0.4871329873929489
607	0.07861638531592563
608	0.03656939822297631
610	0.04663577176491351
611	0.05630519169304626
612	0.04798220831163541
613	0.013856278079848357
614	0.3068739248139667
616	0.27063336539151445
618	0.47528211491349714
619	0.2681364716658645
620	0.008767458762869322
622	0.5419111262962272
623	0.003464208502180502
624	0.06952327465470182
625	0.01688115653708873
626	0.33822591636719945
627	0.29187732202540967
628	0.06253437515150917
629	0.22199487977312812
630	0.0589640303704812
631	0.07702334521558322
632	0.24669304566984673
634	0.31310180484203387
635	0.33395142698114993
636	0.28504892898345896
637	0.08576227997970115
638	0.268717552758894
639	0.5439948608631665
640	0.2606177986987944
641	0.23145393899439237
642	0.01605527027365946
643	0.2573640359250049
644	0.02249523208371647
645	0.015608382111959366
647	0.5033659707550465
648	0.053906356768110314
649	0.2716067731038455
650	0.24567722746701376
651	0.06448912483377342
652	0.31124418996225856
653	0.5309504274830837
654	0.5098957521197894
655	0.0006878636460390108
658	0.3100524128052005
659	0.25804202429058576
660	0.00560500111975594
663	0.07542954320035056
664	0.5472048968396757
665	0.283243872728342
666	0.5413027950604805
667	0.28125798318422307
668	0.08412650145331359
669	0.27483579677881914
670	0.5530220462674292
672	0.29443267284169794
674	0.3118573520332774
675	0.044963293123456205
676	0.5558040162161254
677	0.06016535806114097
678	0.3038281920188688
679	0.26251323173753066
680	0.2579033280841833
681	0.2462940993180276
682	0.539476229391305
683	0.7731548364539743
684	0.2471421132891641
686	0.06127082959250635
688	0.019741649487374623
689	0.007628731338280993
691	0.3049070710984022
692	0.004120736338218127
693	0.028755306437300517
694	0.013687793101490021
695	0.3588755831215148
696	0.3207994800328542
697	0.05477016992809489
698	0.006494835112564108
699	0.044709096842713486
700	0.018992911858719996
701	0.22788718377725467
702	0.03773010998559525
703	0.3070239868059456
704	0.08600825136495735
705	0.31095211326708905
706	0.00730590828104272
707	0.0030734843947142904
708	0.008548637275357675
709	0.295682827754795
710	0.06915896878790384
711	0.017522735698370488
712	0.28697702601986474
713	0.1088277685703781
714	0.003611606400611426
715	0.04346326835271422
716	0.036870488635497314
717	0.2974696070174216
720	0.3406358745545603
723	0.020992181499048947
725	0.09225484594837381
727	0.7671703616084427
728	0.33399598585537327
730	0.017200201516222473
731	0.011448939601229034
732	0.32643845680673317
733	0.32176947299531955
734	0.24542578736044454
735	0.014065063429887354
736	0.2853312218079785
737	0.3167727673131266
738	0.300801288630702
739	0.2530893704706336
740	0.124162015753559
741	0.018638243859927413
742	0.0698625943452248
743	0.3375813440313413
744	0.04159739025523376
745	0.08225333081574818
746	0.4854817835824755
747	0.275381120151645
748	0.29973519969933227
749	0.23709162490132785
750	0.009418806141774625
751	0.49671294634651825
752	0.32456087476368706
753	0.26931188166034614
754	0.04784992829758086
755	0.060216900535200096
756	0.5101779966824185
757	0.28190283307164604
758	0.005654937993456469
759	0.016965083258879427
760	0.062090289559899356
762	0.2671265461379548
763	0.27248127314622705
764	0.4952389291507178
766	0.0575393624480756
767	0.025044205028686713
768	0.12345120988981087
769	0.04244390007052703
770	0.02910238315237108
772	0.27521012821341384
773	0.4919539293970437
774	0.06750156603205668
776	0.27758797316235573
777	0.04208888582798613
779	0.2630051922244649
780	0.2872983705677796
781	0.538221655144819
783	0.3161613405825548
785	0.27552399347984863
787	0.29848312813957006
788	0.06417926191270248
791	0.02392456977646049
792	0.3162637229425701
793	0.1953563685362425
795	0.5503441889863843
797	0.2611251741240594
798	0.5031384830653153
800	0.28130126859774807
802	0.009266193416961749
803	0.46644971308839284
805	0.04918108246263392
806	0.5313560539480717
807	0.29339399639468433
808	0.10507110003166142
809	0.2903275040393027
810	0.2957355475691701
811	0.03663584778685455
813	0.044290811748544365
814	0.057379203855376426
815	0.24736437199444883
817	0.07363567934711582
818	0.2864513014220823
819	0.31911704960369447
820	0.3676371182608441
821	0.014598515408870128
822	0.0563277470021228
823	0.01310150865650074
824	0.031225830121191747
826	0.05311244951237655
828	0.3236444025860173
829	0.749401288107465
830	0.05189840676943145
831	0.016545008043001658
832	0.26496398024121237
833	0.27976357374537514
834	0.021139244012672528
835	0.5014224639947183
836	0.34315444074182266
837	0.23537773600901996
838	0.0072511448308593615
839	0.28922471342460904
840	0.014284498722270427
841	0.3072803133518604
843	0.027647135279865533
844	0.5050511675448158
846	0.2725343803876169
849	0.47430519455231424
850	0.4755111791030677
851	0.31130119536840417
852	0.3139004897390607
853	0.10089675041902724
854	0.04408772812570737
858	0.02997443946274184
860	0.3143649835558012
861	0.049064217533772686
862	0.2629805605968284
863	0.06869176475410563
864	0.03739480822714723
865	0.18054593728742477
867	0.02536855391817879
868	0.5665068834049448
869	0.28984232286727857
870	0.5256891500014361
871	0.3119322769751105
874	0.5439486442756255
876	0.02245772631047891
877	0.018559167816717542
878	0.04590808765668025
879	0.09786361594100948
880	0.2965871560788264
881	0.05684036323803664
882	0.26791942220940407
883	0.31108350741984486
884	0.05195702537115984
885	0.20647545167235887
886	0.5026094977732668
887	0.25477287850524855
889	0.27188646373820347
891	0.30694869429191957
892	0.3140111340175828
893	0.5359148211473883
895	0.2484886389527231
896	0.49330753963718754
897	0.2273249267364846
898	0.5492488668936992
899	0.25563246154289254
900	0.029161485399108233
903	0.03032368755766413
905	0.14294079357224462
906	0.2654282664848653
907	0.03671944536634144
908	0.01922969473859488
910	0.047452031078562114
913	0.08314637714611095
915	0.07554977073863833
916	0.26786324829220737
917	0.24003652348784876
919	0.07772844141773459
921	0.022404636238715532
922	0.5170151735179707
923	0.053402894672467296
924	0.21911077261516507
926	0.3162795307725009
927	0.056947120506378304
928	0.05642247884226825
931	0.06639854566452172
932	0.27064462952340745
933	0.5195789118230233
934	0.2984031410362892
936	0.023051460797459327
937	0.048679208765121024
938	0.5058542914357302
939	0.059892746765409906
940	0.31925918368444944
941	0.024486171980357522
942	0.5109784466710812
943	0.06841649176061117
0	0.0
0	0.0
0	0.0
0	0.0
0	0.0
0	0.0
0	0.0
0	0.0
0	0.0
0	0.0
0	0.0
0	0.0
0	0.0
0	0.0
0	0.0
0	0.0
0	0.0
0	0.0
0	0.0
0	0.0
0	0.0
0	0.0
0	0.0
0	0.0
0	0.0
0	0.0
0	0.0
0	0.0
0	0.0
0	0.0
0	0.0
0	0.0
0	0.0
0	0.0
0	0.0
0	0.0
0	0.0
0	0.0
0	0.0
0	0.0
0	0.0
0	0.0
0	0.0
0	0.0
0	0.0
0	0.0
0	0.0
0	0.0
0	0.0
0	0.0
0	0.0
0	0.0
0	0.0
0	0.0
0	0.0
0	0.0
0	0.0
0	0.0
0	0.0
0	0.0
0	0.0
0	0.0
0	0.0
0	0.0
0	0.0
0	0.0
0	0.0
0	0.0
0	0.0
0	0.0
0	0.0
0	0.0
0	0.0
0	0.0
0	0.0
0	0.0
0	0.0
0	0.0
0	0.0
0	0.0
0	0.0
0	0.0
0	0.0
0	0.0
0	0.0
0	0.0
0	0.0
0	0.0
0	0.0
0	0.0
0	0.0
0	0.0
0	0.0
0	0.0
0	0.0
0	0.0
0	0.0
0	0.0
0	0.0
0	0.0
0	0.0
0	0.0
0	0.0
0	0.0
0	0.0
0	0.0
0	0.0
0	0.0
0	0.0
0	0.0
0	0.0
0	0.0
0	0.0
0	0.0
0	0.0
0	0.0
0	0.0
0	0.0
0	0.0
0	0.0
0	0.0
0	0.0
0	0.0
0	0.0
0	0.0
0	0.0
0	0.0
0	0.0
0	0.0
0	0.0
0	0.0
0	0.0
0	0.0
0	0.0
0	0.0
0	0.0
0	0.0
0	0.0
0	0.0
0	0.0
0	0.0
0	0.0
0	0.0
0	0.0
0	0.0
0	0.0
0	0.0
0	0.0
0	0.0
0	0.0
0	0.0
0	0.0
0	0.0
0	0.0
0	0.0
0	0.0
0	0.0
0	0.0
0	0.0
0	0.0
0	0.0
0	0.0
0	0.0
0	0.0
0	0.0
0	0.0
0	0.0
0	0.0
0	0.0
0	0.0
0	0.0
0	0.0
0	0.0
0	0.0
0	0.0
0	0.0
0	0.0
0	0.0
0	0.0
0	0.0
0	0.0
0	0.0
0	0.0
0	0.0
0	0.0
0	0.0
0	0.0
0	0.0
0	0.0
0	0.0
0	0.0
0	0.0
0	0.0
0	0.0
0	0.0
0	0.0
0	0.0
0	0.0
0	0.0
0	0.0
0	0.0
0	0.0
0	0.0
0	0.0
0	0.0
0	0.0
0	0.0
0	0.0
0	0.0
0	0.0
0	0.0
0	0.0
0	0.0
0	0.0
0	0.0
0	0.0
0	0.0
0	0.0
0	0.0
0	0.0
0	0.0
0	0.0
0	0.0
0	0.0
0	0.0
0	0.0
0	0.0
0	0.0
0	0.0
0	0.0
