1	0.0049754616910062666
2	0.2175648888138924
3	0.0054095682467875
5	0.49925417979233444
6	0.014072400067165314
7	0.5096034442660237
8	0.7622065583762018
9	0.2762387288950036
10	0.012620822821755508
11	0.23382866532721208
12	0.2728744890352892
13	0.21146482765086685
14	0.005590716962560957
15	0.5226768097972558
17	0.5690122324750202
18	0.034735059441368156
19	0.007928717245095009
20	0.24967606562257605
22	0.2555558655024372
23	0.002817317838881908
24	0.016423243856909266
25	0.23940197801029153
26	0.20605552505304678
27	0.38998264731301735
28	0.535178339841655
29	0.03266603034853746
30	0.02900073514441172
31	0.045352969060367315
32	0.7827833456948907
33	0.042508923966353265
34	0.21746527422540585
35	0.05912159188022334
36	0.055448125212673824
37	0.2857834711959032
38	0.02198448278316565
39	0.027382886829664322
40	0.03933931952500268
41	0.516315819286643
42	0.03246867835137879
43	0.24339303682049496
44	0.017324371377470577
45	0.523870203233498
46	0.5464386102884246
47	0.06429938699772383
48	0.07673981901498778
51	0.5355644560956392
52	0.5456337732402244
53	0.04322488485540617
54	0.7596566667747633
55	0.5332082579324628
56	0.30505580953343436
57	0.5392525935312924
59	0.03949995198888654
60	0.26926102740890584
62	0.01764953755119723
63	0.22216809542937768
64	0.029283670840630393
65	0.009509175422863714
66	0.029057978580986136
67	0.298691078055067
68	0.7676852404489587
69	0.31307931849405385
70	0.301779568937656
71	0.5316558281714354
72	0.01087683622267242
73	0.03876035493271762
74	0.036979238081991266
75	0.4974535500107814
76	0.5212727268787378
77	0.25300543879806714
78	0.29767532421368365
79	0.48620453421782445
80	0.3203805500077673
81	0.30511421397935945
83	0.26430083891800754
84	0.5161483825500082
85	0.005874575830155448
86	0.3624834553138569
87	0.5507027716573134
88	0.2832379196001849
89	0.24507712867437179
91	0.019036638446603832
92	0.5019540529272586
93	0.5396552004327665
95	0.021201924048672893
96	0.275513385255703
97	0.005359390964760142
98	0.007583798015637647
99	0.4962258681413645
100	0.2510288909987953
101	0.49178023750567995
102	0.4953479896340435
103	0.45036645366899053
104	0.20044620117786677
106	0.2394989488219438
108	0.010947582048710582
109	0.2618063145028808
110	0.015403479308310663
111	0.2520744667733633
112	0.04764468589405092
113	0.2587804365156773
114	0.2739422046182815
117	0.5157960357491064
118	0.2786089634693005
119	0.29198249037479695
120	0.2777825378829708
121	0.2353752052451527
122	0.2655449199223266
123	0.008693622905169014
124	0.2543042964545426
125	0.524746045464328
126	0.2909710945287104
127	0.25300919688955203
128	0.5167379304673119
129	0.009652670770728875
130	0.2632379622804139
131	0.25770483470219885
133	0.49870574789348077
134	0.4709770970225585
135	0.264287019243175
136	0.02717742740222093
137	0.2801354403741835
138	0.021077720750352066
139	0.06164971565252519
140	0.046869054258444745
141	0.21836368502956433
142	0.5225614394755491
146	0.0035029764818273502
147	0.5068779345700942
148	0.2714005993296254
149	0.25986341828602455
150	0.042295650710135205
151	0.011852597820046891
152	0.2885355267369668
154	0.037009438199237674
155	0.4949756049409665
156	0.017771349760399215
157	0.5309155525783185
158	0.4739128490864474
159	0.2573567150509181
161	0.2050329703157851
162	0.0295136706316288
163	0.3681088012859816
164	0.014315582075815708
165	0.47302356479040397
166	0.013744935511661952
167	0.05640455005248402
169	0.4781874257842953
170	0.23448141274425605
171	0.27641086639798684
172	0.010011845067554658
173	0.03509305381720346
174	0.2950633037508514
175	0.24650052844854017
176	0.0350440873480735
177	0.015986693489050442
178	0.4852776208355258
179	0.025371871435494613
180	0.31138997913962524
182	0.2422635860246114
184	0.004434257267228396
187	0.2720714672924394
188	0.2484410416359292
189	0.0040027077711671764
190	0.48420340854951643
191	0.22984124318105648
193	0.535695888062066
194	0.29045257882814585
196	0.22598629180470398
197	0.4638861803858285
198	0.0016871098287574889
199	0.5278868828788379
200	0.24211687095349863
203	0.22787823454661724
204	0.33146171165173427
207	0.010485757672519854
208	0.23541497238752743
211	0.26716076732901006
212	0.337108751468083
213	0.02116917809534983
214	0.013355572828223694
215	0.23475616605309158
216	0.038517965015004284
218	0.05094862943140989
219	0.251475754571765
221	0.24932980616078335
222	0.0031337725493236664
223	0.02135264327379722
224	0.03957200203056767
225	0.01929024733375282
226	0.0033290684000736245
227	0.03700046890973678
228	0.5512073479838062
229	0.2564416020192948
230	0.01730628549517172
231	0.5558137472255726
233	0.7526528793488986
234	0.23592249795164194
235	0.2722584601345213
236	0.026622396494505166
237	0.2732679693334418
238	0.27405764828628293
239	0.026134316225399745
240	0.02838657328436957
241	0.39503249786613737
242	0.5052476528699279
243	0.22488769076914683
244	0.26045452605649083
245	0.28773957268187855
246	0.707315387668335
247	0.5368893899262476
248	0.0377671433029014
249	0.24987057888124867
250	0.2567044490958337
251	0.2155692426632824
252	0.4865585443607727
253	0.2470271866274188
254	0.5374995603638094
256	0.024545965323528495
257	0.5160078394906844
258	0.29889256249113955
260	0.07980945307891882
261	0.29349717243353873
262	0.2650420307815889
263	0.015847175925167857
264	0.049208829708590855
266	0.1763428510749185
267	0.23296498218246608
268	0.2703113380357002
270	0.0014074537045075247
271	0.24515772775953462
273	0.30467942665888254
274	0.06794689412046007
275	0.5393657041537685
276	0.47729919206566185
277	0.23223632240911093
278	0.4708828504316864
279	0.2565752075004433
280	0.24286607320516748
281	0.5697300792214198
282	0.2510236872035462
287	0.26001359946840147
289	0.38916780725493705
290	0.2715181677559386
291	0.4980432376167616
292	0.23161324790508003
294	0.7077570052079378
295	0.01432248529274762
296	0.48954580987482654
298	0.01805452804988008
299	0.26351034072255064
301	0.2810389155469331
302	0.552290283192017
304	0.021829161727082793
305	0.014662016461799605
306	0.5024178570915357
307	0.2601132401597445
309	0.058283674121289986
310	0.476110346572166
313	0.009260318674827038
314	0.5085826643078694
316	0.23407372427930712
317	0.04229565071013519
318	0.024895242403145897
319	0.045940618671391605
320	0.02086992457612879
322	0.038411786119118975
323	0.508773518359914
324	0.01921846781597886
325	0.4909765883928733
326	0.28101628223293873
327	0.0008510184043286351
328	0.2676791053659233
329	0.471087286778328
330	0.25582959040099873
331	0.2529630672047923
332	0.011937713828341773
333	0.04885908733622436
336	0.5657355412313125
337	0.49650044351086486
338	0.24694650136839366
340	0.012108306256286751
341	0.0738450996664494
343	0.21760164066819646
345	0.2493108282728066
346	0.2855474210462631
347	0.22221748068743896
348	0.4924361929665691
349	0.31487850216262053
352	0.554280840806646
353	0.2983452070190008
355	0.017221160938137508
356	0.07869766888909106
357	0.29090603448953356
358	0.2914369078254382
359	0.7402652124042001
360	0.0018805324002579143
361	0.2854495282838436
362	0.00977659657148186
363	0.4693050418022601
365	0.23190412412402658
366	0.29133683495154666
367	0.5135788788723116
368	0.27094493462465163
369	0.7956305663240614
371	0.0033691467815885542
372	0.017664734914438318
373	0.23732972583213785
374	0.19326904299774017
375	0.06690237422939534
376	0.52632478642564
377	7.646161116710293e-05
378	0.24728610122954703
381	0.0390967836096074
383	0.25000213901981244
384	0.012303024292263428
386	0.051135101486452436
387	0.012211792225205746
388	0.0012278483439604158
389	0.019814978028969796
390	0.01947715385043089
392	0.01668960038318757
393	0.27092499115365326
394	0.4601676393346058
395	0.26169050960298024
396	0.26914299083656235
398	0.24765290119365688
400	0.30663464845698646
401	0.002339965001632957
402	0.01180801309211698
403	0.038765836496590295
408	0.003827100127470298
409	0.26631949267705324
410	0.5051020838728814
411	0.003134514062044007
412	0.052844043989447434
413	0.7809305763474507
415	0.30968836784613435
416	0.22059011128779243
417	0.04327868930814429
418	0.35156943273442937
419	0.49587937995046644
420	0.023292721223790704
421	0.05107283248959204
422	0.0319903182230397
423	0.2652236824600102
426	0.262181124376678
429	0.02627988364692619
431	0.03339193099028757
432	0.5275702094044359
433	0.019588922144583368
434	0.029121858818102746
435	0.2725021566539861
438	0.2830090916605622
439	0.32357958552195865
440	0.5208273616320209
441	0.5317222001658407
443	0.2859449226606102
447	0.0001704013333500426
449	0.542253559278174
450	0.5062403804412133
453	0.2588559386749041
454	0.017317070803652215
455	0.20332926238995527
456	0.2599508743332796
457	0.23404602879784142
459	0.48615740628249754
460	0.0066268523729171094
461	0.33984230790090525
462	0.02087056226808091
465	0.2559702028599842
466	0.3035255972304315
468	0.48422382049770746
469	0.016733254817508383
470	0.5189246589928471
471	0.2659132621138607
472	0.2804577209135364
473	0.014827210453919517
474	0.2669610739910425
476	0.01696282855040821
477	0.031466879210717294
478	0.020157924592599887
479	0.002066064357940489
480	0.00889327636091829
481	0.48285407730683055
482	0.2945536967434702
483	0.7791306422480225
484	0.5473543739291977
487	0.4967890259278713
488	0.5196291025579038
489	0.024215932497183953
490	0.027940795413407018
492	0.26662507166181737
494	0.04172800159859645
495	0.47452229363898124
496	0.27507848281676434
497	0.49951542327222875
499	0.01857102460237821
502	0.2680327155717418
503	0.016642630927090483
504	0.029903243744679238
505	0.27372775879599026
506	0.24377586581919006
508	0.0016103488939400515
509	0.41885861227914645
510	0.057862151445098126
511	0.33164203192059866
512	0.03659080303383269
513	0.5218071688197199
514	0.25112194478237637
515	0.08667291396857728
516	0.2702368993404144
517	0.5135211267074002
518	0.022783158528471164
519	0.26029575320552684
520	0.29416675576014495
521	0.26346318225730975
523	0.2649054383785945
525	0.2512410901213769
526	0.21184360672287036
528	0.2922255308684256
529	0.04176767874188731
530	0.034914747110372894
531	0.2584761444995125
532	0.23653316057509344
533	0.27990399415247114
536	0.7484517752727806
537	0.25641402128638147
540	0.512438308079264
543	0.008519935000616239
544	0.2201796448907703
545	0.2658963710357257
546	0.27907012205321713
547	0.004695838346725278
549	0.2922837368117287
550	0.2953241261682667
551	0.2526347648260864
552	0.5259594792090857
554	0.7746884405762648
555	0.5111116885192971
556	0.2742282463322191
557	0.29114140427203866
558	0.0010084289855637613
559	0.25580753845961024
563	0.7780326040084614
564	0.27925124833134535
565	0.28063457661271646
566	0.031745762066272894
568	0.04026241886807709
569	0.005342691507583416
570	0.19092392897105237
571	0.5068655275362872
573	0.01354388320432022
574	0.0036930243481308363
576	0.5142056280823442
577	0.22296547610153777
578	0.25820131706566823
580	0.45966294500871463
582	0.6973457312038942
583	0.013965261145167381
584	0.49996104757504783
586	0.23692581095796417
587	0.06777022447357828
588	0.21494341844100712
589	0.042171289923057145
590	0.2650710851211915
592	0.22778297010615375
593	0.5247721747903037
594	0.24956092999477883
596	0.2697618954417458
597	0.03179268057996951
598	0.47907938552444285
599	0.015518835615577629
600	0.03282843689334122
601	0.23489253991251424
602	0.4738112211872789
603	0.502384110831307
605	0.23221102593464535
609	0.6830406704850719
610	0.016155193890724298
611	0.01708436392410556
612	0.5204758796074285
613	0.024105769559905545
614	0.24477407050421274
615	0.024725077655187395
616	0.7616187868652583
618	0.2543758025480357
619	0.2911599762294719
620	0.5179730045155995
621	0.2526185495939529
622	0.262446965388296
623	0.25430844711834705
624	0.030355833344471287
625	0.2622281897885158
626	0.2391106298271151
627	0.05769777138102452
629	0.24601085589502988
631	0.03595056387149458
632	0.2879541353794539
634	0.027770457862920622
636	0.034748380612754426
637	0.2881904919930369
640	0.25598642666325055
642	0.29859587737266957
643	0.007802426005800861
644	0.2971297262515135
645	0.0199664340702302
646	0.4809925043567525
648	0.01998023575512867
649	0.01129662947035992
650	0.020375983451006812
652	0.012438057728796005
653	0.27226165426551846
654	0.22389268155042635
655	0.019392671668460013
656	0.2114535716717313
657	0.2817899933461637
658	0.03067261017121933
660	0.5157699286786203
661	0.22788718377725467
662	0.022062402986210407
663	0.2797023531374513
665	0.010918155875628936
666	0.2391846087727533
667	0.05005827252998056
671	0.25447662529679776
672	0.2515669415188625
673	0.0770433864798782
674	0.4666699801901518
675	0.5846797510207733
676	0.23698575526334376
678	0.001178542668779474
679	0.5323389548127503
680	0.5062733635667201
681	0.5360873877044409
682	0.2730148936121272
684	0.7456855475709583
687	0.04856398802301975
688	0.03318329915258603
689	0.5326723051604899
691	0.5125250890580517
692	0.27525779145556245
693	0.22283218727404114
694	0.28343371208610774
695	0.28793796036738895
696	0.0007263452274989153
697	0.4876555843181737
698	0.5179983954705651
699	0.051127627693957275
700	0.5463361784590791
702	0.537657719106606
703	0.2955354024618552
704	0.04205686289304799
705	0.26257909030786
706	0.5317704721682265
708	0.5493251400469626
709	0.2575519043484369
711	0.017921507275932086
712	0.2764006855933728
714	0.2795368082435212
715	0.5114174374996996
716	0.24826976916325222
717	0.03295769066591697
718	0.24335364824892905
719	0.006660366387412513
720	0.02707334906695831
721	0.22435673257820996
722	0.4996546673668838
723	0.5195061077326122
725	0.2478139613817266
726	0.19625569490816597
727	0.20126127403362343
728	0.2455308337252263
730	0.5218217080586872
731	0.2824963267377651
732	0.04742023316737042
733	0.01773846226303665
734	0.002925631185330353
735	0.2597630136788372
736	0.2829840724098575
737	0.04132827794643533
738	0.46074370433257705
741	0.006195474351372764
742	0.24788888353559524
743	0.22210878120159422
746	0.2718383040056832
748	0.01543900432347809
749	0.2432178661412397
750	0.4874298967666385
751	0.2633734205487107
753	0.008836521267098288
754	0.2779752898654184
755	0.2747539153035044
756	0.23669131130050022
757	0.2440290483794955
759	0.25615595781028644
760	0.44742677850334556
761	0.27268473706952023
762	0.23756583843068488
764	0.00671820321045399
765	0.2706604026265864
766	0.26885524868069205
767	0.2453519626989651
768	0.057982856228967254
769	0.49347887401599644
770	0.024411662043800037
772	0.4979333365432823
773	0.24400769911008205
774	0.07267804805763284
775	0.04359167049215004
776	0.2585475574788653
777	0.2827137607724117
779	0.016987045106242875
780	0.009895733007929355
781	0.2567389997016018
782	0.02355337217524153
783	0.018248223949172273
785	0.5218534326471809
786	0.005117204180117792
787	0.25996364840565683
788	0.28051844485040633
789	0.04922544495013424
790	0.014337873835612705
791	0.3082197867753269
792	0.5001173637110694
793	0.1982517449717393
794	0.2585670076630317
796	0.03929466119159606
797	0.3999972329188913
798	0.031099472242031627
799	0.3092343471914975
800	0.019477153850430945
801	0.04254770572239632
802	0.04793308162377531
803	0.2950629739855955
804	0.040111942649361035
807	0.29426956873209364
808	0.013917287863526806
810	0.01670074430157927
811	0.3231836594419508
813	0.24981640012084969
814	0.05147728518108505
815	0.27301436943827295
816	0.045800686334366146
817	0.01598381172214512
818	0.20751722278469417
823	0.009607916008842365
824	0.006385016962303307
825	0.2639856549843287
826	0.48189460466747314
828	0.22794475790695395
829	0.2503400387836056
830	0.24242580493430377
831	0.5079526488554856
832	0.5314980275717334
834	0.5301905224809464
835	0.007410218489111324
837	0.22684487152829716
838	0.2782368159846018
839	0.010381221389811502
842	0.2447333166211391
843	0.05059393350189143
844	0.26534039764121453
845	0.2786155940258204
847	0.5335803135935914
848	0.029361941472783894
849	0.5047603609548594
850	0.4926710783405152
851	0.27649983443643594
852	0.2754822058841632
856	0.28200874857109504
857	0.3938467170214819
859	0.05857539750307236
860	0.5051352772826072
861	0.009756464188319092
862	0.7575652966268499
863	0.057720146035030555
866	0.12898176392640617
867	0.2345491334156944
868	0.4787124717986978
871	0.02757960620875271
872	0.29576874061176894
873	0.010149636935597783
874	0.007294142684171185
875	0.24511946826526532
876	0.5146088237648436
877	0.5097462102644618
878	0.02698214141093292
879	0.49629458369992224
880	0.016219396566279538
881	0.2744015883468719
882	0.018901743916856194
884	0.2800875738609387
885	0.21936801175387047
886	0.23989312550144679
887	0.20806903844656763
888	0.25750701247605084
889	0.2548820810066257
891	0.2481822737750938
892	0.02834243334124279
893	0.5100619762998079
894	0.008479547761702746
895	0.7452945208817644
896	0.22713705132813403
900	0.20741094650684666
902	0.030131670507374954
903	0.02112912101552465
904	0.026670928124905895
905	0.004750776348682546
906	0.2845407288270345
908	0.021734827940426388
909	0.029866926943127564
910	0.2540534446845379
914	0.0024432932189926183
915	0.2921818370895383
916	0.2155060239088427
917	0.2772484864383637
920	0.295444540422804
921	0.2507534040732922
922	0.2137022856501528
923	0.2660395281744429
924	0.21780209924978736
926	0.2513936209966467
927	0.0224080966157125
928	0.013827179402846619
929	0.014521904539695589
930	0.2887781115148781
931	0.01901994174696585
932	0.2264578329155123
933	0.23574726295316184
934	0.015873004630750753
935	0.28354005130490234
936	0.507489121368066
937	0.2880489889716915
938	0.24918952145982584
939	0.5383714408598996
940	0.0001927288757757259
941	0.49531194033271014
942	0.4859766003785988
0	0.0
0	0.0
0	0.0
0	0.0
0	0.0
0	0.0
0	0.0
0	0.0
0	0.0
0	0.0
0	0.0
0	0.0
0	0.0
0	0.0
0	0.0
0	0.0
0	0.0
0	0.0
0	0.0
0	0.0
0	0.0
0	0.0
0	0.0
0	0.0
0	0.0
0	0.0
0	0.0
0	0.0
0	0.0
0	0.0
0	0.0
0	0.0
0	0.0
0	0.0
0	0.0
0	0.0
0	0.0
0	0.0
0	0.0
0	0.0
0	0.0
0	0.0
0	0.0
0	0.0
0	0.0
0	0.0
0	0.0
0	0.0
0	0.0
0	0.0
0	0.0
0	0.0
0	0.0
0	0.0
0	0.0
0	0.0
0	0.0
0	0.0
0	0.0
0	0.0
0	0.0
0	0.0
0	0.0
0	0.0
0	0.0
0	0.0
0	0.0
0	0.0
0	0.0
0	0.0
0	0.0
0	0.0
0	0.0
0	0.0
0	0.0
0	0.0
0	0.0
0	0.0
0	0.0
0	0.0
0	0.0
0	0.0
0	0.0
0	0.0
0	0.0
0	0.0
0	0.0
0	0.0
0	0.0
0	0.0
0	0.0
0	0.0
0	0.0
0	0.0
0	0.0
0	0.0
0	0.0
0	0.0
0	0.0
0	0.0
0	0.0
0	0.0
0	0.0
0	0.0
0	0.0
0	0.0
0	0.0
0	0.0
0	0.0
0	0.0
0	0.0
0	0.0
0	0.0
0	0.0
0	0.0
0	0.0
0	0.0
0	0.0
0	0.0
0	0.0
0	0.0
0	0.0
0	0.0
0	0.0
0	0.0
0	0.0
0	0.0
0	0.0
0	0.0
0	0.0
0	0.0
0	0.0
0	0.0
0	0.0
0	0.0
0	0.0
0	0.0
0	0.0
0	0.0
0	0.0
0	0.0
0	0.0
0	0.0
0	0.0
0	0.0
0	0.0
0	0.0
0	0.0
0	0.0
0	0.0
0	0.0
0	0.0
0	0.0
0	0.0
0	0.0
0	0.0
0	0.0
0	0.0
0	0.0
0	0.0
0	0.0
0	0.0
0	0.0
0	0.0
0	0.0
0	0.0
0	0.0
0	0.0
0	0.0
0	0.0
0	0.0
0	0.0
0	0.0
0	0.0
0	0.0
0	0.0
0	0.0
0	0.0
0	0.0
0	0.0
0	0.0
0	0.0
0	0.0
0	0.0
0	0.0
0	0.0
0	0.0
0	0.0
0	0.0
0	0.0
0	0.0
0	0.0
0	0.0
0	0.0
0	0.0
0	0.0
0	0.0
0	0.0
0	0.0
0	0.0
0	0.0
0	0.0
0	0.0
