1	0.0680194676055089
2	0.2920722835547252
3	0.18336189260619692
5	0.5158639757220986
6	0.2937281657416073
10	0.2539867692858052
12	0.25782748032710995
13	0.032968737768481
14	0.5127549039644032
18	0.5189358469320547
20	0.2729046053320683
21	0.285598201262851
22	0.3073667623479132
23	0.5293407772575318
24	0.28574063524941457
25	0.05946050951632441
26	0.3297871823792675
28	0.030581644044955242
29	0.0133924215430139
31	0.23689338721188538
33	0.508126250631119
34	0.19953004075838274
35	0.2874316559014405
36	0.011828337600618341
37	0.27028315308623196
38	0.036957564123207706
39	0.07025764425186067
40	0.5059333653067682
41	0.027986400462020486
42	0.030637439363398803
43	0.24692297020061807
44	0.29576142478000694
45	0.27627119851931686
46	0.009920889698045627
47	0.007200450421229281
48	0.006898040260904306
51	0.04266928299858477
52	0.03160836218512797
53	0.269544894989119
55	0.2586987955467733
56	0.04662178275848047
57	0.038057996501509914
58	0.010974749663393055
59	0.26408431465790305
60	0.5286652859060424
62	0.2750773154085185
63	0.17101190200163777
65	0.2673926753253978
66	0.040700998917057446
67	0.289697294389169
68	0.2948407611190639
69	0.014309973213685177
70	0.2780900643825323
72	0.28018918444009416
73	0.3328120798559483
74	0.5159843955227876
75	0.051350393884625894
80	0.3259789568208963
82	0.5174842725332834
83	0.28186950266474065
84	0.2542281984823541
87	0.2680002186505163
88	0.09076737446815994
89	0.034043830320745136
90	0.03215504876306285
91	0.26738276120347065
92	0.27567029891210326
94	0.022545820550671627
95	0.0336024312969679
96	0.032337018395161704
99	0.03414875239928777
100	0.5290704845477485
101	0.04406979553364749
102	0.007623633317558741
103	0.08089371655150308
104	0.11466509210101798
105	0.5669815974815243
106	0.5286579714594908
107	0.0729757476936127
109	0.25812182089825947
110	0.2703029206152816
111	0.29807417709238404
112	0.26725151566306715
113	0.30182532204074386
114	0.06668873621909907
115	0.2477294712270523
117	0.28854794340757245
120	0.02905010190596758
121	0.30193265115520906
122	0.007649401397116024
128	0.26660510119797104
129	0.5558194370908994
131	0.03076483727661614
132	0.5266422454131968
133	0.010292983747636344
136	0.553075596298755
137	0.28375676386486554
138	0.26580378871367905
139	0.29737406090385055
140	0.5005792195184751
141	0.3131344607976141
142	0.05449889151450208
143	0.4889399603644808
145	0.2661409068297228
146	0.2336145124639831
147	0.05221954849098369
148	0.27310564718618
149	0.32679769209857085
150	0.016166102386072176
151	0.23941100691984588
152	0.019111069654187515
153	0.4064048086865122
154	0.024070079197281647
156	0.03252526301727919
157	0.04168598290943877
159	0.5104092710004914
160	0.25323916196685126
162	0.007917903480197195
164	0.4839438901022952
167	0.4678755711252076
168	0.2975860600503195
169	0.030376014496233294
170	0.5317651549999725
171	0.24508782880416918
172	0.7940150199860694
173	0.5174656696770134
174	0.4980386880741406
175	0.00384458510446211
176	0.0333590752579108
177	0.7587895635233586
178	0.009843650028742552
179	0.2487484488877374
182	0.04661895370641228
184	0.043352390059098425
186	0.04097513761229776
188	0.5222399621692929
191	0.2402146322575635
192	0.07042518895461194
194	0.05019212887047763
195	0.05748312984177599
197	0.008078692520502431
198	0.014245335177400974
204	0.08257295767500855
205	0.19654688820097557
206	0.3449936091644694
207	0.26843303991976547
208	0.08301881131032354
210	0.5368954820887581
213	0.0340418696010547
214	0.036427457995107694
215	0.02642252192374343
216	0.5301402202790824
217	0.30981652407989557
218	0.5402679111328027
219	0.027422531735193493
221	0.03453737390588739
222	0.44963318788089857
224	0.013100664581494826
227	0.23859627563878089
228	0.1946609539622903
230	0.24861443193975535
231	0.0480461321592635
232	0.5119637348145717
233	0.029416942356986994
234	0.2950033809629237
235	0.03926971464125803
237	0.22316923107578007
238	0.041159323814371894
239	0.28775909380786446
240	0.5414051408978551
241	0.06492790771551091
242	0.07419128539227184
243	0.08300233374177694
245	0.012096288238614639
248	0.5401830301820768
249	0.2575688243225899
252	0.0332896049592567
253	0.02230355672568417
254	0.06816206811267903
255	0.22334222713850269
256	0.2724006825379391
257	0.281121589824766
258	0.036024372816971975
259	0.24696405061234006
260	0.2735801882114601
261	0.013422702675133812
264	0.2577686994313598
265	0.030434269509523146
266	0.035196995036206075
267	0.2519202490151942
268	0.29024473973124565
269	0.006371205673832626
270	0.026865145701908053
271	0.28452095712993375
272	0.7719707839535231
274	0.27289518886047315
275	0.030843781145319986
276	0.2955881377542252
277	0.0932247949867833
281	0.1946161950311366
284	0.2558999960704733
285	0.7765266184888773
286	0.023450288571530305
287	0.3019897070298089
288	0.037254862888236755
289	0.13367305287302012
291	0.26748694800728945
292	0.29041800442972865
293	0.04589844498101041
296	0.5031950426216357
297	0.5255805921715216
298	0.5082373803509243
299	0.30292875535356295
301	0.02914862358149048
302	0.26692474248225717
303	0.3070322659202765
306	0.06202444097912489
308	0.27851789460196513
309	0.4725096886333181
310	0.05147914923762298
312	0.5015483981814329
313	0.5251118205147015
314	0.007285719125464742
315	0.011911878762073488
316	0.09765392641021164
317	0.26142312138761614
318	0.025871378033698513
319	0.25975565987021426
320	0.5009815427955886
322	0.7569955908957811
323	0.29547100297535434
325	0.04516559241535788
326	0.27126446317907166
328	0.031372342201590825
329	0.502295051504524
330	0.0001265129328529152
331	0.5197058751551177
332	0.5232885543036704
333	0.27529609524522186
334	0.44506793307414905
335	0.2982958382593941
336	0.25154183244709655
337	0.003429635335163904
338	0.3119713394428801
339	0.26737288163396605
340	0.02578354820743025
341	0.04333837501365019
342	0.0018718441821154869
343	0.011906427774108566
344	0.042557249600506386
345	0.29284622831766194
346	0.7574614404477944
347	0.26029653171722256
349	0.024150738746361075
350	0.04107639729411181
351	0.2832547838062369
352	0.2780195748682955
353	0.2436879495239769
354	0.5342605796990602
357	0.2619837858666498
360	0.2738573310501406
361	0.5145538298930992
362	0.5826212434887256
363	0.2894249664228256
364	0.5552939988197009
365	0.02011283793817912
366	0.033512813102695396
367	0.5185162259506734
368	0.22899431201397083
369	0.030253105795489565
370	0.2604077603664801
372	0.04535701161491477
376	0.5206187820391546
377	0.05386635726366947
378	0.04373822261965374
379	0.7681939059280917
380	0.5005106307542688
382	0.05296712512074799
383	0.010945643878821208
384	0.04423328364177599
385	0.282329769557327
386	0.21473807026501107
387	0.2970602808576133
388	0.27526609638328686
389	0.5408213239250237
390	0.028134704625587113
392	0.021066000846970745
393	0.26176859587300816
394	0.06355321192032946
395	0.04298959717447717
396	0.22164295238850745
397	0.4961467599701908
398	0.009259577940193012
399	0.5203034376964677
403	0.5327179546185635
404	0.2924699736771453
406	0.27520630823576636
407	0.275232843048138
408	0.04932696628764845
409	0.2576619697046356
411	0.29640583332345966
413	0.022955490733449976
414	0.5496852934743892
415	0.2697672309438938
416	0.2681477446938024
417	0.29362689281174864
418	0.017571188781939945
419	0.5106561359777242
420	0.5376053048124365
421	0.5202936951329409
423	0.4869533216473697
424	0.10291452073390615
425	0.3345409417940153
426	0.5245400339031501
428	0.29862223017479406
429	0.5275856981004
430	0.5160421445135049
431	0.26534090315338227
432	0.2395669020200563
433	0.04862915789418817
434	0.0004964413564223259
435	0.2773303284035541
436	0.27708022673080007
439	0.006414012295818658
440	0.5191819457885067
442	0.2730916365134965
443	0.23790692370950647
444	0.26601204110173615
446	0.23724481868327452
447	0.24895708938295125
448	0.010503966113361646
449	0.038694766504169927
450	0.26463875153074495
451	0.3043655513292387
452	0.19159904516396123
453	0.03387452235040962
456	0.26122478816773753
457	0.013941981828147938
458	0.27847561961038536
459	0.014635798357075694
460	0.5213285142728101
461	0.251531425882525
462	0.018506607617332985
463	0.34308396936389496
464	0.04899756414993123
465	0.04039260510840147
466	0.5144314402139618
467	0.013942466450345137
470	0.03905350811299611
471	0.006446068236932955
472	0.044521099291236994
473	0.2541539546750401
474	0.7637871562060696
475	0.5366982048890975
476	0.2703813769185815
479	0.2871331825592081
480	0.4542184965370428
481	0.25119557486944977
482	0.4889857346259986
483	0.0271612787037928
484	0.25460502195618756
485	0.37942025060848533
486	0.45728641478913823
487	0.018385261691220366
488	0.2608096083408908
489	0.02708594140335881
490	0.5200631944327951
491	0.5121443870011105
492	0.5099080734410543
494	0.017869642131160646
495	0.005691399990741974
496	0.32627891534768866
497	0.2802528048431372
498	0.006102611449752521
499	0.2958347478550933
500	0.29634227159452753
501	0.02517197382499122
502	0.27429721249656003
504	0.2623571707073253
505	0.5188096234800227
506	0.041795287991253836
507	0.03494849714409668
509	0.29368051680330703
510	0.2464094414174856
511	0.05357823012113172
512	0.2708084941084648
513	0.2499507470607811
514	0.021758379054378274
515	0.026845313561106185
516	0.2642395384810463
518	0.2237260209116718
519	0.2771708219506029
520	0.05807614439979222
521	0.012418191410937498
522	0.025232589256673855
524	0.2862697195788045
525	0.019485520158403616
526	0.03292959517069814
528	0.28308872839092863
529	0.017733318442067464
530	0.021997033882317534
531	0.5374013313018495
532	0.04461667685874844
533	0.25934557013113146
534	0.27867006096284513
536	0.26758420291997886
537	0.2777231317679135
538	0.24643348582580893
540	0.2651617180942564
541	0.018921664010095506
542	0.2666430255947585
543	0.28629463551113565
544	0.3343500718420922
545	0.2630140160259745
546	0.27515188051253714
547	0.3048892997394771
548	0.25743737925382976
549	0.2524714248348531
550	0.0545506114967785
551	0.24561073428832217
552	0.045870102011083505
553	0.76662095106162
554	0.04045889011516452
556	0.2817815821135573
557	0.03695160967703714
558	0.08243086059272617
559	0.5297723341533244
560	0.29694153145867774
561	0.5291047984697499
563	0.0014375327381953504
565	0.28492089866402703
566	0.52087594129682
567	0.2590151454061951
568	0.5019515203866551
569	0.2729450773779891
570	0.5647742239296981
571	0.2763758082321983
572	0.06867918648243238
573	0.519210857024635
574	0.24268319926996637
575	0.3022425644332066
576	0.017687135100702682
578	0.48734945082337283
581	0.06628591542196967
582	0.2842177982246809
583	0.4979830662914927
586	0.5197651645685758
587	0.2589506310631907
590	0.2740524135324693
591	0.2750766220141131
593	0.012514928505896795
594	0.5110177027292353
596	0.496129800953142
598	0.06475494319072757
600	0.29085944396657953
601	0.21689649427207322
602	0.3093089180770739
603	0.03503270910605578
606	0.04140799940432247
607	0.5211186269060809
608	0.476793004468878
609	0.08837401711277165
610	0.2578121015071275
611	0.5174084370617318
612	0.04241961493619163
613	0.26602249856784094
615	0.02629247678869045
616	0.28039774499410475
617	0.4210710914218146
618	0.018078840721771742
619	0.5083910702319945
620	0.018910258197117193
621	0.24030910196196492
622	0.29714238630211437
623	0.2430186505789254
624	0.267355975199641
626	0.5299631475804556
627	0.5141956425315942
628	0.5202314083883168
629	0.00847721284638183
630	0.05226879200249357
631	0.0070160596230411515
632	0.26282050445335164
633	0.011485591777537048
634	0.5198427873670065
635	0.29525009503313504
636	0.03122968311530914
637	0.0220072370017697
638	0.2296798912990446
639	0.7640959960530967
640	0.018964879504504848
641	0.019045830692002372
642	0.026694135864701887
643	0.020000529531144375
644	0.2690044027690337
645	0.5093545135348754
646	0.0021547917319277438
647	0.019277572030121606
648	0.5212821950276693
649	0.25481615008275743
650	0.2871960158478545
651	0.5130222658646012
652	0.04835962614918446
653	0.4919633377100985
654	0.5343183616102803
658	0.24720233047590606
659	0.01599650145971765
660	0.26711470291702244
661	0.5307340387170206
662	0.07155792942525097
663	0.2885814965363844
664	0.29887566891929107
666	0.5291589042039261
667	0.5112587845879056
669	0.0221053036443715
670	0.7624204894062288
672	0.27200598301016515
673	0.2675065059706783
674	0.28584626732587104
675	0.24810768223077703
676	0.28121526235704253
677	0.2626488790211658
678	0.22855307112578058
679	0.2724626995732453
680	0.012608198479185758
681	0.01344971927391788
682	0.2694196814370733
683	0.24564808836279678
684	0.027495451012040418
686	0.28297267099857976
688	0.024668363064491126
689	0.2607167254946091
691	0.2520404385580724
694	0.024037626340436262
695	0.3363409941630055
696	0.5415880476308509
697	0.2915494971295552
698	0.016752578213293495
699	0.02722184075499786
700	0.029525781035867744
701	0.016733254817508383
703	0.2889490675741671
704	0.2586366468955945
705	0.27941702790381256
707	0.2657837479969554
708	0.2443160693076923
709	0.03143479095754881
710	0.5174228144267271
711	0.07113266317420244
712	0.5128740016256372
713	0.30686818653163567
714	0.4921323937150905
715	0.020238524247874454
716	0.24304794720146633
717	0.04753173588780092
718	0.07038136753934608
719	0.24329138468853237
720	0.7817201666171438
722	0.008714569258612602
723	0.261111817271746
724	0.3449936091644694
725	0.3063688062017077
727	0.3308737101850643
728	0.7486390267165933
729	0.038018971037821744
731	0.02851013836392675
732	0.3069350152458458
733	0.5283479348169867
734	0.019130218303967574
735	0.02163531419853218
737	0.2894788941096228
738	0.07690894159949568
739	0.2665826763329816
740	0.5349754669017471
741	0.2841681206827133
742	0.042632311379106586
743	0.31086977215441336
744	0.33288088568591984
745	0.5859064456852593
746	0.036564299772484044
747	0.04922781473547947
748	0.2863302211061812
749	0.02930134440715268
750	0.019646943127983072
751	0.03509975604861353
752	0.5196173383842064
754	0.26083638117626445
755	0.2500205251989171
756	0.2769749848617995
757	0.2838308241237035
758	0.2358551413703846
759	0.0007241553794361498
761	0.0031883731032130436
762	0.5309886681525803
763	0.02340888405446005
764	0.015714935767362957
766	0.3000188093823467
768	0.006348093890236529
772	0.5221686652821111
773	0.05394430839351044
774	0.07272412767403169
775	0.022299074396500678
776	0.25888246023128864
778	0.29334624062493375
780	0.26723064869783175
781	0.5194145184175878
782	0.008201787221800805
783	0.29160862993107856
784	0.02652230679290856
785	0.06262299338053902
787	0.2719694634557492
788	0.29421829504159436
789	0.25960840983233535
791	0.23793516540209525
792	0.059296616656668064
795	0.05845797454433005
796	0.28142002330108035
797	0.2521241922769498
798	0.5087134459876208
800	0.2732545721602298
801	0.04913963908397949
802	0.2528388122590699
804	0.28154859073573174
805	0.020793295844040896
806	0.04164983379892043
807	0.26906114911990503
808	0.3118517687739104
809	0.49759177479143757
810	0.274811032372866
811	0.2773389462091188
812	0.04040505982896209
813	0.2821926728738707
814	0.2786751760898651
815	0.030586306246146312
816	0.0344672213408596
818	0.26419827244274363
819	0.7740676909244931
820	0.37883909692293954
821	0.026481193861486004
822	0.32433174277670673
823	0.01581988935034733
824	0.5312034650962301
825	0.506251862671757
826	0.05551246394684374
827	0.04803273346823804
828	0.547428022593373
829	0.5077897181422402
830	0.3205467877440217
832	0.248525288288673
833	0.010667414017559156
834	0.03164858688761752
835	0.24550256912711743
836	0.3190701761858916
837	0.26105435075988104
838	0.01499780000933357
839	0.01892671446319955
840	0.018530895327355492
841	0.5173075256297583
842	0.06516846732312222
843	0.26742212109417773
844	0.2666052084115503
846	0.7240413407007945
847	0.2643840484398857
848	0.05662870812494168
849	0.01816897263743622
850	0.016942141069302398
851	0.28568869826819104
852	0.04331921488221253
853	0.5369019176673065
855	0.05497097007379188
856	0.00212599643592698
858	0.24214694066802342
859	0.045453216936201496
860	0.28991032269330963
862	0.03116034137206852
863	0.27300627654349946
864	0.24260128893774496
865	0.355719863406188
867	0.28515791857073836
868	0.30414480836304836
869	0.047032142657215406
870	0.267531307768878
871	0.28989297878221754
872	0.0383232067927515
873	0.04798276891671499
874	0.5609822228344955
876	0.032932471731159735
878	0.5076163673901481
879	0.0673617670551937
880	0.5270405681505529
881	0.5420443082205697
882	0.28559809713067313
883	0.275884275037007
884	0.03103339462082206
886	0.05562550540238619
887	0.28237132905650353
888	0.0528517829041856
889	0.25398268697220994
890	0.24381045762869377
891	0.02235401224175588
892	0.7625250276392481
893	0.2757534755229244
895	0.0421572219084146
896	0.02974945667766787
898	0.23964681564268586
899	0.023052741225247576
900	0.21344423692929132
901	0.0011507517912866527
902	0.026494136253240836
903	0.020228719753828613
905	0.5485559829255942
906	0.013703130704673265
908	0.021940135685335163
911	0.25786590689860267
913	0.509272661329934
915	0.07870583902780859
916	0.24458154870790458
918	0.27356462490084754
919	0.04734744724195536
920	0.026363832143801454
921	0.0072367042082956
922	0.2826096786949134
923	0.27142770030629815
925	0.29593520046627425
926	0.2887686663019705
927	0.5284953843480825
930	0.2630646454752938
931	0.2932937370924519
932	0.3051416561921772
933	0.5339404213800539
934	0.5260112055121725
935	0.2708417436844748
936	0.01313595941463349
937	0.2350077510813497
938	0.25362701338462995
939	0.037021698778955774
940	0.28329244458289476
941	0.049303836763889206
942	0.2803672399563947
943	0.29076581662300316
0	0.0
0	0.0
0	0.0
0	0.0
0	0.0
0	0.0
0	0.0
0	0.0
0	0.0
0	0.0
0	0.0
0	0.0
0	0.0
0	0.0
0	0.0
0	0.0
0	0.0
0	0.0
0	0.0
0	0.0
0	0.0
0	0.0
0	0.0
0	0.0
0	0.0
0	0.0
0	0.0
0	0.0
0	0.0
0	0.0
0	0.0
0	0.0
0	0.0
0	0.0
0	0.0
0	0.0
0	0.0
0	0.0
0	0.0
0	0.0
0	0.0
0	0.0
0	0.0
0	0.0
0	0.0
0	0.0
0	0.0
0	0.0
0	0.0
0	0.0
0	0.0
0	0.0
0	0.0
0	0.0
0	0.0
0	0.0
0	0.0
0	0.0
0	0.0
0	0.0
0	0.0
0	0.0
0	0.0
0	0.0
0	0.0
0	0.0
0	0.0
0	0.0
0	0.0
0	0.0
0	0.0
0	0.0
0	0.0
0	0.0
0	0.0
0	0.0
0	0.0
0	0.0
0	0.0
0	0.0
0	0.0
0	0.0
0	0.0
0	0.0
0	0.0
0	0.0
0	0.0
0	0.0
0	0.0
0	0.0
0	0.0
0	0.0
0	0.0
0	0.0
0	0.0
0	0.0
0	0.0
0	0.0
0	0.0
0	0.0
0	0.0
0	0.0
0	0.0
0	0.0
0	0.0
0	0.0
0	0.0
0	0.0
0	0.0
0	0.0
0	0.0
0	0.0
0	0.0
0	0.0
0	0.0
0	0.0
0	0.0
0	0.0
0	0.0
0	0.0
0	0.0
0	0.0
0	0.0
0	0.0
0	0.0
0	0.0
0	0.0
0	0.0
0	0.0
0	0.0
0	0.0
0	0.0
0	0.0
0	0.0
0	0.0
0	0.0
0	0.0
0	0.0
0	0.0
0	0.0
0	0.0
0	0.0
0	0.0
0	0.0
0	0.0
0	0.0
0	0.0
0	0.0
0	0.0
0	0.0
0	0.0
0	0.0
0	0.0
0	0.0
0	0.0
0	0.0
0	0.0
0	0.0
0	0.0
0	0.0
0	0.0
0	0.0
0	0.0
0	0.0
0	0.0
0	0.0
0	0.0
0	0.0
0	0.0
0	0.0
0	0.0
0	0.0
0	0.0
0	0.0
0	0.0
0	0.0
0	0.0
0	0.0
0	0.0
0	0.0
0	0.0
0	0.0
0	0.0
0	0.0
0	0.0
0	0.0
0	0.0
0	0.0
0	0.0
0	0.0
0	0.0
0	0.0
0	0.0
0	0.0
0	0.0
0	0.0
0	0.0
0	0.0
0	0.0
0	0.0
0	0.0
0	0.0
