1	0.1547621629163744
2	0.13129528443757052
4	0.007542788009550161
5	0.2471659555089014
6	0.11331816208525815
10	0.3233016399357419
13	0.3184787250560559
14	0.28881641287987786
16	0.151036021894656
18	0.3713388644955843
21	0.45888035873825817
22	0.19700577532996894
23	0.5842028822231604
24	0.255125323782255
25	0.006804389643415822
26	0.43925638747634815
29	0.12412438618025076
30	0.0064499803767872135
31	0.12227615959636025
33	0.24471116462442966
34	0.20240860481194958
37	0.12329225361620624
38	0.27692746382773326
40	0.11295223132491775
42	0.1983032239643472
43	0.018802526814862268
44	0.15746346099406758
47	0.022232089008037914
49	0.33819557380681237
53	0.030707291807638558
56	0.0041780952676795935
58	0.02096536827980211
59	0.2367897454750884
60	0.12563246907372827
62	0.24386388635883505
63	0.03731878994102679
64	0.023137532284682436
69	0.06207821045364413
72	0.435215627068158
73	0.25101365535900827
74	0.38799195384090684
75	0.05457229339176587
77	0.18256402580483494
82	0.40207874919069053
85	0.28634711866596874
88	0.03446125065199768
89	0.2296543920973896
90	0.11330861814933381
92	0.34974748914433784
93	0.02405772358493588
94	0.13967755294207285
96	0.09230556272813824
97	0.36241378270442
100	0.0654046272318289
104	0.016604863425895712
105	0.48426675511823647
107	0.2670542097979726
108	0.18563943647630451
111	0.141597505561446
112	0.04399159589626011
113	0.19512303061496938
115	0.25951985908907593
116	0.0151712730357757
120	0.20091292075886907
121	0.18708484516635052
123	0.21502474378033729
129	0.38070734566690795
132	0.3948596530532136
136	0.4035179140261155
138	0.04452952563040657
139	0.015818082010865837
140	0.5569369335351132
143	0.25045458576432034
146	0.01098670102308908
149	0.21275538950394773
153	0.1309294444406587
154	0.013282446584841564
160	0.35201351515251106
162	0.23307117742978012
164	0.2623753247660605
167	0.09125136003865104
168	0.24724483144514564
172	0.44112642171704497
173	0.3838315612098707
174	0.34444594292674224
176	0.046420647696753047
177	0.36072129160916566
179	0.4827053676944053
184	0.5218580615117985
188	0.13497660394776295
189	0.06805119720847438
195	0.25903844417884686
200	0.3217883131555782
201	0.15686210816161214
203	0.010792250746759761
206	0.3057964198313633
207	0.3375511169595854
209	0.23329885146243645
210	0.5873422727147424
213	0.033314293434938004
214	0.550657663454534
215	0.043217677572499474
216	0.17238679463064976
217	0.253705015338601
218	0.08705989500328863
219	0.0005785252310005692
221	0.03995865669530122
222	0.10723402801761231
226	0.14544333836726192
227	0.04113970751169624
232	0.34750351461071743
234	0.32883032279131985
235	0.20054781333682922
236	0.2878086893114896
237	0.3431148138303324
239	0.39458202653037466
240	0.4076084270795178
243	0.21756934826431856
244	0.22757423530663182
248	0.38202973916279964
249	0.148108773048084
251	0.18461230188930472
252	0.18738689591722585
253	0.17195766137242183
255	0.441934762068443
256	0.5078252722059861
259	0.34019014901304434
260	0.006485518941971691
263	0.01835650580748536
264	0.08417988679697751
265	0.4226699182332634
266	0.07389211653466947
267	0.32122173578193947
268	0.12103772963937884
269	0.44406201270747836
270	0.23120164033752147
271	0.32171777754863756
272	0.4029836843483606
274	0.009009944084503656
276	0.3780363662661087
280	0.28035186403351064
283	0.03465183661779635
284	0.5693160497962001
285	0.4355245400557507
286	0.21789918969166752
287	0.07467686134026127
288	0.009545497767231022
291	0.243531769680295
292	0.2678898573895242
293	0.277890496192024
295	0.10145751675953114
296	0.25364862926207127
297	0.5761005636340807
298	0.2434968540639279
299	0.12434085863343919
303	0.5942415168814759
305	0.041549342499688245
308	0.7582102754814026
309	0.0021400756237974217
312	0.31464896725916003
313	0.34159002520730153
315	0.12303300742293263
316	0.017788385027290687
317	0.33860539838035775
319	0.2423671052029111
320	0.1388933222472121
321	0.27403340542187843
322	0.11983277748618106
323	0.20644046722575268
324	0.2007722418234728
325	0.1076786245992503
326	0.060929307400647954
328	0.06841236797225311
329	0.3454776548009444
331	0.16484455643271204
332	0.18164706113065843
333	0.02578995944778515
334	0.3378904290508771
335	0.3180159136677518
338	0.1298438593130025
339	0.5537329698788389
341	0.17362359549463882
342	0.7099725699056527
343	0.016160410076493617
344	0.5462718029550969
345	0.07053320735403021
346	0.029111833106915733
347	0.2180075039896183
350	0.25694949500890635
351	0.06949736084972973
352	0.07120488000764463
354	0.3990108016373441
357	0.023572601618667602
358	0.19371802441729077
360	0.17967586046274173
361	0.09484794444281483
362	0.4473000433602515
363	0.31613533374045916
364	0.40133133873676097
365	0.17142750801852272
366	0.004122705325166259
367	0.16343463194487048
370	0.7390517400251533
375	0.30211420711529735
377	0.052361939171923194
378	0.11326741439819349
379	0.3910424573771195
380	0.5991157955277946
382	0.2698763120622418
384	0.1335817252145031
385	0.3531069103287489
386	0.005006574567872013
387	0.15102266094832276
388	0.3223976054497159
389	0.4050790019103341
390	0.5048224950475729
392	0.337039613763368
394	0.11660861404225528
397	0.36233844439497237
399	0.38069252748363547
402	0.1970963820579614
403	0.2341964239201904
404	0.610553227828964
406	0.5606752598590125
407	0.5702774484036405
408	0.11870389804789075
409	0.11072762192289613
411	0.42670020363359573
412	0.005030967212610683
414	0.4430723026012281
415	0.022028303545614948
417	0.15399468035083425
420	0.3988738049086514
421	0.1293125224557908
423	0.35196914160963416
424	0.11154115133216055
425	0.6244404031443541
426	0.13303450666861133
427	0.22127578913048396
428	0.5199100639094684
429	0.37092510242548654
430	0.5883155271358331
432	0.005213431880639517
433	0.18223317795186136
435	0.04224933844517977
436	0.37320873011945976
438	0.19919629023536167
440	0.04801034136745637
442	0.17943355164607827
443	0.2232023428717922
444	0.05419205176143273
445	0.49694613665384374
446	0.08004072358339281
447	0.13999898635421504
450	0.2334460035062346
451	0.22864734477097717
456	0.100384818272217
457	0.062216124616098295
458	0.7728300068925441
460	0.3890217312718923
461	0.2892810525869564
463	0.4536257103314087
464	0.37353949322412694
465	0.2455013038435506
466	0.13631941450381255
467	0.45556170599990237
469	0.37942025060848533
472	0.02310529662449213
474	0.37624005784638687
475	0.21133988760715616
476	0.2783378701620993
479	0.3826010011483992
480	0.7648388458732219
484	0.083869984647461
486	0.5010140806561312
487	0.014688789875368556
490	0.39053708996122793
491	0.6090194716357533
492	0.06212413375924823
494	0.04352917078848009
496	0.35418402468829613
497	0.031924344393502335
498	0.26746998604253136
499	0.3316331113329962
500	0.7817131989402725
501	0.23628494178996678
503	0.15116990427866522
506	0.27130087575173845
507	0.35375556466125146
508	0.38036507586011853
509	0.21055003274188613
510	0.12534641726173482
512	0.015766445506593278
514	0.10974714166979763
516	0.22619166931079998
522	0.23178084879824
524	0.3758896110100126
525	0.23368465950677197
526	0.17613668786410533
528	0.06658398529929899
531	0.3948295473219153
532	0.11109322706534575
534	0.23603015017117923
535	0.2748352481541275
536	0.08364769543079256
537	0.1656742292066557
538	0.20296789054764708
540	0.028047427400293756
542	0.35661766096491104
543	0.5227663634474516
544	0.26011737844683347
547	0.41530497715296794
548	0.11359900526146305
549	0.4306224060024309
551	0.23230052926652212
553	0.3832920347482217
557	0.07031403311391936
560	0.4040748874036282
561	0.42352122910706436
562	0.20478914306082627
566	0.3852698166003257
567	0.3588699402429024
568	0.11774702711479582
569	0.549125623943203
570	0.4701703248335645
571	0.3148077467829013
573	0.3842776341739842
574	0.33850759818897685
579	0.39110873685265113
581	0.05130174506320117
582	0.06273411696612893
583	0.001715996121456724
586	0.2568520940390377
587	0.3479521200154342
589	0.17652364486734134
590	0.028607534471534357
591	0.04874551674139946
598	0.04385843716734124
599	0.15710839502441665
600	0.13937473284521404
602	0.04385500851129355
603	0.3873885892329762
605	0.4317084208783312
606	0.11974514375068164
607	0.06679686881214458
608	0.5715049207595806
610	0.01452577390164151
611	0.04508722256112791
613	0.12304675207376896
614	0.29504000071823744
615	0.10070969602574598
617	0.1398838429278382
622	0.17615592519774861
624	0.3687735101888314
626	0.42310997081197727
627	0.3426517732073249
628	0.571277188391018
630	0.24205555710377208
634	0.3704873814110429
635	0.7985926583384546
637	0.17364460126957745
638	0.07652252940084517
639	0.42240532559989424
640	0.18049288472645508
641	0.4827384235543834
643	0.27769622569893304
645	0.12046330251656394
647	0.011108095648224459
648	0.16125684134824886
649	0.47463224745907023
650	0.11990076007885356
651	0.1642509104630668
652	0.26679727891216654
653	0.24038759483398459
654	0.34844011897376626
656	0.057609008851967514
658	0.771165594337796
659	0.34317635897737725
661	0.38670952428368843
664	0.6007265082115243
665	0.30265855039239487
666	0.5857638743524098
667	0.028787680054704428
668	0.5388023409382955
669	0.5365754759934719
670	0.419158961388894
674	0.26317188882330705
676	0.5850101889394735
677	0.4299391366817966
678	0.2919906068846336
682	0.3478360656521622
683	0.5401495461872972
686	0.5703261770592758
688	0.08394277053908834
690	0.1786406730413473
691	0.03314130076601396
692	0.14210701674107773
693	0.08866274968069966
695	0.15907357179372367
696	0.605837513053537
697	0.15902948804993086
699	0.23706844923647266
703	0.0184510952449687
704	0.34518664461391796
705	0.023751483674634383
707	0.10179459935248089
709	0.010842580367271745
710	0.3724727954398385
711	0.15240423544332837
713	0.7964511444853002
716	0.0220600940345049
717	0.17245932866868577
720	0.3885868124773339
724	0.3057964198313633
725	0.08413935360222459
727	0.41637027109853814
728	0.08795096236469685
732	0.22809535657087346
733	0.3902912204165311
734	0.1693187217853089
735	0.17254902833034824
736	0.23823644349023754
737	0.15611065897927995
738	0.14953571986884467
739	0.044945170222818846
740	0.6312342689334037
741	0.12531040120226106
742	0.4492429229438499
743	0.611578658249252
744	0.7174751608105822
745	0.43474191480635527
746	0.2614226131613614
747	0.2907702279207186
748	0.58036010730647
751	0.12694788606889346
752	0.8253268885909428
754	0.040296064516045345
755	0.18428786377125111
756	0.2454545258341468
757	0.5214250439228612
758	0.09313312895555406
759	0.1933464386800912
762	0.13460683005796292
763	0.21057987493425345
764	0.46876469113736696
766	0.3292476495426023
768	0.45492146755461216
771	0.1866456788710612
772	0.14620817258755167
773	0.09678536225132724
777	0.11996936302101381
778	0.2695985083324639
780	0.027886882198630274
781	0.19119518425651244
782	0.17218654730644553
783	0.3967491029497069
784	0.295681964086862
787	0.37060224349133747
788	0.11111302592328592
789	0.03495687660779656
790	0.14387454113422746
791	0.013893654653568097
792	0.21846272304897843
795	0.5684160466251864
796	0.12416229502941595
800	0.2390037216737932
803	0.1937692332855272
805	0.3086691819232866
806	0.5781598951412189
807	0.1330345485644257
808	0.4221335718818663
809	0.6357614920369205
810	0.052597227552526424
813	0.030015994657106297
814	0.32372302582756907
816	0.03364521681147003
817	0.41448622190508716
818	0.41733755181851107
819	0.4019363865622151
820	0.8262386400537474
821	0.31833465880373224
822	0.26675287350693716
824	0.2856616446410421
826	0.14089765131847834
827	0.14345029719959643
828	0.43590116845266935
829	0.23900372167379322
830	0.16132803735741993
833	0.5362878094851515
835	0.1355963743930398
836	0.19840295969932586
839	0.2248147972354949
840	0.6780716121091953
841	0.3964575878394027
842	0.16010389605447384
846	0.38091543661629873
848	0.1392368716841986
851	0.15561910667916679
852	0.4000464933523973
853	0.6143305209131699
854	0.22803072432340396
858	0.03563581513818367
859	0.005940531011049147
860	0.18146549349980132
861	0.02077897153395432
862	0.07586700718237063
863	0.2343325403713758
864	0.010620716550668957
865	0.47546353580910766
867	0.14104827938836773
868	0.3862796731398987
869	0.2191368872364668
870	0.5585047067560853
871	0.2023958418741344
873	0.24125959101963504
874	0.4206542224836778
878	0.04086975097793613
880	0.5871299448179875
881	0.1293117864455542
882	0.13429525861591274
883	0.7675639435898204
886	0.1330505285479594
887	0.3308076584654189
889	0.009631842227430017
890	0.08731467675146498
892	0.39380286120258445
893	0.20538200366764633
896	0.09089434670404631
898	0.32208778762941664
899	0.2912243855891325
900	0.0020797713413088503
905	0.464415558721936
906	0.00411158863710576
908	0.07135138322633519
910	0.23127571630741708
913	0.38622743363995765
916	0.13639820934262284
918	0.12132783498262406
919	0.35661524951564816
920	0.03705423417887875
922	0.36741274381115174
923	0.2466659806148354
925	0.246379998600661
926	0.18956470089645222
927	0.04997544890694144
928	0.22080114613593035
929	0.06160299886160422
931	0.5831851690174884
932	0.3427045569909267
933	0.5714230069235638
934	0.39257265552472315
937	0.004172814505740051
938	0.554043585696565
940	0.7923901207167279
941	0.1725991159132537
942	0.10592956712472476
943	0.24953838568658285
0	0.0
0	0.0
0	0.0
0	0.0
0	0.0
0	0.0
0	0.0
0	0.0
0	0.0
0	0.0
0	0.0
0	0.0
0	0.0
0	0.0
0	0.0
0	0.0
0	0.0
0	0.0
0	0.0
0	0.0
0	0.0
0	0.0
0	0.0
0	0.0
0	0.0
0	0.0
0	0.0
0	0.0
0	0.0
0	0.0
0	0.0
0	0.0
0	0.0
0	0.0
0	0.0
0	0.0
0	0.0
0	0.0
0	0.0
0	0.0
0	0.0
0	0.0
0	0.0
0	0.0
0	0.0
0	0.0
0	0.0
0	0.0
0	0.0
0	0.0
0	0.0
0	0.0
0	0.0
0	0.0
0	0.0
0	0.0
0	0.0
0	0.0
0	0.0
0	0.0
0	0.0
0	0.0
0	0.0
0	0.0
0	0.0
0	0.0
0	0.0
0	0.0
0	0.0
0	0.0
0	0.0
0	0.0
0	0.0
0	0.0
0	0.0
0	0.0
0	0.0
0	0.0
0	0.0
0	0.0
0	0.0
0	0.0
0	0.0
0	0.0
0	0.0
0	0.0
0	0.0
0	0.0
0	0.0
0	0.0
0	0.0
0	0.0
0	0.0
0	0.0
0	0.0
0	0.0
0	0.0
0	0.0
0	0.0
0	0.0
0	0.0
0	0.0
0	0.0
0	0.0
0	0.0
0	0.0
0	0.0
0	0.0
0	0.0
0	0.0
0	0.0
0	0.0
0	0.0
0	0.0
0	0.0
0	0.0
0	0.0
0	0.0
0	0.0
0	0.0
0	0.0
0	0.0
0	0.0
0	0.0
0	0.0
0	0.0
0	0.0
0	0.0
0	0.0
0	0.0
0	0.0
0	0.0
0	0.0
0	0.0
0	0.0
0	0.0
0	0.0
0	0.0
0	0.0
0	0.0
0	0.0
0	0.0
0	0.0
0	0.0
0	0.0
0	0.0
0	0.0
0	0.0
0	0.0
0	0.0
0	0.0
0	0.0
0	0.0
0	0.0
0	0.0
0	0.0
0	0.0
0	0.0
0	0.0
0	0.0
0	0.0
0	0.0
0	0.0
0	0.0
0	0.0
0	0.0
0	0.0
0	0.0
0	0.0
0	0.0
0	0.0
0	0.0
0	0.0
0	0.0
0	0.0
0	0.0
0	0.0
0	0.0
0	0.0
0	0.0
0	0.0
0	0.0
0	0.0
0	0.0
0	0.0
0	0.0
0	0.0
0	0.0
0	0.0
0	0.0
0	0.0
0	0.0
0	0.0
0	0.0
0	0.0
0	0.0
0	0.0
0	0.0
0	0.0
0	0.0
0	0.0
0	0.0
0	0.0
0	0.0
0	0.0
0	0.0
0	0.0
0	0.0
0	0.0
0	0.0
0	0.0
0	0.0
0	0.0
0	0.0
0	0.0
0	0.0
0	0.0
0	0.0
0	0.0
0	0.0
0	0.0
0	0.0
0	0.0
0	0.0
0	0.0
0	0.0
0	0.0
0	0.0
0	0.0
0	0.0
0	0.0
0	0.0
0	0.0
0	0.0
0	0.0
0	0.0
0	0.0
0	0.0
0	0.0
0	0.0
0	0.0
0	0.0
0	0.0
0	0.0
0	0.0
0	0.0
0	0.0
0	0.0
0	0.0
0	0.0
0	0.0
0	0.0
0	0.0
0	0.0
0	0.0
0	0.0
0	0.0
0	0.0
0	0.0
0	0.0
0	0.0
0	0.0
0	0.0
0	0.0
0	0.0
0	0.0
0	0.0
0	0.0
0	0.0
0	0.0
0	0.0
0	0.0
0	0.0
0	0.0
0	0.0
0	0.0
0	0.0
0	0.0
0	0.0
0	0.0
0	0.0
0	0.0
0	0.0
0	0.0
0	0.0
0	0.0
0	0.0
0	0.0
0	0.0
0	0.0
0	0.0
0	0.0
0	0.0
0	0.0
0	0.0
0	0.0
0	0.0
0	0.0
0	0.0
0	0.0
0	0.0
0	0.0
0	0.0
0	0.0
0	0.0
0	0.0
0	0.0
0	0.0
0	0.0
0	0.0
0	0.0
0	0.0
0	0.0
0	0.0
0	0.0
0	0.0
0	0.0
0	0.0
0	0.0
0	0.0
0	0.0
0	0.0
0	0.0
0	0.0
0	0.0
0	0.0
0	0.0
0	0.0
0	0.0
0	0.0
0	0.0
0	0.0
0	0.0
0	0.0
0	0.0
0	0.0
0	0.0
0	0.0
0	0.0
0	0.0
0	0.0
0	0.0
0	0.0
0	0.0
0	0.0
0	0.0
0	0.0
0	0.0
0	0.0
0	0.0
0	0.0
0	0.0
0	0.0
0	0.0
0	0.0
0	0.0
0	0.0
0	0.0
0	0.0
0	0.0
0	0.0
0	0.0
0	0.0
0	0.0
0	0.0
0	0.0
0	0.0
0	0.0
0	0.0
0	0.0
0	0.0
0	0.0
0	0.0
0	0.0
0	0.0
0	0.0
0	0.0
0	0.0
0	0.0
0	0.0
0	0.0
0	0.0
0	0.0
0	0.0
0	0.0
