1	0.018982277856689475
4	0.046918805301085005
6	0.5006114988152418
7	0.02718868578469568
8	0.021246305995469852
10	0.2716992002620244
12	0.013767085288730045
14	0.283259849594558
16	0.03613769727868811
19	0.22804104380202328
20	0.27338795671403165
22	0.008247186799477758
27	0.009729212510859175
28	0.264930555367879
33	0.01826979404705152
35	0.03644005643944399
38	0.03523943993921902
39	0.01195036975372344
42	0.051171039978038624
43	0.04149650427493294
44	0.011402736949875772
48	0.016320676029561533
49	0.33223369629709526
50	0.08718987284082118
51	0.028663620132959297
54	0.02755898078651276
55	0.0122500963692116
56	0.05051115452452321
57	0.03652061837822045
58	0.07517166454914143
59	0.2615600526395963
60	0.017245346245041336
62	0.024800873548055824
63	0.08360742640344199
64	0.024946178226419098
69	0.006499342914374741
70	0.28180764176017853
73	0.2463019790736913
76	0.059907465238804816
79	0.06907363101583663
80	0.027585285775315632
81	0.030082983708175658
82	0.01635937303962258
84	0.2882649033823293
85	0.03211830578572644
87	0.01856239951269966
90	0.2614948374019563
91	0.2650801255823384
94	0.29140589207298806
95	0.29035618061144536
98	0.0556726491069586
100	0.008336227763009754
101	0.08391974179820187
102	0.2966912924908805
106	0.009789546955533114
109	0.0023789328750365574
110	0.2719540404788997
114	0.0034575946835630755
115	0.016320946667314408
116	0.3149456133970855
118	0.02037604882205435
119	0.5094095582445802
121	0.01990018041329089
123	0.02488886184900818
128	0.03376520761071831
138	0.03457015073483341
139	0.2903727785084715
142	0.026237888786171747
143	0.03452660162080506
145	0.5315217324070172
150	0.2637907799855886
151	0.29294743312602595
152	0.015382272983635085
154	0.037954937837047384
156	0.02685174992320699
157	0.046762357449120544
158	0.27833892944507993
159	0.004230528024373036
160	0.29467737995841164
164	0.04711342281748539
165	0.05441744597235403
167	0.2946010649013385
170	0.005734360404493946
175	0.28021215682215933
177	0.25694584415526456
178	0.03358588235962154
180	0.008415017281308182
182	0.3013695246326701
183	0.05501477876875363
186	0.04769518966903517
188	0.023803514034047152
189	0.023115851904744744
190	0.09637985125112761
192	0.2530817441737976
193	0.014602769484566624
194	0.5187821695345026
195	0.05941776237931785
197	0.09954826985501386
198	0.5381262722399336
200	0.025171736087934236
201	0.01537293857834316
207	0.04140063426455516
210	0.01723130741720296
211	0.010526928664265266
213	0.27094145733105934
215	0.024543954890442997
216	0.015817447595845247
217	0.021317940074725907
218	0.3001783045610482
219	0.026359657428235796
220	0.02416078491601363
221	0.01894478916783051
222	0.30987248240329524
225	0.03697559925853611
226	0.010036022387238747
227	0.02858354029969655
229	0.3007408261549468
230	0.2579134574613244
231	0.05349634948453244
232	0.01843966546422137
234	0.026042203040310172
235	0.033547913318489206
236	0.25133039021199743
238	0.04311989127131257
241	0.06063052533619939
244	0.015340070986553697
245	0.01884614897519843
246	0.0986727155863717
247	0.010526000444737359
248	0.0004767215544218481
249	0.0313691137986781
251	0.04925451857782976
253	0.050262348093650634
256	0.2232749406415639
258	0.031937140975255365
259	0.07151129023483528
261	0.009778225857818887
263	0.017256674087750168
265	0.014918296780488005
267	0.023981696139768763
268	0.041948685627458404
270	0.2559711639625515
271	0.023875164708481868
274	0.26613464688687133
278	0.039231183162347597
281	0.17748265161249877
282	0.04765007653794899
283	0.07500050427251803
286	0.07112867265716195
288	0.5125466993274668
289	0.12953292052195747
290	0.006197782848311975
292	0.0018489826051452662
293	0.505152614490399
297	0.25340568910212447
298	0.020623947896945258
299	0.04811151186882193
300	0.058124235314458664
301	0.031232910949289844
302	0.06577291425578735
305	0.2619919248388858
308	0.03247795091498515
310	0.05380140475704249
312	0.27886326267264044
313	0.25000040332830775
314	0.025263580569920216
315	0.05265255055533059
318	0.0322368495327416
319	0.012596723555485058
320	0.27624322688182007
321	0.2634605552479953
322	0.001040103214392657
325	0.01672218832437801
326	0.2810285228103652
327	0.26876637208904064
328	0.2838672523227458
330	0.023259938380404487
332	0.013950464354936326
334	0.010377911291595654
335	0.0644662918325215
336	0.010809638205085438
340	0.04988865853488696
342	0.05487413642026948
343	0.010058087646148392
345	0.012058111590705238
346	0.04188194372271069
347	0.05604605512198822
348	0.08143112036271408
351	0.016327368190929198
355	0.282557821697462
356	0.2360825079133459
357	0.0007397628681092699
360	0.2516180933121081
361	0.01029589097638052
365	0.053991244244763405
370	0.0671154769989115
371	0.2590650742908334
372	0.03606297526624286
373	0.2809993250514936
374	0.5485712867621781
376	0.021224607620251773
378	0.2546840153496194
379	0.24928796971378497
381	0.02222963819801379
383	0.26720539694244405
385	0.22940346192866995
386	0.042438921831229645
387	0.00101385416431643
388	0.016868576820387157
389	0.011384768268034265
391	0.3075567982357871
393	0.03614680162650667
394	0.027646838175981563
395	0.03720684021810834
397	0.013961493857259713
398	0.5121054995121749
399	0.02516308916002051
401	0.31438933988357626
402	0.07129918160886553
405	0.35524981377603004
406	0.01059276980324523
408	0.27225505953034945
409	0.027155188082815807
411	0.26721691164226835
412	0.01689387966235774
413	0.014051191954261029
416	0.26342716339964684
417	0.2708966988368318
418	0.12281033015783172
421	0.04051760454568345
426	0.012095873510766922
427	0.03335718376020381
429	0.04066224549289854
431	0.014217001001761584
432	0.03107902232929461
435	0.02946230202421332
442	0.26174976352760915
443	0.04548104465696482
446	0.007636117061844194
447	0.29362559675785305
448	0.06996282048438784
451	0.02206106021755397
452	0.252631306914772
453	0.04512816655162256
454	0.058844399074567115
455	0.25155405296069194
456	0.03423469628579092
457	0.29242056222849316
459	0.28114340471850946
460	0.024577886040829715
462	0.26202451075692795
464	0.04186122608746153
466	0.029210313173312998
467	0.05023916779273276
468	0.0392461067148892
469	0.018921664010095506
470	0.05154603809885589
472	0.012990539202472055
473	0.021222936173121
476	0.019249628000828675
477	0.043009939863300144
478	0.2801227561908036
479	0.2675522139454478
481	0.04545179534255141
482	0.0016038439714528355
486	0.08071725636036375
487	0.021801576450679858
488	0.033825025160801964
489	0.3003561252170864
490	0.008004574876485357
493	0.7618106218021583
495	0.04199175808606853
496	0.03259722722257304
497	0.022029517188257325
498	0.31181122767824176
499	0.009183425107762336
500	0.0036506727988343673
502	0.27193113675102115
503	0.2304716247828443
504	0.5048613240684803
505	0.27262071273251015
506	0.2848890979740585
511	0.05165131079738912
512	0.28265476928455047
513	0.27632131006100036
515	0.03104021236827951
517	0.06899573293323441
518	0.056303290217881045
519	0.03215837760698845
520	0.08612956765696472
521	0.2805752928388347
522	0.041123107973259326
523	0.031480377106787034
524	0.2510370239820024
525	0.01730804790708771
527	0.32568782302518867
528	0.2691780019499567
529	0.035215108027520974
530	0.022256052147367276
532	0.25734135564697147
533	0.021718907424764636
534	0.2567595713304652
535	0.019802661355740152
537	0.023515062196102554
538	0.06951326992270572
539	0.05626836082239735
540	0.022626777007111264
542	0.055727147708079176
543	0.0057628856321102415
545	0.00576549837956946
548	0.04818235041664978
549	0.01990018041329089
550	0.062188141095613124
553	0.2575415964726872
556	0.2573834481469819
557	0.03474895480521859
558	0.024199401003182526
559	0.02366521428521695
560	0.023545086079709038
562	0.28805470273226474
564	0.036779264598240415
565	0.03254431230689686
567	0.28951878624058774
568	0.03239951990384785
569	0.023964046297670932
572	0.22692672707500347
573	0.016738753909520593
574	0.27753365628798277
575	0.02368581081737
576	0.019891212852654966
577	0.5412493280390733
578	0.005395607745098473
580	0.3176496898289313
581	0.26978716427872773
583	0.25791810251548497
585	0.3064766634251386
586	0.005313450136467758
587	0.0016491782007113862
588	0.5454093659155226
590	0.049191696437695755
591	0.25121996130735424
592	0.5311308792582186
593	0.011483867876763261
594	0.002444512369170114
595	0.5552327575689713
596	0.007329144556023896
599	0.0165786874044329
600	0.47189694445750574
601	0.09554031487220091
602	0.02412288353103427
605	0.0340491624323393
606	0.4858744682171972
607	0.24057188605027424
608	0.0682325615560371
610	0.23940715286248243
611	0.019582010667835423
613	0.010739755612915597
617	0.47122861745573724
618	0.27255674326471874
619	0.01781853370967649
621	0.2841215369244553
622	0.01896291988795177
623	0.054513639699948796
625	0.02331430440777446
627	0.040399806639170796
628	0.026475644530602596
629	0.005581146337950975
630	0.05746008019428982
631	0.27730071897421144
632	0.03859610509266394
636	0.03669649303384132
637	0.04210941749369469
638	0.5369394500053454
639	0.23093285447678036
640	0.26114364833130366
642	0.036290072193861385
643	0.26657315616481814
644	0.027289979483227873
645	0.2520160801284837
646	0.07777330273981331
647	0.27781859080689064
650	0.26593517726617655
655	0.503398768540681
657	0.05111760336247752
659	0.03832047851988388
660	0.026900358102200123
661	0.0018347406244474396
663	0.019597986652523887
667	0.2709113271999928
670	0.0017864250507776541
673	0.037806974814296165
677	0.021158318856682748
681	0.08297245742929057
682	0.0179661184743746
683	0.03470075747708394
684	0.04503455349358461
687	0.05447786560132189
690	0.0338056263654105
691	0.005077605721720092
693	0.05681609362971793
694	0.017214666005238577
696	0.017779800847104107
698	0.027551441986197363
699	0.022640461573943747
700	0.008748112439705275
703	0.004754029199658484
705	0.02547908621992484
707	0.28183027493824736
709	0.04898763288155056
710	0.031107788931670086
711	0.0017685063570037352
712	0.017109424154015833
714	0.011257182818545465
715	0.016436587566420864
716	0.055569709371535554
719	0.5174178398176655
720	0.03501918581981579
721	0.28217551704496846
723	0.0015638726368927824
727	0.003593468283844957
729	0.06558269611564196
733	0.031270673874450115
734	0.2718382628289543
735	0.02037604882205435
737	0.018502608383792356
740	0.004365814080248921
741	0.25975111117751715
744	0.010371031152792885
745	0.0058921051765318255
746	0.27083382294589026
747	0.49642802721943297
749	0.2731050862520336
750	0.03813179715216787
751	0.30160514376458575
753	0.04084772471420229
755	0.025282276179923617
756	0.0249942895921273
758	0.29282686355935245
761	0.2800148244636719
763	0.28205165221814377
764	0.2712541991413908
766	0.016405670174102688
767	0.049891898783518046
770	0.05889946940901171
773	0.2765782101581754
774	0.4915148000026682
776	0.068154674329872
778	0.04765346578355941
782	0.025979885058881852
784	0.022375814006056934
785	0.008284161815788844
786	0.24367510335915324
790	0.015042523644649503
793	0.04829915408845033
798	0.277167786740512
800	0.03006364200621918
802	0.26159019133445083
803	0.2713358365254256
804	0.27221028124105073
805	0.30319759293487236
807	0.023775210555006504
809	0.018129004335551084
810	0.02953890776376454
811	0.2527848149025561
812	0.04066275819856754
813	0.2754638945773959
814	0.014020899843077791
815	0.2834461445827901
816	0.0007908682950043822
818	0.04437969371061211
819	0.014894551837638062
821	0.28339554017387464
823	0.29760080670113986
825	0.01717586405960131
826	0.011783932504870663
827	0.008099957859134622
829	0.023964046297670932
830	0.0041610793257379625
833	0.03712154213880568
834	0.033833491561593626
835	0.2893984168559763
837	0.036179398686144795
839	0.02601067093165669
841	0.026532710167480697
843	0.007663637706389656
844	0.00601875118936758
846	0.25585359197120894
849	0.023964046297670932
850	0.2716973232967356
851	0.02965595806589666
852	0.03755458657345664
854	0.2770954106549782
855	0.0551799099066964
856	0.0431414914238766
859	0.009863329941104233
863	0.044029396113326444
864	0.3062915293795738
867	0.022168661487541645
872	0.27871732719254516
874	0.013847779765847938
875	0.26068024501499576
876	0.06208648939392006
877	0.02490323857988165
878	0.2664394364619915
880	0.005917261780122696
881	0.029177365236195858
882	0.2567615639324858
885	0.07906828275894542
886	0.24553025083513708
887	0.020759143284292916
889	0.2841652049488197
890	0.02179292445236615
891	0.048610009849017956
892	0.011322218379235464
894	0.029273312072108995
896	0.2757769302800148
897	0.2747128979436977
898	0.0705812963851364
899	0.045623831097519246
900	0.11456093887722864
901	0.058054132988474255
902	0.022654733315167
903	0.3072799148946317
904	0.3046470389838412
906	0.025446872869027075
907	0.2784500403419381
908	0.02909495506261099
911	0.28327881322381443
913	0.02763445080708718
914	0.13428316379674596
916	0.07473895235679619
918	0.04008076542600666
921	0.045294761914093165
923	0.01758029189886376
924	0.24507068147916589
925	0.021984018138365403
927	0.02492570824947042
929	0.05900463787647457
930	0.023791937267247022
932	0.0054623869321893045
935	0.02981006462909816
936	0.02950393360148884
937	0.0069166201482240355
942	0.01755381494532507
943	0.2594468303670602
0	0.0
0	0.0
0	0.0
0	0.0
0	0.0
0	0.0
0	0.0
0	0.0
0	0.0
0	0.0
0	0.0
0	0.0
0	0.0
0	0.0
0	0.0
0	0.0
0	0.0
0	0.0
0	0.0
0	0.0
0	0.0
0	0.0
0	0.0
0	0.0
0	0.0
0	0.0
0	0.0
0	0.0
0	0.0
0	0.0
0	0.0
0	0.0
0	0.0
0	0.0
0	0.0
0	0.0
0	0.0
0	0.0
0	0.0
0	0.0
0	0.0
0	0.0
0	0.0
0	0.0
0	0.0
0	0.0
0	0.0
0	0.0
0	0.0
0	0.0
0	0.0
0	0.0
0	0.0
0	0.0
0	0.0
0	0.0
0	0.0
0	0.0
0	0.0
0	0.0
0	0.0
0	0.0
0	0.0
0	0.0
0	0.0
0	0.0
0	0.0
0	0.0
0	0.0
0	0.0
0	0.0
0	0.0
0	0.0
0	0.0
0	0.0
0	0.0
0	0.0
0	0.0
0	0.0
0	0.0
0	0.0
0	0.0
0	0.0
0	0.0
0	0.0
0	0.0
0	0.0
0	0.0
0	0.0
0	0.0
0	0.0
0	0.0
0	0.0
0	0.0
0	0.0
0	0.0
0	0.0
0	0.0
0	0.0
0	0.0
0	0.0
0	0.0
0	0.0
0	0.0
0	0.0
0	0.0
0	0.0
0	0.0
0	0.0
0	0.0
0	0.0
0	0.0
0	0.0
0	0.0
0	0.0
0	0.0
0	0.0
0	0.0
0	0.0
0	0.0
0	0.0
0	0.0
0	0.0
0	0.0
0	0.0
0	0.0
0	0.0
0	0.0
0	0.0
0	0.0
0	0.0
0	0.0
0	0.0
0	0.0
0	0.0
0	0.0
0	0.0
0	0.0
0	0.0
0	0.0
0	0.0
0	0.0
0	0.0
0	0.0
0	0.0
0	0.0
0	0.0
0	0.0
0	0.0
0	0.0
0	0.0
0	0.0
0	0.0
0	0.0
0	0.0
0	0.0
0	0.0
0	0.0
0	0.0
0	0.0
0	0.0
0	0.0
0	0.0
0	0.0
0	0.0
0	0.0
0	0.0
0	0.0
0	0.0
0	0.0
0	0.0
0	0.0
0	0.0
0	0.0
0	0.0
0	0.0
0	0.0
0	0.0
0	0.0
0	0.0
0	0.0
0	0.0
0	0.0
0	0.0
0	0.0
0	0.0
0	0.0
0	0.0
0	0.0
0	0.0
0	0.0
0	0.0
0	0.0
0	0.0
0	0.0
0	0.0
0	0.0
0	0.0
0	0.0
0	0.0
0	0.0
0	0.0
0	0.0
0	0.0
0	0.0
0	0.0
0	0.0
0	0.0
0	0.0
0	0.0
0	0.0
0	0.0
0	0.0
0	0.0
0	0.0
0	0.0
0	0.0
0	0.0
0	0.0
0	0.0
0	0.0
0	0.0
0	0.0
0	0.0
0	0.0
0	0.0
0	0.0
0	0.0
0	0.0
0	0.0
0	0.0
0	0.0
0	0.0
0	0.0
0	0.0
0	0.0
0	0.0
0	0.0
0	0.0
0	0.0
0	0.0
0	0.0
0	0.0
0	0.0
0	0.0
0	0.0
0	0.0
0	0.0
0	0.0
0	0.0
0	0.0
0	0.0
0	0.0
0	0.0
0	0.0
0	0.0
0	0.0
0	0.0
0	0.0
0	0.0
0	0.0
0	0.0
0	0.0
0	0.0
0	0.0
0	0.0
0	0.0
0	0.0
0	0.0
0	0.0
0	0.0
0	0.0
0	0.0
0	0.0
0	0.0
0	0.0
0	0.0
0	0.0
0	0.0
0	0.0
0	0.0
0	0.0
0	0.0
0	0.0
0	0.0
0	0.0
0	0.0
0	0.0
0	0.0
0	0.0
0	0.0
0	0.0
0	0.0
0	0.0
0	0.0
0	0.0
0	0.0
0	0.0
0	0.0
0	0.0
0	0.0
0	0.0
0	0.0
0	0.0
0	0.0
0	0.0
0	0.0
0	0.0
0	0.0
0	0.0
0	0.0
0	0.0
0	0.0
0	0.0
0	0.0
0	0.0
0	0.0
0	0.0
0	0.0
0	0.0
0	0.0
0	0.0
0	0.0
0	0.0
0	0.0
0	0.0
0	0.0
0	0.0
0	0.0
0	0.0
0	0.0
0	0.0
0	0.0
0	0.0
0	0.0
0	0.0
0	0.0
0	0.0
0	0.0
0	0.0
0	0.0
0	0.0
0	0.0
0	0.0
0	0.0
0	0.0
0	0.0
0	0.0
0	0.0
0	0.0
0	0.0
0	0.0
0	0.0
0	0.0
0	0.0
0	0.0
0	0.0
0	0.0
0	0.0
0	0.0
0	0.0
0	0.0
0	0.0
0	0.0
0	0.0
0	0.0
0	0.0
0	0.0
0	0.0
0	0.0
0	0.0
0	0.0
0	0.0
0	0.0
0	0.0
0	0.0
0	0.0
0	0.0
0	0.0
0	0.0
0	0.0
0	0.0
0	0.0
0	0.0
0	0.0
0	0.0
0	0.0
0	0.0
0	0.0
0	0.0
0	0.0
0	0.0
0	0.0
0	0.0
0	0.0
0	0.0
0	0.0
