1	0.0844109340812901
2	0.08154527511570928
5	0.271553503541485
6	0.07614008281424833
7	0.2739023838620703
8	0.014164046482486349
10	0.27019362293661575
11	0.013388374609891729
13	0.5038641175252666
14	0.5190680316240255
15	0.22210409283056784
16	0.011098576244474162
18	0.5165782355961885
19	0.2917523568754194
20	0.009320221708498666
21	0.36144566045343796
22	0.33949174223024187
23	0.5391490996600428
24	0.26684174247936543
25	0.2683488027720406
26	0.5608568728826419
28	0.025010954747278834
29	0.010938631194191833
30	0.27900257998651184
32	0.02701388095194139
34	0.1922039616156528
35	0.2526908316114684
36	0.0005606452294002681
37	0.5329962205648718
38	0.2733535487356145
40	0.29151303598977285
41	0.25326645070808895
42	0.2803627475755167
43	0.02097730003143533
44	0.31671278732785013
45	0.07952397774627906
52	0.24809774870332663
53	0.026130405695169626
54	0.27624551946086906
55	0.028641530077466126
56	0.042440104028810904
57	0.2542537503801429
59	0.006498792885008972
60	0.5376460723511403
61	0.24510146138414662
62	0.24420240138071225
63	0.3965474168477218
65	0.023038691976157114
70	0.266587189659777
71	0.00971847220215755
72	0.48487859605681155
73	0.2928229920426243
74	0.303151708365283
75	0.02734282210566588
76	0.043159414364583086
77	0.23674370643382395
79	0.2482948471194747
80	0.09107805112141737
81	0.2589061299640184
82	0.26140865773511596
84	0.037400358477136485
85	0.2871007542639779
86	0.24481644474821534
87	0.0487199106404909
88	0.2583146155421173
89	0.24949460053227143
90	0.047245326111806006
91	0.012565350587548856
92	0.5370137617493294
93	0.3213599422804194
94	0.042833362222994206
95	0.0069594885678087685
96	0.2842909778695072
97	0.2229289152294307
99	0.4857026018145208
100	0.03389398586209731
102	0.024092223728074826
103	0.012267757936570655
104	0.11421433258372422
105	0.3343985412934953
106	0.3018763003233045
108	0.21684811937389542
109	0.01406471180160511
110	0.2605134175532375
111	0.09122479782638622
112	0.006745107051961772
114	0.09668801188630614
115	0.0025232874758050437
116	0.004828330956405613
117	0.028431846093685872
119	0.04140504488207418
120	0.2525492389256235
121	0.5113776241665483
122	0.005933823312851277
123	0.27282228927493696
125	0.040689367046832556
128	0.03456909957446751
129	0.32280533422031604
130	0.25121386228387454
131	0.2367912894212425
132	0.3032589994166408
133	0.0171832456127113
134	0.521820962403057
136	0.5419959760179481
138	0.0012567111606585288
139	0.054517342300725226
140	0.5252703609185337
141	0.04669409549716569
142	0.015694841092426675
144	0.23773114940048665
146	0.022895118516681027
147	0.2656068172983588
149	0.2955296017682544
151	0.22817484222388532
153	0.08759665148602071
156	0.01078717163984378
157	0.055375818335749394
158	0.259128592481677
159	0.2668917717267504
160	0.046341875664799984
162	0.28764553133639525
164	0.005946283851401949
165	0.2642344662779755
167	0.04233073832352681
168	0.2790362362638801
170	0.2715773901609428
172	0.2810684038970297
173	0.30018529907095065
174	0.48993230502454527
175	0.037859120788957215
176	0.0461328975242957
177	0.05520110068402181
178	0.24792199704509785
179	0.5022172562826361
182	0.23828782897751422
184	0.7605001086194809
186	0.02268552046621887
187	0.03079881731208772
188	0.541390632241455
189	0.2570615728778606
190	0.014086698203800645
193	0.5277150883864253
194	0.053661881950661475
200	0.30174837121599096
201	0.22675973881750563
204	0.08419305202662297
206	0.32332383902516376
207	0.511653963710141
209	0.08468065784756632
210	0.295464044168565
211	0.24440866287643886
212	0.2676316679184406
214	0.5201194856746277
215	0.25082392450533636
216	0.31645485376368676
218	0.3154940588688128
219	0.2566259618876637
221	0.017430490786963616
222	0.017307372425703727
223	0.03342981807254865
224	0.011910325147777866
226	0.09485068017106338
227	0.010310667262074413
228	0.3581446607156538
229	0.01927735517780641
230	0.01224931783460666
231	0.0513167510900881
232	0.3127345726868427
233	0.26087277717295393
234	0.764499774255401
235	0.506490162420222
236	0.512960007616754
237	0.30143095001288034
238	0.26485213254820417
239	0.2997649567162021
240	0.5525774706852958
241	0.10276109329464632
242	0.19710748138194525
243	0.7406952755413179
244	0.018272528276931523
246	0.24963863732124025
247	0.01143955445826331
249	0.27009610171367693
250	0.26563936543543126
251	0.46823049100878855
252	0.7368740899523926
253	0.5002545112812008
254	0.28409710177259634
256	0.5656825766531483
257	0.24923705854507602
258	0.0734116428199667
259	0.24821825204516398
260	0.2876457265461749
261	0.010690877295439511
262	0.014812056620331901
264	0.025559613353449147
265	0.04089887972809153
267	0.7418078844717264
268	0.5364668898339212
269	0.660731061443198
270	0.24388058484664393
271	0.7644809418979138
272	0.061515880194581485
273	0.021924320004380823
276	0.5500124181153263
278	0.2028298096361227
280	0.5154880960857654
284	0.297691475431505
285	0.11019060106738189
286	0.20633066691549581
289	0.13034505661348347
291	0.24811635549886926
292	0.49253482746495386
293	0.2721663548543529
294	0.5281673987709165
295	0.28889180355748667
296	0.25502965412590095
297	0.06712928403296875
298	0.24140931604490934
299	0.5386456117079788
301	0.021092489498232586
302	0.2789200841183081
303	0.5302543119768145
305	0.029018320706475906
306	0.014664145905829287
307	0.034605044346641814
308	0.2884612302995159
312	0.04558809249296916
313	0.3054541820200124
314	0.2716313416692908
315	0.04195356651756869
316	0.5103014806025251
319	0.0016156269699309812
320	0.04270974908141574
321	0.28704147794651996
322	0.285456490478491
323	0.26142964594903195
324	0.005319937356388662
325	0.5502095428848885
326	0.05978382180397282
327	0.2571546998723166
328	0.2981924748534642
329	0.778914381187202
331	0.09233003045986186
332	0.07428109598842912
334	0.24699044582701815
336	0.03389951106766559
337	0.3057911573857754
338	0.2922942471751866
339	0.5032835131576074
340	0.015951518549862643
341	0.15210343736713758
342	0.26971796948369164
343	0.2212170630581397
344	0.514482116735609
345	0.2589608907460228
346	0.03772589791306148
347	0.43862551647509546
348	0.24862737422053377
349	0.019152690606023884
350	0.020814011615719503
351	0.022560347515541406
352	0.5407324469441843
353	0.023232033876303612
354	0.2791227037655141
357	0.2715621511245832
358	0.49124540042147785
359	0.26314964610712555
360	0.29795176003667057
361	0.49485551210669515
362	0.5209181333963673
363	0.5539495282570488
364	0.2914410123949147
365	0.22683641356033019
367	0.08758059593347985
368	0.017579072176301322
369	0.053247492420442945
370	0.2376864042453705
371	0.22857163565817465
372	0.013084637385474749
373	0.2300100981249537
374	0.19667850105706966
376	0.010621693879550444
378	0.5424046164603193
379	0.28575127885968743
380	0.2956290421311087
382	0.23932631087744158
383	0.010714624556370515
384	0.29216363551108604
385	0.32074458755689333
386	0.2560293571632284
387	0.31597262120668923
388	0.07728687093836051
389	0.3087673817196675
390	0.5160924896186917
392	0.2832415520953827
393	0.2519589190657636
394	0.5383129729108309
395	0.29391757798118506
397	0.2905704555051669
398	0.023503091632455203
399	0.3014458160390214
400	0.0018979528189235761
402	0.01898504614741036
403	0.25783568275964514
404	0.3241629373328745
406	0.5323564867258886
407	0.28592718749930346
408	0.07285959773582995
409	0.5075553467166087
410	0.25941022670993974
411	0.2589416356026261
413	0.011622150178620609
414	0.5065236498960284
416	0.2957770448938801
417	0.31759113888996965
419	0.0006038966815228031
420	0.5367861567508181
421	0.06893240851649673
423	0.5493955938253496
424	0.042605351953790976
425	0.08441878627844449
426	0.5390695653595228
428	0.5233375474268306
429	0.5354263363404771
430	0.5529896554546528
431	0.26268723039510344
432	0.031994191262620424
433	0.09155308698285183
435	0.02074749751744387
436	0.26112272284698007
437	0.023623368569625408
438	0.2519220296030294
440	0.2229290945062678
441	0.25482674051751786
442	0.28220583161440715
443	0.25012688799323624
444	0.01563452971094043
445	0.6019490210623326
446	0.01917585641572922
447	0.04726664265765342
449	0.0644308211276344
450	0.4912659862366847
453	0.021845333134244346
456	0.5103437419253165
457	0.49675979223601685
458	0.5239470519592806
459	0.006127243773305178
460	0.5088940125616235
461	0.2643672701494699
462	0.016623055498260184
463	0.34970800585208167
464	0.03888834374499428
465	0.24632129739227143
466	0.3035597899346356
467	0.24612415231923462
468	0.4825499196820808
469	0.2838308241237035
470	0.03567821009940653
474	0.526158997444561
478	0.017243924331251513
479	0.3001721769985932
480	0.5390880349749445
481	0.010289658371113009
483	0.006042469528945087
484	0.5185844671047479
485	0.5214250439228612
486	0.45242381375039775
487	0.25496085656161277
488	0.2808580775387427
490	0.31254456972038674
491	0.32824811545034743
492	0.0026925032667715065
495	0.24757471155877558
496	0.3180700983792733
497	0.26677578565185645
498	0.018165412340460207
499	0.31145280960355487
500	0.3145972670124024
501	0.009797674667955301
502	0.042365749421251576
503	0.2612329426591796
504	0.253325697344501
505	0.03332669885088263
506	0.2900491659169325
508	0.49437406376451626
509	0.12954455966367012
510	0.034980894695242376
511	0.2787820674230167
514	0.29675376766901324
516	0.01727427749886709
517	0.2561215576289517
519	0.2801037999404807
520	0.08443005334180907
521	0.0026074214005774032
522	0.003957387220339829
524	0.060581427954741925
525	0.31242789387683456
526	0.3263751481059821
528	0.06441795044128902
530	0.01954243845315894
531	0.534968399137152
532	0.5363647343182283
533	0.008410694071199144
534	0.01270563943408734
535	0.028592386565363847
536	0.28682911515123183
537	0.30872177825469477
538	0.2291434873826993
542	0.05973195800780645
543	0.537775282786374
544	0.3523095724644755
545	0.01925727476366886
547	0.30734344974604666
548	0.04559979823330075
549	0.515524760478009
550	0.27167710545693985
551	0.24720232498842706
552	0.02886933574338472
553	0.29565308733235685
554	0.039636000438327046
555	0.0326205239562945
556	0.0256930556198655
557	0.5202985818211936
559	0.26238087848882413
560	0.05164235604694358
561	0.5294309920568421
562	0.01940566817454155
563	0.03047577075852804
565	0.2511549149688466
566	0.31796909082359465
567	0.036682223064354064
568	0.04775458628975874
569	0.5257628617121387
570	0.2961006122792003
571	0.5131807230307561
573	0.5169475559618337
574	0.031189780678847565
575	0.024465237502363776
576	0.017587488597731946
577	0.0073809978121508815
579	0.2119349692661584
582	0.25293463220528584
583	0.01950742281814926
584	0.259382090906961
586	0.2434444107586262
587	0.07263753095997855
588	0.003933610663787768
589	0.07021180046040533
590	0.28724807286895093
591	0.029971377572503587
592	0.2309797255042448
594	0.005252123780202064
596	0.035614105512134814
598	0.2420454105867867
599	0.25731328010894056
600	0.339298885991288
602	0.01935863339964571
603	0.3453090106447853
605	0.47688045823607994
606	0.30257461084084497
608	0.023125070588827405
611	0.23960482686420348
612	0.03999643871628543
613	0.28170852435943966
614	0.3300987280775791
615	0.2701573393883009
616	0.290450998509586
617	0.2507167421063403
618	0.029689851637882746
619	0.07628935090399562
621	0.23972445799448777
622	0.31298220377538694
624	0.2798601958702619
625	0.2356503743011279
626	0.5692993228955313
627	0.2948486773443553
628	0.042244257039794286
629	0.008257911097286429
632	0.019185518405394494
633	0.003892778655369647
634	0.29460508630504156
635	0.7310146827879018
637	0.5238977981765183
638	0.02493105977043569
639	0.31759675697722267
640	0.49298351330569945
641	0.49616901898286114
642	0.01884996799448324
643	0.523175830435794
645	0.5322780309525792
646	0.01973659135827968
647	0.011503135241762885
648	0.31239144180858064
649	0.30535813401308
650	0.3015238295924648
651	0.3189336459015438
652	0.2564584072736793
653	0.2806731421880459
654	0.5518431273903298
655	0.01258986344599232
656	0.2219420966554825
657	0.23554791859983965
658	0.7653366769108616
659	0.052838080711364616
660	0.27347818987304384
661	0.28190283307164604
663	0.02379164013313903
664	0.292026573158146
665	0.3032275545822068
666	0.7688685065456421
667	0.26945633908063277
668	0.34420059072577136
669	0.5463382071326769
670	0.06141249304164292
672	0.03668285389786902
673	0.2852722691005219
674	0.436331196991911
675	0.16385402543378144
676	0.31803988928276994
677	0.021187305656422992
678	0.28411902315180837
679	0.2870847739945833
680	0.27169345813051016
681	0.05718770596842085
682	0.30073882714169947
683	0.5087800901292527
684	0.26875143033373844
686	0.2838167174687459
688	0.2872270167404488
689	0.006770425825497094
690	0.24839120081431582
691	0.27950761476017066
692	0.0067374511076829825
693	0.271416759222902
696	0.528308658622005
697	0.5386510775192767
699	0.013192047125904893
700	0.006778741582147165
701	0.2440290483794955
702	0.043797523803896565
704	0.5436919687919199
705	0.036753631859933106
706	0.009938658569468541
707	0.27303009582856314
708	0.0031819366249339655
709	0.2618177826981075
710	0.2775768783936774
711	0.3230890797566893
713	0.550425563208855
714	0.008837918808070225
715	0.5213455679111955
716	0.2232315594588687
717	0.0851475954963978
718	0.06098507757620947
719	0.2297641544370419
720	0.5367830518897047
722	0.49069149256947514
724	0.32332383902516376
725	0.24677054413718236
726	0.2764679126973633
727	0.35872815479742903
728	0.19619168256624614
730	0.2721135795218312
732	0.04068308997919424
733	0.5427569212727035
734	0.24645032503079645
735	0.4870813733383512
736	0.5505177871256718
737	0.29272725573086544
738	0.5584691363063654
740	0.30887461255251536
741	0.5218961520170308
742	0.48283245487099863
743	0.5300636089609841
744	0.5329108060844863
745	0.30156847791332214
746	0.29151054188074327
747	0.3045803232482641
748	0.2917099164483468
749	0.25226853275822997
750	0.03534881148947686
751	0.2681395112333371
752	0.2987031627376565
753	0.050047367124644894
754	0.017617170998063873
755	0.7352729826048982
756	0.2591923966385818
758	0.2516874655417587
759	0.27103832287840446
760	0.25341392266014423
762	0.29634919729981296
764	0.5190358428611946
765	0.25470647896219184
766	0.5495874505417782
767	0.24610050147107615
768	0.2719017350593802
769	0.5147587382629387
770	0.016628660904064615
771	0.2589300835286478
772	0.5353134055528236
773	0.5336229159076392
774	0.07477052111619181
776	0.03179691881581846
777	0.2191282904544019
779	0.007667071844345678
781	0.05719858497901012
782	0.004435562587703015
784	0.29433850310377163
785	0.006387901985540876
786	0.23542472601349423
787	0.530586458999577
788	0.5402776001252702
790	0.09289195192305001
791	0.23573745642986604
792	0.5054148619946711
793	0.2427278744407334
795	0.5286059597464117
796	0.05901452988856162
800	0.008397954712730197
801	0.012211664274714599
802	0.03656333459197843
803	0.29857495239222426
804	0.2647004746143273
805	0.02772505008169253
806	0.32277942830106465
807	0.29516867506107264
808	0.30925561851667
809	0.2473362424799592
810	0.2424841511400013
814	0.06637738802414875
815	0.2969835078153813
817	0.019190068818971607
818	0.08032411951732064
819	0.29260929751231524
820	0.4724921855895388
821	0.2739564420272387
822	0.00735079734181247
823	0.2638832786008084
824	0.060193503061281
825	0.024398784425261437
826	0.31104173098801147
828	0.5377021856285906
829	0.25015725704890246
830	0.5515198844666251
831	0.4995638316174573
832	0.05145024257789528
833	0.30721407704934783
835	0.2729368085887215
837	0.4761560583374227
838	0.23758899103503048
839	0.26791839406681395
840	0.49915570304610823
841	0.28571508564427156
842	0.31243166773172887
845	0.303039064739935
846	0.29263674221220737
847	0.015472432346169383
848	0.07182041237418758
849	0.25499244309562585
850	0.020534969678642382
851	0.29476073437438766
852	0.26407579194245334
853	0.32390101243567776
854	0.008479583345007473
858	0.21665463072119864
860	0.3151930910603505
861	0.03802349335187667
862	0.5252011218653123
863	0.01708479902832441
864	0.004252469419423872
865	0.34123227217855323
867	0.5265623852517021
868	0.557678572604504
869	0.25450049496176796
870	0.5249864303867011
872	0.017766189967221582
873	0.037906772414929825
874	0.5513765363767921
876	0.027233037017306422
877	0.4960116136681184
878	0.2620995000934201
879	0.010982293064294275
880	0.5381481069624694
881	0.555486814928272
882	0.535711218705173
883	0.5223633774188985
886	0.3241270309457509
887	0.527802423199044
888	0.2815127881037384
889	0.01306655092926963
890	0.25571545808235413
891	0.014187481630324496
892	0.5566808362419879
893	0.2752170874038971
894	0.24917798289263557
895	0.50614033475966
896	0.2859373799115269
897	0.008807071871804083
898	0.044224513373478505
899	0.26200064763616326
900	0.18231770632740893
902	0.2580802982567955
903	0.45776083793071026
905	0.33570904707034854
906	0.25577806820949034
908	0.5084848652726897
909	0.03973874246218081
910	0.30217222090263185
912	0.22845207361487552
913	0.2934201633877518
915	0.33102537540447613
916	0.26588546230637455
918	0.2884352364875938
919	0.2748692569903187
920	0.014728206475717046
922	0.5653012589702558
923	0.2506051246485486
924	0.2692693676308272
925	0.010501170459781176
926	0.05364901648570622
927	0.0185477664874549
928	0.254401516435907
930	0.27309526015222274
931	0.5231861913486536
932	0.773171659682868
933	0.7545796512494176
934	0.2945870676006588
935	0.249158503733606
936	0.49117109074537224
937	0.04622974001230665
938	0.04237939601570076
939	0.04449304451043785
940	0.7442225406014058
941	0.7110742736030589
942	0.5317189147756608
943	4.217230785407561e-05
0	0.0
0	0.0
0	0.0
0	0.0
0	0.0
0	0.0
0	0.0
0	0.0
0	0.0
0	0.0
0	0.0
0	0.0
0	0.0
0	0.0
0	0.0
0	0.0
0	0.0
0	0.0
0	0.0
0	0.0
0	0.0
0	0.0
0	0.0
0	0.0
0	0.0
0	0.0
0	0.0
0	0.0
0	0.0
0	0.0
0	0.0
0	0.0
0	0.0
0	0.0
0	0.0
0	0.0
0	0.0
0	0.0
0	0.0
0	0.0
0	0.0
0	0.0
0	0.0
0	0.0
0	0.0
0	0.0
0	0.0
0	0.0
0	0.0
0	0.0
0	0.0
0	0.0
0	0.0
0	0.0
0	0.0
0	0.0
0	0.0
0	0.0
0	0.0
0	0.0
0	0.0
0	0.0
0	0.0
0	0.0
0	0.0
0	0.0
0	0.0
0	0.0
0	0.0
0	0.0
0	0.0
0	0.0
0	0.0
0	0.0
0	0.0
0	0.0
0	0.0
0	0.0
0	0.0
0	0.0
0	0.0
0	0.0
0	0.0
0	0.0
0	0.0
0	0.0
0	0.0
0	0.0
0	0.0
0	0.0
0	0.0
0	0.0
0	0.0
0	0.0
0	0.0
0	0.0
0	0.0
0	0.0
0	0.0
0	0.0
0	0.0
0	0.0
0	0.0
0	0.0
0	0.0
0	0.0
0	0.0
0	0.0
0	0.0
0	0.0
0	0.0
0	0.0
0	0.0
0	0.0
0	0.0
0	0.0
0	0.0
0	0.0
0	0.0
0	0.0
0	0.0
0	0.0
0	0.0
0	0.0
0	0.0
0	0.0
0	0.0
0	0.0
0	0.0
0	0.0
0	0.0
0	0.0
0	0.0
0	0.0
0	0.0
0	0.0
0	0.0
0	0.0
0	0.0
0	0.0
0	0.0
0	0.0
0	0.0
0	0.0
0	0.0
0	0.0
0	0.0
0	0.0
0	0.0
0	0.0
0	0.0
0	0.0
0	0.0
0	0.0
0	0.0
0	0.0
0	0.0
0	0.0
0	0.0
0	0.0
0	0.0
0	0.0
0	0.0
0	0.0
0	0.0
0	0.0
0	0.0
0	0.0
0	0.0
0	0.0
0	0.0
0	0.0
0	0.0
0	0.0
0	0.0
0	0.0
0	0.0
0	0.0
0	0.0
0	0.0
0	0.0
0	0.0
0	0.0
0	0.0
0	0.0
0	0.0
0	0.0
0	0.0
0	0.0
0	0.0
0	0.0
0	0.0
0	0.0
0	0.0
0	0.0
0	0.0
0	0.0
0	0.0
0	0.0
0	0.0
0	0.0
0	0.0
0	0.0
0	0.0
0	0.0
