2	0.20820248455267076
6	0.3402389938566204
7	0.12386711802354347
8	0.3930938403613126
9	0.20401003145565264
11	0.21537083190112555
12	0.7299972354385507
13	0.031058663374617324
14	0.07735092063304672
15	0.42773364589412466
17	0.4390682321699692
18	0.298929377612083
19	0.4432468055683537
20	0.5138335175268467
22	0.37007859270023047
24	0.23577254195610411
25	0.15862200790465483
26	0.3137968189855017
27	0.5365637596833396
28	0.6061157576831391
29	0.25279062949601355
32	0.5913329070419404
34	0.26621996407813653
35	0.566567750994308
37	0.5690670904727001
39	0.21555153934630503
40	0.17403251011583581
41	0.0848605177702493
42	0.07853470608984167
43	0.03953057498016406
45	0.36590044417898887
46	0.29230218794567764
48	0.20036464711366636
50	0.2326087205196762
51	0.37038312500495
52	0.28859164005595395
53	0.184446148771469
54	0.4124826306997573
55	0.7812607277693097
56	0.13834681029964285
57	0.38916704219443654
60	0.29886153881104716
61	0.3296727385516784
63	0.3288227891586116
65	0.1475727380823357
66	0.36622895121907145
67	0.4437430322728464
68	0.34840575447195304
70	0.6246069340837265
71	0.7740846445025582
73	0.12779555618561447
74	0.262737665179226
76	0.592013777997731
77	0.22272367619898675
78	0.05061745309340059
79	0.5747911030198505
80	0.7427707160267609
81	0.30331588144972804
82	0.07960543902898187
83	0.21175316284611811
84	0.5855518051571575
86	0.46750603936949603
87	0.18013931697205723
88	0.5797683522853446
89	0.04376927050766344
91	0.2511997787585876
92	0.3883640909959484
93	0.19725671547019416
95	0.3545296524153723
99	0.29345448255539125
100	0.3330619621236566
101	0.34073807578591286
102	0.3882852752936562
103	0.5282009272341892
105	0.09697918544314375
106	0.46046342757449704
110	0.3249128409391732
111	0.016644744275415582
112	0.467411122891712
113	0.0047519112353528875
114	0.2835558691151727
117	0.4002744485926053
118	0.34114676573503544
119	0.41508990678759383
120	0.06435418660083261
122	0.4620014441943795
123	0.03468837940693135
124	0.38431278188629997
125	0.029117995149092652
126	0.15341258825320028
127	0.18215828183520363
128	0.7945549452500177
129	0.3298750802479892
130	0.06335054898371549
131	0.7356164092033504
132	0.1656731463889064
133	0.5385000000549851
134	0.5316511417358535
135	0.2928488452863022
136	0.27643863098125965
137	0.2019188418492589
138	0.04021226652097104
139	0.5123069598900923
141	0.41938438000320294
142	0.40608987101111893
145	0.25332239689229485
147	0.5485635312253185
148	0.22092380736092762
149	0.5371933403333662
150	0.05277557203776063
152	0.5390603229177872
153	0.2651209681786103
154	0.5374941700491709
155	0.27878403271567415
156	0.46490747973831764
157	0.6084389328248402
158	0.33409155127907086
159	0.4704003043142982
160	0.11980448873151057
161	0.6913684015405581
162	0.16047950400924543
163	0.5949441251042031
165	0.2793155674582583
166	0.6675850645050048
167	0.37665453335326793
168	0.2508102227824013
169	0.2078523934953809
170	0.45055440437521366
171	0.16218081037796908
173	0.2655035329968471
174	0.4163879165624621
176	0.43768870196919707
177	0.059503939707822764
178	0.0895401466214274
179	0.04710519715847524
180	0.19068093984611476
182	0.36841595409577255
183	0.37647091547086203
185	0.17457570579262738
186	0.3907429315766061
187	0.4584715685813318
188	0.10069183210767962
190	0.5482733098591852
191	0.6465970636450418
192	0.117815059846404
193	0.42342519452245597
194	0.6131949127185534
195	0.012914908199758175
196	0.21396115103755045
197	0.3243687814612119
198	0.0800536617873637
199	0.46857516773663305
202	0.18197829803028825
203	0.2156162328488922
204	0.7907638582606237
205	0.32013722481235274
207	0.0890334917567463
208	0.20856449833410184
211	0.10847929244720547
212	0.6407087093868146
213	0.25394918741538436
215	0.3484756727497632
216	0.3096506380229154
218	0.38525195355679637
219	0.5459755944292138
220	0.39635959627500944
221	0.24898403235518896
222	0.037653950577268835
225	0.25286973348673375
227	0.2493601446309612
228	0.3776707298312342
229	0.712001611530928
230	0.05869815654314069
231	0.31156196543056625
233	0.6051605460348961
234	0.09294877574261744
235	0.13677706073138454
238	0.08534164864958474
240	0.2751030874568288
242	0.29987169273974046
243	0.24917919423383428
244	0.07152526273602136
246	0.4001349120943736
247	0.5938582013501478
249	0.36312473094525727
251	0.25240490569538127
252	0.3738011654340955
253	0.13614718057425262
254	0.5966918778508802
256	0.05187919331853709
257	0.5374616142342896
258	0.9760926331943255
260	0.5325120239151727
261	0.9758533936587077
262	0.2892086839201061
263	0.05783424068517275
266	0.37196089387671677
267	0.07322354591658718
268	0.1176268445859573
270	0.07708452128637355
271	0.10209115346975392
273	0.5057098639131605
274	0.2518767090917546
275	0.5309892988746184
276	0.37116867077509474
277	0.44539595455335573
278	0.5792525151362788
280	0.05493490532362562
281	0.32199926443866117
282	0.2698190665478855
283	0.17104629071695424
287	0.22939106092788053
288	0.05172614068446155
289	0.6246401837827567
290	0.038033896093793026
291	0.07813112459487215
292	0.08286850836080585
294	0.3665700656488835
295	0.055994942628988034
296	0.14516962882587484
299	0.11669878866649239
300	0.4584564519091188
301	0.2994284017228188
302	0.16784324582751026
304	0.6715048414675758
306	0.742856962943151
310	0.3902891676649196
313	0.04931767536863263
316	0.34287505488303366
317	0.042407804999496444
318	0.26798867826489026
319	0.2785066584555565
320	0.34020496272617623
322	0.2327378141727861
325	0.381281361695896
328	0.16893121825761517
329	0.08319002788149295
330	0.32759042742190425
331	0.03147666169457036
332	0.050526394801576405
335	0.061190145145496734
336	0.48045007077227553
337	0.29028852798972693
338	0.25744574429723016
341	0.4455751738884775
343	0.07212573179896445
345	0.0754035977558743
346	0.37546810089179083
347	0.09545820196607771
348	0.3064568809661816
349	0.6087158660017763
350	0.0007147685388090227
351	0.15371640627946606
352	0.4461424548795379
353	0.7575242032197251
355	0.2550106931706982
356	0.13356661847117007
357	0.5899709995467891
359	0.5609131972959908
360	0.0753235343228498
361	0.08771678856291637
362	0.24758378958985836
364	0.24232566821753526
366	0.2781056935333883
367	0.1781605537267434
368	0.540928932430369
369	0.6152145062902419
371	0.2642981844052026
372	0.4470958652264527
373	0.10987438850650652
374	0.24620777519174553
375	0.06764768756438927
376	0.29488287952484543
377	0.1970533191174195
378	0.09569442823221523
379	0.055875639258495285
381	0.02460434482888043
383	0.1202459270986755
384	0.24433844516810593
386	0.28970796917004876
392	0.05764503505080393
393	0.29720505525418606
394	0.3702104224203054
395	0.08100582315139562
396	0.037974497641908134
400	0.13587240501678424
401	0.22776843839827107
403	0.07139247392435694
409	0.08728267623503755
410	0.8072096670113167
413	0.39421081535456215
414	0.23763289859827458
415	0.2663533969987943
416	0.06922410553487826
417	0.1287703725566861
419	0.5689320797031201
420	0.28171623501230514
421	0.28980735053991774
422	0.33454065114877785
423	0.11331468278015498
424	0.04060444556485004
426	0.5724303462818934
429	0.11098471785521019
431	0.682994108639455
432	0.42007920990436765
433	0.2501897384700061
434	0.20480319596617452
435	0.1530054881818791
439	0.47669735947725855
440	0.08388137422260636
441	0.34704433766080345
442	0.06571087537862466
443	0.4022703343868095
444	0.35537632010677034
449	0.41179762068131553
450	0.39815992983968357
452	0.01434812758582715
453	0.37976636902794586
454	0.04765406509227359
456	0.3765797897723463
457	0.09623845329108
460	0.08386896995608967
462	0.23916970430246517
466	0.32082939842228986
468	0.07924805547915266
469	0.06492790771551091
470	0.5786695426376653
471	0.22663856821623174
472	0.34806315427986895
473	0.24655414728713965
474	0.10631663696229626
476	0.01024876475604411
477	0.6249492933196249
478	0.06178164084022246
479	0.0807332902933824
481	0.12207629795857244
482	0.5431187616167478
483	0.565237444040678
484	0.40802343939784486
487	0.3868519075046264
488	0.10199322863050235
492	0.050649610279908816
495	0.10654024161925019
496	0.4049062257670862
497	0.5794778964101517
499	0.251991071449592
502	0.34501913752769925
504	0.307848631671959
505	0.3670761800877285
509	0.06422840169989387
510	0.489676351452963
511	0.6394059253715376
512	0.050604698707828424
513	0.37195149430730295
516	0.05560721764735793
517	0.3191166327704519
519	0.09255240330348144
520	0.6120193241345351
521	0.0858738760667781
525	0.14161470328652367
528	0.17597561375060355
529	0.02755292847204098
530	0.4583400615655467
531	0.37940460682134186
532	0.09356329417263246
533	0.057664625377305004
534	0.23914326461949714
536	0.1470010741942103
537	0.37120881183604465
540	0.14066239763056915
541	0.06063052533619939
544	0.49074299454134995
545	0.32938865657192323
546	0.04086255941882316
549	0.11142526010030737
550	0.3117040580089717
552	0.5759622963814627
553	0.06522644422496046
554	0.5814398580567887
555	0.23712587867062368
556	0.11363896162685715
557	0.4171982117866899
558	0.45666951718170634
559	0.47489101969456443
561	0.07138797255816165
563	0.599761658809304
564	0.34548160457079835
565	0.4872994522925325
566	0.2643454822159532
568	0.08112396747869938
570	0.015755574805318407
572	0.17594204513571762
573	0.09062930019857704
574	0.12457926141787928
575	0.4209527787523091
576	0.04986049661076504
577	0.13887815265861336
578	0.5418576267087184
580	0.1006860007517047
582	0.11414351281024175
583	0.22605447777538573
584	0.1698372784926185
585	0.3717282643853893
586	0.3341060027759855
588	0.13035927792301694
590	0.38249414750838523
592	0.09525559932540473
593	0.14226021117522708
594	0.47376778993898794
595	0.05171715077017465
596	0.5422143224535461
598	0.38786208399098604
599	0.17391689767838703
600	0.28931104023272836
601	0.1264781108033102
602	0.1655499717940997
603	0.06681201182011003
605	0.07568092132549133
607	0.23961061059521668
609	0.3618925852519608
610	0.3338866541110145
611	0.4900269539716618
612	0.42503989706399437
613	0.024566760549997187
616	0.3740869116713725
618	0.06444546149419979
619	0.25210116965617607
620	0.353029574446241
621	0.278861121850849
622	0.3796594731724247
623	0.03226383833249226
624	0.07268090381162448
626	0.3466254268324078
629	0.1176356849961381
630	0.1096643364779604
631	0.2585758486326103
637	0.15985050079089203
638	0.2985656449490193
639	0.03758771598169225
640	0.09211938958411921
642	0.3696820720633241
644	0.4518868680032535
645	0.2797934724168532
646	0.5473946944640848
648	0.21630704417277613
651	0.48986675970564425
653	0.06746297554306291
654	0.04867991940625324
655	0.09913757964685434
656	0.121451232141784
657	0.5897380547186649
660	0.4115800199527999
662	0.5929067319874296
663	0.4876925784976841
666	0.10182376625580973
667	0.32859662724613037
671	0.022635330133793142
672	0.4919045165446065
673	0.7149469193787906
674	0.3692656856036115
675	0.5255517574978079
678	0.16421882824617315
679	0.5891699952273861
680	0.03677074262190716
681	0.6264921968054925
684	0.1318415722763155
687	0.43820978207453354
688	0.1707394718479145
689	0.31246797895231776
691	0.5703537839544804
693	0.04041695696563454
694	0.05560565199112412
696	0.08026582704844312
697	0.36265972532510987
698	0.3031468076921855
700	0.16514737629956633
701	0.39503249786613737
702	0.01256665151813172
703	0.03415651275143964
704	0.14028973371316814
705	0.5407465229240463
706	0.04178855122176249
708	0.36011255670890596
709	0.29358527254826067
711	0.058664072414306066
712	0.5356096033918459
714	0.2548459218166838
715	0.5772772619635421
716	0.36348423656041073
717	0.07364013279902518
718	0.4241141610291346
719	0.27433021847262856
720	0.30638722757575215
722	0.35056945111132665
723	0.5110602159273406
725	0.5373352555750236
727	0.12470285071544882
728	0.25361645117599446
729	0.4117745071532454
731	0.2567945703601546
732	0.03559858898320191
733	0.0997115970000582
736	0.26620996413157905
737	0.3038235312808668
738	0.36116335545411826
741	0.08429329382311729
742	0.06487958906707499
743	0.0504112616738729
746	0.18737949239435736
749	0.14988006245824392
750	0.12896785145108408
754	0.27043569338819445
755	0.2957255097982227
756	0.1388642843476039
757	0.10276109329464632
758	0.02150032448567113
760	0.021607370912936054
761	0.026506238525707597
762	0.05025423979035533
765	0.5788443755971091
766	0.10928656388951252
767	0.05152606394461794
769	0.5557612668521275
770	0.06510801102766638
772	0.08521748700759922
773	0.10923010455660655
774	0.1740224833686866
775	0.21030821012050163
776	0.2906933208504649
781	0.012455543797679294
784	0.1708735565541124
785	0.05374701529305914
786	0.08190150716860838
787	0.09258215914829442
788	0.4060217217694447
789	0.16469102849383982
790	0.2310888924029913
791	0.2821298431529935
792	0.13206160634632333
793	0.011181718372953387
794	0.24239677519966724
796	0.2127437041224571
797	0.1900236373793423
798	0.27631753048506885
799	0.1510544193506875
801	0.645464840955861
802	0.25754529429926554
803	0.13201613478554625
804	0.5105545813280818
807	0.41721741439813753
808	0.22982301277237505
809	0.06206657329932544
810	0.274430986489699
811	0.2485889423083959
812	0.3935436853266522
813	0.27966915892621047
814	0.29678598470124173
815	0.39240096906516575
816	0.4597251066719017
817	0.031501968381379516
818	0.08006670784591809
819	0.23573221557150847
822	0.2022849055585657
823	0.08876044169724898
825	0.2576638935084266
826	0.35070859801378484
827	0.37495376964221894
828	0.0681053673184774
830	0.36095749666767296
831	0.2663730275267364
832	0.6102565169289699
834	0.33200416472750105
835	0.08265965722624925
837	0.07000574753348866
838	0.07887860713148012
839	0.040611587478492764
841	0.10506444135758326
842	0.2341503967652136
844	0.34414639610215336
845	0.5715179175726626
846	0.025240003006049876
847	0.26811875947395136
848	0.020157096147332135
850	0.15049816809942465
851	0.11165823335909081
852	0.17486060545347593
855	0.4234753120749034
856	0.2662484310054894
857	0.2527696843167763
858	0.4748367661477677
859	0.4856285780928575
860	0.37117859544602916
861	0.22189123175887204
862	0.4017982591538391
863	0.06318947041989406
864	0.05095056842845968
866	0.3908061524558061
867	0.07502733298298236
868	0.1066499928726897
869	0.054240878428064576
872	0.48607762354465767
873	0.25266319392740644
874	0.08998510982631733
876	0.5591018959843886
877	0.11092616141393995
878	0.29703673894609084
879	0.5372521957926715
880	0.0931622856443106
881	0.31349167603314304
882	0.09777030368776668
887	0.10868944481885687
888	0.7325710629817451
889	0.0994276350334605
891	0.535872880614517
892	0.29720383340153966
893	0.16685605156115615
895	0.1445571422276308
896	0.13226507461821524
897	0.04878642003326098
900	0.06494768767226697
901	0.1968815298330588
902	0.48961650701795295
903	0.10294052583072366
904	0.23670779276854645
906	0.40528816925677735
908	0.1005927371407425
909	0.4502919252212502
910	0.22953168624146272
914	0.6290782161704224
915	0.7587368321530699
916	0.3249141768994449
917	0.3011887678993201
918	0.1588093999520303
920	0.2502583624410193
921	0.32048944341648666
922	9.483450337137087e-05
923	0.38240761248858274
925	0.17516439582830257
926	0.28328990077247235
927	0.2578392910762125
930	0.7824638860237323
931	0.059821374583698766
932	0.08884561321754501
933	0.10995741879412899
935	0.791362238518523
936	0.39566689497510166
939	0.6237387243232857
941	0.3981824190039148
942	0.09200607402937028
0	0.0
0	0.0
0	0.0
0	0.0
0	0.0
0	0.0
0	0.0
0	0.0
0	0.0
0	0.0
0	0.0
0	0.0
0	0.0
0	0.0
0	0.0
0	0.0
0	0.0
0	0.0
0	0.0
0	0.0
0	0.0
0	0.0
0	0.0
0	0.0
0	0.0
0	0.0
0	0.0
0	0.0
0	0.0
0	0.0
0	0.0
0	0.0
0	0.0
0	0.0
0	0.0
0	0.0
0	0.0
0	0.0
0	0.0
0	0.0
0	0.0
0	0.0
0	0.0
0	0.0
0	0.0
0	0.0
0	0.0
0	0.0
0	0.0
0	0.0
0	0.0
0	0.0
0	0.0
0	0.0
0	0.0
0	0.0
0	0.0
0	0.0
0	0.0
0	0.0
0	0.0
0	0.0
0	0.0
0	0.0
0	0.0
0	0.0
0	0.0
0	0.0
0	0.0
0	0.0
0	0.0
0	0.0
0	0.0
0	0.0
0	0.0
0	0.0
0	0.0
0	0.0
0	0.0
0	0.0
0	0.0
0	0.0
0	0.0
0	0.0
0	0.0
0	0.0
0	0.0
0	0.0
0	0.0
0	0.0
0	0.0
0	0.0
0	0.0
0	0.0
0	0.0
0	0.0
0	0.0
0	0.0
0	0.0
0	0.0
0	0.0
0	0.0
0	0.0
0	0.0
0	0.0
0	0.0
0	0.0
0	0.0
0	0.0
0	0.0
0	0.0
0	0.0
0	0.0
0	0.0
0	0.0
0	0.0
0	0.0
0	0.0
0	0.0
0	0.0
0	0.0
0	0.0
0	0.0
0	0.0
0	0.0
0	0.0
0	0.0
0	0.0
0	0.0
0	0.0
0	0.0
0	0.0
0	0.0
0	0.0
0	0.0
0	0.0
0	0.0
0	0.0
0	0.0
0	0.0
0	0.0
0	0.0
0	0.0
0	0.0
0	0.0
0	0.0
0	0.0
0	0.0
0	0.0
0	0.0
0	0.0
0	0.0
0	0.0
0	0.0
0	0.0
0	0.0
0	0.0
0	0.0
0	0.0
0	0.0
0	0.0
0	0.0
0	0.0
0	0.0
0	0.0
0	0.0
0	0.0
0	0.0
0	0.0
0	0.0
0	0.0
0	0.0
0	0.0
0	0.0
0	0.0
0	0.0
0	0.0
0	0.0
0	0.0
0	0.0
0	0.0
0	0.0
0	0.0
0	0.0
0	0.0
0	0.0
0	0.0
0	0.0
0	0.0
0	0.0
0	0.0
0	0.0
0	0.0
0	0.0
0	0.0
0	0.0
0	0.0
0	0.0
0	0.0
0	0.0
0	0.0
0	0.0
0	0.0
0	0.0
0	0.0
0	0.0
0	0.0
0	0.0
0	0.0
0	0.0
0	0.0
0	0.0
0	0.0
0	0.0
0	0.0
0	0.0
0	0.0
0	0.0
0	0.0
0	0.0
0	0.0
0	0.0
0	0.0
0	0.0
0	0.0
0	0.0
0	0.0
0	0.0
0	0.0
0	0.0
0	0.0
0	0.0
0	0.0
0	0.0
0	0.0
0	0.0
0	0.0
0	0.0
0	0.0
0	0.0
0	0.0
0	0.0
0	0.0
0	0.0
0	0.0
0	0.0
0	0.0
0	0.0
0	0.0
0	0.0
0	0.0
0	0.0
0	0.0
0	0.0
0	0.0
0	0.0
0	0.0
0	0.0
0	0.0
0	0.0
0	0.0
0	0.0
0	0.0
0	0.0
0	0.0
0	0.0
0	0.0
0	0.0
0	0.0
0	0.0
0	0.0
0	0.0
0	0.0
0	0.0
0	0.0
0	0.0
0	0.0
0	0.0
0	0.0
0	0.0
0	0.0
0	0.0
0	0.0
0	0.0
0	0.0
0	0.0
0	0.0
0	0.0
0	0.0
0	0.0
0	0.0
0	0.0
0	0.0
