1	0.034131004397871395
2	0.26519799783148457
3	0.14719908084845282
5	0.46019084848972275
13	0.2501786881417593
14	0.23143185806664618
16	0.30195849392539215
18	0.2249978165041402
21	0.3398472655491645
22	0.028407879549973244
23	0.498005353950417
24	0.2701281118427319
25	0.059837664420254344
26	0.32897771222451555
30	0.08408161458682747
31	0.1926012261245031
33	0.23060757042037572
34	0.164215863181011
35	0.035691741589792984
36	0.2833740030598654
37	0.011430120335322851
38	0.5277943358358034
40	0.23333500764564108
41	0.2731767429740695
42	0.2948975836451437
43	0.24824685465070112
44	0.027107930032919163
49	0.24372825813996055
52	0.05623199058463912
53	0.2789704090661767
60	0.014185039160248575
61	0.04057673316574054
62	0.2832279626514301
65	0.009950266741758564
67	0.019471960017645243
68	0.04860149678978277
72	0.5338775798099928
73	0.030034931843786503
74	0.2384382881379427
75	0.28762408366577497
77	0.10869805540321778
82	0.2548724127134129
83	0.008589462558378023
85	0.3135897056257343
88	0.05778412850250238
89	0.32244506684986324
90	0.0006660266479983495
92	0.2567875744141369
93	0.16856727882259248
96	0.2934857240922617
97	0.28600522903852904
99	0.315394612119226
100	0.024128722474370527
104	0.08068229784222876
105	0.31223940979534154
106	0.03264348350761449
107	0.03858156675949309
108	0.2670137526976492
110	0.0582429293638929
111	0.3051934025373092
113	0.252790263852429
115	0.0024873364772222406
116	0.03854605604813424
117	0.005061226884095538
120	0.29189084768951196
121	0.5301648544370395
123	0.32076533825922526
125	0.06279177234719113
129	0.23286978018380172
130	0.08830393082963187
132	0.24416605076920925
134	0.13484221307509076
136	0.25151243453023037
137	0.02204366629245763
138	0.0002918691332463169
140	0.7208558630269892
141	0.03594175312941921
143	0.21322449616859934
144	0.0830480468379623
146	0.279749449741292
147	0.0902473173726601
148	0.006296898800031814
149	0.04547649662994052
150	0.04692398493307415
151	0.2555548099868693
153	0.08415247756248018
159	0.017691315168106063
162	0.3397548300573471
164	0.20935104802181206
165	0.023322928412055813
168	0.2907311777472525
170	0.03817725914913243
172	0.5293653959013436
173	0.23715449454239693
174	0.2033205419078841
175	0.06098505392048028
176	0.08577583635883747
177	0.2318773362815639
178	0.029471907501354894
179	0.5307685983848485
182	0.050914120790073375
184	0.5462560174117486
185	0.07127765304426242
187	0.05608809659253466
188	0.2338189083815472
189	0.04273492559442902
193	0.08474061927546656
195	0.02420146154349119
200	0.04762430944543718
201	0.2893333950595463
202	0.02399377600466484
206	0.31526191897473677
207	3.813075209974787e-05
208	0.05106041092628973
209	0.3525589730754989
210	0.24286980836738992
214	0.538795719924794
215	0.08477230165166089
216	0.012924186214246229
217	0.020376474869309123
221	0.046611623949235
223	0.10261361814897044
224	0.2892295961161137
226	0.06389334434695697
228	0.23732584227184852
230	0.0448509732048324
232	0.5142616208504059
233	0.007552812381867939
234	0.27141876300596995
235	0.29145303992516397
236	0.3231149001481657
237	0.4780928045300228
238	0.015583079339867328
239	0.23656150934217396
240	0.2494964565138961
242	0.27123216455857374
243	0.35171607238247843
244	0.040875766684887405
245	0.03276610794315243
248	0.26701663977099205
250	0.325171594104355
251	0.08376330094909723
252	0.3287105409903818
253	0.31231259751156987
255	0.18637458756882916
256	0.3489017864975921
257	0.0349455685709701
259	0.19897947600439264
262	0.003912441913558842
264	0.21638118714102375
265	0.34117088070701906
266	0.00825708917744691
267	0.26253513167235515
268	0.002051598592340685
269	0.47891363536271264
270	0.0814754262349358
271	0.26124096655379936
272	0.47159695616368336
273	0.00014791955767783777
276	0.26999935850950624
279	0.013575964571348548
280	0.303043516035539
284	0.2069996834765276
285	0.48334558622813384
286	0.25335988243735746
287	0.25697666414164383
291	0.4801462018221099
292	0.2820984778720708
293	0.04278782078438946
294	0.1304334091625722
295	0.06007540035188688
296	0.48747480123029563
297	0.24008704847440385
298	0.5086844637127295
299	0.008090671517298552
303	0.48806279126645014
305	0.06189547800723936
307	0.32567225620681495
308	0.47295275005215887
309	0.17133921214856906
311	0.0023373469766255137
312	0.21684785993613145
313	0.024359040957855817
314	0.309693567404846
316	0.08404599024906044
317	0.21540695445655286
321	0.3219125624823586
322	0.24820090037126818
323	0.5291801088232917
324	0.2936411068092887
325	0.04217058319760503
327	0.09952552490168881
328	0.017807339724269802
329	0.5010965435524426
331	0.2498726992813414
332	0.236435874498113
333	0.2328775440303551
334	0.188277846204258
335	0.032933516607591855
337	0.09389733569207104
338	0.018092752830775348
339	0.463880902009373
340	0.3055496555288528
341	0.007552067616557502
342	0.5057708182450581
343	0.021937933767405535
344	0.5170943906141545
345	0.029457081941937652
346	0.2097382576470822
347	0.22483669872127815
350	0.30123452568676634
351	0.02431713961608698
354	0.25084332782908175
357	0.0557647569233639
358	0.3425411150134589
360	0.01577672480035011
361	0.24103481967950016
362	0.2766099120889428
363	0.541876682284902
364	0.2496623596478349
365	0.3053180992785794
366	0.005325838610714291
367	0.21537310075652757
370	0.4682998465414365
373	0.07622740607106465
376	0.006223966045752212
377	0.02367590319186246
378	0.04824874514530264
379	0.2421202687254616
380	0.7016073161106663
382	0.3126257713026034
383	0.06730833524824655
384	0.011705683486621363
385	0.29037199540473163
387	0.0271002686970122
388	0.2700967370501134
389	0.24682604971881483
390	0.5383113549243567
392	0.2710792184007919
394	0.038338556165994436
397	0.209424922416426
398	0.025917443824630522
399	0.22764605034682667
400	0.05989768704451839
402	0.2931909136839271
403	0.49747814425677817
404	0.5487730771216274
406	0.548576183617974
407	0.47764609133139185
411	0.2511282335075418
414	0.275148802862601
415	0.22765019077620002
416	0.0143042406109165
419	0.017957599814211817
420	0.24242428979599204
423	0.508127116324357
424	0.06717211764378293
425	0.2799052769304608
426	0.015164964405923239
427	0.02873687655116622
428	0.5394846344968334
429	0.2217077696342451
430	0.5301352171992415
433	0.012304918211300829
434	0.052004139474877246
436	0.22671632719287135
437	0.06757157552435636
438	0.289914683050559
440	0.2451958006933803
441	0.07342953787591362
442	0.016817133300029152
444	0.010854136175253007
445	0.6928675610758468
450	0.24851501951101726
451	0.011040315184830465
457	0.00579952122521029
458	0.7581014018129968
459	0.019789647706333024
460	0.23741908054996372
461	0.4550497207806057
463	0.288858532415956
464	0.012298905834411573
465	0.25877258080877974
467	0.24845666441660916
468	0.096262352248652
469	0.4542184965370428
474	0.4556773752272473
475	0.5164898745438126
476	0.01861021049456484
479	0.014158642846352685
485	0.7648388458732219
486	0.41682124172452195
487	0.023319732487561223
490	0.23547280881895996
491	0.5172996671067261
492	0.22720825605192832
495	0.0025100886992853594
496	0.01453650948804494
497	0.040514693610421565
499	0.026618103309000177
500	0.5010451674585902
501	0.28002110796981194
503	0.09807025550465244
506	0.014499170670463975
508	0.34974975053123847
509	0.060315733898165046
514	0.04910118276984396
515	0.045281563030928555
516	0.2471199030301441
519	0.00472220289978835
523	0.030147053829051394
524	0.01992643472348691
525	0.344715271596155
526	0.30000128569459683
531	0.23707253845626916
532	0.04148857361568417
534	0.04168908335591355
535	0.03226720519004654
536	0.2532110055740802
537	0.005693259494015463
538	0.24289735524408274
539	0.06491571545823738
540	7.031233061451092e-05
542	0.2178303465670272
543	0.27978716733945175
544	0.07096459982344536
546	0.01462763502583532
547	0.2525832461428449
549	0.27025605050859347
551	0.4666415469720838
553	0.2310370015768869
555	0.05329701874737143
556	0.007402087097329046
557	0.040877025836664437
559	0.017250106889859423
560	0.2448796804130257
561	0.2582806472236257
562	0.06144151354951298
566	0.23362933907528805
567	0.2098630285398197
569	0.5383113549243568
570	0.4988233048472447
571	0.49294370206426447
573	0.23526530261538042
576	0.025001923842492176
579	0.4877808444553155
581	0.060639557165693685
582	0.2608386495417729
583	0.011659108902342792
584	0.08593050050542252
586	0.26782740787191445
589	0.3610768358786537
591	0.006483272898436594
594	0.015075164266606492
596	0.0007545061640954753
597	0.2376688482076709
598	0.04167053947880266
599	0.08856875887247553
602	0.25716938939650397
603	0.29012517136634275
605	0.3051038172088858
606	0.04822718839464379
607	0.019169905162155054
608	0.1929615297105579
611	0.00125695330477308
612	0.06393020178323836
613	0.011083432760333703
614	0.41888515229522927
616	0.016513361591874345
617	0.022691075860067675
618	0.02368437323153243
622	0.015508304939166152
624	0.21754623375284354
625	0.016519852013737166
626	0.25101577173661205
627	0.20357219803253696
628	0.22492117893775349
629	0.06366942348079288
630	0.027774786889154746
633	0.050162007999463805
634	0.21974277410436374
635	0.7908268953090141
636	0.003160211062316183
637	0.31886839780909715
639	0.257008724758537
640	0.04457959884305786
641	0.5193872968602905
643	0.3089114024218943
645	0.01580194296938098
647	0.018843490012494316
648	0.03366991173711599
649	0.7985862266707898
650	0.012480813814101526
651	0.03480073197277375
652	0.2822231345348692
653	0.47849642393439623
654	0.4884342285934993
658	0.7818765329319561
659	0.2873780175760675
661	0.4999269589121614
664	0.5030606488733841
665	0.3287216988467809
666	0.484242961950532
668	0.3596549896785166
669	0.5704962448772651
670	0.47759033888765856
674	0.2672108787362021
675	0.034241321800586436
676	0.7807782682103375
677	0.25854353679999936
678	0.40270568939088147
680	0.34102454284277123
682	0.2542868116107803
683	0.5244534684153243
684	0.008876718199699915
686	0.23235076782589797
688	0.28190121093531767
689	0.0038152059261841523
690	0.06248739341855892
691	0.04712347299078174
692	0.2996484392182922
693	0.027851116376069775
695	0.28663818468981944
696	0.250842424965859
697	0.031511254541669476
700	0.051211205495664394
701	0.00889327636091829
702	0.3369799843140834
703	0.027459618473478067
704	0.30006534512889815
705	0.032005686547692036
706	0.30427295022303574
709	0.020735965104542967
710	0.2228603898541992
711	0.037204374826555434
712	0.0027560504202675633
713	0.520048705640863
715	0.10331466829365876
717	0.010962124329464244
720	0.2322094651937385
722	0.08648407390320809
724	0.31526191897473677
725	0.0356056657390336
726	0.13936847327840604
727	0.28138822952942266
728	0.26450985190650733
730	0.33629130406576646
731	0.0048017812604105176
732	0.3420231023933457
733	0.23035022873591013
734	0.022979329683272393
735	0.31039122693409976
736	0.35129247567814786
737	0.004565898938249952
738	0.06561065895870892
739	0.22435679400801267
740	0.26145582576531884
741	0.016754300064801796
742	0.5446379391451053
743	0.49891493404213166
744	0.542825290590623
745	0.28152182339909665
746	0.011206499011067947
747	0.0346295966590818
748	0.4845178159955061
749	0.024328222090954442
750	0.07448009663034195
751	0.27203854307156994
752	0.7252313343487339
753	0.31915325463974115
754	0.21867609318354475
755	0.33079795451397875
756	0.26019567975734104
757	0.5390880349749445
759	0.5578385200880985
760	0.11204959746504323
762	0.25968486904826615
763	0.29552833362236436
764	0.307840826971448
766	0.019475188473269255
767	0.08450817234337699
768	0.5625727717786513
769	0.11467873709477898
770	0.034311620712008495
771	0.32188838336717407
772	0.24671214751716247
773	0.030746560540079605
777	0.3244842715133043
778	0.01033219504403906
779	0.3054314990786312
780	0.2852527654034399
781	0.2591734905741146
782	0.022356965429864657
783	0.2428252532762819
784	0.0627009763192353
785	0.05286504508138547
787	0.3055226648035389
792	0.30990526254926953
793	0.3051402400384417
795	0.5389789187249849
796	0.012415866291561585
799	0.05555825797494789
800	0.2534111949365356
803	0.0005307343428220188
806	0.5673872847307083
808	0.2588716824239969
809	0.2507446770087173
810	0.008292307483506043
817	0.33095887846659905
818	0.014697919969144334
819	0.24327381707206633
820	0.5097154650020661
822	0.2719585496163943
824	0.27389433522757867
825	0.0004722668141834904
828	0.2730293742467631
829	0.48133132292679254
830	0.042894624037194094
831	0.10870765963146559
833	0.5286270417549368
836	0.2690866389183976
837	0.29216895678620103
838	0.26905765751733624
839	0.3236615588335537
840	0.5219088508618331
841	0.24058206165447896
842	0.031177429474375688
843	0.003784009640078266
844	0.0053152956798290865
846	0.2307056883991672
847	0.000157785329950956
848	0.023534089913451017
849	0.31039122693409976
850	0.024462126746170577
851	0.0012602755237944643
852	0.2924414264922933
853	0.5336880919214271
854	0.06657755654930825
860	0.016890510522220976
861	0.0720733287500208
862	0.018148903086708648
865	0.30330522569850027
867	0.02604284760689185
868	0.27786409203864276
869	0.309537205575965
870	0.5396687613951073
871	0.24144714494456448
873	0.01603603654936548
874	0.2600047618703908
877	0.08149015109312763
880	0.24277755266304668
881	0.016384073216241697
882	0.014334825278907594
883	0.7491351212130198
884	0.0034743202789121325
885	0.01685522661972831
886	0.06098162067708528
887	0.27157988400022226
892	0.23637520682862093
893	0.5266005794435945
894	0.08556820352697442
895	0.2854147128571912
896	0.026552472491297732
898	0.19493564057469748
899	0.23492112769137866
901	0.01376365021060219
903	0.02603338414089372
905	0.2858253004490192
906	0.04283344109861188
908	0.038643238739845834
910	0.3471252496553564
912	0.07392950233893592
913	0.22763467908208582
918	0.003636132779686628
919	0.2781522386138762
922	0.5836279370552344
923	0.0031012083569379456
924	0.12282086720688677
925	0.012362909374485004
926	0.02728882956216642
927	0.006686064702292965
928	0.3149589118591421
931	0.5213782601733041
932	0.2794961001365704
933	0.47515507304982574
934	0.4636732607082172
936	0.01808340798031391
937	0.28479947059753585
938	0.454646161918116
940	0.7966082507138009
941	0.30554916591757153
942	0.27011734992181025
943	0.01260398187134986
0	0.0
0	0.0
0	0.0
0	0.0
0	0.0
0	0.0
0	0.0
0	0.0
0	0.0
0	0.0
0	0.0
0	0.0
0	0.0
0	0.0
0	0.0
0	0.0
0	0.0
0	0.0
0	0.0
0	0.0
0	0.0
0	0.0
0	0.0
0	0.0
0	0.0
0	0.0
0	0.0
0	0.0
0	0.0
0	0.0
0	0.0
0	0.0
0	0.0
0	0.0
0	0.0
0	0.0
0	0.0
0	0.0
0	0.0
0	0.0
0	0.0
0	0.0
0	0.0
0	0.0
0	0.0
0	0.0
0	0.0
0	0.0
0	0.0
0	0.0
0	0.0
0	0.0
0	0.0
0	0.0
0	0.0
0	0.0
0	0.0
0	0.0
0	0.0
0	0.0
0	0.0
0	0.0
0	0.0
0	0.0
0	0.0
0	0.0
0	0.0
0	0.0
0	0.0
0	0.0
0	0.0
0	0.0
0	0.0
0	0.0
0	0.0
0	0.0
0	0.0
0	0.0
0	0.0
0	0.0
0	0.0
0	0.0
0	0.0
0	0.0
0	0.0
0	0.0
0	0.0
0	0.0
0	0.0
0	0.0
0	0.0
0	0.0
0	0.0
0	0.0
0	0.0
0	0.0
0	0.0
0	0.0
0	0.0
0	0.0
0	0.0
0	0.0
0	0.0
0	0.0
0	0.0
0	0.0
0	0.0
0	0.0
0	0.0
0	0.0
0	0.0
0	0.0
0	0.0
0	0.0
0	0.0
0	0.0
0	0.0
0	0.0
0	0.0
0	0.0
0	0.0
0	0.0
0	0.0
0	0.0
0	0.0
0	0.0
0	0.0
0	0.0
0	0.0
0	0.0
0	0.0
0	0.0
0	0.0
0	0.0
0	0.0
0	0.0
0	0.0
0	0.0
0	0.0
0	0.0
0	0.0
0	0.0
0	0.0
0	0.0
0	0.0
0	0.0
0	0.0
0	0.0
0	0.0
0	0.0
0	0.0
0	0.0
0	0.0
0	0.0
0	0.0
0	0.0
0	0.0
0	0.0
0	0.0
0	0.0
0	0.0
0	0.0
0	0.0
0	0.0
0	0.0
0	0.0
0	0.0
0	0.0
0	0.0
0	0.0
0	0.0
0	0.0
0	0.0
0	0.0
0	0.0
0	0.0
0	0.0
0	0.0
0	0.0
0	0.0
0	0.0
0	0.0
0	0.0
0	0.0
0	0.0
0	0.0
0	0.0
0	0.0
0	0.0
0	0.0
0	0.0
0	0.0
0	0.0
0	0.0
0	0.0
0	0.0
0	0.0
0	0.0
0	0.0
0	0.0
0	0.0
0	0.0
0	0.0
0	0.0
0	0.0
0	0.0
0	0.0
0	0.0
0	0.0
0	0.0
0	0.0
0	0.0
0	0.0
0	0.0
0	0.0
0	0.0
0	0.0
0	0.0
0	0.0
0	0.0
0	0.0
0	0.0
0	0.0
0	0.0
0	0.0
0	0.0
0	0.0
0	0.0
0	0.0
0	0.0
0	0.0
0	0.0
0	0.0
0	0.0
0	0.0
0	0.0
0	0.0
0	0.0
0	0.0
0	0.0
0	0.0
0	0.0
0	0.0
0	0.0
0	0.0
0	0.0
0	0.0
0	0.0
0	0.0
0	0.0
0	0.0
0	0.0
0	0.0
0	0.0
0	0.0
0	0.0
0	0.0
0	0.0
0	0.0
0	0.0
0	0.0
0	0.0
0	0.0
0	0.0
0	0.0
0	0.0
0	0.0
0	0.0
0	0.0
0	0.0
0	0.0
0	0.0
0	0.0
0	0.0
0	0.0
0	0.0
0	0.0
0	0.0
0	0.0
0	0.0
0	0.0
0	0.0
0	0.0
0	0.0
0	0.0
0	0.0
0	0.0
0	0.0
0	0.0
0	0.0
0	0.0
0	0.0
0	0.0
0	0.0
0	0.0
0	0.0
0	0.0
0	0.0
0	0.0
0	0.0
0	0.0
0	0.0
0	0.0
0	0.0
0	0.0
0	0.0
0	0.0
0	0.0
0	0.0
0	0.0
0	0.0
0	0.0
0	0.0
0	0.0
0	0.0
0	0.0
0	0.0
0	0.0
0	0.0
0	0.0
0	0.0
0	0.0
0	0.0
0	0.0
0	0.0
0	0.0
0	0.0
0	0.0
0	0.0
0	0.0
0	0.0
0	0.0
0	0.0
0	0.0
0	0.0
0	0.0
0	0.0
0	0.0
0	0.0
0	0.0
0	0.0
0	0.0
0	0.0
0	0.0
0	0.0
0	0.0
0	0.0
0	0.0
0	0.0
