4	0.2786433350849505
5	0.08682687918871551
6	0.23350403233916928
7	0.24898040109068464
8	0.23327664119543595
11	0.23708709043670945
12	0.006407343568789015
15	0.481942336181351
16	0.060259999246894125
17	0.004536095417992492
18	0.2721681460885006
19	0.5499915973815293
20	0.22609768654510504
21	0.18256083521251196
22	0.6930822484933082
24	0.03738432551923054
26	0.6394780840833444
27	0.14558349139085763
28	0.24286320440273299
29	0.24843177003886685
30	0.25398392882084264
32	0.24870795800571768
34	0.4281867514447058
35	0.27755105240837136
37	0.24187070574317546
38	0.027304051764677144
39	0.01171911822336609
41	0.043316011783299996
42	0.5452842420592876
43	0.016992495559961518
44	0.013171540675563163
45	0.022796176578561318
46	0.26933469233091545
47	0.3022368531820122
49	0.2946474236429219
50	0.43773525126839913
51	0.020520607313739544
52	0.2510651287883161
53	0.3078952507093627
54	0.2480278889612491
55	0.2413139066701713
56	0.2612132221891403
57	0.2249213615735012
59	0.02759513917765198
61	0.2639372945905124
62	0.272528429586381
63	0.18282916855830003
64	0.2748607470530225
66	0.017972739603454586
67	0.24030311678024824
68	0.4453538309135502
70	0.258816098722328
71	0.23238003238174443
72	0.2733004860758706
73	0.2665067360606709
74	0.2576021226884605
75	0.04772492755988286
76	0.24946460486945368
77	0.2016351932224041
79	0.23871765480441798
80	0.577800803494148
81	0.5063689003706766
82	0.22497747282395453
84	0.511712822988404
85	0.2819448321169694
86	0.2446778187621644
87	0.02605179566389797
88	0.7620426037491002
89	0.3093196875195947
92	0.4826148236271171
93	0.1893663964094152
94	0.2361231134947876
95	0.5145662017403053
96	0.02207351183419011
98	0.30845566906461186
99	0.25378511801808207
100	0.24143359567388634
101	0.006413070982984024
102	0.4829839010011213
103	0.5246420040626876
104	0.010283794733751992
105	0.026064318796159204
107	0.0483055567497333
108	0.5510477282949943
110	0.5164331243275455
111	0.012304947536953
112	0.274360717769582
113	0.009603984680223266
115	0.00297686684875172
116	0.19616134399203117
117	0.5033613332665875
118	0.004020532218081178
119	0.49454392843931727
120	0.28402655610184674
121	0.03335327269942237
123	0.26823507484780584
128	0.23982609526357632
129	0.24579783007570372
130	0.5006343655277876
131	0.216240479203734
132	0.03248889030178051
133	0.2110840231261042
134	0.47243005221585127
135	0.2605627345952899
136	0.26154786116024215
138	0.029920199360319304
139	0.2829693958438696
140	0.28903068574619095
142	0.7456232881749606
144	0.02013710577749122
145	0.03236475192047791
146	0.26220034870364006
147	0.48543166129799165
149	0.4966037748184223
150	0.29319223699594665
151	0.2760935207286704
152	0.007152810273003983
153	0.13446790107586581
154	0.2578365700241976
155	0.18482663066585403
156	0.25399823970404767
157	0.49528187889016567
158	0.4639669994077486
160	0.2171567973182812
161	0.1636074426201492
162	0.28430276641727004
163	0.013927735679074137
164	0.013305115047917978
165	0.2612981977326359
166	0.19671955330210028
167	0.26147034525064955
168	0.31635773410502077
171	0.04784130197506211
172	0.0005417497400908404
173	0.24472014867012695
174	0.5240700190168202
175	0.30118607991582724
176	0.5433879300574865
177	0.01933453748168775
179	0.048065298667923674
180	0.04256317185354892
182	0.5196427415738657
183	0.20896502629916242
184	0.01857567233733687
185	0.05485220190705066
187	0.2819407707159636
189	0.01705117719991253
190	0.2278607018905912
192	0.3317922998431637
193	0.5068562138890876
194	0.4934104623625854
195	0.5305407296283619
198	0.4562142349322615
199	0.010290309115963136
201	0.04310165219237852
203	0.21310524795921218
204	0.5353019008318557
208	0.2723617400359064
209	0.05441385499804145
210	0.005972211315371491
211	0.461401562903032
212	0.5283292442571548
213	0.5148829938430481
214	0.5360897367623504
216	0.26589338476934476
217	0.06039450762232597
218	0.03091180619276558
219	0.20991855049401054
220	0.20238388952599917
221	0.2528496511504217
223	0.2543682231878119
225	0.4961550286330561
227	0.5525460423735226
228	0.5386692920056718
229	0.21442583889166278
230	0.28119405402339664
231	0.2808421683960145
233	0.2547719302027672
234	0.23362425835023748
235	0.5240800126501471
236	0.2605829514072237
238	0.0444864130409092
240	0.25192167867495047
241	0.3484756727497632
242	0.2309875985780079
243	0.22186422485819404
244	0.2548702734105297
246	0.23288221034302306
247	0.24462260430624674
249	0.4616084907122083
250	0.2873530979427535
251	0.2527948927061272
252	0.48222273830126655
253	0.5175418223188372
254	0.25131987644715303
255	0.1714949152412613
256	0.03307559435079714
257	0.20969214296073466
258	0.25696076409100554
259	0.29847973092218877
260	0.2836212798495519
261	0.24978738226177633
262	0.5163125492479721
263	0.23764685138684852
265	0.09666507396225386
266	0.5215904721733605
268	0.005412789373071596
270	0.7814542001601229
273	0.2796478923502326
274	0.03223646837717498
275	0.01430499703027465
276	0.4554373975020039
277	0.2500556057644062
278	0.2287275175784928
280	0.5057404231520352
281	0.00945114799366277
282	0.2550106397709749
283	0.0026787707006015807
284	0.01555842790278127
286	0.5007551796520695
287	0.27280641004413153
288	0.023920016846733387
289	0.106860083450587
290	0.017541585778778363
291	0.25039613708080877
292	0.23663515517636488
293	0.2021122467232716
294	0.5091293606666051
295	0.47275523160586697
296	0.26214755411864343
298	0.28991217062768726
299	0.002839205498007133
301	0.24892256564995774
302	0.27583900123301947
304	0.21608441235136208
306	0.19791863966757078
307	0.06867103925349305
310	0.03652981554524176
314	0.28519674159013064
315	0.3178708783990966
316	0.4040695544707224
317	0.03504801178033125
318	0.4910951350562653
319	0.27388761655345656
320	0.25403480103749654
321	0.04631614492458568
323	0.3023311009434333
324	0.04543658801282936
325	0.4653092091019891
327	0.28209347670437446
328	0.25833352250776115
330	0.00040754917220563874
332	0.02673863407340489
333	0.2502681936681197
336	0.012352371372319083
337	0.31332479110558037
340	0.05648427204314661
341	0.24374940059995956
342	0.007502162767348879
343	0.2276239417946153
344	0.21656212448544496
345	0.4701356703871058
346	0.2721493506923236
347	0.25452781439700006
348	0.015035129292585318
349	0.5307224589561254
350	0.2863404022021613
351	0.2962601778000031
352	0.2729468370938313
353	0.52789399049868
354	0.025557219468504744
355	0.26927282469646396
357	0.7638350598169829
358	0.019398169781959292
359	0.2068566550525005
360	0.21518294920712858
362	0.27791843024450535
363	0.0433642571541859
364	0.2243521520690913
365	0.004727761335332266
366	0.26221895304265413
367	0.26678098637564374
368	0.008834891796562081
369	0.2742920040818198
370	0.3186900021162266
371	0.5078705850683027
373	0.4516168740082206
375	0.030471611239419695
376	0.24764693733566456
377	0.05341034073043739
378	0.2325779272551531
379	0.2751791576103455
381	0.01769181581165426
382	0.28481171260328464
383	0.5071343570289457
384	0.23210543448008927
386	0.2523237125500133
389	0.03147234707333679
390	0.05390795239345618
391	0.05683308759335088
392	0.7637063758828724
393	0.0014519362370124037
394	0.4665002674196341
397	0.0009869038119029727
398	0.03992162286664889
399	0.26852301162597736
400	0.014843058385619144
402	0.2881521770248357
403	0.2841493301668641
404	0.2810788788363375
405	0.3659479730583723
406	0.29054142887492596
407	0.030118348748752008
408	0.03989335559342854
410	0.2617470016272866
411	0.2965977730989931
412	0.26199254848589626
413	0.4755033198995686
414	0.25390947501229233
415	0.2537794751689945
417	0.5039596234270458
419	0.5071237030257634
420	0.2513739721063567
421	0.042681453866965584
422	0.25211290610863546
423	0.5312015713828822
424	0.48311811760855966
426	0.22048464822842154
427	0.04793617327987049
429	0.23527506057306774
430	0.2637394297855676
431	0.004603425522726742
432	0.4906099455152742
433	0.19177669177682305
434	0.04131346857208583
435	0.2582096221089032
436	0.025109707275119398
437	0.00975960475872412
438	0.27757186888363394
439	0.03286776679887855
440	0.24918243309023658
441	0.2639221832493398
442	0.4914092157228671
443	0.48804827798900036
444	0.023585942912564325
445	0.09089459706380972
449	0.4817281025409914
450	0.4855588567499923
453	0.46316617771224633
454	0.005514010532322679
456	0.2182287474324412
458	0.024898468398742605
459	0.024772429420302822
460	0.5010574144891463
461	0.29154030622851734
462	0.2611756004270773
464	0.27109780493549973
465	0.26526206223656795
466	0.25870293698364316
467	0.020314754926901206
468	0.5108682084120905
469	0.02642252192374343
470	0.23363892802033268
472	0.279202267630436
473	0.008600913371040835
474	0.249767509631973
475	0.036320489315221416
476	0.02572116605803577
477	0.2823236928336742
478	0.5456026020748679
479	0.21435672296365363
480	0.08477230165166089
482	0.2481441744471252
483	0.22030528243175823
484	0.24489746661086426
485	0.043217677572499474
486	0.006547166241471565
487	0.4768354981284844
492	0.05612678099133246
493	0.02866211639426322
496	0.48392676387110023
497	0.4851689205696115
501	0.05091863380258424
502	0.012256861814845095
503	0.25848613468567433
504	0.0012225200071164372
505	0.015380432653101156
508	0.009253516644359444
510	0.26198179898701757
511	0.2877111139953169
512	0.0253382021393274
513	0.02841447116608098
516	0.009066119898838099
517	0.28106267439919436
519	0.24144590860309284
520	0.7233125474870007
521	0.4654903366940136
522	0.019897245456278176
524	0.021788860547394553
525	0.7555591254518482
528	0.021835086659311644
529	0.03507899193553228
531	0.4643457413378971
532	0.2330107421894429
534	0.036353425494446465
536	0.00020289900367867833
537	0.45614797188708694
538	0.2641035620184867
539	0.29700968597836575
540	0.2535387104118694
541	0.024543954890442997
544	0.4043622953414148
546	0.032519207404305875
549	0.23684134472317492
550	0.02078285007830249
551	0.012089253577031348
552	0.4988293640188807
553	0.013802791747116093
554	0.23106283927424465
555	0.24258243371614036
556	0.511409280310798
557	0.7490853678418977
558	0.24535372699972707
560	0.02090087377827645
561	0.22853771669828551
562	0.056077827654803125
563	0.2497911627640712
564	0.27527839622643485
566	0.23580386870843795
567	0.03112285432530476
568	0.015547093750093409
569	0.5403102991033621
570	0.23955710848423872
573	0.24239690608539843
574	0.5097538840546577
577	0.22823228150437075
578	0.24580200577191175
579	0.2537513830261358
580	0.2555213020099953
581	0.002663699470303635
582	0.3110303226419031
584	0.28197486920351067
586	0.26402672416285716
587	0.011258869106915183
588	0.24353475028348132
589	0.054996344098165256
590	0.4518709010002492
591	0.026613564617728624
594	0.2642993427701711
595	0.43425002278198366
596	0.01700004006053232
597	0.09029096944194903
598	0.5191400670986352
599	0.029889119776260926
600	0.00496358299413454
601	0.2069534484776965
602	0.5368300144890135
603	0.20598889030802572
605	0.4766728383401492
607	0.050933434925699364
609	0.10986738506543114
610	0.2520615613881724
611	0.24962549933892075
614	0.31131201453763047
616	0.2161460536836802
618	0.028803165985038865
620	0.012886450479096367
622	0.7195599393347714
624	0.2434067078197536
626	0.43603849450332444
627	0.03405048359505501
629	0.4919447343450148
631	0.5393098966775454
632	0.040337362466844814
634	0.03097964222559093
635	0.28295077566829013
636	0.05136616592341902
637	0.26912089942907635
638	0.2736350431734944
639	0.24960559532946808
640	0.24358484360762728
641	0.044486050101984864
642	0.27940514641756276
643	0.03859775052116867
646	0.21722808774271105
647	0.26809488176665075
649	0.06198940630954951
650	0.02251802379335216
652	0.281330588371603
653	0.026007801777639804
655	0.24006961347802516
657	0.48304769301553774
658	0.26245685436120775
659	0.30349210157146406
660	0.24546735409814097
661	0.2887440914484156
662	0.2988808065255503
663	0.2738219277996139
664	0.047288043655609846
665	0.27529056709893734
666	0.2413580443844443
667	0.5141886481936465
668	0.02115139857406746
669	0.06268988222977667
670	0.06169287355091121
671	0.01035189016633413
672	0.3003464695735572
673	0.04629777018215931
674	0.5095763926978562
675	0.2193878441693482
676	0.25846111878679295
678	0.3045883735861655
679	0.24032128025707677
680	0.036117351417784715
681	0.5645487159387284
682	0.02157612416208516
683	0.5179371689031192
684	0.018440311803380943
686	0.024254884671424216
687	0.2755862475962586
688	0.028184751365528476
690	0.029080810649579777
691	0.4715342215699533
695	0.009934939362671615
696	0.22539490863325523
697	0.20743854860384325
699	0.2796334397958711
700	0.2641530905140838
701	0.23475616605309158
702	0.03983041316366921
703	0.02530422808436233
705	0.2691017091787688
706	0.05717414990194076
707	0.006002573894999766
708	0.02529753035363705
709	0.24545356480618372
710	0.0176732360036424
711	0.21821863218026982
712	0.254220378722356
713	0.2432102480697656
715	0.49598729455222534
716	0.4521864598857326
717	0.48561218480441276
720	0.24887184226122466
722	0.49864313004664085
725	0.4991656919681894
726	0.05257655346513197
727	0.4312233654992482
728	0.2898083612568296
729	0.23758756211233065
730	0.03427129288556835
731	0.2547920228286317
732	0.33168206944214246
733	0.22236898831708213
734	0.031174454089455236
735	0.03520016982769055
736	0.5217338553283313
737	0.2838396022372157
738	0.20547918554470013
739	0.032079928061053566
740	0.0007215754178018299
742	0.5173751486644342
743	0.2324246471768652
746	0.27619213636020284
749	0.25222167032714726
750	0.2652500084018687
751	0.3119860891708793
752	0.06322982157311542
753	0.09303054939369602
754	0.260735854676435
755	0.263834367349993
756	0.497443036679264
757	0.25082392450533636
760	0.5219382436080522
763	0.28433627066497097
764	0.3005023694955757
765	0.4841484366335124
767	0.4923323813383868
768	0.2393234312409242
769	0.4910222139364464
770	0.7388916015428738
771	0.02895255655986012
773	0.23131663941986497
774	0.06484600131666765
776	0.2661945583786093
777	0.00615655936007721
779	0.06264117856107015
780	0.28117474005944526
784	0.031259661028190146
786	0.4819533860399682
787	0.5250932463766949
788	0.238787157448626
789	0.006426083990209205
791	0.22065340272368697
792	0.5359947120324147
793	0.0357075068591947
794	0.24485198171159628
795	0.5064603830705813
798	0.27507975644539806
799	0.0039813986132895135
800	0.044554061110573334
801	0.0064850228003980395
803	0.4613343115042794
804	0.011903270416756678
806	0.31147900096060854
807	0.4958597374743732
808	0.23501032377192804
809	0.20908589617572992
810	0.5167784967412774
813	0.2222759439768345
814	0.2704103445039533
815	0.4742007578206357
816	0.28291854441968795
817	0.30620108396365064
818	0.16855074515630647
819	0.02067052719922372
820	0.05150554124060902
822	0.04016087148828614
826	0.19727104121244496
828	0.22675101707670436
829	0.27840134318264353
830	0.202683151934585
831	0.2572308204284624
832	0.49419365965394324
833	0.024611989348342383
834	0.0029374713211899155
835	0.47280485083770973
837	0.5039080390699263
838	0.5164395882808743
839	0.2890342037619264
841	0.22253814795097077
844	0.5276272167757947
845	0.5100668919894135
849	0.28775523446552637
850	0.2566942045344297
851	0.2577573001311404
852	0.5094450647572415
853	0.043913368469474544
854	0.5268427220010122
857	0.22569870250011073
858	0.22187247847896072
859	0.28030451651939525
860	0.45680360942332565
861	0.7847334338931282
862	0.23763853634627138
863	0.043553081186779335
864	0.013969520939012443
865	0.03556174461445481
866	0.4451509099490561
868	0.24804874690833434
869	0.3194092499027369
870	0.2623511044465841
873	0.211429259768066
874	0.45657069073216405
876	0.22817525823360849
877	0.2633202247905142
878	0.24330193438210998
879	0.5135057163260441
880	0.23412261355184663
881	0.011564011776753345
882	0.23553498617888846
883	0.019507752141640973
886	0.0006116906991296134
888	0.21577674755143103
889	0.2424990362909731
891	0.7519227394533693
892	0.23403754687720177
893	0.5110109972327104
894	0.023174783374124472
895	0.2943719473506162
896	0.24958185027024024
897	0.017309732522344242
898	0.318474743864361
900	0.2006885370721756
902	0.2619221556198058
903	0.5107768628476809
904	0.26745621100481365
905	0.0029858758424978656
906	0.9961686854616046
907	0.25835630787520225
908	0.24378686906325167
909	0.5115045376095626
910	0.4782811336299872
912	0.2709449496655628
913	0.004797391893119757
914	0.21605305436664693
915	0.2499662280946261
916	0.4078000052457114
917	0.5400968312869521
919	0.2571537372517314
920	0.23477215200488213
921	0.27870535010033
922	0.007466257679414969
923	0.48207578497184
924	0.32620582295138045
925	0.0188897823318058
926	0.23132517573307537
927	0.03157752018313901
928	0.28210038839406537
929	0.012170773936797434
930	0.2440924754061393
931	0.5006412212761997
933	0.26053285531540965
934	0.0005622424826281502
935	0.24093146373806898
936	0.23435656926493673
939	0.504337476210159
940	0.2607330590708042
941	0.48011730235907896
943	0.2911901395910825
0	0.0
0	0.0
0	0.0
0	0.0
0	0.0
0	0.0
0	0.0
0	0.0
0	0.0
0	0.0
0	0.0
0	0.0
0	0.0
0	0.0
0	0.0
0	0.0
0	0.0
0	0.0
0	0.0
0	0.0
0	0.0
0	0.0
0	0.0
0	0.0
0	0.0
0	0.0
0	0.0
0	0.0
0	0.0
0	0.0
0	0.0
0	0.0
0	0.0
0	0.0
0	0.0
0	0.0
0	0.0
0	0.0
0	0.0
0	0.0
0	0.0
0	0.0
0	0.0
0	0.0
0	0.0
0	0.0
0	0.0
0	0.0
0	0.0
0	0.0
0	0.0
0	0.0
0	0.0
0	0.0
0	0.0
0	0.0
0	0.0
0	0.0
0	0.0
0	0.0
0	0.0
0	0.0
0	0.0
0	0.0
0	0.0
0	0.0
0	0.0
0	0.0
0	0.0
0	0.0
0	0.0
0	0.0
0	0.0
0	0.0
0	0.0
0	0.0
0	0.0
0	0.0
0	0.0
0	0.0
0	0.0
0	0.0
0	0.0
0	0.0
0	0.0
0	0.0
0	0.0
0	0.0
0	0.0
0	0.0
0	0.0
0	0.0
0	0.0
0	0.0
0	0.0
0	0.0
0	0.0
0	0.0
0	0.0
0	0.0
0	0.0
0	0.0
0	0.0
0	0.0
0	0.0
0	0.0
0	0.0
0	0.0
0	0.0
0	0.0
0	0.0
0	0.0
0	0.0
0	0.0
0	0.0
0	0.0
0	0.0
0	0.0
0	0.0
0	0.0
0	0.0
0	0.0
0	0.0
0	0.0
0	0.0
0	0.0
0	0.0
0	0.0
0	0.0
0	0.0
0	0.0
0	0.0
0	0.0
0	0.0
0	0.0
0	0.0
0	0.0
0	0.0
0	0.0
0	0.0
0	0.0
0	0.0
0	0.0
0	0.0
0	0.0
0	0.0
0	0.0
0	0.0
0	0.0
0	0.0
0	0.0
0	0.0
0	0.0
0	0.0
0	0.0
0	0.0
0	0.0
0	0.0
0	0.0
0	0.0
0	0.0
0	0.0
0	0.0
0	0.0
0	0.0
0	0.0
0	0.0
0	0.0
0	0.0
0	0.0
0	0.0
0	0.0
0	0.0
0	0.0
0	0.0
0	0.0
0	0.0
0	0.0
0	0.0
0	0.0
0	0.0
0	0.0
0	0.0
0	0.0
0	0.0
0	0.0
0	0.0
0	0.0
0	0.0
0	0.0
0	0.0
0	0.0
0	0.0
0	0.0
0	0.0
0	0.0
0	0.0
0	0.0
0	0.0
0	0.0
0	0.0
0	0.0
0	0.0
0	0.0
0	0.0
0	0.0
0	0.0
0	0.0
0	0.0
0	0.0
0	0.0
0	0.0
0	0.0
0	0.0
0	0.0
0	0.0
0	0.0
0	0.0
0	0.0
0	0.0
0	0.0
0	0.0
0	0.0
0	0.0
0	0.0
0	0.0
0	0.0
0	0.0
0	0.0
0	0.0
0	0.0
0	0.0
