1	0.13588686386470006
2	0.5125201442648482
3	0.18449360212578333
4	0.013807894702238019
5	0.23966867458412733
6	0.06899629938592586
9	0.003666438358871829
10	0.0908436018527781
12	0.20079995481473076
13	0.09578331662374902
14	0.3013037187733129
18	0.5370184732691038
20	0.23325430160884575
21	0.12347939957052222
22	0.08893533085781145
23	0.5682215020583482
24	0.2723754629436066
25	0.08273171162106707
26	0.14117596053141884
29	0.02902018293314186
31	0.235746984643572
33	0.49451081925692775
34	0.22891611490584318
35	0.25075757759387124
36	0.2523069635233281
37	0.3026151216967246
38	0.04908205231114435
39	0.29480442201486856
40	0.5344077449011604
44	0.1272803962848123
45	0.23907828128623235
47	0.024556389308121984
48	0.2240937206245851
53	0.4340741488348763
55	0.19886432483877237
58	0.03416234328972938
59	0.04574272582308813
60	0.3347493016614473
61	0.11053829606099363
62	0.06556161059586478
63	0.027450061286139138
65	0.4764842788635987
66	0.22883835056349772
67	0.44735200032368905
68	0.04502911415583005
69	0.02508546055675715
70	0.021569121672636443
72	0.2858742734670955
73	0.08912492208201182
74	0.5510399061730537
75	0.22751327188520754
80	0.012850898217140885
82	0.35693658035168885
83	0.4960925322038303
87	0.02542299089350283
90	0.09591176203056387
91	0.2733627203298881
92	0.04643808572838686
94	0.041074977046480964
96	0.04439076651115217
98	0.18044156260422606
100	0.30805764629078153
104	0.309037542549133
105	0.6094406531239626
106	0.49977475650479447
107	0.09159506799881978
109	0.039475862505186296
110	0.048915940741636375
111	0.2997223996230593
112	0.48308177890482623
113	0.3047583669206127
114	0.061089639040950064
115	0.2556935558588433
117	0.003980056730121015
121	0.07174689378645863
122	0.25539685194556894
128	0.20057234483098374
129	0.33389573905259573
131	0.051762431495272716
132	0.5617748909687006
136	0.35556582406647014
137	0.5007503379175506
138	0.26189276111643794
139	0.0016011413883813969
140	0.5311084194447081
141	0.5241186847559679
143	0.7011921730624343
145	0.18752333605714605
146	0.18931601956702918
148	0.2712007609611401
149	0.2851561395125759
151	0.0195889397338558
153	0.5900839237148404
156	0.0045993307315587775
159	0.4992934907727645
160	0.03923285891925869
162	0.18913867917263205
164	0.4714529887389443
166	0.07509436242658386
167	0.21205990004875896
168	0.25583713189933316
169	0.22567357688565237
170	0.5188416299051867
171	0.20126966496431226
172	0.8130700071808286
173	0.5542347359252415
174	0.2956205940524998
176	0.00609116741926459
177	0.507486802379837
179	0.2916150213036546
180	0.17593820576770952
184	0.1084182572102993
186	0.27293123207353587
188	0.32572865727728245
191	0.2170592117544239
192	0.04167531988435003
195	0.07524829840116294
202	0.07358572693162305
205	0.43423821912308563
206	0.4133206454801429
207	0.09487276226149637
208	0.05085741570815678
210	0.5728509055549702
213	0.006670634169440366
214	0.0538426739840581
216	0.2852258893671786
217	0.30915455699238675
218	0.2957111673512938
219	0.04529875564511181
220	0.21769056379014795
221	0.007169790008123476
222	0.22615473560220142
224	0.23219050637567637
227	0.24172268139641134
232	0.5456644448522567
234	0.11527102384292344
237	0.22210734902592183
238	0.026449238793540924
239	0.3410122900229921
240	0.35475417021832123
242	0.037148782192897446
245	0.18675285159067465
248	0.5286217125332987
249	0.048628078749126766
254	0.025486137305160392
255	0.25392939627769556
256	0.05044922843426377
257	0.2795640681705302
259	0.29512882397856305
260	0.23235238674286737
264	0.518097837108024
265	0.2090831077609613
266	0.01741071430279542
267	0.0915143926114799
268	0.09737104222988596
269	0.06627064354292829
271	0.10347307896208871
272	0.9963680407480533
274	0.19592510856537151
276	0.07532634875071363
277	0.06208026461748241
284	0.30635663940166896
286	0.04472777915213634
287	0.5068705428166281
288	0.009319280516839924
289	0.05967115453693131
291	0.2717534409581749
292	0.08509729089564098
296	0.26467624024078346
297	0.5627395188280802
298	0.2732992740986908
299	0.10461814925031676
300	0.04563202787366864
303	0.36271680710524196
304	0.01373802518015644
306	0.022053186273336623
308	0.331165161018681
309	0.6756303335777465
310	0.012787049921080922
311	0.009397898238195708
312	0.5297316095016419
313	0.34378247250806365
315	0.027893132802818715
317	0.47691177697200127
319	0.26352691495814284
320	0.2601089008703362
322	0.5497104729540049
323	0.00392252683910219
326	0.02780961416387873
329	0.323513094982305
331	0.5547669536564317
332	0.5003225200976937
333	0.5000028752801727
334	0.2852002127859413
335	0.4817035812988009
336	0.1719857161778705
338	0.35966077200789776
339	0.3186636366398603
340	0.19802487920020084
341	0.2597377354937386
342	0.01911835795385173
344	0.06587377079206408
345	0.08972614118570146
346	0.4748701977146497
347	0.041965253060001054
350	0.06375833108447537
351	0.49438770585677805
352	0.05700556475048915
353	0.0026753217982820633
354	0.5684431242433755
360	0.0744222625949408
361	0.324214141473432
362	0.5583733741623855
363	0.06036761664176443
364	0.5891561754875142
366	0.0036355326112167408
367	0.26427929928568267
368	0.2099216104155098
370	0.3077850205806687
372	0.27720643548848267
375	0.2271328483665071
376	0.22847660004501638
377	0.22931201823678737
379	0.5674990283531857
380	0.5338027053184436
382	0.07510020611354781
384	0.10906001557438465
385	0.3340454578924571
386	0.20806770095909688
387	0.1275215466762017
388	0.48605271872923006
389	0.35096709812601556
390	0.09157615548376724
392	0.03953998620836064
393	0.24680625695453925
396	0.19156641293830518
397	0.31011882485187037
399	0.330266102418189
401	0.012983519625267823
403	0.4937028127844711
404	0.34562819095699127
406	0.05769607492293088
407	0.32699216382581675
408	0.06862782901173553
409	0.0907270432609121
411	0.06753678629525256
414	0.37910845171851554
415	0.2694764195215228
416	0.060943522406680634
417	0.0529377304767497
419	0.23254290417819518
420	0.5525082099749595
421	0.4780051183215557
423	0.24636078297748984
424	0.13054891332515145
425	0.38727976131133474
426	0.3328418854373829
428	0.5590138795357805
429	0.3238951479279723
430	0.5553911521379548
431	0.26091668276826907
433	0.07520481467026795
435	0.05309187091153539
436	0.5284219282521454
439	0.20771024599426086
440	0.28842266135531613
442	0.07449456013506675
443	0.012654215138472914
444	0.4643949458421166
445	0.008229051944524654
446	0.4787122427320655
447	0.041314086550667255
448	0.22833720403954377
450	0.043167478060920375
451	0.5167905599365514
456	0.08714253679162409
458	0.3306521641015314
460	0.3389395183551813
461	0.2460084046711923
462	0.041764087807376116
463	0.4063167850450438
464	0.06694416101962442
465	0.06410132457072831
466	0.25730554504036807
467	0.07552202861631432
469	0.7765266184888773
471	0.2403827671248935
472	0.004547214405302324
473	0.45420000464102506
474	0.5492735605142784
475	0.5172709865787024
476	0.2691602556928009
479	0.07301464645426166
480	0.48334558622813384
481	0.03706517568266529
482	0.4318898223420354
484	0.06951836709584723
485	0.4355245400557507
486	0.27570536214138175
488	0.030838915790085575
489	0.19689665563474473
490	0.34136362068485465
491	0.7565425152689795
492	0.4841245254975835
494	0.19150951310920483
496	0.07138768336609899
497	0.0021513841347818516
498	0.0667184426103526
499	0.34649223747474206
500	0.3505915527409244
501	0.04766704421768549
502	0.041351052415212815
504	0.043273133542029725
505	0.26148042411944
507	0.27098765756422516
509	0.11942279001037223
510	0.47142855812240647
512	0.19780379404216086
515	0.18805285043543185
516	0.2676745586789854
518	0.40327076215421775
519	0.04492983558347566
522	0.046469630212038704
524	0.07680412363700999
526	0.05232931145460782
527	0.16163558066862238
528	0.03229482724271884
529	0.03309482206414094
530	0.041290364301087935
531	0.3406386995824862
533	0.2559163239196506
534	0.22768088852113508
536	0.039910436715728484
537	0.06249869841868118
538	0.024339149463313642
542	0.32028161695792434
543	0.33665595674724286
544	0.32522470247024976
545	0.04772381093503733
546	0.22736968377731043
547	0.5842936379397868
548	0.5127222348684913
549	0.020297057231249215
550	0.016057188493824023
551	0.24894109288216013
553	0.5651351128679268
556	0.0062028940168337085
558	0.05194277609889935
559	0.5017683078580495
560	0.34651127890974354
561	0.3643982307600264
565	0.2673998756140344
566	0.5573315944717039
567	0.30853464482973686
568	0.2544045673953878
569	0.05033587778848155
570	0.5995865899670955
571	0.3210809168422497
572	0.0973555514098694
573	0.3371021369112546
574	0.04137409225940487
575	0.3276172104652471
578	0.4481115563143189
579	0.020458515128989274
581	0.03686065150450736
582	0.019629722216140077
583	0.2694333486116571
586	0.2922475817867329
587	0.263144897426832
590	0.04538324344366453
591	0.28188858316863435
594	0.4580671496345876
596	0.4742164803004976
597	0.20744280959986816
600	0.060893040869985586
601	0.006535300466598535
602	0.020930574167043532
603	0.05843267138483596
607	0.2915895595321954
608	0.5084812127966868
609	0.05380022813686358
611	0.5078987935818216
612	0.20876163267618725
613	0.10842817489953241
615	0.30711508207160865
616	0.057744767465297456
617	0.294638901874365
619	0.46470862418383174
621	0.028136994828953363
622	0.07195187187601051
623	0.23761607540021987
624	0.3168579859958559
626	0.3578887015005006
627	0.3016140061351511
628	0.5530745011214884
630	0.23156666325932646
632	0.026313773057575703
633	0.24032943593938147
634	0.31970085669696174
635	0.3434447678155541
636	0.21542526648712845
638	0.019331559948612527
639	0.5768771056207415
641	0.08145398420892548
642	0.01821104148115429
644	0.19716382091476567
645	0.3196487731677189
648	0.5572443933166752
649	0.2627845068196797
650	0.11012593460391107
651	0.5718671749888933
652	0.26403110748170777
653	0.4551627080309735
654	0.5486607165170153
658	0.29618123419911413
659	0.03287944165587005
660	0.031465964657355516
661	0.2962111149395409
662	0.23298676273397545
663	0.22610013694836956
664	0.3495722672123181
666	0.3435683771915039
667	0.2615714326279426
668	0.0797773348442581
669	0.08397208624298691
670	0.7790909807954328
672	0.21847570443200737
673	0.22344162301681955
674	0.07759755966365256
675	0.06141734712210798
676	0.2837812279707473
677	0.4883596382084139
678	0.19035912769935542
679	0.24579058507451515
682	0.043299781909804394
683	0.04712769947134476
686	0.3333207536072552
688	0.2565372662649101
689	0.25443107736845433
690	0.030113838279438157
695	0.329628344621034
696	0.35660801872673625
697	0.13272036889358335
699	0.048214045405049984
703	0.22989000174389448
704	0.30421914512683224
705	0.21111865748393224
707	0.3121696853041544
708	0.22385076462347925
710	0.5497140436171483
711	0.1397714215350005
712	0.44342859502120696
713	0.3625381821100804
714	0.48071742688237523
716	0.03105939160539735
717	0.0683129537955059
718	0.3113845785156106
719	0.03482663579795023
720	0.5534764168188857
723	0.22698092765441663
724	0.4133206454801429
725	0.2936401309289449
727	0.12603653979871024
728	0.5161461398158882
729	0.2774555061782271
731	0.04456616471989591
732	0.22287481554890598
733	0.33481266132832427
737	0.056229411102262844
739	0.49333713672138935
740	0.5734045734602996
741	0.1152599692678921
742	0.06349002005502646
743	0.3637306797391351
744	0.3852781314215428
745	0.6259858829082423
748	0.3389884311323953
752	0.5550640486726987
754	0.483567108123429
755	0.010205299430583858
756	0.06303317148821162
757	0.11019060106738189
758	0.07563752402722641
759	0.01672036468010337
762	0.580828427858301
766	0.11846926656229842
768	0.23267215492419685
772	0.3386646727959206
775	0.24952550291613879
776	0.1741037823774243
778	0.49709170907284345
780	0.01062566569972518
781	0.5209768290418383
782	0.025153171361024636
783	0.5018583380346742
784	0.25883781080471485
785	0.016189808572561425
787	0.0595499610063879
788	0.09001006551367866
789	0.489817276120206
790	0.07365361989218258
791	0.24459985996853692
795	0.0802194458174012
796	0.5415588415334547
797	0.18545112350946868
798	0.43528643117611654
800	0.2781393164862503
801	0.2735404347670947
802	0.24761352754637608
804	0.25957731292558445
805	0.03931255446967234
806	0.062206036855088236
807	0.0356274472443584
808	0.36532707235680884
809	0.3521585163337321
810	0.27138597912468154
811	0.1911607336562702
812	0.27648345496594573
813	0.027338254701322114
814	0.27722331998086575
816	0.21907063658231585
818	0.07578372239697892
819	0.7842455882596028
820	0.4296141472645903
821	0.08935838904208566
822	0.33094895596833035
824	0.5294525453676103
825	0.4918658434597074
827	0.26776467799451426
828	0.3818660854939465
829	0.27028402549667196
830	0.14648440854544387
832	0.18917684725683875
833	0.03172529370749965
835	0.03740037508343108
836	0.5226081977073918
837	0.052065226461742595
838	0.030967223624286104
840	0.0807225750195701
841	0.3434850412228151
842	0.13222591123092167
843	0.265348575266671
844	0.004575931347740744
846	0.5426993955517633
847	0.26410668213296823
848	0.1234388030862025
851	0.0548765147510039
853	0.7731842197560328
855	0.30574481323098407
856	0.01951030978034187
858	0.27062100487839946
859	0.017192509144156327
860	0.0757099115713546
863	0.23842794028651473
864	0.22627311114675408
865	0.40815243046333755
867	0.126323935239847
868	0.08145036912634643
870	0.06231127635982518
871	0.5098802170428391
873	0.31020123326985366
874	0.3685511253355766
878	0.2709225178789755
880	0.34784988769635317
881	0.3282545348201019
882	0.11232590443530713
883	0.3286480775488642
884	0.0010677982768445837
887	0.12307754459615872
888	0.06043923331073742
890	0.28942064780405463
892	0.55671063620945
898	0.24130460121103345
899	0.08571635682373757
900	0.007485363128304501
901	0.23210570336611283
905	0.5906317590172461
911	0.25887284440642955
913	0.5445685932073453
914	0.05714129990566974
915	0.029488568561937625
916	0.0386484265771785
918	0.5240690241405592
919	0.06640738726293272
920	0.26394912297304707
921	0.02996601391950054
922	0.28647270433983074
923	0.05673768744626154
925	0.5181681746511552
926	0.08393214662028653
927	0.5091221156589997
930	0.04619326840489178
931	0.3445299288919916
932	0.13635665763020274
933	0.3466916399469758
934	0.5604434724547029
935	0.2535246230905145
937	0.2341203603737103
938	0.2541946726773681
940	0.3332149054881835
942	0.05421275172198006
943	0.2929113094161721
0	0.0
0	0.0
0	0.0
0	0.0
0	0.0
0	0.0
0	0.0
0	0.0
0	0.0
0	0.0
0	0.0
0	0.0
0	0.0
0	0.0
0	0.0
0	0.0
0	0.0
0	0.0
0	0.0
0	0.0
0	0.0
0	0.0
0	0.0
0	0.0
0	0.0
0	0.0
0	0.0
0	0.0
0	0.0
0	0.0
0	0.0
0	0.0
0	0.0
0	0.0
0	0.0
0	0.0
0	0.0
0	0.0
0	0.0
0	0.0
0	0.0
0	0.0
0	0.0
0	0.0
0	0.0
0	0.0
0	0.0
0	0.0
0	0.0
0	0.0
0	0.0
0	0.0
0	0.0
0	0.0
0	0.0
0	0.0
0	0.0
0	0.0
0	0.0
0	0.0
0	0.0
0	0.0
0	0.0
0	0.0
0	0.0
0	0.0
0	0.0
0	0.0
0	0.0
0	0.0
0	0.0
0	0.0
0	0.0
0	0.0
0	0.0
0	0.0
0	0.0
0	0.0
0	0.0
0	0.0
0	0.0
0	0.0
0	0.0
0	0.0
0	0.0
0	0.0
0	0.0
0	0.0
0	0.0
0	0.0
0	0.0
0	0.0
0	0.0
0	0.0
0	0.0
0	0.0
0	0.0
0	0.0
0	0.0
0	0.0
0	0.0
0	0.0
0	0.0
0	0.0
0	0.0
0	0.0
0	0.0
0	0.0
0	0.0
0	0.0
0	0.0
0	0.0
0	0.0
0	0.0
0	0.0
0	0.0
0	0.0
0	0.0
0	0.0
0	0.0
0	0.0
0	0.0
0	0.0
0	0.0
0	0.0
0	0.0
0	0.0
0	0.0
0	0.0
0	0.0
0	0.0
0	0.0
0	0.0
0	0.0
0	0.0
0	0.0
0	0.0
0	0.0
0	0.0
0	0.0
0	0.0
0	0.0
0	0.0
0	0.0
0	0.0
0	0.0
0	0.0
0	0.0
0	0.0
0	0.0
0	0.0
0	0.0
0	0.0
0	0.0
0	0.0
0	0.0
0	0.0
0	0.0
0	0.0
0	0.0
0	0.0
0	0.0
0	0.0
0	0.0
0	0.0
0	0.0
0	0.0
0	0.0
0	0.0
0	0.0
0	0.0
0	0.0
0	0.0
0	0.0
0	0.0
0	0.0
0	0.0
0	0.0
0	0.0
0	0.0
0	0.0
0	0.0
0	0.0
0	0.0
0	0.0
0	0.0
0	0.0
0	0.0
0	0.0
0	0.0
0	0.0
0	0.0
0	0.0
0	0.0
0	0.0
0	0.0
0	0.0
0	0.0
0	0.0
0	0.0
0	0.0
0	0.0
0	0.0
0	0.0
0	0.0
0	0.0
0	0.0
0	0.0
0	0.0
0	0.0
0	0.0
0	0.0
0	0.0
0	0.0
0	0.0
0	0.0
0	0.0
0	0.0
0	0.0
0	0.0
0	0.0
0	0.0
0	0.0
0	0.0
0	0.0
0	0.0
0	0.0
0	0.0
0	0.0
0	0.0
0	0.0
0	0.0
0	0.0
0	0.0
0	0.0
0	0.0
0	0.0
0	0.0
0	0.0
0	0.0
0	0.0
0	0.0
0	0.0
0	0.0
0	0.0
0	0.0
0	0.0
0	0.0
0	0.0
0	0.0
0	0.0
0	0.0
0	0.0
0	0.0
0	0.0
0	0.0
0	0.0
0	0.0
0	0.0
0	0.0
0	0.0
0	0.0
0	0.0
0	0.0
0	0.0
0	0.0
0	0.0
0	0.0
0	0.0
0	0.0
0	0.0
0	0.0
0	0.0
0	0.0
0	0.0
0	0.0
0	0.0
0	0.0
0	0.0
0	0.0
0	0.0
0	0.0
0	0.0
0	0.0
0	0.0
0	0.0
0	0.0
0	0.0
0	0.0
0	0.0
0	0.0
0	0.0
0	0.0
0	0.0
0	0.0
0	0.0
0	0.0
0	0.0
0	0.0
0	0.0
0	0.0
0	0.0
0	0.0
0	0.0
0	0.0
0	0.0
0	0.0
0	0.0
0	0.0
0	0.0
0	0.0
0	0.0
0	0.0
0	0.0
0	0.0
0	0.0
0	0.0
0	0.0
0	0.0
0	0.0
0	0.0
0	0.0
0	0.0
0	0.0
0	0.0
0	0.0
0	0.0
0	0.0
0	0.0
0	0.0
0	0.0
0	0.0
0	0.0
0	0.0
0	0.0
0	0.0
0	0.0
0	0.0
0	0.0
0	0.0
