2	0.24532671318417434
5	0.03422540650097574
6	0.3030357153405189
7	0.22790751062522677
8	0.27059698800675513
9	0.34244833272979536
10	0.052241567574992896
11	0.00551215606022637
12	0.2867414998450464
13	0.20036119851770956
15	0.30406608315456884
16	0.024969728296667028
17	0.0406676337948174
18	0.2389076174287903
20	0.24650946232837906
22	0.24612613121706495
24	0.2326353830094206
26	0.20042126454653336
27	0.4664810581602498
28	0.5432787992479114
29	0.03640833564288368
32	0.5182531804219087
34	0.22155202883610103
35	0.3027501242413015
37	0.494219816046542
39	0.04334359368394929
41	0.24280308322167724
42	0.246969392338371
45	0.3022684745394431
46	0.0641355670303522
48	0.30958905283626487
50	0.2273178891074812
51	0.3082708886011779
52	0.22945163838737398
53	0.014084813250363603
54	0.7551961655603044
55	0.516987740133735
56	0.2852104663194867
57	0.5203751208781051
59	0.04438436547998753
61	0.13143759123339813
63	0.21997754790384885
64	0.02185553021775971
67	0.2540455099313926
68	0.2327366659793243
69	0.0948696818965147
70	0.554053935903727
71	0.27021311556885547
73	0.2507411032438393
74	0.034801461672773024
75	0.21726291250549995
76	0.28476444490646097
77	0.5276028577714122
78	0.33933123867975684
79	0.6895707725955208
80	0.30858232658589096
81	0.24016216973107418
83	0.03485687588491279
84	0.27250183115854953
85	0.02151016846893977
86	0.013719547131776002
87	0.06787671408205334
88	0.2753626891671448
89	0.2072135619380497
91	0.2889178543793984
92	0.482831623278895
93	0.5126233364658191
95	0.04069962485018391
97	0.028020706447865674
98	0.004942737826614092
99	0.4499930847261811
100	0.03200267875432674
101	0.5797492809180493
102	0.2617303083468575
103	0.23124831443714927
106	0.2111908266236397
110	0.034001777021528
112	0.2821524713044871
114	0.2263957634064344
115	0.040541003122714636
117	0.27108187614118817
118	0.28684730652116047
119	0.5465748375281466
122	0.282022180663894
123	0.22453661291862748
124	0.18231236076536667
125	0.2432830710403605
126	0.2757498258709719
127	0.296999712291552
128	0.5221003219349466
129	0.02379895292625717
130	0.2523941778425137
131	0.4753744139829744
133	0.4667066081934512
134	0.6914706744230811
135	0.052368327375018564
137	0.04106887856405943
139	0.29670670331888815
141	0.22329832572313732
142	0.27718604190733
143	0.07771387734747419
145	0.26023485591908846
147	0.23926717934701147
149	0.4570546030553023
150	0.09487262304189167
152	0.29048710520359666
153	0.046032394073036886
154	0.5683584671278755
155	0.5303691455295775
156	0.22798149403137885
157	0.525105033136001
158	0.714750212654916
159	0.21535317794085934
160	0.3059437106973515
161	0.19922030508969504
162	0.22234937310589767
163	0.25427642167878145
164	0.06393607751065494
165	0.2183059721972111
166	0.31445277121053483
167	0.07739110162698687
168	0.017482793395506104
169	0.21479782195333713
170	0.20361188471949404
173	0.035302288659327746
174	0.28860542928740524
175	0.06643038941179598
176	0.03181334496073937
177	0.03604635005591586
178	0.20289429458422664
179	0.04200071629464851
180	0.029381084707699772
182	0.25152548140132336
185	0.01643921472585115
186	0.21801334773067355
187	0.2798306276446868
190	0.8098958125139246
191	0.16631244000614664
193	0.5160584730130793
194	0.28074822535623856
195	0.22522202024101487
196	0.0026908330104530864
197	0.2639847880717621
198	0.21256074451966897
199	0.46031386019026005
200	0.2343341917365833
202	0.021945959719182246
203	0.3624830390849135
204	0.5009977020646247
207	0.2757933567533556
210	0.016049501513558325
212	0.33274737940870946
213	0.29040234728322517
215	0.2287275175784928
216	0.006641138795635541
217	0.011174588376451997
218	0.06718220456811733
219	0.7629088596425675
220	0.05927572343290091
221	0.2378724618910584
223	0.26916536587340295
225	0.018725268987961514
227	0.03303830512953146
228	0.24586443169209687
229	0.7865952434750095
231	0.23764398092701378
233	0.4947085234239784
234	0.19642066826962565
235	0.22967132608180185
236	0.010295702536999365
237	0.009223561239825769
238	0.2470426250499878
241	0.5792525151362788
242	0.22677779156246444
243	0.1864332146647925
244	0.5133027592094506
245	0.002615521426556501
246	0.7626068727889752
247	0.28439754009060864
249	0.2435874004172791
251	0.4913632986415961
252	0.4691648932479825
253	0.25281674105942464
254	0.5085045074361543
255	0.2453766462055511
256	0.25376811708521846
257	0.46839848911098525
258	0.5447760314432419
260	0.2851643208998984
261	0.5272822419850122
262	0.2540106216920228
263	0.2800710916050169
265	0.22491652069210788
266	0.17755329212832147
267	0.192660960491684
268	0.0025425317823279253
270	0.2271418485932873
271	0.2046108609211577
273	0.3012842976538765
274	0.2720862953075234
275	0.29641682247928863
276	0.46027426436427155
277	1.1761077901118605e-05
280	0.23092092981213244
281	0.3046680325047678
282	0.31014617369821273
283	0.3167202008153046
284	0.06393857211755312
287	0.23797569654507109
288	0.08196909500818308
289	0.33367241277200876
290	0.04891891754947479
291	0.24966175828897447
292	0.1914550602914132
293	0.004882739085607091
294	0.455103258775024
295	0.014219955799859317
296	0.26284197383189484
299	0.00013735440562214624
300	0.4179988129961613
301	0.24053115107563325
302	0.039761467097210915
304	0.29093852477791465
306	0.4928978016924975
310	0.33395370996486257
313	0.03933638208031746
314	0.00877823181354511
316	0.2254154425938644
317	0.33401106810111364
318	0.025457970819325382
319	0.3167629910672438
320	0.04044538100589461
323	0.004554593138949924
325	0.47246944514126277
326	0.039156204398704306
328	0.2755683503726549
329	0.20447025652577921
330	0.2738538430817301
332	0.00979458433421803
333	0.004631669101382303
335	0.06721282291110575
336	0.2331023386139976
337	0.004471521940839246
338	0.0032626344075100087
341	0.278218462308228
342	0.051501876056965115
343	0.1778897044998707
346	0.0649854014705381
347	0.1825001191369803
348	0.7320537530790705
349	0.31180381264312546
352	0.3074336038196899
353	0.2916288032506557
355	0.2850132100498824
356	0.246907341938431
357	0.2815490632034201
359	0.46545974748192975
362	0.17934104041862373
365	0.2571984210780095
366	0.28657985898460586
367	0.06486579789116986
368	0.26581532365286686
369	0.5275172171383162
372	0.5267501144018311
373	0.24520069348653042
374	0.15595900599192108
375	0.3745450405810376
377	0.27518510723712053
378	0.20641738121599268
383	0.294399025722514
384	0.011999441057396632
386	0.23014218597939146
388	0.2630313871947571
392	0.01566750555101831
393	0.23709373073961426
394	0.4439829169618722
398	0.26285606431463104
401	0.30206144250302647
403	0.0244978217236143
410	0.7243458084957103
411	0.24010217655011024
412	0.2820364330948152
413	0.2696525094315043
415	0.04436719248057528
417	0.01190067432194055
418	0.11238383967182745
419	0.2586474708488189
420	0.22084801760300776
421	0.047421236884345255
422	0.054508701206812116
423	0.0023864731837467297
424	0.00014473442020693922
426	0.2556328234953222
427	0.2639464862889073
431	0.24052110012231476
432	0.5673733022840618
433	0.022944857179632898
435	0.04370356675024239
438	0.22574465837362342
439	0.28226678997379506
441	0.5085838591709271
443	0.5671194639303159
449	0.27794147132105507
450	0.48891561134719336
451	0.010518655287284243
453	0.2518052553739803
454	0.007473519127206653
455	0.19862300237492678
456	0.25343094429895263
457	0.19366117686487286
459	0.2646945401788903
462	0.2873071274354348
464	0.022888308221383383
466	0.01221807286072226
467	0.06864217338318944
468	0.20601325268806361
470	0.7779723576669657
471	0.047365763671469524
472	0.5473997767729611
473	0.07746461772464824
476	0.2618416535315899
477	0.252762230972545
478	0.2655932472325983
479	0.24947568871322834
481	0.018554132284011607
482	0.3020550239913938
483	0.25703557537429533
484	0.28047535322503986
487	0.4795334740752003
489	0.020279864914560967
491	0.0031302875893711238
492	0.009345907406208769
493	0.2349028084339485
494	0.07641481814642048
495	0.203100042049614
496	0.5125284326780793
497	0.4818560613532779
499	0.2770081573069009
500	0.0008553836395526204
502	0.33665728104072856
503	0.2541018343394898
505	0.054663331764666485
506	0.2476202649417917
507	0.0525281335219866
508	0.20466055318613513
509	0.22242174629717165
510	0.30851451858222345
511	0.5699918334604508
512	0.2807723694852331
513	0.07056409888821125
515	0.0530964063759859
516	0.04665432835204006
517	0.44076669799755464
520	0.5228233364265756
522	0.0245485477486157
523	0.2782486520762494
524	0.02656374594769348
525	0.25755624836333835
527	0.030719622500292858
528	0.32194513340159103
529	0.09429349403627484
530	0.3080616928586435
531	0.2531927687241252
532	0.1958903295451764
533	0.01826211647968031
534	0.4884359185028083
536	0.2528135132451837
537	0.24856272826579007
540	0.31022183989373703
541	0.039231183162347597
543	0.2339381082745093
544	0.4198059038141686
545	0.032378455646810966
546	0.0026483626890011665
549	0.5022034860704574
550	0.5161059765466202
552	0.4996191481305926
554	0.5023404190206637
555	0.2660783285522528
556	0.0013615612041967366
557	0.2865856382923045
558	0.0016365125772067265
559	0.2105123161836501
563	0.5205272034427606
564	0.05748557620307759
565	0.22198158325794767
566	0.028457074899121675
574	0.2927420845100765
575	0.0011892013427770576
576	0.2235063856551042
577	0.2313944126057389
578	0.30454305736997445
580	0.2890612136354905
582	0.2080775675532177
583	0.05329175335943777
584	0.2778449580696054
585	0.031326490500763055
586	0.24678264317382653
587	0.03220925381362781
588	0.46883027736573496
589	0.03916236064807598
590	0.25428223279996537
592	0.450227402829663
593	0.2954974043297294
594	0.22796208420161299
596	0.3023756572093902
598	0.46193625976209535
599	0.2528179269866831
600	0.2723403874839406
601	0.023186852941692725
602	0.2510295777991005
603	0.2691081051355274
605	0.4958862801989324
609	0.14566876661777745
610	0.2964834523392681
611	0.23398293071839046
612	0.4643086908693159
614	0.01458719340119961
616	0.2516801564445437
618	0.5126418840232441
619	0.017933960796963314
620	0.29545577805775547
622	0.2541793757002064
624	0.029802074485917006
626	0.22795639271130747
629	0.0158777764161136
630	0.2724298343822876
631	0.2686975228175855
637	0.29198685108847594
638	0.2884222050665482
640	0.47480374934346425
642	0.3078759860031643
644	0.029691906836364402
646	0.4714320163416704
651	0.2699551687785141
652	0.19066889807916457
653	0.2569393353950366
654	0.20725729019231187
655	0.25364680144159574
657	0.27847223557070977
660	0.2818399160318433
662	0.22837634327400497
663	0.23116007184041742
665	0.025079901467678162
666	0.19822117826353675
667	0.017465662339355665
668	0.4727049322580843
672	0.25854632949398915
673	0.2727443143608792
674	0.45265624957819545
675	0.2598506612319351
676	0.01902316585860804
677	0.27569724113739313
678	0.19395037935940987
679	0.5125104197474587
681	0.5303994917220648
682	0.0009282012886728946
684	0.22334057651093978
686	0.02517948965640242
687	0.5412153077048272
688	0.00603017833164848
689	0.25914957697968033
690	0.261702234386506
691	0.4933639014138184
692	0.019588297745469926
693	0.21284284354320288
694	0.012888677422912206
696	0.2396867252430854
697	0.2435289548619802
698	0.5392207195650993
699	0.03769406806134157
700	0.05699573287396529
701	0.4708828504316864
702	0.27642044034827107
703	0.2537258264150121
704	0.006912238405771504
705	0.507261971143593
706	0.2765024079618082
708	0.30085943919232594
709	0.44795950235293486
711	0.01663550462383266
712	0.28249011352548936
713	0.012026950448093241
714	0.023445267038608286
715	0.4929029963582497
716	0.24239762175282392
717	0.03053001467926608
718	0.24570554467702277
719	0.2819829453673971
722	0.22799037874606898
723	0.2762655942865327
725	0.46450590417767906
726	0.15477146329227126
727	0.20975810757652008
729	0.22981167428822072
731	0.03556189344943901
732	0.22026539210892188
734	0.2561389099217714
736	0.23936493251131621
737	0.00926212933352481
738	0.4447853817469203
740	0.01512152052311164
742	0.23514042517170922
743	0.21181214613438806
746	0.5435471944686504
747	0.23742124656791178
749	0.25244123045813266
750	0.31033228247230543
751	0.27858403324917264
754	0.2802795098855996
755	0.23381869561800964
756	0.2455304880984886
757	0.2028298096361227
760	0.20802885966670068
761	0.07069062151311972
762	0.01765263509505033
764	0.25211590227454944
765	0.2617483724544741
766	0.2532413638326496
767	0.23407136010022633
768	0.2974579095224713
769	0.4766224049005246
770	0.02259112090171832
773	0.20396309769872425
774	0.06535845326898951
775	0.3304372779581689
776	0.22365036764203344
777	0.21456062255053915
778	0.054393556085420056
782	0.03917447649194947
783	0.031050753472550607
784	0.2760612890724668
785	0.46896497361835143
786	0.23864052723148937
788	0.27335031473772975
790	0.5029425911474237
791	0.22715505653700316
792	0.22316732126629946
794	0.017546915182546086
796	0.04519631111905118
797	0.002341300719162512
798	0.0323945645467873
801	0.27221503769116234
802	0.021987296170705738
803	0.5377193326146958
804	0.2498630469588245
807	0.28807986191883406
808	0.013887765569898847
809	0.28379635506164247
810	0.21705488393238567
811	0.26899770252484967
812	0.32860294423052644
813	0.23710836404125485
814	0.29399727323311786
815	0.264598568349507
816	0.5419963825679273
817	0.27068328492654836
818	0.30263590917201716
820	0.14065027330404226
821	0.038549283857730425
824	0.00748642305512983
825	0.02149443188058697
826	0.5030089337519933
827	0.3039851324121758
830	0.23746797234679023
831	0.4361857672049901
832	0.5335804485270642
834	0.5466802271511833
838	0.03569739412154388
839	0.22041146797700473
840	0.010586527421516747
841	0.004148516998501328
842	0.0020772940668214307
844	0.05519721354921241
845	0.27147433965675966
847	0.02899815239955257
850	0.5303791162081661
852	0.5493229854979387
854	0.019842929523603163
855	0.22986506744728288
856	0.3344768163752626
857	0.04878667661005702
858	0.21555564908703648
859	0.30176970616136717
860	0.24865758491023443
861	0.009533742900018724
862	0.4862995320149487
863	0.29068266462478065
864	0.006734660603442612
866	0.12818249614536809
868	0.21007288550907036
869	0.20267786535792184
872	0.4947770915848325
873	0.5196567396557304
875	0.017542258861675347
876	0.47817024547388337
877	0.21414306009418665
879	0.24541409164077285
880	0.24697739927583595
881	0.008698582523939964
885	0.23065353027007895
887	0.21614914596432283
888	0.472549711646381
889	0.25079467905839664
891	0.23955703071260384
893	0.27340174826023345
895	0.2195585599936372
896	0.2361767724119693
897	0.5045860104152594
901	0.25003813844008765
904	0.2969695426954098
906	0.2795457151880611
909	0.26484891727692594
910	0.24093899998663243
914	0.20448739528412369
915	0.4877262008986351
916	0.20831755531241758
917	0.0702847248446458
920	0.2597382823458197
921	0.2695078491776662
922	0.18416261406032158
923	0.5294591963686484
925	0.2522693160448436
927	0.013820855618034051
929	0.06937083659903173
930	0.27731135560528847
931	0.01762965736281902
932	0.1868163802299124
933	0.1944838248385774
935	0.5155385510122907
936	0.488796850351759
938	0.03939961388576031
939	0.3026280901675432
941	0.4821956357656974
942	0.20005665836697012
943	0.018440557686845955
0	0.0
0	0.0
0	0.0
0	0.0
0	0.0
0	0.0
0	0.0
0	0.0
0	0.0
0	0.0
0	0.0
0	0.0
0	0.0
0	0.0
0	0.0
0	0.0
0	0.0
0	0.0
0	0.0
0	0.0
0	0.0
0	0.0
0	0.0
0	0.0
0	0.0
0	0.0
0	0.0
0	0.0
0	0.0
0	0.0
0	0.0
0	0.0
0	0.0
0	0.0
0	0.0
0	0.0
0	0.0
0	0.0
0	0.0
0	0.0
0	0.0
0	0.0
0	0.0
0	0.0
0	0.0
0	0.0
0	0.0
0	0.0
0	0.0
0	0.0
0	0.0
0	0.0
0	0.0
0	0.0
0	0.0
0	0.0
0	0.0
0	0.0
0	0.0
0	0.0
0	0.0
0	0.0
0	0.0
0	0.0
0	0.0
0	0.0
0	0.0
0	0.0
0	0.0
0	0.0
0	0.0
0	0.0
0	0.0
0	0.0
0	0.0
0	0.0
0	0.0
0	0.0
0	0.0
0	0.0
0	0.0
0	0.0
0	0.0
0	0.0
0	0.0
0	0.0
0	0.0
0	0.0
0	0.0
0	0.0
0	0.0
0	0.0
0	0.0
0	0.0
0	0.0
0	0.0
0	0.0
0	0.0
0	0.0
0	0.0
0	0.0
0	0.0
0	0.0
0	0.0
0	0.0
0	0.0
0	0.0
0	0.0
0	0.0
0	0.0
0	0.0
0	0.0
0	0.0
0	0.0
0	0.0
0	0.0
0	0.0
0	0.0
0	0.0
0	0.0
0	0.0
0	0.0
0	0.0
0	0.0
0	0.0
0	0.0
0	0.0
0	0.0
0	0.0
0	0.0
0	0.0
0	0.0
0	0.0
0	0.0
0	0.0
0	0.0
0	0.0
0	0.0
0	0.0
0	0.0
0	0.0
0	0.0
0	0.0
0	0.0
0	0.0
0	0.0
0	0.0
0	0.0
0	0.0
0	0.0
0	0.0
0	0.0
0	0.0
0	0.0
0	0.0
0	0.0
0	0.0
0	0.0
0	0.0
0	0.0
0	0.0
0	0.0
0	0.0
0	0.0
0	0.0
0	0.0
0	0.0
0	0.0
0	0.0
0	0.0
0	0.0
0	0.0
0	0.0
0	0.0
0	0.0
0	0.0
0	0.0
0	0.0
0	0.0
0	0.0
0	0.0
0	0.0
0	0.0
0	0.0
0	0.0
0	0.0
0	0.0
0	0.0
0	0.0
0	0.0
0	0.0
0	0.0
0	0.0
0	0.0
0	0.0
0	0.0
0	0.0
0	0.0
0	0.0
0	0.0
0	0.0
0	0.0
0	0.0
0	0.0
0	0.0
0	0.0
0	0.0
0	0.0
0	0.0
0	0.0
0	0.0
0	0.0
0	0.0
0	0.0
0	0.0
0	0.0
0	0.0
0	0.0
0	0.0
0	0.0
0	0.0
0	0.0
0	0.0
0	0.0
0	0.0
0	0.0
0	0.0
0	0.0
0	0.0
0	0.0
0	0.0
0	0.0
0	0.0
0	0.0
0	0.0
0	0.0
0	0.0
0	0.0
0	0.0
0	0.0
0	0.0
0	0.0
0	0.0
0	0.0
0	0.0
0	0.0
0	0.0
0	0.0
0	0.0
0	0.0
0	0.0
0	0.0
0	0.0
0	0.0
0	0.0
0	0.0
0	0.0
0	0.0
0	0.0
0	0.0
0	0.0
0	0.0
0	0.0
0	0.0
0	0.0
0	0.0
0	0.0
0	0.0
0	0.0
0	0.0
0	0.0
0	0.0
0	0.0
0	0.0
0	0.0
0	0.0
0	0.0
0	0.0
0	0.0
0	0.0
0	0.0
0	0.0
0	0.0
0	0.0
0	0.0
0	0.0
0	0.0
0	0.0
0	0.0
0	0.0
0	0.0
0	0.0
0	0.0
0	0.0
0	0.0
0	0.0
0	0.0
0	0.0
0	0.0
0	0.0
0	0.0
0	0.0
0	0.0
0	0.0
0	0.0
0	0.0
