1	0.020623927590064345
2	0.0037087285214802493
3	0.1964088069551388
4	0.26594953546558936
6	0.01463277478371049
7	0.013479846248205984
8	0.2722287377104839
9	0.03425838415641938
11	0.24062373169897322
12	0.029617874825931468
13	0.19505091870547553
15	0.48277498709622774
16	0.26944869247527475
17	0.2785593438047616
18	0.01744786593212739
19	0.30412978246338584
20	0.23541453793362044
22	0.2434457461632584
23	0.04904252656226567
25	0.04297667461054609
26	0.1983045705161347
28	0.03172619270086567
29	0.028072461756502423
30	0.5300319663566809
32	0.2844013772022161
33	0.024292474444670385
34	0.5114281197550498
35	0.26580570147599186
36	0.25664915575278624
37	0.3008936188830567
38	0.25186818244627274
39	0.028077774088774154
40	0.27134271747501704
42	0.03140137544507361
44	0.005487879917556893
45	0.001132476136684147
46	0.29133723670333134
47	0.2636150528745787
48	0.02631052788042528
49	0.04448400485318265
50	0.2650319711778478
51	0.004621162815023547
52	0.26246048217805185
53	0.2588187807427139
54	0.03239393325226472
55	0.28035734241635635
57	0.23155678237690455
58	0.007702564114120056
60	0.02563723257262891
61	0.24682315419269973
62	0.017561748541890913
63	0.23413598015193265
64	0.027990355858178398
65	0.2628138541194958
67	0.28950929515482504
68	0.31321384728641427
69	0.05053212744170259
70	0.2483872436104589
71	0.04904414504454526
72	0.2608359694788097
73	0.031906243520407274
74	0.27601043555566696
75	0.023315189549613126
76	0.02794946412576052
77	0.206297210785114
78	0.047322576217640605
79	0.02156503536966832
80	0.02810815972837847
81	0.24997679735351772
82	0.010595845773627217
83	0.2701983105535991
84	0.521544417896563
85	0.2726913615563953
86	0.006096544304681484
87	0.042928215563400304
88	0.22093411458047355
90	0.018884847031703116
92	0.018606285364893914
93	0.1954167564332373
94	0.010097339946139414
95	0.271543969265037
96	0.25570157607025173
97	0.006341343817949041
98	0.26223748809090625
99	0.24677518074438615
100	0.05427628926578666
102	0.4963916027551736
103	0.0183903498950777
104	0.25196197267070286
105	0.015888746538310385
106	0.2888317369809691
108	0.29639452045300096
109	0.022112818826114176
110	0.5307889476674762
111	0.2336477528262514
112	0.27391022517334274
113	0.013309455435849639
115	0.011957126487106354
117	0.2524679083370058
119	0.2758020744081628
121	0.26982204427631196
122	0.49040912147526927
126	0.01463591675522432
128	0.25052385424398244
130	0.5075714088262616
131	0.3072332050410635
132	0.034739763460984084
133	0.25992946069526285
134	0.2165482610934034
135	0.25571790637456837
136	0.020026090293384813
137	0.02788118710864472
140	0.5057611604328033
141	0.5104910859128804
142	0.2630897408707472
143	0.018571173853376075
144	0.008117061715900493
146	0.25568083665825475
147	0.49480277958794633
148	0.019602581634142892
149	0.013574901405456537
150	0.5238164936975452
151	0.48723899564299156
153	0.09709532452113624
155	0.48668618288341275
157	0.49143062716273284
158	0.2693799844627325
159	0.2905382303270678
161	0.19832673584540406
162	0.033825322698856575
163	0.04540215256123299
164	0.242246146754083
165	0.24766032613227157
166	0.20508442854553016
168	0.021811102563271425
169	0.003366569505761724
170	0.282112799619324
172	0.2590874844451022
173	0.2861093697856211
174	0.26228756543664966
175	0.26449158127187533
176	0.2801686403517775
178	0.008074425351383405
179	0.2755987192428094
180	0.2861774360533216
182	0.2676369675114159
184	0.245409284614572
185	0.25901408754581984
186	0.25462562841395847
187	0.5134758464782381
188	0.24570525603999843
190	0.020592102267189938
191	0.03564970234665919
192	0.02913709655200569
193	0.2566319572392621
194	0.2653026491357516
195	0.48774211928854927
196	0.0008137802830014487
198	0.0008964217113821699
199	0.041906828046223345
200	0.012970462807282333
201	0.25688737855293414
203	0.2182654999782133
204	0.0313886885171132
206	0.3399015541214678
208	0.22726833829507762
210	0.02201063195372238
211	0.19685729554697462
212	0.2748563756545776
213	0.27810319050968124
214	0.2684443978978695
215	0.5164395882808743
217	0.00116255262093546
219	0.2715573315113078
220	0.024277408063487507
221	0.013248163790382628
223	0.2455784577399002
224	0.261735613481712
225	0.270773587459723
227	0.5302604075781588
228	0.5391921599837208
229	0.025587755615236546
230	0.2612441244538837
231	0.2744780351697319
232	0.2327314694503806
233	0.27665444535359995
234	0.2568233685427784
235	0.01596581017833858
236	0.02727556462793501
238	0.021948254639518397
239	0.005226134606077064
240	0.02093608368829268
241	0.07887860713148012
242	0.5055911773004509
243	0.2768017414872888
244	0.023317622971584774
245	0.0055154725395089935
247	0.04805373437450415
249	0.018400999662815505
250	0.502136085940254
251	0.02146655745006259
252	0.4924266216157285
253	0.4882996799269637
254	0.25319623954444603
255	0.2386434984427956
257	0.5458025162916624
258	0.0008442245663384147
259	0.30099239920388365
260	0.0163467645872407
261	0.054165573949030044
262	0.30000597612799534
263	0.010745457006737312
264	0.28929826312510165
266	0.17124604204514204
269	0.18871530064100414
270	0.2825432529851057
271	0.0008228802656077561
272	0.022035102054674065
273	0.505886623629776
275	0.037263793013888075
276	0.006894934936808886
278	0.03569739412154388
280	0.5122255976143131
281	0.07107848119438738
282	0.5047695584322541
284	0.0195488529801886
285	0.030967223624286104
286	0.47276993686644114
287	0.4767744669978925
290	0.03426113446117019
291	0.5106680145522593
292	0.0346533619729628
294	0.25798280957051334
295	0.47906552413601283
296	0.24513373881762163
298	0.24834385324087968
302	0.4281426152887355
303	0.01922368633397714
304	0.2242028821159506
306	0.2331653863592909
307	0.27523424325837154
310	0.06088149834005461
312	0.0064041934689126265
314	0.2493411351118458
315	0.08567743352097586
316	0.514923269266936
317	0.04069897192323363
318	0.2748394601819427
319	0.26967961195119444
321	0.02038347085276123
322	0.025544808938549372
323	0.016630358731804486
325	0.26055765234144296
327	0.269862510422446
328	0.020570733946487358
329	0.248007855745724
330	0.02294927993680023
331	0.2660258394358181
333	0.5165633495903488
336	0.022281193174161697
337	0.30260305355650746
338	0.252966582081634
339	0.015733717379520645
340	0.26631189032946
341	0.06711068400915778
345	0.28731034617732343
346	0.2501019298943191
349	0.08359573446197416
350	0.2626682650654737
351	0.2900939094194728
352	0.25522266314691927
353	0.0783623320160847
354	0.021085866658571484
355	0.29983749014779876
357	0.2727882858598726
358	0.2275187905534792
359	0.0035012176394777182
361	0.2728280354591483
363	0.006094240677524756
364	0.2399567188337917
365	0.23239800729693472
366	0.28232230735827274
367	0.01360479866319813
368	0.046688191924343904
369	0.27182716740228846
370	0.26547872382529736
371	0.2798638144857902
372	0.2663378523752286
373	0.23248882360658088
376	0.01145994491728743
378	0.014335700411095699
379	0.030679730212901046
381	0.033981416891830166
382	0.24871408401010284
383	0.5238789888324394
384	0.48802248946157956
386	0.042609275649281936
390	0.26896387511768066
392	0.5290147722955676
393	0.250437565487497
394	0.26256279657900955
398	0.04139329481781166
399	0.026935029055767123
400	0.2465022917259499
401	0.22090469887010938
402	0.03582867557955209
403	0.24840368210160232
404	0.2659367087665359
405	0.3671110505961653
407	0.02878079328738097
408	0.05393657089078699
409	0.001751688450808822
410	0.014079857435909171
411	0.04773520780829589
412	0.031836771864949626
413	0.5220438677632501
415	0.5269474427526548
417	0.022699690651198284
419	0.25625536962888557
420	0.007387007293540769
422	0.026304989196211628
423	0.26921273849891514
424	0.5277065740951544
426	0.25524929439627764
428	0.008731793524730677
429	0.004220130310507678
430	0.28605336990089725
431	0.030581882521948066
432	0.2736371111175173
433	0.01508005904714782
434	0.26672123483815485
435	0.02130209657912601
436	0.0065115491066685335
437	0.26069794283576725
438	0.02276820505091625
439	0.5313087384028329
440	0.25726393439736733
441	0.016076500809478443
442	0.04372990385998739
443	0.24735063091458498
444	0.025175929097530303
445	0.3140909163069241
446	0.009518158802830336
448	0.01947514185485302
449	0.015544651210734891
450	0.26666641223159093
456	0.2586754775038363
459	0.03897516210583202
460	0.26608466527721286
461	0.2755016375560171
462	0.5534967833295906
463	0.026505247448196784
464	0.022102297561195153
465	0.27854354953010135
467	0.25439198103908867
468	0.279068893854746
469	0.01499780000933357
470	0.24850414901091916
471	0.25021050237654785
473	0.013154896673961615
474	0.258350042071491
475	0.2717684840146615
477	0.31375671717797976
478	0.5508055046153287
480	0.26905765751733624
481	0.24954458124067724
482	0.05862630598775112
483	0.26349825451282793
484	0.26743473810672413
487	0.02894639457397207
488	0.014712708688934303
495	0.005034716173337478
497	0.010703903135163156
499	0.273408093755758
501	0.017136473909690697
502	0.03396865106205915
503	0.00873823240745248
504	0.0243797902668013
505	0.2580685218163815
508	0.25196564239960745
510	0.05291315567139821
511	0.25389876285239454
513	0.02735268466060147
515	0.014999919288438406
516	0.02191042663927687
517	0.02560280503517506
519	0.263104215231111
520	0.24171034328947524
521	0.008755607889549051
522	0.013111102603129442
525	0.2651790341316381
528	0.029166727519285306
529	0.5307537376576519
530	0.2736023068505635
531	0.2358281895967194
532	0.018981187887598443
533	0.01932964797105258
536	0.025484703973751868
537	0.0153147879634075
539	0.4996075831155973
540	0.01900361336708676
543	0.03868236755360963
545	0.030190614602074405
550	0.005069495625006481
551	0.24502648353780346
552	0.02332802989455392
554	0.24267779201389733
555	0.5049587170133478
556	0.2581680199133822
557	0.5060670144776401
559	0.2741183703015345
561	0.0033782828918933125
562	0.29682846368005594
563	0.23696367122864997
564	0.05210615761536308
565	0.012964449495667305
566	0.2706144052084637
567	0.013520386263712714
569	0.02878389530785994
570	0.4164224949877955
571	0.25306919073708356
572	0.29797155825587507
573	0.01736972226326143
574	0.06984101790866784
577	0.005640597229714203
578	0.020027926442342928
579	0.2316564203445245
580	0.2586665124142716
582	0.0076758050002156165
583	0.03565046129988074
584	0.038150258367288345
586	0.030826774290074157
588	0.023743054523649307
589	0.2576058129328022
590	0.2592305311773881
591	0.03974976127594196
593	0.014310785292574204
594	0.00990981268452001
595	0.009568021849461726
596	0.2775868458219826
597	0.513711933211886
598	0.025685266323391496
599	0.019072181865883553
602	0.23917242112896842
603	0.0185692924799474
605	0.015371588246035534
609	0.42783756266215417
611	0.009861644132839013
612	0.26768968686768746
615	0.018376404363476886
616	0.26949702858936175
618	0.022292960120479967
620	0.01723399779457326
621	0.016503688187502502
622	0.25591817547297147
623	0.01575428938507721
624	0.2502239072026983
626	0.2205447353926773
629	0.5078186748147853
631	0.3285581994132956
632	0.2666772982577428
633	0.010928918346044418
635	0.22653653585470043
636	0.039996929053865954
637	0.1979190893915402
638	0.071002060970632
639	0.0201103250542932
640	0.26776867567750146
641	0.2640150945816594
642	0.27681717498453645
645	0.03987699888745995
646	0.23004053480396996
649	0.27906950782071166
650	0.044957869808129956
652	0.2830093492794492
653	0.0045706239427568615
654	0.003465629055483529
655	0.020147920319363154
657	0.24224364700654183
658	0.2445283771025861
659	0.03033691004555679
660	0.5019777049474363
661	0.0072511448308593615
662	0.016279197679541675
664	0.019750343214324503
665	0.2660148191582891
666	0.015575776177267953
667	0.2702516414567721
668	0.01120543038208835
669	0.24543793218684076
670	0.2526302998960062
671	0.2410864027322327
673	0.02353479074202783
674	0.24902522206918734
675	0.5749442880199659
676	0.22725848085069944
679	0.2732182393030076
680	0.027889386444640143
681	0.5209352402482357
683	0.046458318840727236
684	0.01532354997362968
686	0.030696895613104413
687	0.30804787409740325
688	0.2591819685103357
689	0.2637982368258835
690	0.25769732144728663
691	0.02279564839390292
692	0.010423607225376837
695	0.059644156972173235
697	0.2497296695748888
698	0.02454252593357664
699	0.2704574218005395
700	0.27570156949912367
701	0.2782368159846018
702	0.26627852212788056
706	0.28891825491494827
707	0.2654547458589692
708	0.2617295327490883
710	0.010085631398990248
711	0.5139630716780859
712	0.03589304324629121
713	0.22239759042139046
714	0.015781765968050903
715	0.25244627316028434
716	0.2384118114626233
717	0.2724746250613421
718	0.2982887758938536
719	0.010803576269885061
722	0.4854583264695326
723	0.022960087134844133
724	0.3399015541214678
725	0.24703093701810688
726	0.03686770187097029
728	0.23470155446990354
729	0.5168393139364956
730	0.25242631630062395
731	0.7752826189147195
732	0.05693630238816461
734	0.03736443600438941
735	0.015712875998481927
736	0.05394478802763894
738	0.007034379891183669
739	0.28481854881576246
741	0.024701054867726405
742	0.48994021145718525
743	0.2301805681194858
744	0.016902326879188197
745	0.020584780300209098
746	0.04210033464979528
749	0.27652365717809657
750	0.2602810954753859
751	0.2486178867711422
752	0.18534298603866636
753	0.2761218062131033
754	0.502790757162997
755	0.22091490886017398
756	0.28766084719697516
757	0.23758899103503048
759	0.25418773780381765
760	0.5239166494913408
761	0.015644192663671508
762	0.04538653892333812
764	0.043684951873887476
765	0.27616718109534266
766	0.010368756280309591
767	0.4981607421082632
768	0.19806576345787302
769	0.24609839891982657
770	0.5104753261143954
771	0.2668586052038389
772	0.24256234759646617
775	0.27662925012824624
777	0.28164456613523914
779	0.282571891728031
780	0.007114750098003324
784	0.020289762343318633
786	0.2464081000326299
787	0.028778267608146644
788	0.2331319038573319
790	0.009222012571606222
791	0.00913024367192495
792	0.006839874913745735
793	0.017677749148393332
794	0.01368299414013497
795	0.251618918453533
796	0.03642736712897843
798	0.025755113602431903
799	0.2516755304745676
800	0.03205165013520442
801	0.2945647751380958
803	0.04186227876797055
804	0.013946488910621321
806	0.042982685144027186
807	0.0383536026519509
808	0.24369864839107608
810	0.2806792884602444
812	0.034457486209863025
814	0.04526191957712575
815	0.2612924850305552
816	0.04091110277718908
817	0.028639752773585526
821	0.23794352721562273
822	0.04142452845932124
824	0.3025927908762721
825	0.023851605560854736
826	0.00467958919128264
828	0.015184350965986502
829	0.27350242348899245
830	0.2579306299382055
831	0.02050769670429808
832	0.2709451954431618
834	0.020193150094860356
835	0.03141574091248972
837	0.7613547653287301
840	0.011660881169026381
842	0.2260649209982958
844	0.27327610462774055
845	0.20881122913288008
847	0.5091757958173354
848	0.039855766644730825
849	0.27023466866164797
850	0.2766233733920275
853	0.005056801199313815
854	0.25819771081478865
855	0.22297254080380266
856	0.2561418284891431
857	0.236579044702331
858	0.006200389254863971
859	0.053202456254159196
860	0.014495025884616108
861	0.5582567345903706
862	0.02589730330876444
865	0.0075364448979669055
866	0.4758739053178844
867	0.021973010551745577
873	0.2789179978457322
874	0.23305834452957605
876	0.252457323987572
877	0.013989348675831528
878	0.026178351103216077
879	0.01730623485328785
880	0.028992295587989412
881	0.01884351939526127
882	0.25121738071311145
884	0.0073612819230898935
885	0.2149413962122838
887	0.01823318305783244
888	0.29335306109543907
889	0.003971172495683666
890	0.01136916399589434
891	0.30105678993850554
892	0.01559737152394141
893	0.24600766519490608
894	0.012138004288283696
895	0.24753894806394885
896	0.037325762867679885
898	0.30418992392304794
899	0.037764434582950326
902	0.0015612148336705475
903	0.4925067335873991
904	0.298520568179441
906	0.5299054337547149
907	0.021220075125565542
908	0.0018333381179379202
909	0.5148161068766862
910	0.2609075468724938
911	0.01907421170572244
912	0.2595222471582873
914	0.24475138005490876
915	0.02272714054463577
917	0.5125274257708227
918	0.005097372171456616
920	0.2626874287289097
921	0.3117664734297801
922	0.003787699567099463
923	0.26521302264592417
924	0.08056008460720972
925	0.02006769792003448
928	0.01733774739230375
930	0.28231099223116546
931	0.5011248029030215
932	0.023747840758665716
933	0.038322473785514094
934	0.25304674659837284
935	0.2637681380112745
936	0.254103637579903
937	0.0009804788708497394
939	0.04074447867036967
940	0.23803343403880386
941	0.4930630167647336
942	0.008147164343500761
943	0.25762362379363324
0	0.0
0	0.0
0	0.0
0	0.0
0	0.0
0	0.0
0	0.0
0	0.0
0	0.0
0	0.0
0	0.0
0	0.0
0	0.0
0	0.0
0	0.0
0	0.0
0	0.0
0	0.0
0	0.0
0	0.0
0	0.0
0	0.0
0	0.0
0	0.0
0	0.0
0	0.0
0	0.0
0	0.0
0	0.0
0	0.0
0	0.0
0	0.0
0	0.0
0	0.0
0	0.0
0	0.0
0	0.0
0	0.0
0	0.0
0	0.0
0	0.0
0	0.0
0	0.0
0	0.0
0	0.0
0	0.0
0	0.0
0	0.0
0	0.0
0	0.0
0	0.0
0	0.0
0	0.0
0	0.0
0	0.0
0	0.0
0	0.0
0	0.0
0	0.0
0	0.0
0	0.0
0	0.0
0	0.0
0	0.0
0	0.0
0	0.0
0	0.0
0	0.0
0	0.0
0	0.0
0	0.0
0	0.0
0	0.0
0	0.0
0	0.0
0	0.0
0	0.0
0	0.0
0	0.0
0	0.0
0	0.0
0	0.0
0	0.0
0	0.0
0	0.0
0	0.0
0	0.0
0	0.0
0	0.0
0	0.0
0	0.0
0	0.0
0	0.0
0	0.0
0	0.0
0	0.0
0	0.0
0	0.0
0	0.0
0	0.0
0	0.0
0	0.0
0	0.0
0	0.0
0	0.0
0	0.0
0	0.0
0	0.0
0	0.0
0	0.0
0	0.0
0	0.0
0	0.0
0	0.0
0	0.0
0	0.0
0	0.0
0	0.0
0	0.0
0	0.0
0	0.0
0	0.0
0	0.0
0	0.0
0	0.0
0	0.0
0	0.0
0	0.0
0	0.0
0	0.0
0	0.0
0	0.0
0	0.0
0	0.0
0	0.0
0	0.0
0	0.0
0	0.0
0	0.0
0	0.0
0	0.0
0	0.0
0	0.0
0	0.0
0	0.0
0	0.0
0	0.0
0	0.0
0	0.0
0	0.0
0	0.0
0	0.0
0	0.0
0	0.0
0	0.0
0	0.0
0	0.0
0	0.0
0	0.0
0	0.0
0	0.0
0	0.0
0	0.0
0	0.0
0	0.0
0	0.0
0	0.0
0	0.0
0	0.0
0	0.0
0	0.0
0	0.0
0	0.0
0	0.0
0	0.0
0	0.0
0	0.0
0	0.0
0	0.0
0	0.0
0	0.0
0	0.0
0	0.0
0	0.0
0	0.0
0	0.0
0	0.0
0	0.0
0	0.0
0	0.0
0	0.0
0	0.0
0	0.0
0	0.0
0	0.0
0	0.0
0	0.0
0	0.0
0	0.0
0	0.0
0	0.0
0	0.0
0	0.0
0	0.0
0	0.0
0	0.0
0	0.0
0	0.0
0	0.0
0	0.0
0	0.0
0	0.0
0	0.0
0	0.0
0	0.0
0	0.0
0	0.0
0	0.0
0	0.0
0	0.0
0	0.0
0	0.0
0	0.0
0	0.0
0	0.0
0	0.0
0	0.0
0	0.0
0	0.0
0	0.0
0	0.0
0	0.0
0	0.0
0	0.0
0	0.0
0	0.0
0	0.0
0	0.0
0	0.0
0	0.0
0	0.0
0	0.0
0	0.0
0	0.0
0	0.0
0	0.0
0	0.0
0	0.0
0	0.0
0	0.0
