2	0.18816910679732168
9	0.4425366179665778
11	0.5891836894688839
12	0.4498715965105485
15	0.5309211590367771
16	0.31140443178196076
17	0.23529743205006554
19	0.11153443377532776
26	0.0050901635911820495
27	0.057423484575616704
29	0.0037229680781755564
30	0.06525760847384904
32	0.20237557219121088
35	0.24094960171341745
36	0.49708136059070723
38	0.014877029907766508
40	0.0006051027607433743
41	0.23187205799077565
42	0.023641721468747257
45	0.18488351465770356
46	0.23058032616432342
50	0.044694574260709816
51	0.19634300151850592
52	0.24986973781579871
53	0.22681508707388018
55	0.21405406638809615
61	0.231601332249179
65	0.2591298125106096
67	0.2177120755527044
68	0.040089408352472905
69	0.012129269731358618
71	0.030883296929380022
77	0.26074400031372363
78	0.4928742306748988
81	0.02103474742181592
83	0.18437114535464308
85	0.04166069596947215
87	0.004980746112741134
88	0.2194035892929162
89	0.04162310044863733
93	0.17864734097972745
95	0.29525118916535853
96	0.3228789683107134
97	0.09943342592772032
99	0.26355881143541643
101	0.1697537351192346
109	0.060584367039082265
110	0.019281038070146368
111	0.2347671159273747
113	0.20131137407749666
117	0.24144281928559153
118	0.2650718152624246
120	0.03779032089098555
121	0.007017847215508622
122	0.4487901021300459
123	0.04330820018627693
125	0.22406412287689942
126	0.40274886242757246
127	0.4249145288235553
128	0.2012814938458786
130	0.29526280221747614
131	0.23599969299259976
133	0.49408328406362956
134	0.25990797342269706
135	0.2122336653443111
137	0.211750823309587
140	0.02935234726804478
141	0.16518755321876577
144	0.334587045972579
146	0.3634269998213392
147	0.507160319578838
148	0.21544104228371544
150	0.2737903032763751
151	0.019160688933686994
152	0.2630546626631045
154	0.2172236304195794
155	0.20402676596942046
157	0.18703719277312433
161	0.12501999749896597
162	0.0455638130231916
163	0.16828897586823902
166	0.45557834466141445
168	0.2421090745023521
175	0.042941556748269924
176	0.26367843941055724
178	0.02729124120924313
179	0.061623820165989954
182	0.023967548279015264
187	0.7199164093122771
189	0.11326409579013395
191	0.23283938030305817
193	0.030714492411775172
196	0.27030153887307395
197	0.1500202815670258
201	0.11847695836009803
202	0.25344262675071627
203	0.23551644006793718
204	0.1638546362678341
205	0.1765814888529009
208	0.19080817260245583
209	0.2380960767972633
211	0.1426864471553108
212	0.5097265654862909
215	0.05485220190705066
220	0.06476551867347069
223	0.5022935012840459
224	0.5438893801094636
228	0.38283005838038303
230	0.32273966723075087
232	0.009606669546670624
233	0.2210276876559896
241	0.17457570579262738
242	0.25982923689952697
243	0.014033664691677751
247	0.02265648176155162
250	0.266809021004653
251	0.04790209572137474
252	0.041815479407574005
253	0.019576082722918334
257	0.2118172156398705
258	0.21120523937260968
261	0.2383668907570918
262	0.01130783482913289
263	0.06289966328158111
265	0.07133472363577414
266	0.09977641786956033
273	0.6812765776464041
275	0.4372183653764901
278	0.01643921472585115
279	0.2856134495881929
280	0.01884072367469196
281	0.03147553243908474
282	0.21950588228645734
283	0.1797391833831353
287	0.18897224399748155
290	0.06991592736348597
294	0.07044298201344838
295	0.3208701970936676
298	0.029298203228384403
300	0.11290640575728964
304	0.49632403782434126
306	0.44515799099876985
307	0.25818698684925734
310	0.2532000309264418
311	0.03064756462870916
314	0.018928221893238117
317	0.21963789456068344
318	0.05699583657402873
322	0.007318149232983514
323	0.03394440325349067
324	0.3364222062933321
330	0.4846604593798671
333	0.006107903625112182
337	0.29266166232609625
340	0.22735571980443772
341	0.1644392608190899
349	0.028850551345871486
350	0.2612858744684968
353	0.002522196042568814
355	0.01573379651302488
357	0.03380608983069357
358	0.08086953736170073
363	0.026733011583745574
365	0.03335396800825258
366	0.23604565050904397
368	0.472777311698337
369	0.18490764325154815
371	0.11129487459162274
373	0.005147526385166329
375	0.025842618608393493
377	0.4156031126100019
381	0.0019463965074519932
382	0.042161080449551455
383	0.2666161070962804
392	0.03377294442643729
396	0.29306381097425804
400	0.4733686110161609
403	0.22716904284376296
404	0.2643389721963125
410	0.2203730127139857
413	0.006232324256404284
415	0.24047132904187252
422	0.5508388244033849
423	0.04515470428761762
428	0.01888651477390081
433	0.011865763333180089
434	0.792322363697593
436	0.047125895430359874
437	0.534357713604149
438	0.028437593589303766
439	0.45947817886536746
441	0.24306675300099156
444	0.0048579136221829355
445	0.11096639277194292
449	0.019715163515445052
453	0.043489189761192024
454	0.281679554663646
461	0.007946539460562084
467	0.03256438072739924
470	0.18763076389609748
471	0.44914195378373917
473	0.22305573007620605
475	0.27857104028970436
477	0.2182386956231845
478	0.04443679946339672
480	0.07127765304426242
482	0.24228512376672035
483	0.2275938797445941
494	0.17751169155734378
495	0.028592138301189257
501	0.09272536019588491
503	0.10846670738172794
507	0.03568466318559444
508	0.11684342560314287
510	0.022361993642777654
515	0.22256119622790094
519	0.04448049912710648
525	0.06259338087040707
529	0.22338317776246386
530	0.0003365493931287711
535	0.1149935313242722
538	0.0628053792209141
539	0.4770374400324781
545	0.051715788502927795
546	0.2439642306128445
554	0.18761119483419925
555	0.20083268477862465
557	0.05100879822544207
562	0.04345007368126422
563	0.18106539589742096
564	0.27806316558260374
578	0.22634607782369096
579	0.03154542145293801
584	0.33624202207683435
585	0.1867450085725396
589	0.2998246575505202
593	0.26133971535578826
596	0.20674210757161268
597	0.206863271530472
598	0.020655831451588596
599	0.05842887532465557
604	0.4319018529990981
609	0.09359616484096714
610	0.06919405542189758
612	0.18602865009879102
614	0.06731730820088896
620	0.4812188465999555
624	0.05406914081135841
629	0.5611278266901331
632	0.025879404789559184
633	0.3345365138281716
637	0.01803778632293489
641	0.11089773897503376
644	0.20410126689530078
646	0.1611832100306236
649	0.24532850602361264
657	0.2654047320233043
659	0.09938518904045004
662	0.1734615220000107
665	0.2876303091952452
668	0.22914646344161668
671	0.5189745249324158
672	0.16842142549113223
675	0.293410685227422
676	0.2297793065139745
678	0.04750425359235779
679	0.21384035669396897
680	0.2696419769614965
681	0.1579798462049365
687	0.1899290571969573
688	0.4894189607254404
689	0.19792070729256545
690	0.03752776226066652
692	0.30011439084650293
694	0.2615097547466614
695	0.2334101233595051
698	0.1959239986521547
700	0.27305526194433866
702	0.45707054725557855
706	0.4872640849680268
708	0.21185296386478847
712	0.21459654925457516
715	0.041580350843398554
717	0.026901445557795483
722	0.07608910060524811
723	0.2214844247511152
726	0.3839979998290503
729	0.0010223591672518934
730	0.2524462406538427
731	0.23261000970392798
732	0.2666595737186379
736	0.04463608677954797
739	0.20685327143100296
742	0.028003583492056564
750	0.2653934284679806
751	0.0030149884839548134
753	0.22868582604025872
754	0.19929346181709437
759	0.2756233994373881
760	0.036467719774537305
762	0.004317195117525104
765	0.28054460824126476
767	0.0254229124277991
768	0.20968831061112447
769	0.27396341437128824
770	0.02989586343183104
771	0.3203619787860204
775	0.44125402020757154
777	0.2959008197958555
779	0.46478229925881653
780	0.3177579541597767
784	0.038351361302311635
785	0.015765625789892553
786	0.13339725732335295
788	0.02927027576157616
793	0.2533321161363457
797	0.19321921777596618
799	0.4814839599185798
801	0.21709643443830207
812	0.1982732710963353
816	0.0027138105199692106
817	0.28752169243691594
827	0.20223743102004063
831	0.038584850639560235
832	0.19456202058375746
834	0.19348300118848427
836	0.19523348128516693
837	0.02669686885652033
838	0.25901408754581984
839	0.02972986731665792
840	0.11865747802615327
843	0.017062801055480963
844	0.22052535188709
845	0.5112225925974415
848	0.2599253049093779
849	0.03614615662669429
852	0.019386540617353544
853	0.01852689039397832
857	0.42460338393761676
858	0.029271514043105375
859	0.005416985509165251
861	0.28207056946122794
866	0.15168654602958243
869	0.3147660779966067
870	0.10209460009418844
875	0.054414397982582616
876	0.17853458888236629
884	0.20027122878212844
885	0.15411529703356142
888	0.19478579643482996
893	0.24686037818717954
894	0.09423093929816737
895	0.03444859230024593
897	0.03710791956800178
902	0.3374391533186014
906	0.05957276249659284
907	0.04184090832778648
908	0.08998508233998659
909	0.5312008784813661
910	0.29233674526344483
912	0.3623409923679022
914	0.12837916691684348
915	0.18792076110912626
917	0.18481384730270176
919	0.07347804651148324
922	0.21799302181260805
928	0.047688670130794475
931	0.028026670534571516
939	0.014957692556256813
941	0.04511279471484325
0	0.0
0	0.0
0	0.0
0	0.0
0	0.0
0	0.0
0	0.0
0	0.0
0	0.0
0	0.0
0	0.0
0	0.0
0	0.0
0	0.0
0	0.0
0	0.0
0	0.0
0	0.0
0	0.0
0	0.0
0	0.0
0	0.0
0	0.0
0	0.0
0	0.0
0	0.0
0	0.0
0	0.0
0	0.0
0	0.0
0	0.0
0	0.0
0	0.0
0	0.0
0	0.0
0	0.0
0	0.0
0	0.0
0	0.0
0	0.0
0	0.0
0	0.0
0	0.0
0	0.0
0	0.0
0	0.0
0	0.0
0	0.0
0	0.0
0	0.0
0	0.0
0	0.0
0	0.0
0	0.0
0	0.0
0	0.0
0	0.0
0	0.0
0	0.0
0	0.0
0	0.0
0	0.0
0	0.0
0	0.0
0	0.0
0	0.0
0	0.0
0	0.0
0	0.0
0	0.0
0	0.0
0	0.0
0	0.0
0	0.0
0	0.0
0	0.0
0	0.0
0	0.0
0	0.0
0	0.0
0	0.0
0	0.0
0	0.0
0	0.0
0	0.0
0	0.0
0	0.0
0	0.0
0	0.0
0	0.0
0	0.0
0	0.0
0	0.0
0	0.0
0	0.0
0	0.0
0	0.0
0	0.0
0	0.0
0	0.0
0	0.0
0	0.0
0	0.0
0	0.0
0	0.0
0	0.0
0	0.0
0	0.0
0	0.0
0	0.0
0	0.0
0	0.0
0	0.0
0	0.0
0	0.0
0	0.0
0	0.0
0	0.0
0	0.0
0	0.0
0	0.0
0	0.0
0	0.0
0	0.0
0	0.0
0	0.0
0	0.0
0	0.0
0	0.0
0	0.0
0	0.0
0	0.0
0	0.0
0	0.0
0	0.0
0	0.0
0	0.0
0	0.0
0	0.0
0	0.0
0	0.0
0	0.0
0	0.0
0	0.0
0	0.0
0	0.0
0	0.0
0	0.0
0	0.0
0	0.0
0	0.0
0	0.0
0	0.0
0	0.0
0	0.0
0	0.0
0	0.0
0	0.0
0	0.0
0	0.0
0	0.0
0	0.0
0	0.0
0	0.0
0	0.0
0	0.0
0	0.0
0	0.0
0	0.0
0	0.0
0	0.0
0	0.0
0	0.0
0	0.0
0	0.0
0	0.0
0	0.0
0	0.0
0	0.0
0	0.0
0	0.0
0	0.0
0	0.0
0	0.0
0	0.0
0	0.0
0	0.0
0	0.0
0	0.0
0	0.0
0	0.0
0	0.0
0	0.0
0	0.0
0	0.0
0	0.0
0	0.0
0	0.0
0	0.0
0	0.0
0	0.0
0	0.0
0	0.0
0	0.0
0	0.0
0	0.0
0	0.0
0	0.0
0	0.0
0	0.0
0	0.0
0	0.0
0	0.0
0	0.0
0	0.0
0	0.0
0	0.0
0	0.0
0	0.0
0	0.0
0	0.0
0	0.0
0	0.0
0	0.0
0	0.0
0	0.0
0	0.0
0	0.0
0	0.0
0	0.0
0	0.0
0	0.0
0	0.0
0	0.0
0	0.0
0	0.0
0	0.0
0	0.0
0	0.0
0	0.0
0	0.0
0	0.0
0	0.0
0	0.0
0	0.0
0	0.0
0	0.0
0	0.0
0	0.0
0	0.0
0	0.0
0	0.0
0	0.0
0	0.0
0	0.0
0	0.0
0	0.0
0	0.0
0	0.0
0	0.0
0	0.0
0	0.0
0	0.0
0	0.0
0	0.0
0	0.0
0	0.0
0	0.0
0	0.0
0	0.0
0	0.0
0	0.0
0	0.0
0	0.0
0	0.0
0	0.0
0	0.0
0	0.0
0	0.0
0	0.0
0	0.0
0	0.0
0	0.0
0	0.0
0	0.0
0	0.0
0	0.0
0	0.0
0	0.0
0	0.0
0	0.0
0	0.0
0	0.0
0	0.0
0	0.0
0	0.0
0	0.0
0	0.0
0	0.0
0	0.0
0	0.0
0	0.0
0	0.0
0	0.0
0	0.0
0	0.0
0	0.0
0	0.0
0	0.0
0	0.0
0	0.0
0	0.0
0	0.0
0	0.0
0	0.0
0	0.0
0	0.0
0	0.0
0	0.0
0	0.0
0	0.0
0	0.0
0	0.0
0	0.0
0	0.0
0	0.0
0	0.0
0	0.0
0	0.0
0	0.0
0	0.0
0	0.0
0	0.0
0	0.0
0	0.0
0	0.0
0	0.0
0	0.0
0	0.0
0	0.0
0	0.0
0	0.0
0	0.0
0	0.0
0	0.0
0	0.0
0	0.0
0	0.0
0	0.0
0	0.0
0	0.0
0	0.0
0	0.0
0	0.0
0	0.0
0	0.0
0	0.0
0	0.0
0	0.0
0	0.0
0	0.0
0	0.0
0	0.0
0	0.0
0	0.0
0	0.0
0	0.0
0	0.0
0	0.0
0	0.0
0	0.0
0	0.0
0	0.0
0	0.0
0	0.0
0	0.0
0	0.0
0	0.0
0	0.0
0	0.0
0	0.0
0	0.0
0	0.0
0	0.0
0	0.0
0	0.0
0	0.0
0	0.0
0	0.0
0	0.0
0	0.0
0	0.0
0	0.0
0	0.0
0	0.0
0	0.0
0	0.0
0	0.0
0	0.0
0	0.0
0	0.0
0	0.0
0	0.0
0	0.0
0	0.0
0	0.0
0	0.0
0	0.0
0	0.0
0	0.0
0	0.0
0	0.0
0	0.0
0	0.0
0	0.0
0	0.0
0	0.0
0	0.0
0	0.0
0	0.0
0	0.0
0	0.0
0	0.0
0	0.0
0	0.0
0	0.0
0	0.0
0	0.0
0	0.0
0	0.0
0	0.0
0	0.0
0	0.0
0	0.0
0	0.0
0	0.0
0	0.0
0	0.0
0	0.0
0	0.0
0	0.0
0	0.0
0	0.0
0	0.0
0	0.0
0	0.0
0	0.0
0	0.0
0	0.0
0	0.0
0	0.0
0	0.0
0	0.0
0	0.0
0	0.0
0	0.0
0	0.0
0	0.0
0	0.0
0	0.0
0	0.0
0	0.0
0	0.0
0	0.0
0	0.0
0	0.0
0	0.0
0	0.0
0	0.0
0	0.0
0	0.0
0	0.0
0	0.0
0	0.0
0	0.0
0	0.0
0	0.0
0	0.0
0	0.0
0	0.0
0	0.0
0	0.0
0	0.0
0	0.0
0	0.0
0	0.0
0	0.0
0	0.0
0	0.0
0	0.0
0	0.0
0	0.0
0	0.0
0	0.0
0	0.0
0	0.0
0	0.0
0	0.0
0	0.0
0	0.0
0	0.0
0	0.0
0	0.0
0	0.0
0	0.0
0	0.0
0	0.0
0	0.0
0	0.0
0	0.0
0	0.0
0	0.0
0	0.0
0	0.0
0	0.0
0	0.0
0	0.0
0	0.0
0	0.0
0	0.0
0	0.0
0	0.0
0	0.0
0	0.0
0	0.0
0	0.0
0	0.0
0	0.0
0	0.0
0	0.0
0	0.0
0	0.0
0	0.0
0	0.0
0	0.0
0	0.0
0	0.0
0	0.0
0	0.0
0	0.0
0	0.0
0	0.0
0	0.0
0	0.0
0	0.0
0	0.0
0	0.0
0	0.0
0	0.0
0	0.0
0	0.0
0	0.0
0	0.0
0	0.0
0	0.0
0	0.0
0	0.0
0	0.0
0	0.0
0	0.0
0	0.0
0	0.0
0	0.0
0	0.0
0	0.0
0	0.0
0	0.0
0	0.0
0	0.0
0	0.0
0	0.0
0	0.0
