2	0.2157494671124759
3	0.24855138996609347
4	0.09714251543821201
8	0.2999657304007744
9	0.49875286460705326
11	0.5037023760469634
12	0.5106275265389585
13	0.03366880441080891
15	0.49799106408978333
17	0.5758906361268997
18	0.028212832838507784
19	0.3209007103204379
20	0.23751454668925948
22	0.05874092488850589
25	0.05576500161217553
26	0.22528429002619227
27	0.38670189475491124
28	0.08266586434147
29	0.3203681318041056
30	0.018841384391645476
31	0.0004842188082944607
32	0.5207453971164672
34	0.2681095804872657
35	0.22253161847920108
36	0.4586432573481346
37	0.29757546034183324
39	0.014534558934833595
40	0.30433751701926953
41	0.17001113788347713
45	0.21254868269808921
46	0.5762418107824563
47	0.0789280167227846
48	0.007738524201936305
50	0.3204155269765101
51	0.2229251115368644
52	0.45768174152295604
53	0.45807139218919257
54	0.08422428365193076
55	0.5198552847598549
57	0.04631319534793373
58	0.04327243629256894
61	0.4567112290705785
63	0.06709978163744751
65	0.20903163606121972
66	0.2891182390154604
67	0.5143706336081648
68	0.33163814650653856
69	0.04787292032569569
70	0.07402873407113876
71	0.3807852796500844
72	0.027414345242870466
74	0.08303175125503737
75	0.23535261212545422
76	0.3244241376394638
77	0.4962022300792436
78	0.2567849917725041
79	0.26786082192255717
80	0.26788391236614395
81	0.22710613900975163
83	0.21223749530945663
84	0.2725421246185147
85	0.01813873676748519
86	0.2597423060480147
87	0.03880590115585475
88	0.4892676886400386
92	0.06902602413273617
93	0.40997534434533284
95	0.006003458303067956
96	0.2414812320260504
98	0.21483197248127275
99	0.45020754320297984
101	0.1942407608086353
102	0.26628768480731324
103	0.32134041996544793
104	0.14960902600974557
105	0.018489586278982166
106	0.19729724007956628
107	0.07949259105470173
108	0.23876578932101922
111	0.2099327122565529
112	0.3029655631879598
113	0.26149790398979544
117	0.2777544110354124
118	0.022764829907689688
119	0.08052670615461575
120	0.01135135590484189
122	0.7807604001631008
124	0.2991335350155989
126	0.45794014041406317
127	0.48018870966393873
128	0.49676420558334206
129	0.022265579694030868
130	0.2713601482049028
131	0.549101173349478
132	0.0714253073987356
133	0.4834184912987732
134	0.4496510963884819
135	0.5606550388007864
136	0.03624557241025148
137	0.2386122288623768
139	0.04951556049839226
140	0.25959061036838926
141	0.4337240535846281
142	0.0717662369602539
144	0.2692703581441786
146	0.23962303230273915
147	0.7460789264315036
148	0.2788462526352882
149	0.2398262619302433
150	0.25103800522486625
152	0.02361952284428111
153	0.07928941637797286
154	0.28103318731921967
155	0.5143567414626699
156	0.27598616036605894
157	0.48687781246479467
158	0.03502045506870269
159	0.23903149328957568
161	0.5230578125307012
162	0.24860813287668626
163	0.5300273669020101
164	0.013104104245455973
165	0.23955658580311578
166	0.7250812829872785
168	0.20980355475702084
169	0.2385804822373469
170	0.20774028673919803
171	0.252534999858133
172	0.0009088784319530377
173	0.08083049490477806
174	0.09605980906199826
176	0.5523715336365833
178	0.015502334160533641
179	0.03837021272534018
180	0.2630323811955536
182	0.004037363797391006
183	0.2927676305667001
184	0.020265164156906386
185	0.6812765776464041
186	0.2347381221050075
187	0.9922238438295206
188	0.0017539718163082363
190	0.25094451085875874
191	0.5386094160388639
192	0.024942250510128862
193	0.2880446559932177
194	0.06930279674133918
195	0.013902737611939359
196	0.2871515996762931
197	0.17550133441725116
199	0.29806611389615406
202	0.22549779499623915
203	0.4846072293632041
204	0.5006085103235959
205	0.213677867230743
208	0.4908419241262802
209	0.19502086963043222
212	0.5476599101761391
213	0.06572148105567081
214	0.02987918931990848
215	0.2796478923502326
219	0.2731282039608812
220	0.3405446747217956
221	0.06290636572854852
223	0.1997950667085675
224	0.18801267651702325
225	0.33173019729356995
227	0.08293181373838254
228	0.5195402959018128
229	0.256518363584634
231	0.2191747089673696
233	0.5589585083356965
235	0.02998943396743531
237	0.28571742779917436
240	0.049316236338237326
241	0.5057098639131605
242	0.5105769113877794
243	0.22539249262524721
244	0.07371252987898566
246	0.03857830436064966
247	0.35863307361563296
249	0.0683408853023944
250	0.2131176788004556
251	0.2745627736353011
252	0.2741047439732548
254	0.2549449033215052
257	0.5082036274265376
258	0.5350489110479014
260	0.2867394524127393
261	0.570508553917265
262	0.36892329563128723
263	0.05993710552348083
265	0.0001480379939098192
266	0.4364673724023816
270	0.026326766058378193
275	0.4955144559118648
276	0.05568481862473336
277	0.29497965723146996
278	0.3012842976538765
279	0.0055305397819449195
280	0.26478737769228977
281	0.06934186977338688
282	0.5434115624050864
283	0.2381240278947981
284	0.08244321143797573
287	0.4774041610836946
289	0.10595744090107607
291	0.29063145706643945
294	0.28046100051804285
295	0.265402266638375
296	0.007482358720049476
300	0.4359143056321248
301	0.023572324312331173
304	0.773706162358139
306	0.7365823472360318
307	0.2245908884118985
310	0.28356827119879435
315	0.07662145721817326
316	0.22553295249688937
317	0.25103800522486625
318	0.06977020327577604
319	0.09254990499388699
322	0.0340057076173747
324	0.013869737840650896
325	0.06710697023335227
327	0.03579653847357105
329	0.0048109552211408335
330	0.22715390490765575
331	0.016207967484655326
333	0.26344439237772965
336	0.23062656129916986
337	0.536345384058279
338	0.046836608726993405
340	0.16450695158446993
341	0.5455790040456111
346	0.01087924812564918
349	0.3811111925663525
350	0.2645147803036829
351	0.01720492698123774
352	0.08263907320312407
353	0.36949398615398976
355	0.330942081842181
356	0.0029328901534477134
357	0.3057868433573336
358	0.016336983962335107
359	0.329144330477973
361	0.048455203339680064
364	0.039286064330051135
365	0.21762410600749468
366	0.5773124664529206
367	0.011376412822190863
368	0.5407284666780435
369	0.49271473052667364
371	0.01638823513749935
372	0.2705570803894349
375	0.06277799090929878
376	0.01749841742732834
377	0.47511761926112955
381	0.06840537758873277
382	0.25766618042592926
383	0.2372691859035299
384	0.32228783764600333
386	0.05049560021035557
392	0.2768779402719351
393	0.2338088681167724
394	0.05640015454804484
400	0.6893605050217562
401	0.04520441372341871
403	0.1667561308238762
404	0.2625142344401342
410	0.5325391529674343
412	0.04444330234865687
413	0.30271651267919886
414	0.03723163614519964
415	0.5738565870785899
419	0.2822959110836574
420	0.00882635891420818
422	0.2756043431254433
423	0.25758098956183234
424	0.04194402095870085
426	0.06639273344025967
427	0.01727873505323365
430	0.03166172928141302
431	0.29730795970953167
432	0.30265201487205196
433	0.3225942883426266
434	0.4868350307694897
436	0.0052054164147061835
437	0.2436427082607978
438	0.2534360662955235
439	0.8003976400630978
440	0.03276342574094698
441	0.22160252017596585
443	0.0887461478838814
444	0.3051678468012327
445	0.026064234974931412
449	0.066226744225255
450	0.0815625508003296
453	0.0472967319311588
456	0.06783541673706064
461	0.27044629408673154
462	0.06511166766438953
464	0.047666884403781334
467	0.01496933300952591
468	0.011163845523395718
470	0.47821477808602353
471	0.5114097829977368
472	0.023295220670260526
473	0.2510243678319503
474	0.017698073799017163
475	0.24904898907510112
477	0.5472103893613346
478	0.2849463099830074
480	0.00014791955767783777
482	0.27313141081469594
483	0.543122959175058
484	0.08910569611686878
487	0.08002381402167524
488	0.02239872665549124
494	0.1997026508104914
495	0.014627331137273714
496	0.042568881984421464
497	0.059918901079517785
499	0.06296080282261582
505	0.010923728579962155
508	0.005464143509477638
510	0.32590212689158493
511	0.32659882370213283
513	0.025243207458569138
515	0.16436664634541168
517	0.0007516125401356502
519	0.011349072788102169
520	0.2527273505804855
522	0.06594552454296677
525	0.02869790474263228
526	0.15329710612580952
528	0.024076293728536174
529	0.28639845306618383
530	0.34333210937268527
531	0.053023592156804134
536	0.020739733422662547
537	0.06531074707803677
539	0.4708568600078824
540	0.014477767280081943
544	0.2190944533240953
547	0.009786611983348882
551	0.02015301301569384
552	0.28001838464190343
554	0.4790665484549874
555	0.513935870361821
556	0.026546086854109776
557	0.2898572686126015
558	0.31502692093178775
559	0.21977909017618188
563	0.4738286754267008
564	0.062146270255630354
565	0.005604235572772644
566	0.07739638580195189
570	0.20608417673579327
571	0.01626631901151681
572	0.04315066361690471
575	0.0010097409355779748
578	0.2543707352130518
579	0.006728639712262521
582	0.020419915783253664
583	0.011705901518553462
584	0.03918628357957449
585	0.24549185466246756
590	0.055194445544889205
593	0.00997322254118711
594	0.23791728477679097
596	0.23672870045919273
597	0.1455530911704045
598	0.07641065180122351
599	0.30209352213825313
602	0.0024777590606978733
603	0.06783388935132334
604	0.16865682254655945
605	0.027096624342137218
609	0.45551659201161926
611	0.02553468687484454
612	0.4880363891547177
614	0.022318691574827056
615	0.018550653790623962
616	0.29307449845211203
620	0.229952989492442
622	0.06236623699282583
624	0.07574761644363118
626	0.056375320854456165
629	0.23267207509164117
631	0.08180864329525087
635	0.003126012492025383
642	0.02932776043368306
644	0.22758923219395738
646	0.45269131093958476
649	0.2060820597598515
651	0.015074356010150787
656	0.23199318832150384
657	0.5264577931867805
658	0.022670595346172946
660	0.28047184960231436
662	0.5152236044986904
663	0.019228905048671377
665	0.004847897121870913
668	0.20258898883439266
671	0.2582153753425972
672	0.46760602841004634
673	0.2945587461162879
674	0.07278335434770417
675	0.6233592755142423
676	0.2028947224693833
679	0.507786512134717
680	0.23547935520527585
681	0.45617999968032186
684	0.024847970549661206
686	0.07769986372925794
687	0.5377854022798072
688	0.727631415197638
689	0.2253374642029095
690	0.23858906432060928
691	0.07345077693865928
693	0.04188154236407442
695	0.28915000400126456
697	0.06705410084843132
698	0.22311680953960725
700	0.25134011124841416
701	0.30467942665888254
702	0.4299999898024182
704	0.03712707051899576
705	0.010843145913822294
706	0.4626774776406196
708	0.24331172063813983
709	0.006895750812879083
711	0.06220382203286662
712	0.24358720247902835
713	0.011754439388983705
715	0.2808497952364326
716	0.05942775130863186
717	0.07865768453679609
718	0.26507353960907215
722	0.2848706827995318
723	0.24669147285974108
725	0.25535013636907594
726	0.20827936745158548
728	0.030361241900982924
729	0.23628481041312832
730	0.4726074206981954
731	0.5475308416509035
732	0.19743182656450323
736	0.2855982416410989
737	0.0718275277415365
738	0.05547067334483251
739	0.23127852500857998
742	0.283148669705069
743	0.05291200990521129
750	0.23239843949574937
753	0.19532785245660636
754	0.512970423294295
755	0.011727358991575877
757	0.021924320004380823
759	0.24059200459153424
760	0.24960058739383467
761	0.012247453786061298
765	0.5846735885377214
767	0.2637549002894559
768	0.1864311137426206
769	0.5225629884735589
770	0.2821473634666269
772	0.014812479678493393
775	0.5009560136846849
776	0.19828491603840553
777	0.5279071067889534
779	0.43189923986953005
784	0.24657884944309627
785	0.008751564190739722
786	0.015307201275011235
787	0.04053758107039962
788	0.0575005915067522
789	0.019452689127861272
790	0.25835730822387504
791	0.02267984531855012
792	0.018288157307011107
793	0.21561598189151118
794	0.3185890972287335
795	0.0075838661025819445
796	0.015754994046254495
797	0.2099172075642863
799	0.70887169767104
801	0.5350665208109784
804	0.02207720676718139
807	0.09005196103271161
808	0.30101750243153924
810	0.014003742928680698
812	0.258468573190434
814	0.09883244438322183
815	0.06739475847706616
816	0.3005118303534421
817	0.29588462401176074
822	0.041435790240366976
824	0.0031300973124115464
826	0.053086512895198834
827	0.2652081826222378
830	0.04178174303744823
831	0.23671678132213725
832	0.5161715797877632
834	0.22088714762635686
836	0.21797812946297127
837	0.21040115155631997
838	0.505886623629776
842	0.3127006379545866
844	0.28523560761781774
845	0.4492438174010486
847	0.291151190439796
848	0.06191837315006622
850	0.01780959342932261
852	0.0013022801443501666
854	0.02019854468625104
855	0.24301306302225262
856	0.07922988899867943
857	0.4959368135541014
858	0.32065481783772665
859	0.35238007068342514
860	0.06410634683892569
861	0.5361636382897046
862	0.07644726021542135
866	0.484328794863626
873	0.28435048474905594
876	0.4685782336122669
877	0.026656639916687257
879	0.3061661362105594
884	0.2572901914964526
885	0.18002730167211167
888	0.5270514395938607
889	0.012338602762203284
891	0.30896968752576615
893	0.2208827757666326
894	0.024196516201254688
895	0.2350216218199773
901	0.003206665811570447
902	0.27358365484789465
904	0.3087334258797687
906	0.30685923457909275
908	0.015158738742503633
909	0.7963762732506342
910	0.549848991353167
911	0.0022582184866580188
912	0.2655442651998828
914	0.43526015835774995
915	0.5056273025790972
916	0.03206190367208965
917	0.5612104190007777
918	0.01155386025344323
919	0.005278459379351508
920	0.2798402954372436
921	0.018979512021222927
922	0.15438949926899212
923	0.07488374122830996
925	0.018054020378261107
926	0.03544864257041719
928	0.2900098714147552
930	0.34614712211858495
931	0.2755803328192389
934	0.012849832290889984
935	0.2909433379249146
936	0.0781124226686457
939	0.35461681690381963
941	0.2686847650208214
942	0.014693528578295686
0	0.0
0	0.0
0	0.0
0	0.0
0	0.0
0	0.0
0	0.0
0	0.0
0	0.0
0	0.0
0	0.0
0	0.0
0	0.0
0	0.0
0	0.0
0	0.0
0	0.0
0	0.0
0	0.0
0	0.0
0	0.0
0	0.0
0	0.0
0	0.0
0	0.0
0	0.0
0	0.0
0	0.0
0	0.0
0	0.0
0	0.0
0	0.0
0	0.0
0	0.0
0	0.0
0	0.0
0	0.0
0	0.0
0	0.0
0	0.0
0	0.0
0	0.0
0	0.0
0	0.0
0	0.0
0	0.0
0	0.0
0	0.0
0	0.0
0	0.0
0	0.0
0	0.0
0	0.0
0	0.0
0	0.0
0	0.0
0	0.0
0	0.0
0	0.0
0	0.0
0	0.0
0	0.0
0	0.0
0	0.0
0	0.0
0	0.0
0	0.0
0	0.0
0	0.0
0	0.0
0	0.0
0	0.0
0	0.0
0	0.0
0	0.0
0	0.0
0	0.0
0	0.0
0	0.0
0	0.0
0	0.0
0	0.0
0	0.0
0	0.0
0	0.0
0	0.0
0	0.0
0	0.0
0	0.0
0	0.0
0	0.0
0	0.0
0	0.0
0	0.0
0	0.0
0	0.0
0	0.0
0	0.0
0	0.0
0	0.0
0	0.0
0	0.0
0	0.0
0	0.0
0	0.0
0	0.0
0	0.0
0	0.0
0	0.0
0	0.0
0	0.0
0	0.0
0	0.0
0	0.0
0	0.0
0	0.0
0	0.0
0	0.0
0	0.0
0	0.0
0	0.0
0	0.0
0	0.0
0	0.0
0	0.0
0	0.0
0	0.0
0	0.0
0	0.0
0	0.0
0	0.0
0	0.0
0	0.0
0	0.0
0	0.0
0	0.0
0	0.0
0	0.0
0	0.0
0	0.0
0	0.0
0	0.0
0	0.0
0	0.0
0	0.0
0	0.0
0	0.0
0	0.0
0	0.0
0	0.0
0	0.0
0	0.0
0	0.0
0	0.0
0	0.0
0	0.0
0	0.0
0	0.0
0	0.0
0	0.0
0	0.0
0	0.0
0	0.0
0	0.0
0	0.0
0	0.0
0	0.0
0	0.0
0	0.0
0	0.0
0	0.0
0	0.0
0	0.0
0	0.0
0	0.0
0	0.0
0	0.0
0	0.0
0	0.0
0	0.0
0	0.0
0	0.0
0	0.0
0	0.0
0	0.0
0	0.0
0	0.0
0	0.0
0	0.0
0	0.0
0	0.0
0	0.0
0	0.0
0	0.0
0	0.0
0	0.0
0	0.0
0	0.0
0	0.0
0	0.0
0	0.0
0	0.0
0	0.0
0	0.0
0	0.0
0	0.0
0	0.0
0	0.0
0	0.0
0	0.0
0	0.0
0	0.0
0	0.0
0	0.0
0	0.0
0	0.0
0	0.0
0	0.0
0	0.0
0	0.0
0	0.0
0	0.0
0	0.0
0	0.0
0	0.0
0	0.0
0	0.0
0	0.0
0	0.0
0	0.0
0	0.0
0	0.0
0	0.0
0	0.0
0	0.0
0	0.0
0	0.0
0	0.0
0	0.0
0	0.0
0	0.0
0	0.0
0	0.0
0	0.0
0	0.0
0	0.0
0	0.0
0	0.0
0	0.0
0	0.0
0	0.0
0	0.0
0	0.0
0	0.0
0	0.0
0	0.0
0	0.0
0	0.0
0	0.0
0	0.0
0	0.0
0	0.0
0	0.0
0	0.0
0	0.0
0	0.0
0	0.0
0	0.0
0	0.0
0	0.0
0	0.0
0	0.0
0	0.0
0	0.0
0	0.0
0	0.0
0	0.0
0	0.0
0	0.0
0	0.0
0	0.0
0	0.0
0	0.0
0	0.0
0	0.0
0	0.0
0	0.0
0	0.0
0	0.0
0	0.0
0	0.0
0	0.0
0	0.0
0	0.0
0	0.0
0	0.0
0	0.0
0	0.0
0	0.0
0	0.0
0	0.0
0	0.0
0	0.0
0	0.0
0	0.0
0	0.0
0	0.0
0	0.0
0	0.0
0	0.0
0	0.0
0	0.0
0	0.0
0	0.0
0	0.0
0	0.0
0	0.0
0	0.0
0	0.0
0	0.0
0	0.0
0	0.0
0	0.0
0	0.0
0	0.0
0	0.0
0	0.0
0	0.0
0	0.0
0	0.0
0	0.0
0	0.0
0	0.0
0	0.0
0	0.0
0	0.0
0	0.0
0	0.0
0	0.0
0	0.0
0	0.0
0	0.0
0	0.0
0	0.0
0	0.0
0	0.0
0	0.0
0	0.0
0	0.0
0	0.0
0	0.0
0	0.0
0	0.0
0	0.0
0	0.0
0	0.0
0	0.0
0	0.0
0	0.0
0	0.0
0	0.0
0	0.0
0	0.0
0	0.0
0	0.0
0	0.0
0	0.0
0	0.0
0	0.0
0	0.0
0	0.0
0	0.0
0	0.0
0	0.0
