2	0.0056219650181544845
4	0.031111632726045578
5	0.27267199067703096
7	0.2662743539875146
8	0.04402154842792106
9	0.031838275804180416
11	0.25174892116095154
13	0.009043951991533697
15	0.00637418188362111
16	0.010650787160969434
17	0.07877457155427635
18	0.28273893948163115
19	0.06771890851667021
20	0.0399298372967527
21	0.02353798907015205
22	0.028423126421484035
23	0.24263799746918158
24	0.2559799408259511
25	0.25277313316248623
26	0.20810964718410768
28	0.03516402924309406
29	0.010900203695918972
30	0.25661652528052664
31	0.03484395391748424
32	0.2948066725686176
33	0.031698727221347034
34	0.15415390030508536
36	0.295253983532982
37	0.01642358227739702
39	0.003793764164261186
41	0.4976100815786933
42	0.4643536288995442
43	0.015794955122994794
45	0.03124745377180487
46	0.2748614584112784
47	0.3137053915209206
48	0.04415169768226928
49	0.18805702733640922
51	0.046603232566081
52	0.5116000460057095
53	0.5294142188562717
54	0.28116482707511525
55	0.0372233777441139
56	0.2615512039846054
57	0.048609087579031096
59	0.036682633942655404
60	0.029425831220855337
61	0.4872361070408925
62	0.24850211118569468
64	0.27759550134167615
65	0.008170337136305342
66	0.5143464379506577
67	0.25191461808834487
68	0.24589695094671726
71	0.05449561201929087
72	0.4943588712588381
73	0.013386984637100974
74	0.046933007027401136
75	0.7584594667833734
76	0.0228366672049432
77	0.2483276065628825
78	0.023391666787766895
79	0.2266586885234388
80	0.10016802700978414
81	0.5185108363975399
83	0.02547733220078456
85	0.014768409232359607
86	0.3322507988424959
88	0.26644236740493715
89	0.7480059435413866
91	0.026859547051570336
92	0.27774213810198284
93	0.7599781968504552
94	0.010922637739276708
96	0.2699680413208672
97	0.24500368222002503
98	0.2852496723574132
99	0.4929293046964624
100	0.010339568080517794
101	0.004069330974530636
103	0.3215340554378708
104	0.15940063056920764
105	0.03360632431284975
106	0.008065939444043747
107	0.27947241896035574
108	0.463797772202373
111	0.007999204870965629
112	0.2789755073423255
113	0.0155224566663952
114	0.03161928694238168
115	0.012909482146999697
116	0.21492493144431607
117	0.03691947079925699
118	0.03352430645905326
120	0.49883424076167165
122	0.050221374566154525
123	0.486797995881109
124	0.49218447569875773
125	0.3063536991369837
126	0.022412203147546945
127	0.0442978725383833
128	0.03654676769227405
130	0.26486762477579545
132	0.04455981186446445
133	0.023325637158222605
134	0.5083267730784455
135	0.03458583852391702
136	0.028893673561604116
137	0.03115417009627971
138	0.2617791883684571
139	0.03401980464170238
140	0.278337576166579
142	0.26280259298436576
143	0.012490591306739636
144	0.2509681125500268
146	0.2456360192728134
147	0.020111478187208837
149	0.22745912863806422
152	0.040730424842233166
153	0.35066076846918426
156	0.2764135191655177
157	0.03245008177809737
158	0.04117057105012968
159	0.031167972037325912
162	0.7537700022291307
163	0.3500436349005203
164	0.024529226109916077
165	0.030193341521536923
166	0.2921021339375564
168	0.23874068774087498
169	0.5171339782060517
170	0.005922103426127746
171	0.3381941360918741
172	0.005714857571683017
173	0.023482754326564596
174	0.055478808925055065
175	0.029384139111810568
176	0.3122026462039696
178	0.025184067077988023
179	0.028192876418916768
180	0.3247422959449163
183	0.0047412964357857745
184	0.2547129903481081
185	0.028437593589303766
186	0.003487191018289995
187	0.2823309993614994
189	0.015453655812740955
190	0.19845522477150318
191	0.019236396803114317
192	0.08442793413548032
193	0.27647300543913367
195	0.04048820954413786
196	0.01775384658193758
197	0.006116754633663443
199	0.5144892390846059
200	0.25522081247053363
202	0.48179821567388836
203	0.21637672201095448
204	0.2131021769498281
208	0.06125650203843737
209	0.4835256587512966
210	0.016730790733366266
211	0.2372024744969647
212	0.008948117360694757
213	0.03686566389757918
214	0.5073082152492825
215	0.27757186888363394
216	0.036863718196100834
217	0.06906093347577082
219	0.02487561469062573
220	0.2672195237651812
221	0.28414434999253735
223	0.26837993272333366
224	0.2646907322534727
225	0.02886705449692019
226	0.011123452541701682
227	0.06991832363738094
228	0.0730181653569963
229	0.00956175604166538
231	0.2569660692512973
233	0.019094789523227785
234	0.006108462308052717
235	0.4910228498153036
236	0.03826946783692749
237	0.28364527760867125
238	0.255211282223175
239	0.25463265717425115
240	0.030470198257817875
242	0.2111398453809053
243	0.22533412003309314
244	0.27808251620772895
245	0.29454576518337594
246	0.219804461580415
247	0.03498264755953734
249	0.025983180087641188
250	0.27885239391980543
251	0.25549302818132164
252	0.2653958583966123
253	0.02603741650440607
254	0.2432475317693104
256	0.03143202323184385
257	0.013419185315917723
258	0.04904113157647904
259	0.006605872932973385
260	0.26599109183709935
261	0.025502810923992456
262	0.2637510255401159
263	0.024729061281505982
264	0.03722726742562957
265	0.5009901139173152
266	0.2757538314426121
267	0.02613200460079653
268	0.016751535863949903
269	0.20403449902735182
270	0.2775291767680928
271	0.015701844170118075
272	0.014729346765516314
273	0.2534360662955235
274	0.2681957186566687
275	0.031580360903316285
276	0.24452800946731298
277	0.2749835429453107
278	0.22574465837362342
279	0.032109019611530065
280	0.2559414358261621
283	0.005006563136117803
284	0.030097823991826755
286	0.2309239206734257
287	0.292191922733034
289	0.3570460203214924
290	0.026837940027631416
291	0.2608215615374314
292	0.2583510630926256
294	0.5152684795831228
295	0.011303390903012002
296	0.03365474492679067
298	0.01777656264153598
299	0.003408522259389944
300	0.1607784870865808
301	0.5138882116531303
302	0.051091113537376956
303	0.2224700698053912
304	0.26579573898273495
305	0.04531323520859383
306	0.02812059965200249
307	0.27675994254304187
309	0.28938013422480835
311	0.22660120349402468
314	0.27753092025293574
315	0.03904470404748071
317	0.012128361690965338
318	0.017908051709202184
319	0.04293597251781643
321	0.047436016442434656
323	0.47151878512125067
324	0.4924338990003716
325	0.031402800106672145
327	0.2707310095138082
329	0.0347427069621834
332	0.014558826200012795
333	0.2640810905750625
335	0.026808269913283417
336	0.2990145542952097
337	0.3088844243424737
338	0.021806306355580424
339	0.23598341604912243
340	0.24269972013016888
341	0.2556918135643304
342	0.233088190491552
343	0.25173333431937744
344	0.4278061759144131
345	0.2549917011687137
347	0.24867840702720526
348	0.45994445803345285
349	0.051519352042743674
350	0.025330150944989686
351	0.2757178818171647
352	0.03919119574562791
353	0.08146718864205953
354	0.03470383777269545
356	0.3183660920408308
357	0.2908418963746353
358	0.551222993306891
359	0.28956916823387574
360	0.011375535379580339
362	0.23605241534583632
363	0.23908625509520604
364	0.029833635516059817
365	0.23956825016442698
366	0.03950190747430801
367	0.007038319972123494
369	0.26081909293299615
371	0.016503387594207167
372	0.015654386982390835
373	0.0102038522552153
375	0.24865199723469486
376	0.27557032960573985
377	0.04597565049823606
378	0.024320253302682192
380	0.025456501346296262
382	0.2672285736814963
386	0.2685488426719806
388	0.009947000935955866
389	0.015517393836379834
390	0.2646081305163417
392	0.2520962603612737
393	0.026343326333383495
395	0.032462049142963655
396	0.009137486781188375
400	0.5302496006541293
402	0.457479074002182
403	0.23074363981739526
404	0.026607920910731053
406	0.25258499962653463
407	0.00036533143494664466
408	0.006350318554546611
409	0.03910977819208303
410	0.21958031031084532
411	0.0004730405477916949
412	0.5386042530868771
413	0.03765407115250932
414	0.04702089806119367
415	0.02486659140894523
417	0.016836575860828408
418	0.14658896251770276
419	0.04951447347816825
420	0.2535444246877788
421	0.2575608752034244
423	0.28345124710336367
424	0.03274312637118659
425	0.03813514028445318
427	0.25070820550743245
428	0.2304182212061402
430	0.25063640518853136
431	0.038045140099942296
432	0.021309983790591416
435	0.02255526601502124
436	0.2596657419979459
439	0.007531051781436766
440	0.2847672592186376
441	0.49349524415983265
442	0.011922733692706015
443	0.046921886447537545
444	0.24594866001871854
445	0.3503874647144763
446	0.0792455086617432
448	0.008717454976364426
449	0.2797624612740657
450	0.2667153599373999
451	0.23649629277506248
453	0.008766908563377848
454	0.22499486724394535
457	0.011751495149414794
458	0.2315813358305083
459	0.012610365231171025
460	0.02379101744390903
461	0.5419215930349953
463	0.17221646118825862
464	0.021759964852697725
465	0.5066386718164492
466	0.2764344857470004
468	0.5014697047459088
470	0.016890674592221405
471	0.027905765376132922
472	0.27264725604503004
473	0.03795858468539314
474	0.020711694293326234
476	0.2669138736940396
477	0.008099963331192415
478	0.0309853118898102
480	0.289914683050559
482	0.006474515264598083
483	0.038431766133936285
484	0.05957911792329766
485	0.19919629023536167
487	0.2658871118519095
488	0.036714162706902295
489	0.0063845679979524644
490	0.007921028926870653
491	0.24973588212033132
492	0.29602187872629043
494	0.25268215707240604
495	0.01847979990977669
497	0.2721754913883647
500	0.003585398341880784
501	0.26252133242748493
503	0.027966426199379064
506	0.0010083837122987632
507	0.266727017371992
508	0.25993223838814367
510	0.2642425819172642
514	0.0361934297895696
515	0.24175420187531937
516	0.250028024844807
517	0.47675325856740997
518	0.2589345890336041
520	0.24561748503078376
521	0.26739917340450253
522	0.031186394909826075
523	0.2643907578030433
525	0.2759823899353214
526	0.025088764243872307
531	0.005178495398505206
532	0.017274963892979715
533	0.03307713349464898
534	0.26260190649517856
536	0.02855571204502627
537	0.01989151771875803
540	0.033328897523808444
543	0.02464143427417665
544	0.17486842043083445
546	0.28351554257020073
547	0.4766256691300236
548	0.0100123392699248
549	0.2788265452072715
550	0.24542957060568457
551	0.2663113425496238
552	0.5219573474255996
554	0.2832145103853684
555	0.04563645620067746
556	0.04343050191724626
557	0.011387518900791902
558	0.03563390564479996
559	0.01119207055058594
561	0.027189940786018586
563	0.2929337752982856
565	0.26913754296644526
566	0.034184097358869354
568	0.010559861451403703
569	0.24979506487164369
570	0.0435114980202735
571	0.27228656397593637
573	0.0265024439585511
575	0.019336100420423358
576	0.2715234978151983
578	0.040734859082763204
579	0.2160731924405431
581	0.26137489969881744
582	0.5445134022644507
584	0.24644920671840165
586	0.022601299812040114
587	0.2937758826132255
589	0.0697882068563163
590	0.01577242282948734
591	0.03932959615098523
592	0.006224100124866377
594	0.2973158173105889
597	0.2541709273785868
598	0.28785345349796193
599	0.27141818989840116
602	0.03189452496060674
603	0.4763624215311209
604	0.004365148271929846
605	0.4893623141229172
609	0.14856619477736635
611	0.2763998229894759
612	0.27652028487690394
614	0.5561017332317215
615	0.26765623644876607
616	0.03165944922930551
618	0.020893600844582225
619	0.03502258617349896
620	0.02837145461635782
621	0.02440042977514592
622	0.03320108009486536
623	0.0033343198976245464
624	0.02784854380871181
625	0.03501454699635745
626	0.032765005825495304
627	0.016814077874779357
628	0.027599080201174117
630	0.24606736118001166
631	0.05231756496430617
633	0.2589412011399362
634	0.007565135245066069
635	0.5044546037372606
636	0.26029492422128614
637	0.052176251100226514
640	0.03575215509145563
641	0.004161142013246251
642	0.019438526461113707
643	0.016976519267237103
644	0.03436498628523002
646	0.009973387126440948
647	0.006288305797533263
648	0.023911934871011817
649	0.2760810524880136
652	0.4878657026320816
653	0.25768659508165526
656	0.21391975497780102
658	0.5155517709815078
659	0.025269887757575576
661	0.03979716687132816
662	0.31137051122471
663	0.5246891135208878
664	0.024862899714928964
665	0.024012618434727483
666	0.2475553326738058
667	0.032818571267240124
668	0.22569073497247988
669	0.048047220854924425
672	0.3153702151780717
673	0.04392544351115521
674	0.282536690238693
676	0.25450533888970994
677	0.2654082781526834
678	0.5419744655735363
679	0.02167667567712464
680	0.28095831902291923
682	0.26635387951012407
683	0.2292511483255265
684	0.26524226356314107
686	0.03564537387709102
687	0.01880291939102573
688	0.2734959699031604
689	0.04406545025201834
690	0.26535741160224735
691	0.2890457158296146
692	0.27517421255763663
693	0.009085400194939405
694	0.024816590036335788
695	0.011885459841535391
696	0.00224481032090236
697	0.018956654402978085
698	0.02910774229146519
699	0.29655124671781713
700	0.016294943605257576
701	0.2830090916605622
702	0.49957725130748376
703	0.25979148098589294
704	0.05997929185917357
705	0.2557853518598435
706	0.47947479168503154
708	0.03351431315589054
709	0.4803439678221067
710	0.02904203413121209
712	0.013224175180172073
713	0.2318520697789657
714	0.04733738039955156
715	0.2788146896607815
716	0.011795304475240017
717	0.0343034933064031
718	0.25915301718201594
720	0.0023885193812453707
722	0.30752292219085
723	0.055988395823330775
725	0.28906888075234627
726	0.6659871929806571
728	0.09054877208781714
730	0.5532275853455509
732	0.2617033331569451
735	0.2646081305163417
736	0.5440652933174185
737	0.05282046077814057
738	0.006624442017376726
739	0.007037424380884921
740	0.010043999832363149
742	0.5217363294076467
743	0.2484885192742017
748	0.2535211712219945
750	0.028094268449235266
752	0.02231126450807498
753	0.04961710067508408
754	0.29212510372231837
755	0.2793984899964486
756	0.006035869307986087
757	0.2519220296030294
759	0.28576244761698033
760	0.4920627670918209
762	0.006518218846034485
763	0.23899139111684184
764	0.017435795873444678
765	0.047470065612180645
766	0.024198016623641263
767	0.259682575943003
768	0.5250772106424761
769	0.27201757921406683
770	0.25118912674297694
771	0.005061647182125963
772	0.029530815125697638
773	0.005992837477055455
776	0.24739095819929177
777	0.23265942032656953
778	0.273836448943266
779	0.24387964865092582
780	0.019781664127648008
781	0.2603658143150199
782	0.032054454154065534
783	0.26312794335905115
784	0.2731881818364693
785	0.23683399433228264
786	0.016217137591014893
787	0.5271176462345518
789	0.5396058718671197
790	0.010344173295277405
791	0.5351569128403484
792	0.7251177909069962
793	0.02523572949733999
794	0.2758214669620255
795	0.4676582221788863
796	0.024024401621434384
797	0.26130056721014805
798	0.013356180599200448
799	0.5053496654571821
800	0.2646081305163417
801	0.0029276727761177457
802	0.05091991379309869
803	0.26180398844736136
804	0.028097194814427448
806	0.48413791275725815
807	0.024244387874335624
808	0.024107287756086945
810	0.2664849994881912
811	0.02948469408443664
813	0.2691061913403329
814	0.06491889225611129
816	0.2762991146508956
817	0.27021641963204385
819	0.0084328827581534
820	0.22955917523434047
822	0.012210123227407964
824	0.00362235578030988
825	0.03280305943458998
826	0.02215098626674895
828	0.25279333060305825
829	0.012786014556476127
831	0.7699481010983648
832	0.2793706015175829
833	0.2267450392928214
834	0.026685798917183534
835	0.00654158843264261
836	0.011081661325217075
837	0.005978761911478184
838	0.02276820505091625
839	0.48635954386854496
840	0.006783504659626495
842	0.02289555745836674
845	0.0027515395662888013
847	0.0505723690691186
849	0.2646081305163417
851	0.27100491757987827
852	0.23512926282844743
853	0.2227398545069989
854	0.2630472451871771
855	0.02331622487960576
856	0.03881784443232037
857	0.34522693517485104
858	0.2689106145744763
859	0.0453951918046192
860	0.26287489801096575
861	0.2655280899734896
862	0.2738427387371646
863	0.25948444476065236
865	0.04340310063672145
867	0.011436201573316956
868	0.4829117954299186
869	0.4703070321698699
870	0.2347297628391396
871	0.2562177486392704
872	0.2718780135012753
873	0.26698635668381077
876	0.0014803761219963005
877	0.5145596658110587
878	0.01733555529263247
879	0.31812072960778337
880	0.019289167898856464
881	0.013916339335887203
883	0.2201081087813719
884	0.03519066069115491
885	0.00837535172518128
886	0.013848497310556936
888	0.01653987771781346
889	0.01933372356364993
891	0.03996405946893021
892	0.00918890211533268
893	0.23931314481581226
894	0.2629472044250462
895	0.4930997373687121
897	0.0062144935095564124
898	0.011511905773408201
900	0.206725943196119
901	0.016486309439386115
902	0.013630241713912125
905	0.2421288273898415
906	0.2516871883111312
908	0.014381543110757202
909	0.2882958134427465
910	0.5202309971024864
912	0.24163020905366206
913	0.01648488844783027
917	0.08004179432047973
918	0.015552553948071673
919	0.24404583903427654
920	0.5296762379733673
921	0.013491211892538654
922	0.23392559653936976
923	0.03618037875607903
924	0.2835412677412785
925	0.2689066038047632
926	0.05996463020018429
927	0.2601778304741828
928	0.5068910667264703
929	0.2593031846594215
931	0.26915445195664967
932	0.005086808328352774
933	0.25409366837980885
934	0.01128524020821231
935	0.022151099229166974
936	0.03987186453933117
937	0.0645517230284897
938	0.256977628496565
939	0.24595326925835642
940	0.49901816193794674
941	0.223967825075482
942	0.016780627457120806
943	0.053059076208159826
0	0.0
0	0.0
0	0.0
0	0.0
0	0.0
0	0.0
0	0.0
0	0.0
0	0.0
0	0.0
0	0.0
0	0.0
0	0.0
0	0.0
0	0.0
0	0.0
0	0.0
0	0.0
0	0.0
0	0.0
0	0.0
0	0.0
0	0.0
0	0.0
0	0.0
0	0.0
0	0.0
0	0.0
0	0.0
0	0.0
0	0.0
0	0.0
0	0.0
0	0.0
0	0.0
0	0.0
0	0.0
0	0.0
0	0.0
0	0.0
0	0.0
0	0.0
0	0.0
0	0.0
0	0.0
0	0.0
0	0.0
0	0.0
0	0.0
0	0.0
0	0.0
0	0.0
0	0.0
0	0.0
0	0.0
0	0.0
0	0.0
0	0.0
0	0.0
0	0.0
0	0.0
0	0.0
0	0.0
0	0.0
0	0.0
0	0.0
0	0.0
0	0.0
0	0.0
0	0.0
0	0.0
0	0.0
0	0.0
0	0.0
0	0.0
0	0.0
0	0.0
0	0.0
0	0.0
0	0.0
0	0.0
0	0.0
0	0.0
0	0.0
0	0.0
0	0.0
0	0.0
0	0.0
0	0.0
0	0.0
0	0.0
0	0.0
0	0.0
0	0.0
0	0.0
0	0.0
0	0.0
0	0.0
0	0.0
0	0.0
0	0.0
0	0.0
0	0.0
0	0.0
0	0.0
0	0.0
0	0.0
0	0.0
0	0.0
0	0.0
0	0.0
0	0.0
0	0.0
0	0.0
0	0.0
0	0.0
0	0.0
0	0.0
0	0.0
0	0.0
0	0.0
0	0.0
0	0.0
0	0.0
0	0.0
0	0.0
0	0.0
0	0.0
0	0.0
0	0.0
0	0.0
0	0.0
0	0.0
0	0.0
0	0.0
0	0.0
0	0.0
0	0.0
0	0.0
0	0.0
0	0.0
0	0.0
0	0.0
0	0.0
0	0.0
0	0.0
0	0.0
0	0.0
0	0.0
0	0.0
0	0.0
0	0.0
0	0.0
0	0.0
0	0.0
0	0.0
0	0.0
0	0.0
0	0.0
0	0.0
0	0.0
0	0.0
0	0.0
0	0.0
0	0.0
0	0.0
0	0.0
0	0.0
0	0.0
0	0.0
0	0.0
0	0.0
0	0.0
0	0.0
0	0.0
0	0.0
0	0.0
0	0.0
0	0.0
0	0.0
0	0.0
0	0.0
0	0.0
0	0.0
0	0.0
0	0.0
0	0.0
0	0.0
0	0.0
0	0.0
0	0.0
0	0.0
0	0.0
0	0.0
0	0.0
0	0.0
0	0.0
0	0.0
0	0.0
0	0.0
0	0.0
0	0.0
0	0.0
0	0.0
0	0.0
0	0.0
0	0.0
0	0.0
0	0.0
0	0.0
0	0.0
0	0.0
0	0.0
0	0.0
0	0.0
0	0.0
0	0.0
0	0.0
0	0.0
0	0.0
0	0.0
0	0.0
0	0.0
0	0.0
0	0.0
0	0.0
