4	0.0258800619036647
5	0.2515489409048118
7	0.2616929708038984
8	0.028210280258351983
10	0.016504677673482848
13	0.10467025629955173
16	0.294683861849312
19	0.08199543967898135
21	0.27080088441959793
22	0.0007664848686299297
23	0.010355859831244395
24	0.035954240518618244
25	0.008940922539011582
29	0.06454324979099146
30	0.21432825632723296
36	0.0008284771687023518
38	0.546373625030625
41	0.23623962094228942
42	0.5044906860155265
43	0.3182276678848682
44	0.0012332134886045842
47	0.27087756090388493
49	0.4839377806273868
50	0.04530021269292584
54	0.008472387887708488
58	0.04972401729454312
59	0.24621919359967384
62	0.19162816262560556
64	0.24319647435966185
72	0.24242999944952157
75	0.25404957344532125
76	0.020903430131692102
77	0.06269212088312066
81	0.24553521967593517
82	0.07263563601386305
85	0.2974305152978898
86	0.014006281126213292
89	0.47927603878671227
90	0.06617027311282614
92	0.032983641364284604
93	0.3147910085428647
94	0.26201101835658863
95	0.033151849825522585
97	0.2277336223133799
98	0.32504015752906545
99	0.030817575156477595
102	0.09008105491901511
103	0.011419374158507606
104	0.02238172597775026
107	0.0028580594844790086
108	0.539840947988922
110	0.04167906198036421
114	0.02832764360643468
116	0.619388316451589
120	0.4642855721144179
121	0.0026180889762375606
123	0.5386035083626589
125	0.0692096619368898
130	0.31662244495532893
134	0.0793234641641169
135	0.029251984120143917
138	0.2659993701218465
142	0.23110631917581537
144	0.030606605166477785
145	0.06116039525893813
150	0.02475355374677639
151	0.02607309002974347
156	0.046567239781784175
158	0.12740127159147208
162	0.2781420685076456
165	0.11806488783566516
167	0.036149136342866595
169	0.0026427758940711504
171	0.0321870051167078
175	0.2432438220510817
176	0.01741759439580804
178	0.09339916633913352
179	0.047407461810092415
180	0.026959486335697197
182	0.2775334581767955
183	0.11239678597297593
184	0.026345546531181922
192	0.08841944062384297
193	0.2656457427051193
194	0.047293479624252024
195	0.10930255784523
197	0.07145083191561052
198	0.006387880034085115
199	0.01265244080193103
200	0.26165328415810585
201	0.27482195247750124
202	0.18064760526619622
208	0.07638517842407438
209	0.28880543551869425
211	0.19635285754302503
213	0.047217666850835296
214	0.5154763657109597
215	0.2881521770248357
221	0.04525535040018045
223	0.320476917602726
225	0.29770993538275314
226	0.2567736586251273
227	0.07366884798938314
230	0.02764927441768427
231	0.020462678323309072
234	0.0614531961941361
235	0.23477392225747493
236	0.5918108369985657
237	0.054478210209414374
238	0.2677882321965099
243	0.021285627106769303
244	0.2964633104087586
245	0.30548948597517656
249	0.0517527454659471
250	0.35064756844670053
251	0.029359245987409383
252	0.0433165517346238
253	0.32237116693707485
256	0.05235035678689586
259	0.32165455583590236
262	0.2618743647724652
263	0.023360021997528402
264	0.031011308280067977
265	0.2729995544574757
267	0.09770416606166506
268	0.012054400537239912
269	0.011063207120164377
270	0.2900085954631302
276	0.01389202858294903
279	0.0242445752391035
280	0.31211792761663837
283	0.048387859150855556
286	0.23927937547797057
288	0.01622324653991386
290	0.27139624459899253
291	0.023153916327464143
292	0.02861368200886534
294	0.2710816054053111
295	0.012188507352611143
296	0.045762119163024945
298	0.26024013398300955
299	0.008901036852102584
301	0.24143664623938105
302	0.02290219790906238
303	0.2555092932003706
305	0.3089484274046167
307	0.533090394078038
308	0.0013498173915434813
314	0.5229385173482431
315	0.06394263294874859
318	0.02193886386400836
320	0.04713725653069112
321	0.6024518145427196
323	0.44066196774336713
324	0.45853664325646004
325	0.05753618645459682
327	0.5796108643641187
328	0.06240380648657391
332	0.02086478198751056
333	0.0107621624168769
337	0.001685776340753363
339	0.0038468553545760245
340	0.308583015151444
342	0.2406134600062343
343	0.2908766864695791
344	0.20278575019093886
345	0.2327037464440478
347	0.31539610547958
350	0.27083294096458876
351	0.04673808245106746
358	0.30526694204876553
359	0.03458642397133458
360	0.04776176870928944
363	0.22311410790063363
365	0.028733105761147217
370	0.2686366307997909
371	0.051602711027239574
373	0.2883281312599947
374	0.051031327155116074
378	0.3217592879343147
379	0.025557904762731558
380	0.037371137111581604
381	0.012419522762778398
382	0.2818806820045744
383	0.04425988860206186
385	0.07822924865322764
386	0.050717322276456006
390	0.5111128022790652
391	0.3290093481375531
392	0.27096843124541264
394	0.04778277908266693
395	0.05059931645746352
398	0.3404001048217171
399	0.014285750508798371
400	0.01817280103002676
404	0.002973516386629717
405	0.3877998464978386
406	0.25443233213179545
407	0.26993870494559036
408	0.043915926643109844
409	0.03960360394985121
411	0.27602794953028786
412	0.23296817442482093
413	0.012377644359710761
417	0.2613988838005012
424	0.25930380199175973
427	0.2922502555443748
428	0.01437337733794046
429	0.015281315661834535
435	0.24023772377994154
438	0.457479074002182
441	0.24869792564452037
442	0.2993312726333191
445	0.3705113236249017
446	0.06698849777876081
447	0.1973247252659341
448	0.05381263894425526
450	0.023408066235393175
455	0.2631742989723208
457	0.06056857575827378
458	0.2363168322623011
459	0.2727283074705505
460	0.0403769729973426
461	0.18777071587306002
464	0.040276168616310136
465	0.49942460467276717
468	0.5398207811560438
478	0.08081317350828107
480	0.2931909136839271
481	0.04889023491397601
485	0.1970963820579614
487	0.29150376605591005
488	0.032833908222946406
491	0.036704023651845046
492	0.009655676913016158
493	0.36976389093013784
495	0.07825300263483541
497	0.03948328795527143
500	0.27883067871034684
501	0.46786522415599574
503	0.2958159073316695
506	0.27616644669852797
508	0.05548994462556669
512	0.025532087180165336
513	0.02291466180471191
514	0.030816356078075403
516	0.2317544580312898
517	0.2706181440563144
520	7.54365122811601e-05
521	0.2207479442756034
522	0.049246353080790894
523	0.021376580186210706
524	0.03491399719489946
525	0.5206922710035948
527	0.03190020310263052
532	0.31731423216702215
534	0.04023561396425502
536	0.020621737486616033
538	0.27691322400208984
539	0.3486128285615582
541	0.07129918160886553
548	0.05095296905562738
549	0.057535943011259257
551	0.30663352658552245
553	0.010749212531434946
555	0.11041633419017155
556	0.02436585275454284
557	0.018986703188236156
560	0.03721392555748204
561	0.020783122549111285
562	0.26779061890018374
564	0.017324410201653373
567	0.28530575123802093
569	0.5150549018320723
571	0.02659601313355807
573	0.03184370987655852
574	0.04880393272020077
576	0.2915297760116719
577	0.2958939531329361
579	0.5440750662356557
580	0.07081469641852389
581	0.33951385109357624
582	0.2540874850172295
584	0.23318852459362882
586	0.03272333359767279
588	0.05359891951829364
589	0.34191421580502646
591	0.03540749738541288
592	0.04789536384033692
595	0.2711105423147475
597	0.299129123752217
598	0.03907456421525873
599	0.03703603694506644
602	0.2808456717319046
603	0.22256441277786979
605	0.24663792331083356
606	0.31071206064076384
613	0.03532382534668431
614	0.5330578083161772
615	0.036110958495712345
618	0.06758871203965874
621	0.054268200788294974
622	0.01793663256208127
623	0.05411042871064707
625	0.2990984096116835
627	0.22860038146682
629	0.03125047036630252
630	0.026102275708404496
631	0.06712630840195985
632	0.024672418781162157
635	0.2801116121298365
636	0.24190820580224354
637	0.07482447950117185
639	0.010322451881072836
640	0.09079364021809852
641	0.2801711960419409
642	0.010960629558520778
643	0.30731240780805524
647	0.5574898693409808
649	0.2808889400434499
650	0.0011870769217095858
652	0.31741900298553494
653	0.038363258803371506
657	0.03255271792098108
658	0.2819616039955942
659	0.5349783431107231
661	0.29475611361837617
664	0.2878331896579585
665	0.3150392675005262
666	0.00774711371418562
667	0.013726005221746475
668	0.028695614107000056
669	0.5577223480449329
670	0.03866919023627742
671	0.004713807726524112
674	0.050196971154241
676	0.2587936899951706
677	0.03524001349802233
678	0.3372668987734318
680	0.2674416154845383
682	0.4998253001908014
683	0.5297275292772234
684	0.0028260124026524835
690	0.04586814900004313
691	0.04682684293198752
692	0.25626072492780727
693	0.09908446701602039
694	0.012632323105235432
699	0.24129812940969872
701	0.01180801309211698
702	0.27725144448051114
705	0.03098770530070298
706	0.24277874653200632
707	0.08128673768274475
709	0.298646854802209
710	0.031195202128962207
715	0.05180934657196599
717	0.009978293008537815
721	0.2335626859341565
722	0.03475909536104441
726	0.24551812435838022
727	0.20921643711847643
730	0.2945383860740152
732	0.027082798759803607
734	0.0719712850937629
735	0.24830616541192593
736	0.28825878501147906
738	0.033931349660729734
739	0.013614442710704909
742	0.26170313485222935
743	0.015276343338961162
746	0.05097791698974954
747	0.06405128539307045
748	0.22965591697983329
749	0.3260639122421956
751	0.28643351926060334
753	0.6041460629789189
755	0.07155104031196764
756	0.2835431362941072
757	0.01898504614741036
759	0.2724409232514494
760	0.5629369220195429
761	0.050570560517248675
763	0.4861168577486368
764	0.3135539538717238
767	0.5817080551639128
768	0.3071466296968045
769	0.06080093855652523
770	0.23938505037287588
771	0.2677891755422673
773	0.03883803023270903
776	0.06492195291354094
777	0.007023843754044697
779	0.30972301462960405
780	0.2479236693709428
782	0.02628245846185709
786	0.02176069733979566
787	0.2162659472204149
792	0.452430964067714
793	0.042113707102869526
795	0.4937047557187069
798	0.011738585141575789
800	0.5041046252959415
802	0.03293948003902994
803	0.24673925545650688
805	0.057910204583048075
806	0.7125704885258095
810	0.046538950940912635
815	0.07253305729810847
817	0.27184709649429945
820	0.016598851500759744
822	0.01951659579440857
829	0.28728914988055165
831	0.2776780754012234
833	0.4996267166949927
835	0.30945374870611425
837	0.055853847807220705
838	0.03582867557955209
839	0.2640407448645065
840	0.02497064990912931
844	0.03241060065341264
849	0.5111128022790652
850	0.06923823297169185
852	0.23949487924133211
854	0.5284762426688657
857	0.03080231158492741
861	0.2976400141464298
862	0.016864747370294385
864	0.01155401841407161
866	0.021795190614062467
868	0.2160382035071962
869	0.24821170546973442
870	0.23734971919142764
871	0.21088072466317093
877	0.509326484509137
878	0.028980051607592663
879	0.015714178646972603
882	0.0565355705382824
883	0.49963567276204324
884	0.2639042877875979
885	0.3874268571027881
886	0.2501387550380266
891	0.06702409447049008
893	0.24328119051967773
894	0.2985861704674889
895	0.22848758081584117
896	0.06704404956286353
897	0.053229032157616325
898	0.08834196950342815
899	0.06647597723629586
900	0.31262522035894447
901	0.11355688474918617
903	0.038246746319853045
904	0.09601927964945364
906	0.2419568109049563
907	0.2861411176690734
909	0.03086533388675513
910	0.28390364388920525
912	0.28107822127445203
913	0.03179772310689696
917	0.02623816336874587
921	0.04352494884991678
922	0.03856863815577916
924	0.5351561488946763
926	0.007634471976952557
928	0.25647411287851696
929	0.2216007533576091
933	0.0043631643588902605
934	0.01876836550876121
937	0.06405573044215576
938	0.23212274615191314
940	0.28269288951410815
941	0.017068543398743634
942	0.06622168877889455
943	0.04365759226367891
0	0.0
0	0.0
0	0.0
0	0.0
0	0.0
0	0.0
0	0.0
0	0.0
0	0.0
0	0.0
0	0.0
0	0.0
0	0.0
0	0.0
0	0.0
0	0.0
0	0.0
0	0.0
0	0.0
0	0.0
0	0.0
0	0.0
0	0.0
0	0.0
0	0.0
0	0.0
0	0.0
0	0.0
0	0.0
0	0.0
0	0.0
0	0.0
0	0.0
0	0.0
0	0.0
0	0.0
0	0.0
0	0.0
0	0.0
0	0.0
0	0.0
0	0.0
0	0.0
0	0.0
0	0.0
0	0.0
0	0.0
0	0.0
0	0.0
0	0.0
0	0.0
0	0.0
0	0.0
0	0.0
0	0.0
0	0.0
0	0.0
0	0.0
0	0.0
0	0.0
0	0.0
0	0.0
0	0.0
0	0.0
0	0.0
0	0.0
0	0.0
0	0.0
0	0.0
0	0.0
0	0.0
0	0.0
0	0.0
0	0.0
0	0.0
0	0.0
0	0.0
0	0.0
0	0.0
0	0.0
0	0.0
0	0.0
0	0.0
0	0.0
0	0.0
0	0.0
0	0.0
0	0.0
0	0.0
0	0.0
0	0.0
0	0.0
0	0.0
0	0.0
0	0.0
0	0.0
0	0.0
0	0.0
0	0.0
0	0.0
0	0.0
0	0.0
0	0.0
0	0.0
0	0.0
0	0.0
0	0.0
0	0.0
0	0.0
0	0.0
0	0.0
0	0.0
0	0.0
0	0.0
0	0.0
0	0.0
0	0.0
0	0.0
0	0.0
0	0.0
0	0.0
0	0.0
0	0.0
0	0.0
0	0.0
0	0.0
0	0.0
0	0.0
0	0.0
0	0.0
0	0.0
0	0.0
0	0.0
0	0.0
0	0.0
0	0.0
0	0.0
0	0.0
0	0.0
0	0.0
0	0.0
0	0.0
0	0.0
0	0.0
0	0.0
0	0.0
0	0.0
0	0.0
0	0.0
0	0.0
0	0.0
0	0.0
0	0.0
0	0.0
0	0.0
0	0.0
0	0.0
0	0.0
0	0.0
0	0.0
0	0.0
0	0.0
0	0.0
0	0.0
0	0.0
0	0.0
0	0.0
0	0.0
0	0.0
0	0.0
0	0.0
0	0.0
0	0.0
0	0.0
0	0.0
0	0.0
0	0.0
0	0.0
0	0.0
0	0.0
0	0.0
0	0.0
0	0.0
0	0.0
0	0.0
0	0.0
0	0.0
0	0.0
0	0.0
0	0.0
0	0.0
0	0.0
0	0.0
0	0.0
0	0.0
0	0.0
0	0.0
0	0.0
0	0.0
0	0.0
0	0.0
0	0.0
0	0.0
0	0.0
0	0.0
0	0.0
0	0.0
0	0.0
0	0.0
0	0.0
0	0.0
0	0.0
0	0.0
0	0.0
0	0.0
0	0.0
0	0.0
0	0.0
0	0.0
0	0.0
0	0.0
0	0.0
0	0.0
0	0.0
0	0.0
0	0.0
0	0.0
0	0.0
0	0.0
0	0.0
0	0.0
0	0.0
0	0.0
0	0.0
0	0.0
0	0.0
0	0.0
0	0.0
0	0.0
0	0.0
0	0.0
0	0.0
0	0.0
0	0.0
0	0.0
0	0.0
0	0.0
0	0.0
0	0.0
0	0.0
0	0.0
0	0.0
0	0.0
0	0.0
0	0.0
0	0.0
0	0.0
0	0.0
0	0.0
0	0.0
0	0.0
0	0.0
0	0.0
0	0.0
0	0.0
0	0.0
0	0.0
0	0.0
0	0.0
0	0.0
0	0.0
0	0.0
0	0.0
0	0.0
0	0.0
0	0.0
0	0.0
0	0.0
0	0.0
0	0.0
0	0.0
0	0.0
0	0.0
0	0.0
0	0.0
0	0.0
0	0.0
0	0.0
0	0.0
0	0.0
0	0.0
0	0.0
0	0.0
0	0.0
0	0.0
0	0.0
0	0.0
0	0.0
0	0.0
0	0.0
0	0.0
0	0.0
0	0.0
0	0.0
0	0.0
0	0.0
0	0.0
0	0.0
0	0.0
0	0.0
0	0.0
0	0.0
0	0.0
0	0.0
0	0.0
0	0.0
0	0.0
0	0.0
0	0.0
0	0.0
0	0.0
0	0.0
0	0.0
0	0.0
0	0.0
0	0.0
0	0.0
0	0.0
0	0.0
0	0.0
0	0.0
0	0.0
0	0.0
0	0.0
0	0.0
0	0.0
0	0.0
0	0.0
0	0.0
0	0.0
0	0.0
0	0.0
0	0.0
0	0.0
0	0.0
0	0.0
0	0.0
0	0.0
0	0.0
0	0.0
0	0.0
0	0.0
0	0.0
0	0.0
0	0.0
0	0.0
0	0.0
0	0.0
0	0.0
0	0.0
0	0.0
0	0.0
0	0.0
0	0.0
0	0.0
0	0.0
0	0.0
0	0.0
0	0.0
0	0.0
0	0.0
0	0.0
0	0.0
0	0.0
0	0.0
0	0.0
0	0.0
0	0.0
0	0.0
0	0.0
0	0.0
0	0.0
0	0.0
0	0.0
0	0.0
0	0.0
0	0.0
0	0.0
0	0.0
0	0.0
0	0.0
0	0.0
0	0.0
0	0.0
0	0.0
0	0.0
0	0.0
0	0.0
0	0.0
0	0.0
0	0.0
0	0.0
0	0.0
0	0.0
0	0.0
0	0.0
0	0.0
0	0.0
0	0.0
0	0.0
0	0.0
0	0.0
0	0.0
0	0.0
0	0.0
0	0.0
0	0.0
0	0.0
0	0.0
0	0.0
0	0.0
0	0.0
0	0.0
0	0.0
0	0.0
0	0.0
0	0.0
0	0.0
0	0.0
0	0.0
0	0.0
0	0.0
0	0.0
0	0.0
0	0.0
0	0.0
0	0.0
0	0.0
0	0.0
0	0.0
0	0.0
0	0.0
0	0.0
0	0.0
0	0.0
0	0.0
0	0.0
0	0.0
0	0.0
0	0.0
0	0.0
0	0.0
0	0.0
0	0.0
0	0.0
0	0.0
0	0.0
0	0.0
0	0.0
0	0.0
0	0.0
0	0.0
0	0.0
0	0.0
0	0.0
0	0.0
0	0.0
