1	0.006971300721958687
2	0.01648167938249051
3	0.4149939815445376
4	0.2695349582829711
5	0.2228240535748532
7	0.005906487815113673
8	0.5270558636018627
9	0.4867786981742624
11	0.4477702606392313
12	0.2851680613297445
13	0.011459275978154063
15	0.31018968274520703
17	0.8032163478336494
18	0.0413778688592949
19	0.005037928561444499
20	0.0006534041906001015
22	0.2638225968532127
23	0.004202828285693377
24	0.004516199019064009
25	0.22743468052852633
26	0.22779247600864178
27	0.517083223534317
28	0.29064334867445235
29	0.5068379801768241
30	0.012937027892751633
31	0.4654168908829485
32	0.5461018500134867
33	0.2525806365929152
34	0.4792421986998759
36	0.24627265645399418
37	0.08260558717802713
39	0.03087019749747169
40	0.2703141649118268
41	0.012438754139004235
43	0.21852808750177222
45	0.24817763233375212
47	0.5167650925231164
48	0.07668687224324293
50	0.4534212072285619
51	0.2561723966944035
52	0.2783665444467906
53	0.29024220367086595
54	0.2891966031167392
55	0.302277838845972
56	0.24076317970044678
57	0.2774468394698701
58	0.2111376046853306
59	0.01951250251178894
60	0.010323421493871564
62	0.0050258879023334715
63	0.045872928090396475
64	0.2571712815853961
65	0.002300493328297626
66	0.49786739470522884
67	0.5425762347807997
68	0.7764836935740087
69	0.3073983443023339
70	0.05082566593298876
71	0.5635520130916667
72	0.022003431977806076
73	0.008786364159531969
74	0.29859405770076203
75	0.49956594411803495
76	0.48611278712352624
77	0.24651169918623547
78	0.2931816451555937
79	0.04831910503733752
80	0.503793243882351
81	0.03320535478559068
82	0.03212394058878273
83	0.2567905991271666
84	0.2681074759552472
86	0.31321825449723156
87	0.29201639202227453
88	0.5115078153531862
89	0.02507576556581142
92	0.282843004549458
93	0.21855827684339096
94	0.006177767388859182
96	0.24949285324677606
98	0.24863180636833765
99	0.012956353797737661
100	0.25628058285209293
101	0.21384194173554724
102	0.26103721584738704
103	0.7676622276865095
104	0.17743178554046543
105	0.22899441917506858
107	0.5183893059746448
108	0.23456467673260523
111	0.24527054975614573
112	0.3168124042054758
113	0.7103566693626254
114	0.03733269121895416
115	0.008247042887157656
117	0.5238222591583933
118	0.04034092499434576
119	0.05652955765661332
120	0.24888764008515368
122	0.5189344602698684
124	0.2870611508075376
125	0.01185215891746388
126	0.5159330006544164
127	0.4888076736798098
128	0.27189484686656323
129	0.22885425799239983
130	0.04228758515961421
131	0.30448397699158714
132	0.2615495001221617
133	0.2804301566553559
135	0.7527200754672388
136	0.23198618486465072
137	0.271761738718978
138	0.014244813431213067
139	0.2338729797512884
140	0.2719554321771936
141	0.2309291510567179
142	0.5231311361455384
146	0.2050718392085507
147	0.48741829680399784
148	0.4992537170718351
149	0.2995922502609262
150	0.05524492963861924
152	0.04699793229707072
153	0.14098820529576425
154	0.26939883100235773
155	0.5136974107506516
156	0.25624738076787007
157	0.27030783818909154
158	0.012735079596763382
159	0.028390274186145315
160	0.006609975389693511
161	0.46658119289654565
162	0.009763889320678502
163	0.5856865610554709
164	0.24141561758646368
165	0.2060448363847542
166	0.22971156805403314
167	0.03376985469910639
168	0.0036633806836226523
169	0.24342177484672414
171	0.7427120405150734
172	0.2556902255010452
173	0.28677763485775404
174	0.326683032750113
176	0.5218976236930435
177	0.009392153553428123
178	0.011087446488906909
180	0.285233389529126
183	0.48496339645931086
185	0.23058032616432342
186	0.008198291822108059
187	0.5191055028539773
190	0.24682225907289806
191	0.30860172832981453
192	0.27397882778275223
193	0.056257288453526705
194	0.045011485001198455
195	0.2675505633445597
196	0.44104188592393423
197	0.20172589223520465
199	0.33725046475398146
200	0.005598500589823335
203	0.4453718492084137
204	0.5210591621851677
208	0.7533397609849746
210	0.011965773210299555
212	0.3033783808890707
213	0.29251475454899656
214	0.0310767065180723
215	0.26933469233091545
216	0.031847004848626
217	0.06396891339993979
219	0.04253792373769982
220	0.19413846443640484
221	0.2911522585322613
224	0.01211496073132131
225	0.5185864832051896
227	0.3107327110500357
228	0.2631234198028637
229	0.051910832307736784
231	0.26045080564463796
233	0.5268436526291532
235	0.023990618463337623
237	0.4695574195895839
239	0.2343702541212727
240	0.2345316188224407
241	0.29230218794567764
242	0.31821814012586114
244	0.2951226198206699
245	0.016117712040926865
246	0.23730260897702016
247	0.5382742918984128
248	0.21925687228559726
249	0.2815162765412309
252	0.030166886725779447
254	0.26114451605831934
255	0.1924611046734966
257	0.30746893464469355
258	0.2557132330823546
259	0.001969379506327827
260	0.2402773947963739
261	0.30915497263767816
262	0.5479240164590199
263	0.2766614830834771
264	0.021168052522429856
266	0.747974991252548
270	0.023498065810529496
272	0.012660940173355187
273	0.5762418107824563
274	0.02795010519016919
275	0.5067625822710273
276	0.25951210849502576
277	0.7248408588016522
278	0.0641355670303522
279	0.23363431230239115
280	0.03500293838926902
281	0.35940757629114917
282	0.5090911611891402
283	0.2368043545969561
284	0.24820649529089148
286	0.009426635437190321
287	0.548124212481926
288	0.04263581655728524
289	0.10611517434841064
290	0.03631656859753863
291	0.5221469396549062
292	0.017450104579501302
294	0.22692691753287025
295	0.035352200345410145
296	0.2702809428886932
298	0.016337936837077745
300	0.12277913912433702
301	0.24946902241368202
302	0.23007100705263298
303	0.0020750064336555255
304	0.2910968794140008
306	0.4749938732095076
307	0.21830296210045744
309	0.24529012058662986
310	0.22361834294514685
315	0.2559363001101348
316	0.02876686537228406
317	0.2876941837582073
318	0.27760971856022637
319	0.31614089177476623
320	0.036648301676281254
322	0.02447158716997545
323	0.2397939602849781
324	0.2371423984400303
325	0.04332113458051391
330	0.03676648060460663
331	0.2487608373850409
332	0.002387298519510514
333	0.2692130472879307
335	0.01997032222775564
336	0.2870354180666288
337	0.4594291492614948
338	0.2495831760951373
339	0.003917899567853891
341	0.500171763515965
343	0.017184887454910883
345	0.23466320811141905
346	0.25787829842723275
347	0.02873793543547129
348	0.003818263674263446
349	0.5747476002524909
350	0.2556670333546456
351	0.044715759386682756
352	0.278146240625579
353	0.5750751941870921
354	0.029881874807238022
355	0.2801606566916869
356	0.05737997803398451
357	0.31687828839199783
358	0.013797524445419491
359	0.5130201371188151
360	0.006641158695480258
361	0.046334584964121746
362	0.033910776123022526
364	0.2602862031539839
366	0.7840024097692485
367	0.4783965202605918
368	0.3346968147405658
369	0.525275070628686
372	0.03920761310043586
375	0.28509276154649515
376	0.4950023777600109
377	0.5348844997204381
381	0.2731065522824825
382	0.23868492298586047
383	0.03359734931332878
384	0.27069092176985554
386	0.04881158982956631
392	0.2618011691165499
393	0.016202825674573054
394	0.03366648216555055
395	0.012782968673560241
396	0.004158078074288803
400	0.5037288574304062
401	0.022120437096950205
403	0.01066622718852223
404	0.22996579003817513
409	0.01941526300766113
410	0.2740657627219895
412	0.26486414573486633
413	0.5367151968575616
414	0.25808400058777303
415	0.7754848676590459
417	0.012011814143737018
418	0.31912804614315293
419	0.5456474157284679
420	0.02031951557662387
422	0.048093488914024415
423	0.24543835883972942
424	0.2755167330239238
425	0.233420914617729
426	0.043251239607517214
427	0.014024337896522486
430	0.0032667399425424376
431	0.030548000377160097
432	0.5174881150626638
433	0.46602962865963343
434	0.2591897016075521
435	0.2650961918972813
436	0.030041196435254783
437	0.004691601069146137
438	0.2748614584112784
439	0.5817233141746441
440	0.5149813925518868
441	0.05459463918243189
442	0.007256091898047948
443	0.29278470347513885
444	0.3012906059612761
449	0.4946754345373586
450	0.2908459802908522
453	0.2536932383100405
456	0.04460211222507268
459	0.004768120955794871
460	0.019036451900480304
461	0.5532441885413125
462	0.04300522126027759
463	0.15496312647795768
464	0.24296174090270434
465	0.25447845672915437
466	0.2552520966119288
469	0.009920889698045627
470	0.26896606366201964
471	0.5163104905991783
472	0.2879672462272866
473	0.2519845626342469
474	0.2489137930159707
475	0.2717306251934438
476	0.033167976253506454
477	0.2983188246764821
478	0.041274340979234575
481	0.2438956202305565
482	0.29191981395449185
483	0.7594863883055181
484	0.30450116044430103
487	0.28906691598960366
488	0.25235078612484907
492	0.2640203523326466
494	0.4616727846996795
495	0.008585288838034902
496	0.25450227730266123
497	0.27994465244796596
499	0.0394118274635912
501	0.00804476525843558
502	0.01646270142998918
505	0.02792533540286067
507	0.009280506914837582
509	0.2095445321493737
510	0.307619041240264
511	0.2777856486623537
512	0.010848862880038786
513	0.26478370255593475
515	0.05670316443049986
516	0.2504046138304621
517	0.016100733640877645
518	0.21238994982887155
519	0.008353956919058977
520	0.2191221252478891
521	0.2466889835208387
522	0.2524798894867746
523	0.008196896968909802
526	0.12731255487909462
528	0.04203125983698423
529	0.2772419062683624
530	0.29091228903935856
531	0.2613541772478124
533	0.012624962856560559
536	0.2779563921595804
537	0.26704516358655067
539	0.21861776579653988
540	0.5091031671222004
544	0.22625434850299364
545	0.03199825337169056
546	0.26952238172093484
547	0.21009184824119825
550	0.00471465630324415
551	0.2446058605831529
552	0.5296680233173744
554	0.5031323821900838
555	0.4844048597400053
556	0.270835324499359
557	0.05687988720428726
558	0.5232503821628358
559	0.013325439322610998
560	0.03465319978054506
561	0.02236333960185205
563	0.516162460297041
564	0.2579615532282761
565	0.016964775453739436
566	0.2770052315123846
570	0.4769724401319357
571	0.25140425229062996
572	0.013705775487581173
573	0.021652030941755072
574	0.03133907326377382
576	0.020203063638894736
578	0.26508673097780544
579	0.00949489967743343
580	0.2205718403257264
581	0.004554032599168492
582	0.5090873105623515
583	0.0008662289432748785
584	0.03575643410876207
585	0.008632858845403754
586	0.053907881863070765
587	0.27168827160525255
590	0.24428682930525247
591	0.03422906643558793
593	0.27654888631570307
594	0.2742528378473684
596	0.03566060794969759
597	0.004241474213697083
598	0.3240374195952286
599	0.029718251429666893
601	0.21225060708334437
602	0.29016186405765865
603	0.4548106420916517
604	0.16642683399139588
605	0.0029822178811937383
607	0.040881444107512016
609	0.6770759540274027
610	0.04382419880081362
611	0.023932034354940145
612	0.2871154434998998
613	0.005989830409568721
614	0.16164725077260123
615	0.00832005884881977
616	0.5208222715636963
619	0.011902946196164967
620	0.261529497758274
621	0.0058793005907278595
622	0.2779233009241128
623	0.0008863119183093598
624	0.28453192707902897
626	0.2538664671614554
627	4.991428237821616e-05
628	0.010861018267708474
629	0.030556155360527304
630	0.0026183279859998063
631	0.28182323294261763
632	0.00854679476077479
635	0.020558931778177483
636	0.24663445439455492
642	0.04640420983907695
644	0.24236992887705602
646	0.25091502456233805
649	0.18362184438352464
652	0.024012618536093298
656	0.45702702481169594
657	0.27663340025457306
660	0.27518301305676823
661	0.031825724637239976
662	0.5668844855391452
663	0.27214315331142297
664	0.008930041857229933
666	0.0163132233582689
667	0.027763154481906492
670	0.021849255063690405
671	0.47817041264739385
672	0.4794952502667841
673	0.03600839088821745
674	0.32763970640573614
675	0.602276651200013
676	0.2420802991350481
679	0.2949568129091169
680	0.22921164802024363
681	0.2764433523622292
682	0.005291146484289792
684	0.24498202041316672
686	0.2654160849477551
687	0.29702983615822093
688	0.2614402254441254
689	0.2898975444866804
691	0.2818691804251187
692	0.023767426476591677
693	0.019807170880254465
694	0.012346395893620403
695	0.7379362760882411
697	0.2661792318545888
698	0.27972063225743016
699	0.27543165504969097
700	0.29971394927581596
701	0.5464386102884246
702	0.27622579126225644
703	0.27714566136926594
705	0.03699448986189095
706	0.3032231744389208
708	0.29731831972669637
709	0.004704206242607492
710	0.02412038218988003
711	0.03865286359870293
712	0.2832171427527916
713	0.006004104785645566
714	0.01378593289632742
715	0.03800953997659921
716	0.26538018493331367
717	0.28233676997901724
718	0.24649051937234712
722	0.2587308342851733
723	0.27388382679155826
725	0.3047436542569181
728	0.32302999846389363
729	0.0023671231190252676
730	0.46332861982594614
731	0.5187185391725632
732	0.050295530561474476
736	0.20920364446897252
737	0.27300441238296513
738	0.03302732263212615
739	0.22646263310940842
740	0.005472336852546854
742	0.2975109239428789
743	0.2703127233517068
748	0.0063977985466035295
750	0.23933641000544587
754	0.5317397548278336
756	0.026866712626028598
759	0.22028050354664935
760	0.21336520363012765
761	0.2657133682085769
765	0.3171392194253996
766	0.005402378788188233
767	0.031100905559723314
768	0.018434414895982833
769	0.24515932091560164
770	0.26444679924618214
772	0.2413574481928512
775	0.2829485844786712
776	0.2376445009235879
777	0.2945078436331537
778	0.031439343977783085
779	0.003755936732026406
780	0.02620768890999834
781	0.2526793522573352
783	0.23298599460562397
785	0.04085530207807271
787	0.25755150697584006
788	0.03477220791857097
789	0.26800041097947264
790	0.03527040302209825
791	0.27057772886566644
792	0.23736042448226674
794	0.7330900076542421
795	0.009080562104585646
796	0.04142319924081113
797	0.48225371006922263
799	0.5188234749926925
800	0.01086101826770848
801	0.2855705440497668
803	0.00382432598306787
807	0.29517280781645056
808	0.49074846269054845
809	0.03181882451910355
810	0.030334072456286658
811	0.03975627310000128
812	0.017505772975069743
813	0.2481797474834515
814	0.3125679016651356
815	0.04352144699807299
816	0.3248988290575311
817	0.2968140087041833
818	0.19893083400273737
820	0.050721576485175765
822	0.2719165923293066
824	0.22467906991564712
826	0.25705642328703376
827	0.038569239687094733
828	0.233420480335501
829	0.010861018267708474
830	0.020347243694859206
831	0.022866865921346964
832	0.515273194749468
834	0.27214972001762344
835	0.0018105793546079815
836	0.2537348649421919
838	0.29133723670333134
841	0.01754995832793081
842	0.48528587898149705
843	0.02195372346767782
844	0.5301827880607999
845	0.18253059318138395
847	0.5270671354618665
848	0.2577380768014036
849	0.010861018267708446
850	0.035172977538976816
851	0.2506430397783672
852	0.03379656495645694
854	0.014620377135707997
856	0.28584151812272673
857	0.5908351029650616
858	0.2788393433430306
859	0.5439321008137613
860	0.4990136005255841
861	0.4565915239259875
862	0.28926746581723284
863	0.019635200475979754
865	0.0391285787201589
866	0.4284575425449219
868	0.2279000118715064
871	0.22132854945844818
872	0.02075794731075363
873	0.25075310034435755
876	0.27306343623961277
877	0.021745772893381483
878	0.01251021841853496
879	0.7649800297133348
880	0.014446317356566544
884	0.7243668045835728
888	0.2769326898674489
889	0.24074837796917745
891	0.4996385720650332
892	0.004398534682965343
893	0.25436082475334976
895	0.24080188383745196
898	0.21457543043564142
900	0.1887627870485058
902	0.008037054240185526
904	0.2588237287674728
905	0.22297465852154416
906	0.2900061636596148
907	0.029042826275803797
909	0.29375199100050037
910	0.4599643426402073
913	0.011671325339230793
914	0.20932735977705036
915	0.277282344288697
916	0.22572408554247336
917	0.7665994604280078
919	0.016838828506472482
920	0.526849108306462
921	0.026938889010263287
923	0.2923453957680429
925	0.024208148385183467
926	0.5068573132376873
927	0.005135320977418437
928	0.25709809354890967
929	0.23951111592759927
930	0.29328776217069624
931	0.2826513391362242
933	0.034923335261533316
934	0.23766308614338327
935	0.056603927440047566
936	0.05393886535555676
938	0.23304963668214493
939	0.7391487860095242
941	0.042256833036224184
942	0.010937743385319706
943	0.048028534845650485
0	0.0
0	0.0
0	0.0
0	0.0
0	0.0
0	0.0
0	0.0
0	0.0
0	0.0
0	0.0
0	0.0
0	0.0
0	0.0
0	0.0
0	0.0
0	0.0
0	0.0
0	0.0
0	0.0
0	0.0
0	0.0
0	0.0
0	0.0
0	0.0
0	0.0
0	0.0
0	0.0
0	0.0
0	0.0
0	0.0
0	0.0
0	0.0
0	0.0
0	0.0
0	0.0
0	0.0
0	0.0
0	0.0
0	0.0
0	0.0
0	0.0
0	0.0
0	0.0
0	0.0
0	0.0
0	0.0
0	0.0
0	0.0
0	0.0
0	0.0
0	0.0
0	0.0
0	0.0
0	0.0
0	0.0
0	0.0
0	0.0
0	0.0
0	0.0
0	0.0
0	0.0
0	0.0
0	0.0
0	0.0
0	0.0
0	0.0
0	0.0
0	0.0
0	0.0
0	0.0
0	0.0
0	0.0
0	0.0
0	0.0
0	0.0
0	0.0
0	0.0
0	0.0
0	0.0
0	0.0
0	0.0
0	0.0
0	0.0
0	0.0
0	0.0
0	0.0
0	0.0
0	0.0
0	0.0
0	0.0
0	0.0
0	0.0
0	0.0
0	0.0
0	0.0
0	0.0
0	0.0
0	0.0
0	0.0
0	0.0
0	0.0
0	0.0
0	0.0
0	0.0
0	0.0
0	0.0
0	0.0
0	0.0
0	0.0
0	0.0
0	0.0
0	0.0
0	0.0
0	0.0
0	0.0
0	0.0
0	0.0
0	0.0
0	0.0
0	0.0
0	0.0
0	0.0
0	0.0
0	0.0
0	0.0
0	0.0
0	0.0
0	0.0
0	0.0
0	0.0
0	0.0
0	0.0
0	0.0
0	0.0
0	0.0
0	0.0
0	0.0
0	0.0
0	0.0
0	0.0
0	0.0
0	0.0
0	0.0
0	0.0
0	0.0
0	0.0
0	0.0
0	0.0
0	0.0
0	0.0
0	0.0
0	0.0
0	0.0
0	0.0
0	0.0
0	0.0
0	0.0
0	0.0
0	0.0
0	0.0
0	0.0
0	0.0
0	0.0
0	0.0
0	0.0
0	0.0
0	0.0
0	0.0
0	0.0
0	0.0
0	0.0
0	0.0
0	0.0
0	0.0
0	0.0
0	0.0
0	0.0
0	0.0
0	0.0
0	0.0
0	0.0
0	0.0
0	0.0
0	0.0
0	0.0
0	0.0
0	0.0
0	0.0
0	0.0
0	0.0
0	0.0
0	0.0
0	0.0
0	0.0
0	0.0
0	0.0
0	0.0
0	0.0
0	0.0
0	0.0
0	0.0
0	0.0
0	0.0
0	0.0
0	0.0
0	0.0
0	0.0
0	0.0
0	0.0
0	0.0
0	0.0
0	0.0
0	0.0
0	0.0
0	0.0
0	0.0
0	0.0
0	0.0
0	0.0
0	0.0
0	0.0
0	0.0
0	0.0
0	0.0
0	0.0
0	0.0
0	0.0
0	0.0
0	0.0
0	0.0
0	0.0
0	0.0
0	0.0
0	0.0
0	0.0
0	0.0
0	0.0
0	0.0
0	0.0
0	0.0
0	0.0
0	0.0
0	0.0
0	0.0
0	0.0
0	0.0
0	0.0
0	0.0
0	0.0
0	0.0
0	0.0
0	0.0
0	0.0
0	0.0
0	0.0
0	0.0
0	0.0
0	0.0
0	0.0
0	0.0
0	0.0
0	0.0
0	0.0
0	0.0
0	0.0
0	0.0
0	0.0
0	0.0
0	0.0
