1	0.043501685899324224
2	0.06459257302721914
4	0.2698539742869822
5	0.09657255156223904
6	0.5095266518693375
7	0.2611296020788284
8	0.2603227577105268
10	0.03850190706108331
12	0.01851256676409318
13	0.2651952989098916
14	0.06732833453563741
15	0.29083616998604517
17	0.018306339005165283
18	0.5479950719361478
19	0.23845145663592135
20	0.23690080340969824
21	0.514005346644339
22	0.9983849558755832
23	0.26240491447659564
24	0.04568268536736954
26	0.7737084723534928
27	0.16998675721185114
28	0.2705038267717572
29	0.49314618635737717
30	0.0029098936127376213
31	0.0218414475874698
32	0.2765336271671821
34	0.43676216793227063
35	0.05042787008128804
37	0.5356215080567672
38	0.03794589629147629
39	0.2955463697718571
40	0.04683074956927117
42	0.27673636695627457
43	0.024922617907204063
44	0.31963752124059347
45	0.2940160560455661
46	0.2779233009241128
47	0.2930080898713733
49	0.027861170831488292
50	0.42090033262974574
51	0.03444885854126212
52	0.02788553685722406
53	0.06743135820007237
54	0.2770385733237748
55	0.2692564219961615
56	0.28613092140446306
57	0.25279776801650927
59	0.03559098501444586
60	0.29037637940944094
62	0.028978528368303523
63	0.4203643115461502
64	0.2653927694246072
66	0.026836823514358194
67	0.24828566103577726
68	0.4655022217685369
69	0.03885300436809111
70	0.2878534452778272
71	0.25913496456421825
72	0.02469328198733515
73	0.29036520261227305
74	0.5305214466971957
75	0.056791212420756604
76	0.2781925262751114
79	0.26681792645164587
80	0.6024361358240813
81	0.2642792637629353
82	0.48152507698113917
84	0.5200726533081902
85	0.25881513660882677
86	0.04685534552251204
87	0.2827712946024598
88	0.5486094434460022
89	0.041882744130384605
90	0.03288907657958564
92	0.7587479623548773
94	0.4877314970449276
95	0.2597608500773352
96	0.03373093868960344
98	0.2991636202994914
99	0.020873668040342658
100	0.24754728965837997
101	0.020401958179814557
102	0.4918959488192219
103	0.5444045074472902
104	0.35405840238326064
105	0.3477968001512643
106	0.021365251239996483
107	0.05523549810631006
108	0.3124510383494139
110	0.2611395168352137
111	0.0697801804719362
112	0.28234846230294
113	0.2979228329549219
114	0.2929216855581037
115	0.01155859038183574
116	0.1835925688528328
117	0.5254528994257536
118	0.016064506467299237
119	0.5052391258489652
120	0.03729412644321227
122	0.004942848667767296
128	0.2680896513931326
129	0.5155590552928989
130	0.24459066470780605
131	0.24060660506884354
132	0.3087246712986393
133	0.23839380433068694
134	0.2133949831631084
135	0.2693333923359118
136	0.5536326608421812
137	0.03014650089983951
138	0.0374413874179615
139	0.3084372504434666
140	0.2971579956393984
142	0.7492143075376846
145	0.041520749331074344
147	0.23280709207535882
148	0.05022650561078241
149	0.8010849286932464
150	0.014780486977846261
151	0.018773605637664784
152	0.019358255374278835
153	0.14472685289677922
154	0.2651543481145626
155	0.19761646812441586
156	0.2766701451549697
157	0.5070810560254152
158	0.46937187952353604
159	0.017473093285070313
160	0.4839430214036029
161	0.18051139065376468
162	0.01205264439266783
163	0.029293397327203118
164	0.022605824985096164
165	0.26887530378760105
167	0.5019425779962229
168	0.06109790877196919
171	0.056590293345251716
172	0.28624201494611146
173	0.5149582970240433
174	0.7820603092626867
175	0.015330709912568255
176	0.27471006201997505
177	0.29583639626692615
178	0.012532544847438272
179	0.009945018010234806
180	0.04106293539735728
182	0.2667597354325995
183	0.214621754962288
184	0.051891458744435265
187	0.019099162573823537
188	0.2932600866842794
189	0.015673218715365488
190	0.2544248429368441
192	0.3206386515082214
193	0.2848003735682031
194	0.5048729169564703
195	0.5143235363121395
197	0.011097996221705098
198	0.4604898617422514
199	0.02389797830965955
200	0.2859666042404974
204	0.5607770822375839
207	0.29511859649268746
208	0.27755545836235557
210	0.2860775895696143
211	0.2215395021025169
212	0.3210184229812839
213	0.503051502911997
214	0.5245814950125484
215	0.7195599393347714
216	0.5630046814315757
217	0.06883464645094595
218	0.29485493329303775
219	0.23679223495300528
220	0.19319359298090674
221	0.26036570364146944
222	0.24093141103199678
225	0.485180520794487
227	0.5409089185542134
228	0.24555227154039364
229	0.2416521867281422
230	0.018664082185139607
231	0.29307510058146125
233	0.28319551695454714
234	0.5155090057296532
235	0.2938587471613013
236	0.260855876322816
237	0.24681262700728124
238	0.04134404876603739
239	0.2985476732436697
240	0.5626480904777837
241	0.3796594731724247
242	0.01380302260443727
243	0.0019821424871169363
244	0.2624835983670697
246	0.2615214253196999
247	0.27135459954132296
248	0.07292787927680355
249	0.7388890349002186
250	0.023251262138466695
251	0.004463622850471468
252	0.24130345143424944
253	0.2494478797808819
254	0.2801663640335828
255	0.16383199230821358
256	0.06800024803575173
257	0.2357878575890115
258	0.2873072154356396
259	0.5335106463681873
260	0.31049323352992075
261	0.2764099603320836
262	0.5071987531503765
263	0.2450875035538521
264	0.016624590366643054
266	0.5269227561943676
267	0.2789363518947165
268	0.3173159849728606
270	0.5081633743921178
271	0.30062725194412865
272	0.06479001788067716
273	0.06236623699282583
274	0.041078565796290316
275	0.026703224671897674
276	0.7675737163515564
277	0.256606881324381
278	0.2541793757002064
280	0.5109309661258646
281	0.019124947042827974
282	0.2485755156232619
284	0.3013533873719285
285	0.07195187187601051
286	0.2508068918232299
287	0.27944513371031526
288	0.016601651381201052
289	0.13914525514641593
291	0.25812993679758245
292	0.2587180662105946
293	0.27181364190601487
294	0.23340168125633345
295	0.49587285766185835
296	0.2685757988073287
297	0.044547362338243426
298	0.03967237684083542
299	0.308493222033586
301	0.27252260062193684
302	0.28984298895001415
303	0.2968918337627074
306	0.22486651324207632
308	0.05511951222262809
310	0.04923075391883602
313	0.05484629589939562
314	0.02249645077558693
315	0.5465925666449765
316	0.22045939898688885
317	0.28318638907661153
318	0.48021126519227353
319	0.2816700473466915
320	0.5101081075801199
322	0.06126069235926304
323	0.058365957438788266
325	0.7523234796073278
326	0.054652046000703614
328	0.49688153461736817
329	0.2809664940808491
330	0.011897766248093168
331	0.07579791169182536
332	0.3163673724100238
333	0.24162973212444688
334	0.2520243667618008
336	0.04202552501890662
337	0.03718915326843742
338	0.24948719586488494
339	0.2648202217263631
341	0.5629762956880612
342	0.01406636405842436
343	0.24926510379850206
344	0.2744741384170871
345	0.4736593432554574
346	0.2805839228675294
347	0.2770027493645836
348	0.04464633392604908
349	0.5520717878879973
350	0.010322710776105436
351	0.28665973593586197
352	0.5451824684289186
353	0.5494402208709301
354	0.2902971217693006
355	0.26037815768117745
357	0.533324792974042
359	0.23407203058581805
360	0.5274130923734355
361	0.26978505458108076
362	0.6002544511471183
363	0.08585834413605833
364	0.5000733079445513
366	0.2704693027663968
367	0.5512951835398159
368	0.2600203793609871
369	0.30350397544850677
370	0.30898137699716527
371	0.25860404268298676
373	0.21168578182024786
375	0.2577466741569986
376	0.2703850864704943
377	0.045207870246319934
378	0.5215417009352936
379	0.5253416380657548
380	0.07540574631723646
381	0.2686513836210213
382	0.02364817528104237
383	0.2310170544680148
384	0.5166120783355208
386	0.27755784472189143
387	0.08030349599831657
389	0.3253297428819133
390	0.03233326793203306
391	0.03145037638064262
392	0.7487177067469343
393	0.030499143304561688
394	0.7713303327619266
395	0.28880224980819036
397	0.29128960762760514
398	0.03375095064200871
399	0.536682430040821
402	0.01793663256208127
403	0.050897599835056484
404	0.27112409814173155
405	0.3272963243506468
406	0.29569005257424374
407	0.27386426943558423
408	0.32907136661195785
409	0.283144432592438
410	0.29050778208519573
411	0.28663785400787384
412	0.2540386579956941
413	0.48449779855791986
414	0.5708161898920275
415	0.26184338459528644
416	0.2899641424392248
417	0.7797661027766868
419	0.527042864966496
420	0.5557686059507891
421	0.3022244361468991
422	0.022068470425269396
423	0.5291992670950803
424	0.47170827886629146
425	0.11362140744327458
426	0.5286019986912461
427	0.02340563635807364
429	0.5299830167257354
430	0.27075043452127995
431	0.033930106832951695
432	0.5135710520107797
433	0.5170644409901585
435	0.2651761875797325
436	0.2863125843029768
438	0.03320108009486536
439	0.046377068817918726
440	0.27110920822652596
441	0.029659385984607635
442	0.77629378531047
443	0.5118235561825253
444	0.032775818900114384
446	0.009801369285422495
447	0.26905277735406224
448	0.09995341145831695
449	0.5068326793461708
450	0.5078944023611071
453	0.4853882888565838
456	0.4993248084327461
457	0.2666172109851267
458	0.054656622780257916
459	0.019231591274291776
460	0.7715905518232609
461	0.3012633078058565
462	0.25340624557222524
463	0.28324546547553614
464	0.5255562290748979
465	0.2558206296693565
466	0.5387110135924212
467	0.015896895175383362
468	0.26268356668907794
469	0.29714238630211437
470	0.26196938210429643
472	0.2857181052830655
473	0.0014854815330974935
474	0.5298216934501727
476	0.03216807137330831
477	0.2743695325398055
478	0.2703481868996454
479	0.5280359745045293
480	0.015508304939166152
482	0.2546731048788997
483	0.24678196888786608
484	0.5220488701369471
485	0.17615592519774861
486	0.25048294293283657
487	0.49876495532731413
488	0.2773965207112407
490	0.2944472749690301
491	0.056044825997904765
492	0.06352613055154757
493	0.02191427925619363
495	0.02770335903311106
496	0.7851093336363086
497	0.5071333907679554
499	0.26728265544775737
500	0.06813679462971206
502	0.025165259438848106
504	0.030342066043457294
505	0.028433925437770742
506	0.06248004918208237
507	0.047929462069947845
509	0.30904436482748143
510	0.5177924119460577
511	0.31759684501607843
512	0.03392870648045344
513	0.04108975857099455
514	0.04195588231205062
516	0.00206258948458141
517	0.2921733247276224
519	0.5139643974624473
520	0.7312847881066362
521	0.4706541701453571
522	0.02929065005214123
524	0.3070799331714257
525	0.4491968428523236
526	0.041109598508453096
528	0.2856094564949198
529	0.014402499346132365
530	0.01232837037916813
531	0.773497744674285
532	0.5269507539800323
534	0.043718834923772154
536	0.2732057998814554
537	0.7580393581291957
538	0.025443499562180782
540	0.2598589007594931
541	0.01896291988795177
542	0.014714995727864603
543	0.03299072282067153
544	0.78372570854481
545	0.005066125864659529
546	0.039780542396559176
547	0.29590523759119036
549	0.2605188997713703
550	0.05081611742129852
551	0.0217287575254414
552	0.5210888512670605
553	0.29714128215909746
554	0.25966974185922553
555	0.23602413319489163
556	0.517349158794264
557	0.7561275942796027
558	0.2517125655355716
559	0.015038943389437825
560	0.2960065746567892
561	0.5527309811971297
563	0.27760041200579505
564	0.2686753444797742
565	0.021293894743785277
566	0.5207663556062527
567	0.2741376533188108
568	0.2723316479367225
569	0.5272757211104658
570	0.5471931370504142
571	0.02851649258572235
573	0.5281237238831951
574	0.7529003230053696
577	0.2234291300629736
578	0.2522919282958784
580	0.24583388028182482
581	0.009443532052063053
582	0.33386443437758667
584	0.030707042655851214
586	0.26986317074994337
587	0.2951355533194212
588	0.23698857608271237
590	0.47579154419624103
591	0.036755007169300365
592	0.017696346802553678
593	0.008465012795378774
594	0.2862861049723914
595	0.43655791066128535
596	0.02937052556414301
598	0.5404768728957069
600	0.3340271538902506
601	0.2138336664790346
602	0.5266921808590905
603	0.5076853853400135
605	0.23287210443507086
606	0.28237172815325284
607	0.057867348273576764
608	0.020744706401791612
609	0.12667362809182844
610	0.25810257670707965
611	0.2723436420574443
613	0.036184062923303596
614	0.0035457350248444923
615	0.022806058596248895
616	0.5130477634867634
617	0.012814810243645634
618	0.024542702495626883
619	0.0702266631105784
620	0.025499407993626915
621	0.017383838950759734
624	0.5217506967279029
626	0.7841475652503737
627	0.2887520142470258
628	0.04538663707647045
629	0.21867322953327356
631	0.5276335426676633
632	0.035858967001149517
634	0.30949436018316523
635	0.2875808044998437
636	0.02667536643390347
637	0.02266201644768691
638	0.5093743348366628
639	0.5472475175607394
640	0.2528316250594587
641	0.013914519425096118
642	0.2740457627228364
643	0.039815831678704415
645	0.27101688063742146
646	0.24448812167669803
647	0.2578457301146944
648	0.07805238300374863
650	0.274500459147696
651	0.29421976982028564
652	0.27077451645641337
653	0.03510314725489829
654	0.09377224700120114
655	0.25033326462803374
656	0.21013968538661906
657	0.26683233683234253
658	0.25306208167753624
659	0.246770013631318
660	0.27358814179320845
661	0.5419111262962272
662	0.306410374917751
663	0.2971084470753822
664	0.29697152729629167
665	0.26393356989547867
666	0.5486757444419261
667	0.5210929362278471
668	0.08055641993524909
669	0.04211794836912369
670	0.31863425454659156
672	0.3239869277646918
673	0.07811972358385222
674	0.528913614375966
675	0.24361966903433213
676	0.28122361173112526
678	0.012654229501060859
679	0.5193182260584702
681	0.5738313342647402
682	0.28982984508406234
683	0.5287571773228861
684	0.04853645957476643
686	0.2853912618355084
687	0.2704831615518146
688	0.040587706139019505
691	0.4936499102088651
693	0.24180957387125498
695	0.2578296076441255
696	0.5329922044292572
697	0.537942096550317
699	0.27150568747773235
700	0.026950459695746477
701	0.262446965388296
703	0.03278369801360151
704	0.034023310778002164
705	0.2765582684929351
707	0.2548664908922708
708	0.03756151116370124
709	0.2691779672140055
710	0.2919020682945257
711	0.49062711721278646
712	0.26075769306106616
713	0.33083516155500076
715	0.2578683134970888
716	0.4732243990114566
717	0.7591122499780255
719	0.007184214120664403
720	0.5556473076428935
722	0.22058491856972434
725	0.5199302617920247
727	0.7724990502437513
728	0.3098926505978751
729	0.2259985146900422
731	0.24810484372105923
732	0.0573809100407118
733	0.5441894011279244
734	0.025672158287583968
736	0.25508909362410714
737	0.5554152249832311
738	0.5473733207825588
739	0.008000109235818547
740	0.33028505065873964
741	0.2664954034695068
742	0.26708025980424366
743	0.5444872838149346
745	0.2637820995086696
746	0.5225645854768121
747	0.07043502482819303
748	0.052339375988755085
749	0.24614701138590395
751	0.06491491997525517
752	0.11558136575718174
754	0.26950869025709023
755	0.023219420029043984
756	0.4853594476054722
757	0.31298220377538694
758	0.02752995833556108
760	0.23787423852165349
762	0.046484494155522096
763	0.016438542511482766
764	0.2821275955480196
765	0.2547011111685736
766	0.3155760992069597
767	0.23206681826826042
769	0.24109169789906001
770	0.4710436576424399
772	0.30242139019729075
773	0.5164687681472478
774	0.08221751871835328
776	0.29014781302626985
780	0.03677192446215214
781	0.29486969479616343
783	0.0886100684857585
784	0.043520245774970004
786	0.2298135486306101
787	0.5326058898597068
788	0.5405944266832676
789	0.01496711931054433
790	0.2999338989825054
791	0.243853560512717
792	0.29793205250369376
794	0.2528104292728565
795	0.5415092066737692
796	0.0359717954750363
798	0.2658148949214627
800	0.020180131142384528
801	0.018779630880090804
802	0.03145827918586005
803	0.4701016548286653
804	0.041554964991157455
805	0.2503076365459939
806	0.284872986005694
807	0.7702693362187805
808	0.5407069116559757
809	0.4827254175817597
810	0.520064505331352
813	0.2432713616085029
814	0.527571408941834
815	0.7375527408210635
816	0.28987393109191273
817	0.03381885255091409
818	0.48082750226504944
819	0.31426023752783155
820	0.3751550934342509
821	0.26548383442454765
822	0.03231611243954851
823	0.26045425787546206
824	0.0021628486389814357
826	0.5243701897292752
827	0.06911304223292145
828	0.5452080379068739
829	0.2680088029312965
830	0.5128942365643733
831	0.010807591164145897
832	0.5184365792078605
833	0.02414834549118499
834	0.01558769133829728
835	0.7374727411500877
836	0.08479757817295905
837	0.24929183286576734
838	0.25591817547297147
839	0.026822160020525846
841	0.5085411631783382
842	0.2899573119366246
844	0.5155530227118191
845	0.2688627731128967
846	0.2696821870677088
847	0.00727404606592091
848	0.04729250938387708
849	0.020895021541775614
850	0.25023597089129357
851	0.5416878930954812
852	0.2777345048569539
853	0.08766149445951388
854	0.247914268558863
856	0.011005388180901361
857	0.027300142420015917
858	0.24348577672417154
859	0.2885818456846372
860	0.7692371507547101
861	0.47597838234224593
862	0.5206054890165193
863	0.05255859494734715
864	0.022607097241889404
865	0.3699327086305936
866	0.4325840365215714
867	0.27554131561481393
868	0.5611893468795052
869	0.055315012195500335
870	0.28824994061260284
871	0.08422709093006339
872	0.025847375745294287
873	0.21944752718657387
874	0.7592042474221709
876	0.2559449514502624
877	0.031007372728655565
878	0.26693009399604045
879	0.5337972900727872
880	0.5298263305560839
881	0.310594821846725
882	0.531884961495417
883	0.056782435624934756
886	0.2915382458843144
887	0.2554898968549319
888	0.24291548593120219
889	0.26554973599662124
890	0.013673167950326512
891	0.7524868338174691
892	0.5501032803208361
893	0.26467778499660494
895	0.0567587101114507
896	0.5116192675500459
897	0.012629137200719898
898	0.5651814181874995
899	0.04734176781397397
900	0.22152182116296798
902	0.031726282603400865
903	0.2760118143418392
904	0.26123392751630164
905	0.34929712976185107
906	0.7371893281599987
907	0.233070651289648
908	0.2788538490178735
909	0.21613768023825225
910	0.19336198070245467
913	0.3050255945644145
914	0.21063131019584672
915	0.5634058409862187
916	0.6901670391960474
917	0.5324662861059012
918	0.05859880547576675
919	0.29178895983271425
920	0.24299671897931027
921	0.26901226770612957
922	0.08066361955302867
923	0.5038489675566021
924	0.010305397073649799
925	0.027726773340153076
926	0.5123051676572293
927	0.03958311661939523
928	0.028100455759539174
929	0.020645482117294743
930	0.2733436948812122
931	0.5059925177372538
932	0.2932190919925779
933	0.5444076975180862
934	0.28495088356622167
935	0.2683832836851679
936	0.262459367391471
938	0.04224004060215274
939	0.5278920228832544
940	0.2529877311739042
941	0.258016451334723
942	0.28854037407756733
943	0.28187312010685356
0	0.0
0	0.0
0	0.0
0	0.0
0	0.0
0	0.0
0	0.0
0	0.0
0	0.0
0	0.0
0	0.0
0	0.0
0	0.0
0	0.0
0	0.0
0	0.0
0	0.0
0	0.0
0	0.0
0	0.0
0	0.0
0	0.0
0	0.0
0	0.0
0	0.0
0	0.0
0	0.0
0	0.0
0	0.0
0	0.0
0	0.0
0	0.0
0	0.0
0	0.0
0	0.0
0	0.0
0	0.0
0	0.0
0	0.0
0	0.0
0	0.0
0	0.0
0	0.0
0	0.0
0	0.0
0	0.0
0	0.0
0	0.0
0	0.0
0	0.0
0	0.0
0	0.0
0	0.0
0	0.0
0	0.0
0	0.0
0	0.0
0	0.0
0	0.0
0	0.0
0	0.0
0	0.0
0	0.0
0	0.0
0	0.0
0	0.0
0	0.0
0	0.0
0	0.0
0	0.0
0	0.0
0	0.0
0	0.0
0	0.0
0	0.0
0	0.0
0	0.0
0	0.0
0	0.0
0	0.0
0	0.0
0	0.0
0	0.0
0	0.0
0	0.0
0	0.0
0	0.0
0	0.0
0	0.0
0	0.0
0	0.0
0	0.0
0	0.0
0	0.0
0	0.0
0	0.0
0	0.0
0	0.0
0	0.0
0	0.0
0	0.0
0	0.0
0	0.0
0	0.0
0	0.0
0	0.0
0	0.0
0	0.0
0	0.0
0	0.0
0	0.0
0	0.0
0	0.0
0	0.0
0	0.0
0	0.0
0	0.0
0	0.0
0	0.0
0	0.0
0	0.0
0	0.0
0	0.0
0	0.0
0	0.0
0	0.0
0	0.0
0	0.0
0	0.0
0	0.0
0	0.0
0	0.0
0	0.0
0	0.0
0	0.0
0	0.0
0	0.0
0	0.0
0	0.0
0	0.0
0	0.0
0	0.0
0	0.0
0	0.0
0	0.0
0	0.0
0	0.0
0	0.0
0	0.0
0	0.0
0	0.0
0	0.0
0	0.0
0	0.0
0	0.0
0	0.0
0	0.0
0	0.0
0	0.0
0	0.0
0	0.0
0	0.0
0	0.0
0	0.0
0	0.0
0	0.0
0	0.0
0	0.0
