1	0.02746269889720207
2	0.047639743049674006
4	0.2896518656744741
6	0.2799857043389711
7	0.027476578414777207
8	0.021090160038805032
11	0.2300287717862438
13	0.24592319935123935
15	0.2563289234659741
16	0.05936541018386003
17	0.017040162461210793
18	0.26240093037155127
19	0.3267193033571908
20	0.019099714063521598
21	0.3153800972051449
22	0.7486358048554214
23	0.22952601058322458
26	0.7325577484881003
28	0.012665628497073537
29	0.4622573196591142
30	0.2653827277333385
32	0.03563689687651192
34	0.4202722846011858
35	0.010366479221004352
37	0.284280230733327
38	0.2772515941003297
39	0.3126308447615076
40	0.02795446017357686
42	0.26948979983485644
44	0.09360607297675214
45	0.0030644649002788057
46	0.2618011691165499
47	0.3118809422698687
49	0.27858295354811996
50	0.452104784928829
52	0.011689944918592935
53	0.28091325818893276
54	0.014154212754315065
55	0.016496161260408104
60	0.021272066386459412
61	0.2526913017548946
62	0.006947590369099754
63	0.20155552969470744
64	0.283048298971958
66	0.008419560451629726
67	0.23187929904348079
68	0.22627852359195802
69	0.025545924598208865
70	0.0052823319178864556
71	0.029516706152546604
72	0.24671868686943593
74	0.4970971593913814
75	0.03706329457233118
76	0.009576852666530855
77	0.19438277510665625
79	0.003361213414435734
80	0.28711723336186606
81	0.27056847662077704
82	0.23399407579916204
84	0.28962084538589233
85	0.5252634628143881
86	0.009296267554646048
87	0.009456652475781618
88	0.4701202462772499
89	0.038692387781763024
90	0.05175115754489876
92	0.4723311730522902
93	0.18482385368979298
94	0.48843110511224525
95	0.2802710624551177
96	0.26199305440653364
98	0.3181698523456461
99	0.003606974844590216
102	0.2725388749999943
103	0.29969681755888516
104	0.36963074550394803
105	0.30924234183753974
107	0.034495359512485266
108	0.5484942143151319
110	0.28104808834308825
111	0.28469039553154574
112	0.2650350102643355
113	0.26624849600350187
114	0.033862683748590194
116	0.20655857548096154
117	0.2451849902182617
119	0.2739344379293645
120	0.0031364686104480705
122	0.0036750672993691377
123	0.006904743237882843
128	0.001213976828630451
129	0.20479667193337214
130	0.5133877494909116
131	0.01709324168219627
132	0.2737065384632279
133	0.0001805602156905728
134	0.207551275405078
135	0.25305519699507656
136	0.26150486907887105
137	0.015092459544198696
139	0.013639832268217127
140	0.503101838013819
142	0.5047675858426325
144	0.012662060726193733
146	0.234363750588564
147	0.22695366147404847
148	0.034846132399140216
149	0.5162891676321669
150	0.2922458556775968
151	0.04708465096468411
153	0.12409893251687479
155	0.1968431915177146
156	0.015209295699814003
157	0.2590270170829298
158	0.2716614874119787
160	0.21526134363228813
161	0.178554947452844
162	0.25681084946230304
163	0.027622458930067643
164	0.004702964805424224
165	0.05323263052220793
166	0.19318567029576839
167	0.21182389617582636
168	0.020483445523443375
171	0.03677706906002927
172	0.2503064590490654
173	0.4825804665862392
174	0.49605796883216524
175	0.06370028879322577
176	0.5145986236210955
177	0.023402327475591015
179	0.2482459282574307
180	0.07387539119390943
182	0.27628353794620847
183	0.19794507164769476
184	0.2727408908147164
185	0.03377294442643729
187	0.27463147549964495
188	0.02143314939053717
189	0.014228291052065443
190	0.002027423974173631
192	0.3351748267144193
193	0.24450620714206095
194	0.26433110140532834
195	0.537564603974392
198	0.2355777643547939
199	0.022702239388764027
200	0.30051752184564845
201	0.0427535531483995
203	0.20668036994123506
204	0.24044006288317096
207	0.031165581663724292
208	0.25757646776646315
209	0.015918624684982605
210	0.25162508641741066
211	0.21559425503692176
212	0.25998047681839004
213	0.5230619467135946
214	0.7681396880434038
215	0.7637063758828724
216	0.27263635648151885
217	0.04820644521538632
220	0.2158162678009446
221	0.24267747694617206
223	0.25458665269025366
225	0.5050683210701227
227	0.5631410015865246
228	0.23930379694879875
229	0.007978680620115197
230	0.04891011830057057
231	0.04878427277498992
232	0.05269781714441292
233	0.019570749907195362
234	0.27887947459033435
235	0.24579848816335148
236	0.28259687132845634
237	0.21502536412540985
239	0.26338685948475526
240	0.2798178593304092
241	0.05764503505080393
242	0.22678160107337314
244	0.24530502029788998
247	0.02793724146639963
248	0.040545952285425776
249	0.47305112650623654
250	0.2999578335726288
251	0.026146861171879088
252	0.23551689862319042
253	0.27167628581422926
255	0.14971255185339818
256	0.04508823638624336
257	0.007117953097339813
259	0.5443582352957648
260	0.006188833508834264
261	0.03363933903540773
262	0.5263518460372588
263	0.22826719476035995
264	0.03936998907764748
265	0.05433823355849473
266	0.5023088902964975
267	0.02908418858665872
268	0.033113065244351196
269	0.16110815556664765
270	0.548863977391085
271	0.02795296108483387
272	0.032640468826984084
273	0.2768779402719351
276	0.484296813298135
277	0.2381687032558819
278	0.01566750555101831
280	0.7652440417961939
282	0.2850308102651565
284	0.26724601066375564
285	0.03953998620836064
286	0.4923546747052061
287	0.2601470866976037
288	0.0033506262085807453
290	0.03422322036677356
291	0.24159272831736292
292	0.0027397569622750056
293	0.26022647331496124
294	0.2485782672838507
295	0.745294677121809
296	0.006116982972470486
297	0.013673269735716448
298	0.019116068479209103
299	0.01822240647906742
301	2.5121024141566695e-05
302	0.015689666100653962
303	0.26168859407843686
304	0.21175026839162908
307	0.06776274339684916
308	0.023639617760130693
314	0.04700449040992663
315	0.5557596012222951
316	0.18234865765422476
317	0.25418616321048054
318	0.5004743574681029
319	0.2643346347388722
320	0.23275272516640635
321	0.25846091021811396
323	0.008909550795433468
324	0.006683111709823261
325	0.5191945934146008
327	0.29110520540285784
328	0.24995877972830183
329	0.02700131928745786
331	0.05935779259758572
332	0.037737517511358475
333	0.2592642395177608
334	0.006018225296170229
337	0.07724961700690716
338	0.23186080821613775
339	0.23170644070313287
340	0.05685673275129699
341	0.5293469201823253
342	0.20090126098919128
343	0.0024615796729872894
344	0.46920943341191645
345	0.25440881182576053
347	0.013773176817908739
349	0.30184930059297466
350	0.24576905127492218
351	0.3043192573816266
352	0.23993442515515803
353	0.3103840602142584
354	0.2554700926114766
355	0.3005739832090865
357	0.5021042137770325
358	0.011405879600653389
360	0.26428858308642006
361	0.013693929233036212
362	0.3023565549688327
363	0.05994703080718326
364	0.46629960048267954
366	0.2535267132141146
367	0.25672754446538704
368	0.017498147479067555
369	0.027246800888088996
370	0.538512823857199
371	0.3026261820585863
373	0.24011075196480286
375	0.23140451482582147
377	0.028943022874284977
378	0.2901044306131998
379	0.2872054703275641
380	0.04266300924342796
381	0.28906686912924706
382	0.2545679563220493
383	0.28562292260382927
384	0.5340464340121643
386	0.03218717497512828
389	0.043176317968403786
390	0.2962970618095885
391	0.055124245350791565
394	0.5403139920598465
395	0.030019709856555922
397	0.015444766748386858
399	0.29172353814856095
400	0.007504092505483735
402	0.27096843124541264
404	0.5033305699938404
405	0.4028951530957327
406	0.2709878175654438
407	0.27849897711749394
408	0.34984031309186514
409	0.026819991946815898
411	0.047876553151592505
412	0.2715763390448358
413	0.2719650423723307
414	0.30566522936183865
415	0.24560478661510035
416	0.03812107460880094
417	0.5129301773688245
419	0.26989832728208923
420	0.2693318548097836
422	0.015209134812860892
423	0.5099673450799374
424	0.48884069452131523
425	0.07863265655899378
426	0.2621608816358268
427	0.04480142132524211
428	0.03833342676283995
429	0.23255925375287995
430	0.48657627215254
432	0.24496722267971127
433	0.48398694999447145
434	0.02242612278645969
436	0.2519261578273633
438	0.2520962603612737
439	0.04530703491163759
440	0.014870281263494711
441	0.006061385085022759
442	0.5548150637865222
443	0.2439103093832257
444	0.014374891261995766
445	0.06372262747387929
446	0.029356512875083327
447	0.004915608766141069
448	0.12321450338199393
449	0.21422646857877436
450	0.24068790822006564
453	0.20665975560892783
456	0.23818180848788434
457	0.0034505687059922935
458	0.2491651962801758
460	0.5343214260512456
461	0.48052075997591603
462	0.2919035945592793
463	0.24808494142019583
464	0.5277768796472667
465	0.2741259770117098
466	0.23917085351955678
467	0.22869213066843078
468	0.30211735776479615
469	0.021066000846970745
472	0.01914827430322456
474	0.2420028876867435
477	0.31438705164021974
478	0.5592475412694727
479	0.2497135860330802
480	0.2710792184007919
482	0.0008961286020802914
484	0.25176569524920395
485	0.337039613763368
487	0.2391273067319557
488	0.010375505014045099
490	0.02221814796538713
491	0.024521257125263145
496	0.46838889377461596
497	0.2314833227747674
499	0.24933435333240528
500	0.0358586846876888
501	0.01167716868336452
503	0.031777023577897384
507	0.016795507632058324
508	0.0011430577011282902
509	0.08222704359428831
510	0.4867440787797833
511	0.01679034554505619
517	0.04113461376093802
519	0.28038030281768556
520	0.4444772862044939
521	0.24928502061675306
522	0.011074038612014572
524	0.0385424536232485
525	0.48647768108378403
526	0.020632737900916534
528	0.00263445237954877
529	0.05293296326136528
530	0.011036922956316822
531	0.48302491902005723
532	0.29959504368868306
535	0.00730207213845855
536	0.011979493737406033
537	0.48164580541790714
539	0.29358270031735156
540	0.001573612957380885
543	0.014463198599703582
544	0.5176461867796347
547	0.2603103631971178
551	0.004025620308240413
552	0.2485524462220069
553	0.022373202081553807
555	0.2721271492399871
556	0.2795051206676182
557	0.7462980732518105
558	0.23369087743678713
560	0.26393759633856106
561	0.29137654284975095
562	0.057529400298065615
563	0.01192861560273286
564	0.05361836149827966
566	0.48757979806056295
567	0.27885699919802587
569	0.52798555242138
570	0.509551356153889
571	0.009872496973553462
573	0.25358721314032656
574	0.5383345230070268
577	0.007084904678630044
579	0.21570189540492538
580	0.052493470516586815
582	0.07051640992566027
584	0.028076826820692444
586	0.015288138408690786
587	0.2609919877364635
588	0.02696300876682093
589	0.05239277012489227
590	0.19867458991093323
591	0.018609200095299747
594	0.03042552734809853
595	0.23348045497207054
597	0.09366011428222801
598	0.2741951011501583
599	0.02336690809362195
600	0.05490071265860152
602	0.2781168539568641
603	0.47523191208409626
605	0.23556858599776512
606	0.06585485133100652
609	0.12477742153590346
610	0.005251499002812479
611	0.008962160319644367
614	0.06303334692775447
615	0.0048370753332664385
616	0.25311946345341646
622	0.7487177067469343
624	0.4886278603660481
626	0.5144697454783287
628	0.014409398231908774
629	0.27076948936285444
631	0.55389497358243
634	0.02033305373664292
635	0.49819944011972256
636	0.048210528537931494
638	0.3082636087950747
639	0.31567954891311806
640	0.04282455278771885
641	0.2732720989155431
642	0.047969585107454665
643	0.021841809093655948
645	0.005601610061991117
647	0.034539449128034194
649	0.02229161787668376
650	0.044418449292099316
651	0.04027555569462493
652	0.28988847843549503
655	0.03486964622573051
656	0.18816444174613622
657	0.2288836144053557
658	0.47080451226225917
659	0.5116010941611157
660	0.010183501663226013
661	0.3026889077918265
662	0.28584525647385955
663	0.02602647429113244
664	0.29911854880712824
665	0.525648422168705
666	0.2677913715978208
667	0.27637650163332006
668	0.3023600596969146
669	0.3238331291898853
670	0.320376213828822
671	0.027004935716324095
672	0.047184442219228774
674	0.2766827216860684
675	0.04679920957729541
676	0.48676121144457474
678	0.06660902309926581
679	0.24439662698520784
681	0.3259102853760681
682	0.0073826351565849935
683	0.5411094204582229
686	0.2514635401697965
687	0.30706577210778424
688	0.2652121893191732
690	0.021921374149315227
691	0.23299754867622013
693	0.22447813537143615
695	0.22783733345121504
696	0.2519037641280346
697	0.2851249995179563
699	0.2884662664123152
700	0.012764903937108281
701	0.01668960038318757
702	0.02132353625887362
704	0.015013878486593087
706	0.03864140099727019
707	0.27200260773983864
710	0.2574514611142527
711	0.506099306719362
712	0.001209132976858169
713	0.5209360035366654
715	0.24110399516363762
716	0.2171194441264639
717	0.7604282851361647
720	0.24976746021713198
722	0.2526663257551049
725	0.25700861131278774
726	0.04229322959353581
727	0.5304585274631014
728	0.06939471074364797
729	0.26694738074253715
730	0.026191846726168488
731	0.2842906888071238
732	0.05409467584670156
733	0.25437178218955925
736	0.26776885740046813
737	0.2643787054000382
738	0.2854554728116887
739	0.030010795696603674
740	0.29279255227868645
741	0.005832544018156978
742	0.48930352560809376
743	0.5088107044034427
744	0.040708223342328646
745	0.2292753895890553
746	0.2781762702507138
748	0.02095763845822481
749	0.033217748554462176
750	0.011296622250510983
751	0.04839314079636943
752	0.31001737239808796
753	0.0941333743261131
754	0.25231599576236063
755	0.006936233165492349
756	0.2630972464359634
757	0.2832415520953827
760	0.5342995507047511
763	0.26186304017390527
764	0.3039741817309613
765	0.2639350606961542
766	0.04021175796538348
767	0.5045087994772621
768	0.2019515244452385
769	0.23527743411741764
770	0.7317489462726734
771	0.027405805360870287
772	0.043670569157847686
773	0.269162049877639
776	0.010960199079926458
777	0.00038126445846584783
779	0.06391878656166788
780	0.020798375746078915
781	0.04458033574869896
783	0.05507270835537563
784	0.27197495840595876
786	0.26711228860279346
787	0.5168892067646707
788	0.2473731603611741
790	0.27981847893042355
792	0.24755797142474
794	0.23556826448775325
795	0.7724987844026383
796	0.021408962416760623
798	0.02813209301710546
800	0.0414397221366178
801	0.01791956055140094
803	0.24076633987792387
805	0.21753364433263128
806	0.5505504848450917
807	0.4800719590254353
808	0.5055398847612577
809	0.2504172854862918
810	0.29758088396221993
814	0.4949748332390886
815	0.4973164690102439
816	0.2721660003159245
817	0.26516251624940274
818	0.23062131616890377
819	0.044304633896246615
820	0.3344790030110003
821	0.2803414320624818
822	0.01720508589269351
826	0.2696002242501269
827	0.052383097290984025
828	0.28139389760847333
829	0.041439722136617785
830	0.2437154900726121
831	0.025127259830058427
832	0.24321818011221374
833	0.24250670179238684
835	0.5073983080354499
836	0.05148262975317737
837	0.2930851680675457
838	0.5290147722955676
839	0.018096676979149608
840	0.01827579201846405
841	0.24531310921218857
842	0.2697686107265408
844	0.29568060923065353
845	0.19935519360238563
846	0.012314001867495941
847	0.006018364915445364
848	0.03211877282079362
849	0.053024146667207395
850	0.03942385483750367
851	0.2512037531281485
852	0.21836627614862336
853	0.29812155518260985
854	0.5154650894567931
856	0.009804438662536094
857	0.2232433458207118
858	0.0004994504567968072
859	0.27151862615979333
860	0.49209584197319983
861	0.7765660706672851
862	0.24674513736477757
865	0.33276573441466356
866	0.48167057910374533
867	0.023282969128145557
868	0.2740520701888815
869	0.03496342910624009
870	0.2655935493283625
871	0.05106328572944685
873	0.20383834336446638
874	0.501200874143422
877	0.01822642371886437
879	0.27679481549024076
880	0.25545113505569605
881	0.0200638049770339
882	0.30083615546984244
883	0.2515570106290121
886	0.06515890531013958
887	0.0074010577388433085
888	0.0001054044805269827
891	0.5400057245360068
892	0.26384820550314886
893	0.21875778079135655
894	0.016467607672609373
895	0.02136258129578989
896	0.29282392202711827
898	0.5774493754524215
899	0.06975306197071283
902	0.005882067639947711
903	0.283921681531704
904	0.29955150957890875
905	0.3107798514976869
906	0.7532547785430884
907	0.25466976255830875
908	0.2463380408972045
909	0.5185916192920269
910	0.45116458470072707
912	0.28095101782238985
913	0.2697043253160491
914	0.24485079643961438
915	0.27182507183026666
916	0.4267101769222752
917	0.5498203055930564
918	0.03872977895138541
919	0.48525090299308116
920	0.2266881865614496
921	0.07785548942574452
922	0.08509871505368138
923	0.2428819318550756
924	0.10635834725878981
925	0.009256668695069442
926	0.25017233763475794
928	0.2546621119604179
929	0.002426158029083386
930	0.031026943730231304
931	0.7117082845794833
932	0.029166343866338772
933	0.26362252364335637
934	0.2504699353291525
935	0.009917792497485655
936	0.008760348827515928
938	0.011506303418481294
939	0.24103671276256824
940	0.46465938777353294
941	0.226767331004437
942	0.022078998643515667
943	0.297782618809042
0	0.0
0	0.0
0	0.0
0	0.0
0	0.0
0	0.0
0	0.0
0	0.0
0	0.0
0	0.0
0	0.0
0	0.0
0	0.0
0	0.0
0	0.0
0	0.0
0	0.0
0	0.0
0	0.0
0	0.0
0	0.0
0	0.0
0	0.0
0	0.0
0	0.0
0	0.0
0	0.0
0	0.0
0	0.0
0	0.0
0	0.0
0	0.0
0	0.0
0	0.0
0	0.0
0	0.0
0	0.0
0	0.0
0	0.0
0	0.0
0	0.0
0	0.0
0	0.0
0	0.0
0	0.0
0	0.0
0	0.0
0	0.0
0	0.0
0	0.0
0	0.0
0	0.0
0	0.0
0	0.0
0	0.0
0	0.0
0	0.0
0	0.0
0	0.0
0	0.0
0	0.0
0	0.0
0	0.0
0	0.0
0	0.0
0	0.0
0	0.0
0	0.0
0	0.0
0	0.0
0	0.0
0	0.0
0	0.0
0	0.0
0	0.0
0	0.0
0	0.0
0	0.0
0	0.0
0	0.0
0	0.0
0	0.0
0	0.0
0	0.0
0	0.0
0	0.0
0	0.0
0	0.0
0	0.0
0	0.0
0	0.0
0	0.0
0	0.0
0	0.0
0	0.0
0	0.0
0	0.0
0	0.0
0	0.0
0	0.0
0	0.0
0	0.0
0	0.0
0	0.0
0	0.0
0	0.0
0	0.0
0	0.0
0	0.0
0	0.0
0	0.0
0	0.0
0	0.0
0	0.0
0	0.0
0	0.0
0	0.0
0	0.0
0	0.0
0	0.0
0	0.0
0	0.0
0	0.0
0	0.0
0	0.0
0	0.0
0	0.0
0	0.0
0	0.0
0	0.0
0	0.0
0	0.0
0	0.0
0	0.0
0	0.0
0	0.0
0	0.0
0	0.0
0	0.0
0	0.0
0	0.0
0	0.0
0	0.0
0	0.0
0	0.0
0	0.0
0	0.0
0	0.0
0	0.0
0	0.0
0	0.0
0	0.0
0	0.0
0	0.0
0	0.0
0	0.0
0	0.0
0	0.0
0	0.0
0	0.0
0	0.0
0	0.0
0	0.0
0	0.0
0	0.0
0	0.0
0	0.0
0	0.0
0	0.0
0	0.0
0	0.0
0	0.0
0	0.0
0	0.0
0	0.0
0	0.0
0	0.0
0	0.0
0	0.0
0	0.0
0	0.0
0	0.0
0	0.0
0	0.0
0	0.0
0	0.0
0	0.0
0	0.0
0	0.0
0	0.0
0	0.0
0	0.0
0	0.0
0	0.0
0	0.0
0	0.0
0	0.0
0	0.0
0	0.0
0	0.0
0	0.0
0	0.0
0	0.0
0	0.0
0	0.0
0	0.0
0	0.0
0	0.0
0	0.0
0	0.0
0	0.0
0	0.0
0	0.0
0	0.0
0	0.0
0	0.0
0	0.0
0	0.0
0	0.0
0	0.0
0	0.0
0	0.0
0	0.0
0	0.0
0	0.0
0	0.0
0	0.0
0	0.0
0	0.0
0	0.0
0	0.0
0	0.0
0	0.0
0	0.0
0	0.0
0	0.0
0	0.0
0	0.0
0	0.0
0	0.0
0	0.0
0	0.0
0	0.0
0	0.0
0	0.0
0	0.0
0	0.0
0	0.0
