1	0.23097513682973042
2	0.012144297694667495
4	0.041581403752783436
5	0.23288583033884913
6	0.26468783832048026
7	0.2624579985581153
8	0.23948930195789647
9	0.243688776751453
10	0.2126988488191244
12	0.251137702345095
14	0.02741056814825041
15	0.03828672418456107
17	0.040270778238490484
18	0.23913905131714275
19	0.040513835068761814
20	0.2871642471848889
22	0.24884635124074547
24	0.24932437866820054
25	0.034106221021947256
27	0.12388086430237899
28	0.25464153265862594
30	0.3066704319038003
32	0.4779069198212059
33	0.013271796466186321
34	0.25577113956288844
35	0.5110658472907463
36	0.24619424440765109
37	0.4768043968214039
39	0.4831420430516605
41	0.26841671482182367
42	0.29878282673152806
44	0.4703744969886359
45	0.4942785565362532
46	0.026938889010263287
47	0.27506348974414185
48	0.497408057489834
50	0.10794316168376629
51	0.5056426307675508
52	0.23254656179944272
54	0.24268653331435622
55	0.25538955393263973
56	0.03111235414735605
57	0.5010430072533061
59	0.2385207102265623
60	0.24578182011352134
62	0.2358478098686024
63	0.20738941834974456
64	0.03794387192926092
65	0.028200322122262613
67	0.003535252640347153
68	0.19549552066166123
69	0.041391078136703674
70	0.2720245930904648
71	0.2396581615579072
73	0.07152166708696056
74	0.021789639791729314
76	0.23578911547023018
78	0.2645351779964292
79	0.2405901416751854
80	0.046365844005545685
81	0.5224442282895646
82	0.2109891917744299
83	0.49588594527592067
84	0.3242742022247553
85	0.05557421860439333
86	0.057946693243728864
87	0.26363591148133264
88	0.032646985635149395
89	0.22444717145743412
90	0.043075819057471994
91	0.4710405664194004
92	0.007986152696800378
93	0.16515871198833904
95	0.301065222334136
97	0.0030203596330131213
98	0.05561180533380798
99	0.01974944965337644
100	0.48805072903695007
101	0.4496347013138164
102	0.29360584380304966
103	0.16256064928907332
104	0.23113419914029776
106	0.2891369697085652
109	0.23242640906670337
110	0.5634800503163463
112	0.2564505430873551
114	0.4441999697254927
117	0.025555573012488824
118	0.47971068843668935
119	0.2972723101310456
120	0.020096735029474233
121	0.06674393337791845
122	0.26240020830926236
125	0.21725670393669835
126	0.20367460936297072
127	0.22011735528572973
128	0.26855838552507877
129	0.24061129170591872
130	0.07033049558007504
131	0.5084295189905195
133	0.20682860627673114
134	0.23997228216740232
136	0.02976325849181736
137	0.23498336778941345
138	0.44774951508609834
141	0.29739697001142607
142	0.5207472330149377
143	0.03150552402103919
145	0.005095271881692162
147	0.01248851677730171
148	0.010236058084357829
149	0.22519717025220745
150	0.07236230210989945
151	0.2766077551025627
152	0.48928257951243526
153	0.03511167897518304
154	0.25331099189631645
156	0.0017698481617014553
157	0.5320660277072697
158	0.28785844989107057
159	0.24500362384128743
163	0.2618243368813979
165	0.07907840018561511
166	0.06804406212867314
167	0.04496036820799758
168	0.25174632919871665
169	0.017612889637640572
170	0.2838930544071211
173	0.04379362858533656
174	0.24960443162436421
175	0.25190155848841667
179	0.029829143412936517
180	0.28611928497111067
182	0.30698959222645994
186	0.2594481377041662
187	0.024020399575270635
188	0.028433274750666954
190	0.4200687004641468
193	0.032499000318630976
194	0.2927594096356869
195	0.30390580693318947
197	0.441128281121115
198	0.03317983505737993
199	0.27900454467845603
200	0.029027311883665197
201	0.053663432545392756
202	0.037603524942439
204	0.2428040585828505
205	0.1581436949324934
206	0.34218040467154476
211	0.24770081616502848
212	0.07749485778751587
213	0.06521281316443683
215	0.27870535010033
218	0.2698272148400542
219	0.4778266033909918
220	0.12913058183941084
223	0.27328782218089603
224	0.2208832171286709
225	0.05447207564974792
227	0.29446830298862425
228	0.06972096236556699
229	0.1876202976610936
230	0.04399068624034673
231	0.5094372673259917
233	0.03581632230072762
234	0.29677897757262367
236	0.04492677523947293
238	0.7556637033669436
240	0.011027366118589399
241	0.32048944341648666
243	0.0721135930386853
245	0.27059859785161283
246	0.24477346184625767
247	0.2569698979291064
252	0.25499560744316735
253	0.5166199463127354
254	0.7306327106618971
255	0.2368027575170386
257	0.47548220551369724
258	0.29429285827651924
259	0.10428116040568258
260	0.26677576859112745
261	0.27169847798951224
262	0.0624096019431646
264	0.5373363112932951
268	0.2227398030884615
270	0.04908000891890571
271	0.008443311220399624
272	0.015242860999429612
273	0.018979512021222927
274	0.24740357561604492
275	0.48795709196299586
276	0.005658367163849792
278	0.2695078491776662
280	0.0707954633746502
281	0.28513763059245034
282	0.07805173850200185
285	0.02996601391950054
286	0.056841145297944054
287	0.22065829927700514
289	0.3027182146309872
290	0.2680323282693472
291	0.036779096814362075
292	0.028547001023601783
293	0.0014483396603829322
294	0.22163772823536346
295	0.03952071191597821
296	0.24252580488573997
298	0.005942879742811373
299	0.23764230974656206
301	0.24229241159372855
302	0.5526812612006218
304	0.04262937410238109
306	0.26536532205701124
307	0.04421474995597989
309	0.262254042242938
310	0.4408228175978689
311	0.2049684991820384
313	0.22929533344373867
314	0.27528995973620174
316	0.30282758333214294
317	0.03462620132649183
318	0.06092856731953576
319	0.025637364791682982
320	0.010180778827766912
323	0.004008122635168913
325	0.2701147091830631
326	0.0036416912122068795
328	0.28964198359849225
329	0.012300067698032217
330	0.23815328978085476
331	0.2525363963082345
332	0.0005229636152665473
333	0.2846530521897007
336	0.2539325180192593
338	0.2407582845437224
340	0.04984429651516578
345	0.5361716140592361
346	0.27043591456826643
348	0.24237437486748456
349	0.04652312221176223
350	0.01853692936171445
351	0.29412147713071096
352	0.48506293274925943
353	0.013603031877353348
355	0.10366875991781675
356	0.05691955103637546
357	0.011736720728124102
358	0.0002503455893142492
359	0.22322999046192285
362	0.19123010570678278
364	0.006311056349659051
367	0.25073521105103347
368	0.2290226626194233
369	0.48810462669099514
370	0.07960971503331299
371	0.05663617535266953
372	0.2644505529075868
373	0.2509616194016755
375	0.2825167483478352
376	0.007648271346993658
378	0.03557011672877054
379	0.2792255386843474
381	0.2811811514248991
383	0.2718717853605849
384	0.277465279689997
386	0.18757703761063788
387	0.21604089454577868
389	0.22169252597903932
390	0.28545679168946936
391	0.05210391547078612
392	0.07785548942574452
393	0.24906411045983437
394	0.28327110825758506
396	0.4194429109049512
398	0.06165339711141307
399	0.28360443205063623
400	0.025433534210198217
402	0.04352494884991678
403	0.2658360152605842
404	0.008994144056965959
405	0.4151712614947171
407	0.05336572400070992
408	0.06871598058711577
409	0.21809966315629445
410	0.29299613913990513
411	0.314706656750332
412	0.28909437903054797
413	0.5189592127799403
415	0.02210173374536352
417	0.058309623263932964
419	0.0169593258022926
420	0.23256158008924224
421	0.2575155523652885
422	0.021783366298588257
424	0.3278303418078967
426	0.24891496460964285
427	0.04772292223683165
428	0.01178226553705308
429	0.02729316493335132
431	0.2501898236422908
432	0.032901549503042464
435	0.47859519636344006
437	0.02899113984708133
438	0.013491211892538654
439	0.24008035310288536
440	0.21864220057020448
441	0.4855973381569814
442	0.053670050358378955
443	0.2173988125089512
446	0.5345640989999705
448	0.2935711325420626
449	0.24183001133177495
450	0.2553179189092694
451	0.27188460239460477
452	0.18439637875619966
453	0.01364857364331118
454	0.21357838769565238
456	0.24792543745337106
459	0.2662081840005589
460	0.286311627814084
462	0.3528263179835849
463	0.013037045039347231
465	0.298157961816233
466	0.020789387213285326
467	0.03309078366874363
468	0.27785869224166704
469	0.0072367042082956
470	0.2490539613358312
471	0.4792963042598641
472	0.47731188011871356
473	0.04542825953466667
474	0.025142266878256873
476	0.43844563623794375
477	0.3187619582401207
478	0.09765386140941323
481	0.4554415750765212
482	0.26493610777597887
483	0.25769247252145966
484	0.4826110406966152
487	0.009635307287956522
490	0.23841370281100532
491	0.011968821248834846
492	0.46222402618550634
493	0.05044601339025158
496	0.04747540866728806
497	0.016073451869932143
499	0.03285190505283736
501	0.010731321388965265
502	0.4878384508048154
503	0.022078397917405828
504	0.0065909599697232465
505	0.2682957637687611
507	0.0014378188011324802
509	0.17970912194582184
510	0.055283617299436955
511	0.29620545387243047
513	0.2542632434251018
515	0.0028279268860259346
516	0.23535321280089957
517	0.5481759414820714
518	0.013638324099247884
519	0.054647021583503624
520	0.544374873502261
521	0.2484502588954205
525	0.2564002061094105
528	0.030809032693521927
529	0.30846365729991526
530	0.026063640500522713
531	0.2506044772122926
532	0.033213126792975015
533	0.4719651685985406
536	0.24146465401994016
538	0.0026883207056597747
539	0.04039956949219687
540	0.2331715112189218
541	0.045294761914093165
544	0.2007163113524259
545	0.4815103318646872
546	0.22630675732908115
547	0.23928642456172972
548	0.2100508870774075
549	0.010355009581416691
550	0.4809938457517097
552	0.4665806505149908
553	0.006120497732903338
554	0.48481641430397776
555	0.07031419800655374
556	0.03747656187058529
557	0.3122687568466227
559	0.25273827194571813
562	0.10187192805826673
563	0.5183379998098951
564	0.526605533990202
565	0.4842892818636338
566	0.013921370674573531
567	0.03808369788863065
568	0.004830680107463545
569	0.04612415223315687
571	0.015263682805680561
572	0.31737915577448894
573	0.007622133791324627
574	0.3033263105266547
575	0.4754785528229342
576	0.23645680899554883
577	0.2586309746573259
578	0.2690170773505686
580	0.5255056680626106
583	0.018399509271236413
584	0.23792763772284128
585	0.0011138242983909363
586	0.2523678639326962
588	0.2757653798215856
590	0.25353304601698984
593	0.24706592177618478
594	0.0014306017449688298
595	0.028881860930926734
596	0.522928951741753
597	0.5570968254942769
598	0.009728570584600072
601	0.4226795128530331
602	0.27675820920416605
606	0.01690799328333372
609	0.06834456332278169
610	0.005820633559794463
611	0.24818002807709993
613	0.23701164003079164
615	0.24334347415180313
616	0.2291974796799643
618	0.28402931618019867
619	0.2474532685062867
620	0.4834999247420479
621	0.21410666509712845
622	0.26901226770612957
623	0.4235060619582325
624	0.006490883527996594
625	0.21771485586405306
626	0.18476680206608254
627	0.26548365766981963
628	0.00933036332396953
629	0.2576532959979042
631	0.08567676103381547
632	0.5248132481924245
633	0.22525840700277674
634	0.22367754378605997
636	0.27329212248321555
637	0.22140942936590646
638	0.31041653776381256
639	0.26074932175448123
640	0.28972954612747315
641	0.0563578680088347
642	0.9950418444136938
644	0.25184451697574906
645	0.03902103229885143
646	0.22224091997952583
647	0.03916262745882814
648	0.446748852452464
650	0.5157012819240605
651	0.4671182855419045
652	0.286791434816426
653	0.24837750006844858
654	0.23321296590399082
655	0.04236543241820824
657	0.043730378535907964
660	0.28085347548426104
661	0.022404636238715532
663	0.22465216539287297
664	0.04383677309275655
665	0.05466420770285825
666	0.007504889001053915
667	0.28910565635950763
669	0.010882153167845389
670	0.04653053708518363
671	0.2706638949890316
672	0.02277139178716538
673	0.24889765936744784
674	0.23609989621025138
675	0.19759986867949828
677	0.015588942769614329
679	0.2606513533145778
681	0.570576891098688
682	0.004344796628077428
683	0.06111094216531693
684	0.006002494498388952
687	0.2836250339754592
689	0.7124382053003582
690	0.011759606964714162
691	0.003411967169539034
694	0.23095866154930725
696	0.01386025467529791
697	0.4500685829328391
698	0.4521035813646693
699	0.2733695139967335
700	0.253186283264129
701	0.2507534040732922
702	0.22329570002634552
703	0.2118616225965624
705	0.2539308312333303
706	0.2545743460729418
707	0.054679742474072854
708	0.7244828271471992
709	0.010298349574654912
711	0.2947557776787291
712	0.24697362818673274
714	0.4858922300583364
715	0.01865717906237996
716	0.23055644727615063
717	0.040403626519165264
718	0.5022173156005533
720	0.02157266480232884
722	0.4630503946797718
723	0.4750052366271421
724	0.34218040467154476
725	0.4557768412950384
727	0.24204287852786502
729	0.5992840591455986
731	0.3268376158767949
733	0.006831350101671619
734	0.29187052712037187
735	0.23943572029521937
738	0.0015367932509854007
739	0.314906637334641
741	0.02668273896894651
742	0.006684330509026677
746	0.3087750702231822
748	0.016369605371649165
749	0.5305877189341058
750	0.20737163883294216
751	0.08951015049678887
754	0.25057071152656074
755	0.00652058070442103
756	0.5376153161430968
760	0.2902737731192856
761	0.011667566101607005
762	0.4521802779695834
764	0.05924781110749297
766	0.23248412329623422
767	0.05795058485774387
768	0.20791898243544052
769	0.017324474668791574
770	0.05339087867907577
771	0.061197747145642786
772	0.2222186517511466
773	0.03871576099196394
774	0.06036169509756795
775	0.2560967225644851
778	0.1833216156752877
779	0.06949764931338022
781	0.1995178844452119
785	0.21798365813027032
786	0.026857773591713843
788	0.25685829629024026
789	0.26645464187764334
791	0.4994237475144783
792	0.008974057000624421
796	0.4917222107724853
797	0.2812113853875947
798	0.2948768852277148
799	0.010140284947603481
800	0.2854567916894693
801	0.2888148909097425
802	0.25284591837319
803	0.031263910983248225
804	0.2643661393823493
806	0.017195191934948922
807	0.03345009897238707
808	0.01094151942730288
809	0.17928835223384948
810	0.5213354692174013
811	0.24468003373459887
812	0.26718807207965134
815	0.27799973854402055
816	0.03414053307843458
818	0.17357649576133752
819	0.2148243419133792
821	0.027976408967384465
822	0.04025619771513131
825	0.4883500682532268
826	0.21238038798677936
828	0.2112415882579402
829	0.28718690715541856
830	0.27339482360131734
831	0.22137255188596178
832	0.25900264762515013
834	0.47056140261105867
835	0.03973520942865847
837	0.3235792722570879
838	0.3117664734297801
841	0.2107040184583046
842	0.21178672985158103
844	0.286536684991237
845	0.059339675361803124
846	0.0030673975268392002
847	0.25645296223162806
848	0.25637629742631796
849	0.27449939373845744
850	0.2897097905375955
852	0.03002778228392302
855	0.2578111597524199
856	0.2369736469479951
857	0.10206456081037363
858	0.2297658902627916
860	0.22635210274215567
861	0.08468512369158747
862	0.25365268610085234
863	0.46646968208276224
864	0.22414215045548466
866	0.2721966246364561
867	0.2237838194164643
871	0.006567163986339691
872	0.25644736233410287
873	0.2979910278948123
874	0.2821971630741988
876	0.2299495356531152
877	0.002767505810247789
878	0.02553777471092205
879	0.21501458551387784
880	0.016746539942675852
881	0.2548831647757877
882	0.2698178404176661
885	0.23032324917417651
886	0.23108742971800952
887	0.23350111558556894
888	0.4939906540119361
891	0.30028479347609704
892	0.013782243248592417
893	0.023016421855502282
895	0.028342989179997342
896	0.28296491580566796
897	0.2688389135761257
899	0.06394852822280672
900	0.16866067144704683
901	0.2266854665391716
903	0.30856036326263414
904	0.0729597487770616
906	0.30527103356555085
907	0.041329899981284904
909	0.26196844482442866
914	0.23899465943567155
915	0.24454453152110794
917	0.05397899667662258
920	0.4959062497312321
923	0.24805194656646112
924	0.2537470759858614
925	0.024078679429287278
926	0.21390388112088546
927	0.46843574638413016
930	0.23013984963944456
931	0.026736799258116742
932	0.025988049856091263
933	0.023372344157893295
935	0.5002464972819965
936	0.24043002664101928
939	0.2547035079806368
941	0.2948155787323769
943	0.04309379925160675
0	0.0
0	0.0
0	0.0
0	0.0
0	0.0
0	0.0
0	0.0
0	0.0
0	0.0
0	0.0
0	0.0
0	0.0
0	0.0
0	0.0
0	0.0
0	0.0
0	0.0
0	0.0
0	0.0
0	0.0
0	0.0
0	0.0
0	0.0
0	0.0
0	0.0
0	0.0
0	0.0
0	0.0
0	0.0
0	0.0
0	0.0
0	0.0
0	0.0
0	0.0
0	0.0
0	0.0
0	0.0
0	0.0
0	0.0
0	0.0
0	0.0
0	0.0
0	0.0
0	0.0
0	0.0
0	0.0
0	0.0
0	0.0
0	0.0
0	0.0
0	0.0
0	0.0
0	0.0
0	0.0
0	0.0
0	0.0
0	0.0
0	0.0
0	0.0
0	0.0
0	0.0
0	0.0
0	0.0
0	0.0
0	0.0
0	0.0
0	0.0
0	0.0
0	0.0
0	0.0
0	0.0
0	0.0
0	0.0
0	0.0
0	0.0
0	0.0
0	0.0
0	0.0
0	0.0
0	0.0
0	0.0
0	0.0
0	0.0
0	0.0
0	0.0
0	0.0
0	0.0
0	0.0
0	0.0
0	0.0
0	0.0
0	0.0
0	0.0
0	0.0
0	0.0
0	0.0
0	0.0
0	0.0
0	0.0
0	0.0
0	0.0
0	0.0
0	0.0
0	0.0
0	0.0
0	0.0
0	0.0
0	0.0
0	0.0
0	0.0
0	0.0
0	0.0
0	0.0
0	0.0
0	0.0
0	0.0
0	0.0
0	0.0
0	0.0
0	0.0
0	0.0
0	0.0
0	0.0
0	0.0
0	0.0
0	0.0
0	0.0
0	0.0
0	0.0
0	0.0
0	0.0
0	0.0
0	0.0
0	0.0
0	0.0
0	0.0
0	0.0
0	0.0
0	0.0
0	0.0
0	0.0
0	0.0
0	0.0
0	0.0
0	0.0
0	0.0
0	0.0
0	0.0
0	0.0
0	0.0
0	0.0
0	0.0
0	0.0
0	0.0
0	0.0
0	0.0
0	0.0
0	0.0
0	0.0
0	0.0
0	0.0
0	0.0
0	0.0
0	0.0
0	0.0
0	0.0
0	0.0
0	0.0
0	0.0
0	0.0
0	0.0
0	0.0
0	0.0
0	0.0
0	0.0
0	0.0
0	0.0
0	0.0
0	0.0
0	0.0
0	0.0
0	0.0
0	0.0
0	0.0
0	0.0
0	0.0
0	0.0
0	0.0
0	0.0
0	0.0
0	0.0
0	0.0
0	0.0
0	0.0
0	0.0
0	0.0
0	0.0
0	0.0
0	0.0
0	0.0
0	0.0
0	0.0
0	0.0
0	0.0
0	0.0
0	0.0
0	0.0
0	0.0
0	0.0
0	0.0
0	0.0
0	0.0
0	0.0
0	0.0
0	0.0
0	0.0
0	0.0
0	0.0
0	0.0
0	0.0
0	0.0
0	0.0
0	0.0
0	0.0
0	0.0
0	0.0
0	0.0
0	0.0
0	0.0
0	0.0
0	0.0
0	0.0
0	0.0
0	0.0
0	0.0
0	0.0
0	0.0
0	0.0
0	0.0
0	0.0
0	0.0
0	0.0
0	0.0
0	0.0
0	0.0
0	0.0
0	0.0
0	0.0
0	0.0
0	0.0
0	0.0
0	0.0
0	0.0
0	0.0
0	0.0
0	0.0
0	0.0
0	0.0
0	0.0
0	0.0
0	0.0
0	0.0
0	0.0
0	0.0
0	0.0
0	0.0
0	0.0
0	0.0
0	0.0
0	0.0
0	0.0
0	0.0
0	0.0
0	0.0
0	0.0
0	0.0
0	0.0
0	0.0
0	0.0
0	0.0
0	0.0
0	0.0
0	0.0
0	0.0
0	0.0
