2	0.00991396471644863
4	0.014604641928952947
5	0.08605959152529258
6	0.281096255666705
8	0.03899883754814592
9	0.5140116517261176
10	0.04897952963576921
12	0.5206111859123894
15	0.06282706705407476
17	0.039381561056976204
18	0.2666494743299197
19	0.028330792640000026
20	0.043784444600038934
21	0.16723030206519798
22	0.2443555216040756
24	0.4879529305132588
26	0.21510941849896134
27	0.5605119967253983
28	0.3030086329932119
29	0.2606092060957234
32	0.26689800731718094
33	0.028072724914833015
34	0.19169727565485575
35	0.2879182320097207
36	0.005590392855220134
37	0.24855129607602294
39	0.009639552377690517
41	0.0462150949955816
42	0.2519656454278161
43	0.24215097284068396
45	0.2900560456645273
46	0.26939883100235773
47	0.013833225303296014
48	0.2585599811784496
50	0.4983677363739755
51	0.29640260923354067
52	0.015536103625449466
53	0.013879075218707276
54	0.29215786171092495
55	0.275946176849593
56	0.29694617940733753
57	0.2933475338185839
59	0.2786531668187688
62	0.01877052689725768
63	0.012972240124267287
64	0.027338140630790517
66	0.2573156013151313
67	0.23125407819793656
68	0.24136789931348512
69	0.05191934656332147
70	0.31734148866407047
71	0.2896797296609137
73	0.2863793322915897
74	0.016208277212611047
75	0.016925913043964
76	0.2826012382935088
77	0.29379797315086587
78	0.2863491867340927
79	0.26238141576309815
80	0.5264271897171116
81	0.03139846368039567
82	0.23360379176062898
83	0.001993924782247296
84	0.051876349550836934
86	0.012246595449489396
87	0.062213444873611495
88	0.5412482512373518
89	0.25468791576559685
91	0.277416351509556
92	0.2682245034553841
95	0.03559690219239235
98	0.004574750930419445
99	0.03673639912485749
100	0.2555662583370249
101	0.5504284514523591
102	0.03931324151975539
103	0.5287636872642892
105	0.0055901026346381714
106	0.006230947249920325
107	0.312353443478488
110	0.02979562751336606
112	0.26554754365263533
113	0.23772048844296026
114	0.21416979833798006
115	0.04364193946637496
117	0.2988422226178136
118	0.2714375386247606
119	0.3006729843759587
120	0.2644867799663398
122	0.27322858774242126
123	0.2121029731524152
124	0.014572901087676535
126	0.4713255286185644
127	0.5020920596808722
128	0.29010008684200883
129	0.5038217960048605
131	0.5017360464727859
132	0.007083001409783712
133	0.22609168978426086
134	0.2616593325531468
135	0.27448091374047634
136	0.25707797943028615
137	0.008115490500509696
138	0.2484449900820982
139	0.5147254003717034
142	0.31370779024304063
143	0.26954280455769775
145	0.4766486903133127
147	0.27172839207679006
148	0.02944500355006423
149	0.5022553706357438
150	0.05201386709494397
152	0.2752491678392955
153	0.06004915508864547
155	0.26253358488512785
156	0.49319529891995256
157	0.29106731554883053
158	0.24767360015010076
160	0.5024739887383605
161	0.1510428804499255
163	0.2024531988372639
164	0.05600870063787892
165	0.03746277638009886
166	0.2657578344866498
167	0.2805129555336601
168	0.49369998481606847
170	0.009237116103727672
171	0.03855883544444161
173	0.016190247380273345
174	0.3076182602331334
175	0.06438914428219929
176	0.2422939407825786
177	0.26763494709372415
182	0.044463248478101854
183	0.2611541287982425
185	0.2172236304195794
187	0.2619224648006191
190	0.5682193411622964
191	0.2210333662472903
192	0.037758592970997915
193	0.05967709676798192
194	0.051144203858520844
195	0.2664075850949586
197	0.25280175046095643
198	0.2366069877032038
199	0.018473537737544066
202	0.03207556152261929
203	0.33835720630038874
204	0.7356488922064789
205	0.1993102666199717
207	0.06499035001577272
208	0.28396737725611654
209	0.13587339688429179
210	0.013762903976805498
212	0.3247888813362876
213	0.280751739215803
215	0.2578365700241976
216	0.03538962911690718
217	0.046334399709247714
218	0.06747809528987961
219	0.5089546500886415
220	0.2648659015332032
221	0.024639438976588497
225	0.2592902172851477
227	0.021585225606013923
228	0.09874656952024458
229	0.5221687456628634
231	0.026328752959769854
233	0.29664932816714673
235	0.03859515321396473
237	0.011950699941168957
238	0.04492547750876141
240	0.2389148134367312
241	0.5374941700491709
243	0.010720213464693387
244	0.27433018843053236
246	0.3498010428951348
247	0.2958400450820173
249	0.2535193724775326
251	0.29541057609042354
252	0.033718713409889425
253	0.023965483265599104
254	0.28975994737875777
255	0.44256749754044444
256	0.021024455672181263
257	0.23384269971887478
258	0.554941052821776
260	0.5038656112328497
261	0.5240086907867021
262	0.2663810133387747
263	0.2627270903349649
265	0.22446379523458623
266	0.4780616074392583
270	0.2623382664501505
272	0.001012407331120773
273	0.28103318731921967
274	0.49169087805239425
275	0.5086869713583851
276	0.2544325779755846
277	0.262031150834645
278	0.5683584671278755
281	0.2767714951967249
282	0.3072271812830478
283	0.7209210571532698
284	0.25330972311150934
287	0.2656328617428315
288	0.2689483555554662
289	0.09659082472112202
291	0.025352331725161718
292	0.01909137488959141
293	0.004504289400082111
294	0.036663658644607515
296	0.2757473848750607
297	0.0018617904049109887
298	0.029162696495719634
300	0.40766408351482813
301	0.261334902556579
304	0.2949407306094742
305	0.18341642689492804
306	0.5167965931013682
310	0.31789416948352733
313	0.037645486248733435
316	0.003791861834510739
317	0.5110781908748365
318	0.013729142540978807
319	0.29564633052116135
320	0.26859553174541356
322	0.02119700387817613
323	0.048709091895021976
325	0.029535285564924265
326	0.04073952914303697
328	0.05171869760406039
330	0.2577117300217521
332	0.25126729469835585
333	0.002706593903589856
335	0.5121093385505437
336	0.01836034132344433
337	0.01333608553653225
341	0.39184680689766815
342	0.00815585177826817
343	0.008835874264387783
345	0.011705905030277085
346	0.2892007482885834
347	0.03433492387895369
348	0.32252086018310516
349	0.5345246269452048
350	0.24168465013376428
351	0.006732288537537212
352	0.0758218390038767
353	0.5063978888026669
355	0.28906950498059586
356	0.018498807365287098
357	0.27975634528626486
359	0.27230129979149925
362	0.2698747284167749
364	0.0002830614258670927
366	0.5035635748639471
367	0.2838976055762976
368	0.5294478907214238
369	0.2883642217931842
370	0.03303406579405567
372	0.2644759468014917
373	0.004615279638921253
375	0.5299569075766958
376	0.033799023558156185
377	0.7547320043228816
379	0.027637399080828268
381	0.026687377733043603
382	0.014799386077849364
383	0.2710397799500095
384	0.019763353057914032
386	0.19503818333605183
388	0.018711237530872428
389	0.029492493900776726
391	0.21333636806481518
393	0.027642646127195927
394	0.03022255168573538
396	0.0007296581817040522
397	0.0007806262555587959
398	0.040259070782915435
399	0.01608084333245479
401	0.045959785857134075
403	0.26609516783162307
404	0.21651816992406436
406	0.01915110376769129
410	0.5573465784726341
411	0.27556207731150567
412	0.2529712132953801
413	0.04844997221805006
414	0.2620897764321937
415	0.25445518046065363
417	0.0366851785348308
419	0.305228220960015
420	0.2497338486476148
421	0.28032784460865695
422	0.27161721465131655
423	0.01635550271001803
424	0.026728245739849374
425	0.23650433459747303
426	0.034414417370973574
427	0.4964532673044858
429	0.02605317082380683
431	0.26312061131450326
432	0.5340574982791421
433	0.22737887221566605
434	0.01745608479671982
435	0.273038839580063
436	0.0011523726344752697
439	0.2718432149055597
440	0.02898392165527262
441	0.27208344304372817
442	3.830022415219486e-05
443	0.5303362066410201
444	0.2624694478785906
449	0.2590694290817969
450	0.27367550077847647
451	0.1937281854485435
453	0.26580161359258314
454	0.014228804437333969
455	0.007247221003591063
456	0.030953232893311262
459	0.05305446837724884
460	0.023678274333412554
462	0.03980042889497884
464	0.27241805237351047
466	0.03491967981097714
467	0.02783315611904147
469	0.024070079197281647
470	0.5328812239704365
471	0.2781884106339315
472	0.7617060901190164
473	0.2655768534143045
474	0.030445263532379235
476	0.49977214957008353
477	0.25555851634094057
478	0.009522020242204415
479	0.2665026616971467
481	0.013724551406043992
482	0.5011630016159657
483	0.28008492206551894
484	0.044567346516031
485	0.013282446584841564
486	0.00469868506056088
487	0.2642155230578603
492	0.276882492118887
493	0.026172108663670854
494	0.4963390025250723
496	0.5318208786374234
497	0.2818705630580993
498	0.003201533761171216
499	0.017325462686273975
502	0.31443814642385326
503	0.020002116861395736
505	0.05081551076760954
506	0.04629198655029624
507	0.2573604923019645
509	0.20141320606185248
510	0.27626691819313787
511	0.5563460580403343
512	0.497663886670683
513	0.06472812052330171
515	0.02345660205216059
516	0.0071966237734638686
517	0.05098100241447165
520	0.4972955709246654
521	0.010275340867158624
522	0.2533990592018116
523	0.02965575748170461
524	0.26415801177548104
525	0.242495138155881
527	0.21602235938239772
528	0.30149657975496896
529	0.2812651395744999
530	0.2812998912934569
531	0.2719691586046094
533	0.024909659705594982
534	0.5093601572829712
536	0.03445599180840048
537	0.24466294658791546
538	0.016347521251806274
540	0.5252563388735183
541	0.037954937837047384
544	0.42482431720772407
545	0.02696104250597095
546	0.25560401634833174
549	0.26105466541831773
550	0.29997895451296785
552	0.5077992943303706
553	0.012254576873596205
554	0.2740708417475584
555	0.01410139340116262
556	0.0435498852630676
557	0.07042293891204993
558	0.2799848302807273
559	0.003906422410340289
560	0.014740915653573057
561	0.0061397029749160476
563	0.2921005091292477
564	0.2797550270078915
565	0.020347932517738844
568	0.015628184943790483
569	0.024002943208586557
570	0.03234158520114643
572	0.0035547168742204975
573	0.019750283660241147
574	0.49201213194442783
575	0.223706498077397
576	0.015207663375749095
577	0.027293117661369548
578	0.5173131306814561
580	0.2671427340306026
582	0.06838969420047017
583	0.28328171354717546
584	0.054236410272262475
585	0.22232194657797757
586	0.27700735439372803
587	0.004317569809865543
588	0.2503375069106362
590	0.23559790469590314
592	0.0346272538508574
593	0.2737905935999141
594	0.27424145838734665
596	0.28681649834604755
598	0.30274149124820116
599	0.04221865014935107
600	0.057319213183497156
601	0.2223579695882707
602	0.3170619527464829
605	0.27387727269242435
607	0.2875308348084969
608	0.060920837586184495
610	0.5094006694099659
611	0.26549520786977454
613	0.002991504500385808
614	0.18778006967759892
616	0.030594934443469203
618	0.28284405145207836
619	0.025972485330047822
620	0.28087866512092086
622	0.2651543481145626
623	0.000287705894692028
624	0.012910662216259142
626	0.21288670345314936
627	0.03496476855424877
628	0.024002943208586543
629	0.010308736470276358
630	0.5009926713310372
631	0.20886626612016918
634	0.03026818238625581
636	0.0014488997345224394
637	0.04331955973672094
638	0.2653419333465802
639	0.0035545994010166074
640	0.03156603852300364
642	0.29291552266218157
644	0.27328016571937525
646	0.24280047531671542
647	0.017344946809483307
651	0.25532483978965187
653	0.2506194368072887
654	0.012625579972288102
655	0.03989654530545646
657	0.3035836771027155
660	0.057389723927260966
661	0.04744183677313789
662	0.4955882199278886
663	0.2681419404689225
664	0.011819353002882532
666	0.016613461144467483
667	0.03375198235578476
668	0.21274553787335815
671	0.0246455820696281
672	0.5254434316528984
673	0.2765608306468424
674	0.30702402868915346
675	0.22883097609370373
677	0.23929942119408937
678	0.200895630319658
679	0.281948787784938
680	0.012906027657462297
681	0.30193347112093916
682	0.020688706083992772
686	0.2631796760784397
687	0.490049629974123
688	0.014299625741285606
689	0.24452775117710532
690	0.017124020050311696
691	0.25746376858926734
694	0.020201706009013214
695	0.2255901793275247
696	0.27164044614922955
697	0.02623644603379063
698	0.5060554546684203
699	0.026954574161689684
700	0.050284999228663085
701	0.037009438199237674
703	0.4826775653180317
705	0.5112776244956836
706	0.027209272297140725
708	0.28481171382270354
709	0.2526791348385663
712	0.4982798817072106
714	0.029674786426573115
715	0.04489997024168253
716	0.25179582266290357
717	0.001230457917883343
719	0.06404665656136024
720	0.04549896720160296
722	0.02537025555237971
723	0.2618260144205657
725	0.5033283877445557
727	0.2187437999185506
728	0.06029179292861571
729	0.03031037069171352
731	0.03338909103060032
732	0.4643589526772577
733	0.013882245344911007
734	0.040791211701016926
736	0.19955447420329453
737	0.28267462467076726
738	0.02587435670290309
739	0.23550434215028293
740	0.02459207049295511
742	0.020399212221836015
743	0.011100504258580595
746	0.31251835895293956
747	0.030829035770232972
749	0.036639717801617976
750	0.2881082757808213
751	0.06856469477470364
752	0.04721374369632688
754	0.25175249598908744
756	0.25638521277717913
761	0.029790465625198805
762	0.0228737546520972
764	0.03286636072041196
765	0.26786628544907415
766	0.03945328845997062
768	0.2183616355382824
769	0.27375701479384296
774	0.08774139644805701
775	0.512363929919028
776	0.2502630177299792
777	0.021297103378087073
778	0.2969385908331384
780	0.02562468476064359
781	0.21683508143527977
783	0.24139357593092015
784	0.025682440255195907
785	0.2567945368547341
786	0.029151422120329968
787	0.021037426313716533
788	0.058894473052454016
789	0.013399912805760777
790	0.24055430694825186
791	0.2317661528787151
792	0.05837955488813735
794	0.24765805276783526
796	0.011426523642789711
797	0.364469145417842
798	0.26296088709790594
799	0.005162030110301127
801	0.2553150204550775
802	0.02862187980212278
803	0.2501509581497439
804	0.04189578111255972
807	0.2856180238314894
808	0.23696928647785456
809	0.5087228453538276
810	0.2502329446967202
811	0.26116097887195894
812	0.49968291745915294
813	0.27394915174631324
814	0.2443112100862234
815	0.037626795588943565
816	0.5279177062458933
817	0.5051377650738395
818	0.47951692998802886
819	0.2362174805709246
820	0.06291533778731766
822	0.25736707999907793
824	0.008956265399900055
825	0.028006697477031252
826	0.2708171737476168
827	0.4950893670650031
828	0.010778553664411036
829	0.02400294320858653
830	0.0343917438054201
831	0.0026972253719966845
832	0.4993021108479265
834	0.5158668970518191
836	0.22672329669209867
839	0.23338761106932954
841	0.23440190428137508
842	0.013211531951141914
844	0.5347904920498675
845	0.2906369174598716
848	0.020783286399224728
850	0.2908828948715225
851	0.0358879873584213
852	0.5348448634405163
854	0.029032723345967973
855	0.0008721368983027958
856	0.06980602565085048
857	0.0023638999241490273
858	0.5115736525758733
859	0.4970288944417636
860	0.2506287945200391
861	0.20508007385850474
862	0.05094546439968302
863	0.5157239981848167
864	0.23176404625149186
866	0.17797945984566457
868	0.026505661103601377
869	0.2570172118572958
870	0.0001731927220965275
872	0.28307180777638896
873	0.47314921997052567
874	0.02624295117082375
875	0.016661998029821146
876	0.2516788419031654
878	0.02081741079368126
879	0.5183946007701968
880	0.2546980132725039
884	0.21125285058765314
887	0.002541212397763854
888	0.47658451142428593
889	0.2672897255832782
891	0.4739542229321356
892	0.011641600350936275
893	0.2730814212045474
896	0.02217678893725034
897	0.2833667387824642
900	0.004180897408322823
901	0.00021324072533406013
902	0.047787093213528566
904	0.24569227472967486
906	0.274299740998692
907	0.008632949161957455
909	0.2626108671946731
910	0.20871958611669025
911	0.024245383263513123
914	0.16029856383830507
915	0.5017084582183421
916	0.212295842441881
917	0.2685069641978086
920	0.23238851695257282
921	0.25331099189631645
923	0.5221821270441414
925	0.25055457537390546
926	0.4780638329499082
927	0.2584683416922825
928	0.011710445132839201
929	0.07695481426640444
930	0.24327521381867231
931	0.013099118814891082
933	0.027944232856927095
935	0.2858191468323787
936	0.03785316628328697
938	0.03715474175551547
939	0.5373100610923647
941	0.06712826305866285
943	0.03757586340853605
0	0.0
0	0.0
0	0.0
0	0.0
0	0.0
0	0.0
0	0.0
0	0.0
0	0.0
0	0.0
0	0.0
0	0.0
0	0.0
0	0.0
0	0.0
0	0.0
0	0.0
0	0.0
0	0.0
0	0.0
0	0.0
0	0.0
0	0.0
0	0.0
0	0.0
0	0.0
0	0.0
0	0.0
0	0.0
0	0.0
0	0.0
0	0.0
0	0.0
0	0.0
0	0.0
0	0.0
0	0.0
0	0.0
0	0.0
0	0.0
0	0.0
0	0.0
0	0.0
0	0.0
0	0.0
0	0.0
0	0.0
0	0.0
0	0.0
0	0.0
0	0.0
0	0.0
0	0.0
0	0.0
0	0.0
0	0.0
0	0.0
0	0.0
0	0.0
0	0.0
0	0.0
0	0.0
0	0.0
0	0.0
0	0.0
0	0.0
0	0.0
0	0.0
0	0.0
0	0.0
0	0.0
0	0.0
0	0.0
0	0.0
0	0.0
0	0.0
0	0.0
0	0.0
0	0.0
0	0.0
0	0.0
0	0.0
0	0.0
0	0.0
0	0.0
0	0.0
0	0.0
0	0.0
0	0.0
0	0.0
0	0.0
0	0.0
0	0.0
0	0.0
0	0.0
0	0.0
0	0.0
0	0.0
0	0.0
0	0.0
0	0.0
0	0.0
0	0.0
0	0.0
0	0.0
0	0.0
0	0.0
0	0.0
0	0.0
0	0.0
0	0.0
0	0.0
0	0.0
0	0.0
0	0.0
0	0.0
0	0.0
0	0.0
0	0.0
0	0.0
0	0.0
0	0.0
0	0.0
0	0.0
0	0.0
0	0.0
0	0.0
0	0.0
0	0.0
0	0.0
0	0.0
0	0.0
0	0.0
0	0.0
0	0.0
0	0.0
0	0.0
0	0.0
0	0.0
0	0.0
0	0.0
0	0.0
0	0.0
0	0.0
0	0.0
0	0.0
0	0.0
0	0.0
0	0.0
0	0.0
0	0.0
0	0.0
0	0.0
0	0.0
0	0.0
0	0.0
0	0.0
0	0.0
0	0.0
0	0.0
0	0.0
0	0.0
0	0.0
0	0.0
0	0.0
0	0.0
0	0.0
0	0.0
0	0.0
0	0.0
0	0.0
0	0.0
0	0.0
0	0.0
0	0.0
0	0.0
0	0.0
0	0.0
0	0.0
0	0.0
0	0.0
0	0.0
0	0.0
0	0.0
0	0.0
0	0.0
0	0.0
0	0.0
0	0.0
0	0.0
0	0.0
0	0.0
0	0.0
0	0.0
0	0.0
0	0.0
0	0.0
0	0.0
0	0.0
0	0.0
0	0.0
0	0.0
0	0.0
0	0.0
0	0.0
0	0.0
0	0.0
0	0.0
0	0.0
0	0.0
0	0.0
0	0.0
0	0.0
0	0.0
0	0.0
0	0.0
0	0.0
0	0.0
0	0.0
0	0.0
0	0.0
0	0.0
0	0.0
0	0.0
0	0.0
0	0.0
0	0.0
0	0.0
0	0.0
0	0.0
0	0.0
0	0.0
0	0.0
0	0.0
0	0.0
0	0.0
0	0.0
0	0.0
0	0.0
0	0.0
0	0.0
0	0.0
0	0.0
0	0.0
0	0.0
0	0.0
0	0.0
0	0.0
0	0.0
0	0.0
0	0.0
0	0.0
0	0.0
0	0.0
0	0.0
0	0.0
0	0.0
0	0.0
0	0.0
0	0.0
0	0.0
0	0.0
0	0.0
0	0.0
0	0.0
0	0.0
0	0.0
0	0.0
0	0.0
0	0.0
0	0.0
0	0.0
0	0.0
0	0.0
0	0.0
0	0.0
0	0.0
0	0.0
0	0.0
