1	0.3096087896956057
2	0.034036461623441434
3	0.13988260606076208
4	0.06009555261538989
5	0.05920301194907804
6	0.034749078112722286
7	0.2638257412815428
8	0.26533097283332985
10	0.25505839866530056
13	0.5378311973914234
14	0.5370938967857838
15	0.017854335475355296
18	0.24782272813180606
20	0.003245330239343716
21	0.30732666291648647
22	0.28959106912799937
23	0.22593264345139505
24	0.02498894671899765
26	0.2902066518896976
28	0.01869029882815451
29	0.2552060744102018
31	0.06100226854870191
32	0.020296888768349168
37	0.2490959067042373
38	0.27114066249536084
40	0.012812893316755454
41	0.02389379181056482
42	0.041033475392968415
43	0.28942786081711425
44	0.05761585213052695
45	0.04152160080293781
49	0.07690673966607943
51	0.03642472913710383
52	0.01365743515729087
54	0.26593361671827737
55	0.022123461283370137
56	0.03621409705625026
57	0.022838747325010768
58	0.3257546293561615
59	0.024374300354207082
60	0.2495645976624949
62	0.05509341613547604
63	0.5226744838840234
69	0.021123759420155028
70	0.0431794286950541
71	0.003194039799639607
72	0.003440036292248712
73	0.26799315902206566
74	0.022366973354115437
75	0.017709608957334803
76	0.3037417516128387
77	0.007030365676057755
79	0.5436957097382524
80	0.08424953167433825
81	0.02317463307785074
82	0.25068918374151383
84	0.031055870452938124
85	0.27799969612914177
86	0.032176127930359996
87	0.26600783052311566
88	0.038547950564935395
90	0.29218516726187366
92	0.4900199197087931
93	0.10696850052356581
94	0.5512308635968024
96	7.964097917091684e-05
98	0.04647414638539582
99	0.23962487969593388
102	0.28346671310164806
103	0.0057342174351940195
104	0.05860832496995738
105	0.03996739907308457
106	0.007479502151132557
108	0.003712905018558886
109	0.009808318175818662
114	0.28417174010079044
116	0.5334846537635052
117	0.022166705701735102
118	0.049608246433318556
119	0.29676878889533786
120	0.017169586937449376
121	0.26590392186764156
123	0.27957367511361725
125	0.0358031653138096
128	0.02821120460188284
129	0.050607234165211894
130	0.015880572075527802
132	0.020310865862248242
133	0.010677281767170907
134	0.2541795449320648
135	0.04034460937923372
136	0.2561712519017259
138	0.04247839499234375
139	0.04794219728728159
140	0.01981938506639755
142	0.009726204053761851
144	0.27037099654855373
145	0.0855039461063995
147	0.00695309819350657
149	0.248554974700787
151	0.07508873194298629
156	0.26320825258808933
157	0.04886795171872588
158	0.2490367940963254
159	0.0035041070577592343
160	0.29740692426830734
162	0.022888036015917525
165	0.25432032523694237
167	0.28548309173816366
173	0.008833718456919736
174	0.23816152946005434
177	0.01565274034442353
178	0.5040166184789073
182	0.011363578665570244
183	0.062429258061543855
184	0.5133612047157032
186	0.041269674621186817
188	0.4976529865587572
189	0.2760344103496614
190	0.008084213568078327
192	0.03838607647863938
193	0.5058539914639644
194	0.28203780905728415
196	0.09012105493013173
197	0.10830749473845337
198	0.3308657337531765
200	0.25054561747523224
201	0.019134606721182293
204	0.07759302215783488
207	0.25296417924642767
209	0.11698995231014424
210	0.008003553896542219
211	0.010279199857800611
212	0.04739252870473491
214	0.23779207170291466
216	0.27041954852527433
218	0.29354539255821455
219	0.0034893137619809306
221	0.2826234394384505
222	0.3322816959107009
225	0.020187116717347006
226	0.5423705411918591
228	0.0646103327112054
229	0.012716372930267686
231	0.04483864056150634
232	0.07664208901834363
233	0.2508865598458007
234	0.47560172023234504
235	0.527691486923112
236	0.49187111199989303
237	0.2566066501918866
238	0.03352074079201651
239	0.29815624618114805
240	0.27318806089182907
241	0.09623845329108
243	0.22014923731543246
244	0.2506314137309635
246	0.24035580442141208
247	0.26837141794995145
249	0.4987221717387993
250	0.022801446683817582
251	0.20923833839974232
252	0.247017858263419
253	0.039452628727775406
254	0.041436462555102485
256	0.28594372913242405
258	0.0669968687956675
259	0.2216885205043067
260	0.0656949668511341
261	0.004424395679668132
262	0.005234861394151441
263	0.007504450363523998
267	0.7456772074928645
268	0.5265947966123768
269	0.5404064061924222
271	0.7568099361833793
276	0.49814855646974565
278	0.19366117686487286
280	0.24211381073063215
284	0.036462113345964546
286	0.06635409773846482
288	0.04722836153697853
289	0.12322420279618784
291	0.0008500336130063679
292	0.484022900178606
293	0.368292876026668
294	0.2446591761963491
295	0.016051086636738147
296	0.02454808344909725
297	0.05664106962920716
298	0.02833281833400103
299	0.5181893994621728
301	0.26656391539444685
302	0.05842454619120882
303	0.48497111080370064
305	0.5718860519159222
306	0.008914718678222633
308	0.30958113707649376
310	0.08449221821122227
311	0.08128613177078851
312	0.05295278584919144
313	0.020997834689794007
314	0.033492007501702434
315	0.2500901221426676
316	0.23544298276423878
320	0.2738984303138302
321	0.2789944734294768
322	0.026981111434599622
323	0.028057506811135356
325	0.4999486675890822
326	0.31330318996933193
327	0.5118273277490556
328	0.5336903733439251
329	0.48524324156328197
330	0.05353059201188438
332	0.2749207715300543
334	0.2889938531868101
336	0.02743273222785942
337	0.022695987768618253
338	0.0024541727326371776
339	0.5183287696127536
341	0.10075833061637483
342	0.31843469307217254
343	0.46613226627313953
344	0.5469816468465074
347	0.5002676603654491
348	0.2392240162527746
349	0.24043821851813216
352	0.2825073643100741
353	0.016282277317139972
356	0.017840986793834446
357	0.035231045962985826
358	0.023333599062643144
359	0.2529904197350005
360	0.7677574510121232
361	0.4977425079181261
362	0.2694229572232234
363	0.2690824465417056
364	0.0069168578325877195
367	0.046814899213396245
369	0.04666916861062245
373	0.3260724556691148
374	0.784514522423029
376	0.004564978502758929
378	0.7359514869121775
379	0.008980692978916759
380	0.30869575083897727
381	0.05103023725636447
382	0.0067399471836275815
384	0.026426236837705105
385	0.5356937789649274
386	0.3199973776511764
387	0.2946492952657532
388	0.031944247971508376
389	0.29649607386150656
390	0.0058336386136633375
391	0.07429638210224823
392	0.0034505687059922935
393	0.27262781025443283
394	0.4858335927485382
395	0.5179481075331016
397	0.27508756183910743
398	0.2546326730533601
399	0.03287534177761246
401	0.045273646884936694
402	0.06056857575827378
406	0.508735065588164
407	0.0100242373797262
408	0.024615924374832572
409	0.5064149812772771
410	0.25008123290361567
411	0.0110894671148066
413	0.0054099360623448
414	0.24528723008725248
416	0.7784057135454622
417	0.5090477360349266
420	0.26323760726678336
421	0.03205674831631153
423	0.2506741064553014
426	0.26153838948422575
428	0.01768961012059822
429	0.5092584406474435
430	0.009051589735451497
431	0.019495400282769165
432	0.025438490529638168
433	0.2831787428207832
435	0.03729112654077847
438	0.011751495149414794
441	0.02724763136796269
442	0.47218989745035445
443	0.039230116102881005
445	0.00044724449861426735
447	0.5691106890414315
448	0.08014296409547819
449	0.05761869522400454
450	0.25278426138671445
452	0.0761188659092781
453	0.29554500343519535
454	0.09215030571572021
455	0.24786910936938092
456	0.5223636552934201
458	0.3055524661398178
459	0.001908276224419421
460	0.23454779848380933
461	0.01841149935859042
463	0.2969761258574498
466	0.26017936351034904
467	0.07026612313733566
468	0.24167269071031222
469	0.013941981828147938
470	0.029391678775668763
474	0.24285553161558157
478	0.022755040952773725
479	0.5210509812246331
480	0.00579952122521029
481	0.053510259734253385
483	3.162050273121386e-05
484	0.2532654594304464
485	0.062216124616098295
486	0.5418429246714622
487	0.4983197683234561
488	0.49787372109902805
490	0.2954554149161725
491	0.045311472144463294
493	0.5163649087388923
495	0.5052589704574799
496	0.27192278503201595
497	0.25674443826602206
498	0.32191712680870166
499	0.015153869761267084
500	0.28414591617452833
503	0.025585396055330986
504	0.53288500164755
505	0.036926738393982694
506	0.5134336134720111
509	0.07693282537608856
511	0.06188070994892463
512	0.04056498906084183
513	0.05369205909889424
514	0.5033930884306889
517	0.24669548346827755
519	0.23602496257617114
520	0.0778861031382945
521	0.30612242037275755
522	0.04014159506706244
523	0.038649449239915125
524	0.2712018620858958
525	0.03895982072002785
526	0.5846762833129187
527	0.11973890286603281
528	0.26664566698665576
531	0.264142069480097
532	0.7346466251891518
533	0.05112621546237968
534	0.008368887814451352
535	0.02115812860133958
536	0.24474332552986194
537	0.5386481401182007
538	0.07789563305791983
541	0.29242056222849316
542	0.31614068538837803
543	0.234702060458061
544	0.29473788116577815
547	0.026592249169549928
548	0.07295453435140037
549	0.28795507378927687
550	0.03608403187943143
551	0.27594158955686704
552	0.02242423040349717
553	0.2650958032159273
554	0.03330244431196603
555	0.02306881556756664
556	0.28448253701010295
557	0.2470664546455508
559	0.001221215994618656
560	0.307185756523126
561	0.4968100419244547
563	0.024235144081618275
565	0.007319721188414424
566	0.03548023577203884
567	0.31718520750288604
568	0.011196109141935237
569	0.24695278988258357
570	0.021860459211981396
571	0.2311364728498542
573	0.4883356934027253
576	0.26049448171672984
577	0.5648654464988163
579	0.06432435927200128
581	0.48136803308538295
582	0.24279595336212192
584	0.016832512462317116
585	0.10057995353288057
586	0.0014217880524098614
587	0.027088727899096325
588	0.3211647217361305
590	0.31974420562529926
591	0.28519468172900336
592	0.7725692644590566
595	0.5515021348851029
598	0.23219104050464479
599	0.008322485021633456
600	0.5187647810171595
601	0.13250216634267598
602	0.015266926337738983
603	0.2931288684570268
605	0.22620802664880546
606	0.7751388951483776
607	0.03323113977935834
611	0.003995755556436532
612	0.030140897629815172
613	0.25840728374906324
614	0.040667225528240154
615	0.25918049178510394
616	0.24510425732305097
617	0.5740609965503427
618	0.025260061957957193
619	0.03634384637082526
621	0.2955021960269326
622	0.2666172109851267
623	0.06268942246243853
624	0.01732046394220988
625	0.2710321370409926
626	0.30901158856223226
627	0.26877789375251626
634	0.03353285648895575
635	0.21972671318899137
637	0.338944716284148
639	0.0458825782960617
640	0.25067995488194494
643	0.7605329685460396
645	0.5123063427784204
646	0.339418388605175
647	0.2715784820026771
648	0.0415245633504139
650	0.28428786447890003
651	0.05196892763004173
652	0.0060627649683167514
653	0.0484512863167954
654	0.27543251994622286
655	0.274635114962001
656	0.17110260625607987
657	0.2723272381184428
658	0.25090665467321316
659	0.03437419039946066
660	0.26603875904693985
661	0.23949988738332123
663	0.017405445903546646
664	0.019124877635081722
665	0.027805475110253247
666	0.4880014444935194
667	0.03607387965094175
668	0.060858615748797085
669	0.27161273707886807
672	0.030140065063649232
673	0.06245968911268978
674	0.20852244374716722
676	0.042512405897416325
678	0.010376148690317263
679	0.24440651106873826
680	0.02235981826874376
681	0.0508596715041865
682	0.49960357912418013
683	0.24418544191951505
684	0.535551969450443
686	0.0002288121694657419
688	0.006975301261716964
690	0.02158117464236954
691	0.2690043787256035
693	0.7699105010308483
694	0.024864803586026774
696	0.2457953062868518
697	0.26423114114416957
700	0.03675308639159775
701	0.23404602879784142
704	0.2794796966167816
705	0.032325677369363835
707	0.2621042168245923
709	0.5143970184987385
710	0.2624968016741216
711	0.27580059346384145
713	0.06060320277349904
715	0.27044075712260596
716	0.31085936463193775
717	0.03822940016775883
719	0.2389516672981328
720	0.26999889804910054
721	0.534734917277413
725	0.0076909854892293905
727	0.3040599478956161
730	0.01085331687411871
733	0.5451580080827133
734	0.011268571412830872
735	0.2828336159642681
736	0.27680536739168077
737	0.5074044615026809
738	0.7292366943945695
740	0.04615379680516429
741	0.7436352633709218
742	0.010341496411618745
743	0.25875557576466823
744	0.0200560260195285
745	0.2023720840894977
746	0.25084600022564274
747	0.7761701778009742
748	0.2732857539410527
749	0.26380060902482355
751	0.04375540721775362
753	0.02879742500498203
755	0.2706145286267427
756	0.008944117509366183
757	0.49675979223601685
758	0.5612883293030136
762	0.01324952316612834
763	0.08282200326148242
764	0.24059032216199133
765	0.279467251527195
766	0.2725749540867425
767	0.26419990526097736
769	0.25447539592066437
770	0.0718675562589901
772	0.25933439476471337
773	0.768285145823662
774	0.5394782615748894
776	0.3062189983242587
780	0.0049257429641647865
781	0.014499302126449697
784	0.009521513442509164
785	0.002265630088550165
787	0.23731066588728733
788	0.27751670626085045
790	0.2812318827239732
791	0.0032195711968030297
792	0.258321039737924
793	0.3054951195533917
794	0.07210395437429672
795	0.25340771161793224
802	0.24880529154176867
803	0.2876998970749477
804	0.2669771056181106
805	0.5677428230566299
806	0.023868137527724632
807	0.5134209506400316
808	0.033572722801747196
810	0.0034483404711668983
814	0.024124976263163955
815	0.5155467697058578
818	0.03539754035153209
819	0.028531563577134995
820	0.20558117436205495
821	0.29212198856561383
823	0.7747038466637761
826	0.26138708754440154
828	0.24926475821045446
829	0.013727420351633976
830	0.4763205101649027
831	0.24136306277117328
832	0.04455975701626811
833	0.5492209162759891
835	0.5057830265640315
836	0.048092303681817015
839	0.2966755975763053
841	0.3096244405222131
842	0.04183633093096825
843	0.04717866916323525
845	0.05294551416280265
846	0.3147040210769149
849	0.013727420351633976
850	0.016171867202738645
851	0.5210416042779156
852	0.04282270233515016
854	0.01401325539941603
855	0.010700450150507801
860	0.2668287052940228
862	0.47826807135961047
864	0.3429855711888548
865	0.433328034128123
867	0.5199762554623165
868	0.5057762156868348
869	0.003919580568693522
870	0.24528035483284943
871	0.04737319871844338
872	0.011807161368161678
874	0.26306632243248673
875	0.06162934940654895
876	0.31981186529223055
877	0.49659691169040243
878	0.2719548366903864
879	0.004659663143771572
880	0.24822987378944866
881	0.269032364543524
882	0.508583204463404
883	0.29270545247037405
885	0.09960203673101418
886	0.5489473262405249
887	0.5230607054939159
888	0.009021213476389435
889	0.30496551936605587
890	0.2397963075969503
891	0.007742412282890562
892	0.27788462515832874
893	0.04057008433762346
894	0.521174369779426
895	0.2539875939873605
896	0.5179647846168841
897	0.004578034410329675
898	0.0009703900923125897
899	0.267728598666825
900	0.32469065379959927
901	0.06450124411646696
902	0.01748358786002522
903	0.28958190568083303
904	0.031659002746782475
905	0.06359328131642378
906	0.011978132283383541
907	0.06812467502725916
908	0.5191141865469489
910	0.027285351312981217
913	0.29264126660871326
915	0.2835733106796766
916	0.5616609961866529
918	0.3134845248323785
919	0.2895946271255579
922	0.28059055525784204
923	0.011264050334301098
924	0.23961365489392478
926	0.013152214363496471
928	0.27731386774655487
930	0.040599057690334936
931	0.001699044445363132
932	0.7293774052567806
933	0.4624214113527298
934	0.2574517506436555
935	0.01604083387876798
936	0.5354437906999069
937	0.07714559642292108
938	0.0007868652879648025
939	0.0380298176710593
940	0.2192122788529785
941	0.23209736828855976
942	0.7271595832116964
0	0.0
0	0.0
0	0.0
0	0.0
0	0.0
0	0.0
0	0.0
0	0.0
0	0.0
0	0.0
0	0.0
0	0.0
0	0.0
0	0.0
0	0.0
0	0.0
0	0.0
0	0.0
0	0.0
0	0.0
0	0.0
0	0.0
0	0.0
0	0.0
0	0.0
0	0.0
0	0.0
0	0.0
0	0.0
0	0.0
0	0.0
0	0.0
0	0.0
0	0.0
0	0.0
0	0.0
0	0.0
0	0.0
0	0.0
0	0.0
0	0.0
0	0.0
0	0.0
0	0.0
0	0.0
0	0.0
0	0.0
0	0.0
0	0.0
0	0.0
0	0.0
0	0.0
0	0.0
0	0.0
0	0.0
0	0.0
0	0.0
0	0.0
0	0.0
0	0.0
0	0.0
0	0.0
0	0.0
0	0.0
0	0.0
0	0.0
0	0.0
0	0.0
0	0.0
0	0.0
0	0.0
0	0.0
0	0.0
0	0.0
0	0.0
0	0.0
0	0.0
0	0.0
0	0.0
0	0.0
0	0.0
0	0.0
0	0.0
0	0.0
0	0.0
0	0.0
0	0.0
0	0.0
0	0.0
0	0.0
0	0.0
0	0.0
0	0.0
0	0.0
0	0.0
0	0.0
0	0.0
0	0.0
0	0.0
0	0.0
0	0.0
0	0.0
0	0.0
0	0.0
0	0.0
0	0.0
0	0.0
0	0.0
0	0.0
0	0.0
0	0.0
0	0.0
0	0.0
0	0.0
0	0.0
0	0.0
0	0.0
0	0.0
0	0.0
0	0.0
0	0.0
0	0.0
0	0.0
0	0.0
0	0.0
0	0.0
0	0.0
0	0.0
0	0.0
0	0.0
0	0.0
0	0.0
0	0.0
0	0.0
0	0.0
0	0.0
0	0.0
0	0.0
0	0.0
0	0.0
0	0.0
0	0.0
0	0.0
0	0.0
0	0.0
0	0.0
0	0.0
0	0.0
0	0.0
0	0.0
0	0.0
0	0.0
0	0.0
0	0.0
0	0.0
0	0.0
0	0.0
0	0.0
0	0.0
0	0.0
0	0.0
0	0.0
0	0.0
0	0.0
0	0.0
0	0.0
0	0.0
0	0.0
0	0.0
0	0.0
0	0.0
0	0.0
0	0.0
0	0.0
0	0.0
0	0.0
0	0.0
0	0.0
0	0.0
0	0.0
0	0.0
0	0.0
0	0.0
0	0.0
0	0.0
0	0.0
0	0.0
0	0.0
0	0.0
0	0.0
0	0.0
0	0.0
0	0.0
0	0.0
0	0.0
0	0.0
0	0.0
0	0.0
0	0.0
0	0.0
0	0.0
0	0.0
0	0.0
0	0.0
0	0.0
0	0.0
0	0.0
0	0.0
0	0.0
0	0.0
0	0.0
0	0.0
0	0.0
0	0.0
0	0.0
0	0.0
0	0.0
0	0.0
0	0.0
0	0.0
0	0.0
0	0.0
0	0.0
0	0.0
0	0.0
0	0.0
0	0.0
0	0.0
0	0.0
0	0.0
0	0.0
0	0.0
0	0.0
0	0.0
0	0.0
0	0.0
0	0.0
0	0.0
0	0.0
0	0.0
0	0.0
0	0.0
0	0.0
0	0.0
0	0.0
0	0.0
0	0.0
0	0.0
0	0.0
0	0.0
0	0.0
0	0.0
0	0.0
0	0.0
0	0.0
0	0.0
0	0.0
0	0.0
0	0.0
0	0.0
0	0.0
0	0.0
0	0.0
0	0.0
0	0.0
0	0.0
0	0.0
0	0.0
0	0.0
0	0.0
0	0.0
0	0.0
0	0.0
0	0.0
0	0.0
0	0.0
0	0.0
0	0.0
0	0.0
0	0.0
0	0.0
0	0.0
0	0.0
0	0.0
0	0.0
0	0.0
0	0.0
0	0.0
0	0.0
0	0.0
0	0.0
0	0.0
0	0.0
0	0.0
0	0.0
0	0.0
0	0.0
0	0.0
0	0.0
0	0.0
0	0.0
