1	0.05034193085403965
3	0.22940934315130393
4	0.28892878477759554
5	0.06717352264195797
6	0.0016118931607156418
7	0.03038739745620788
8	0.25580888416623976
9	0.22535316089923313
10	0.03535971625788023
11	0.20488304237430646
12	0.48135378187022493
13	0.21844928357079815
14	0.07342625988799627
15	0.28676401084070596
17	0.2700558606025279
18	0.5148252119712415
19	0.23521635295669438
20	0.24738558008591055
22	0.23635758799735437
23	0.09550109203045717
24	0.5103288724892848
25	0.32279347475894044
26	0.1881166591691964
27	0.4914096850153898
28	0.26519194398255425
29	0.2355900761363628
30	0.11298678331907089
32	0.4855588582151439
34	0.5444668865819545
35	0.5343575870226307
36	0.2545917851591814
37	0.7490394304158515
40	0.3111200767851276
41	0.022004318053696237
42	0.01332132644043232
44	0.03190651858818889
45	0.2521824641190588
46	0.2769326898674489
47	0.26457586491210916
48	0.25428794559916373
50	0.23841056149162898
51	0.25833778043286487
52	0.23349868284886113
53	0.01610080979655809
54	0.2712391240234746
55	0.4845295674158531
56	0.04016419134569327
57	0.5176504626107875
58	0.2697520018197464
59	0.048993231714567084
60	0.3077332244964232
61	0.13516274925025504
62	0.06298704685673023
63	0.4529557759430273
65	0.2859968287554491
66	0.2402356004476037
67	0.2192017132667248
68	0.21883704805847445
70	0.5425523102486105
71	0.5086490794477619
72	0.06885898755226888
73	0.34345366181517584
74	0.30430921361372293
76	0.49536010922721896
77	0.213501277324651
78	0.016498867042794036
79	0.4637115656837433
80	0.4721192451063381
81	0.24394664635129737
82	0.24930183029750688
83	0.2859655424665293
84	0.26035160001011376
86	0.25214202391362545
87	0.033541520187597366
88	0.48006122450478456
91	0.28243146819029646
92	0.25046990373872924
93	0.173687272929683
95	0.008434633908823954
98	0.006659548891566232
99	0.236729498259306
100	0.31417924830116656
101	0.23010389485017965
102	0.2491386148072376
103	0.4514451337409466
105	0.2621587273999597
106	0.5623406649503233
107	0.2948637955775178
109	0.05877307718766138
110	0.3048004815354339
112	0.5144925121887737
114	0.18038273406897562
115	0.05347501003554555
117	0.2576679946629261
118	0.23465921175638726
119	0.2715838651520799
120	0.020949379730257206
121	0.11946979308526026
122	0.7628602424411387
124	0.2477776601742471
126	0.17854654153496702
127	0.21586139279558644
128	0.4897360256511856
129	0.5216515179527746
130	0.0038967588357474714
131	0.9947252388854896
132	0.30258752055344473
133	0.43843563878355274
134	0.42593227611246154
135	0.2836460819017973
136	0.5200333233079506
138	0.2564267439786365
139	0.26107272492966593
140	0.07427549761218243
141	0.5366740003256935
142	0.2603678159249012
143	0.056780906572148654
147	0.4573988017563186
148	0.01451059740368723
149	0.4240516117943685
151	0.04226282060843069
152	0.23826148916278617
153	0.32442394464761626
154	0.47658451142428593
155	0.20415043187129847
156	0.461081096851001
157	0.4950815040412602
158	0.20421638874875414
159	0.5291994227993779
161	0.42896070975018546
163	0.4494452036186096
164	0.05551739473865633
165	0.23966039186377466
166	0.47497484354772496
167	0.042587029521323816
168	0.5148795667379353
169	0.013992728001626265
170	0.5419621834162366
171	0.01634082707071871
172	0.042442434998421597
173	0.3157197339203082
174	0.5282315510665897
176	0.2381787240943471
178	0.0033110789279729436
179	0.05772051318779296
180	0.031486972914932895
182	0.016794035512313173
183	0.21250356109839097
184	0.05129506676864502
185	0.19478579643482996
186	0.4997089484865972
187	0.48027811330217757
188	0.304661896177716
190	0.4366854356237819
191	0.445895129251788
193	0.2785568442847827
194	0.2705092170799635
195	0.21907412690282804
196	0.20654107933802404
197	0.2171322135156471
199	0.2404606148511107
202	0.020245001053470612
203	0.20351974738028283
204	0.7108556383433424
205	0.5000759315124208
206	0.4219008337765142
207	0.25681743404889007
208	0.19798613573457008
210	0.06437208535615101
211	0.013773077107029724
212	0.5318773866982516
213	0.004290911166167848
215	0.21577674755143103
216	0.02956860424063865
217	0.03869008137334368
218	0.3067162713723546
219	0.7427835043396698
220	0.2956339378921332
221	0.0018356793402194878
224	0.016944756977519165
225	0.24605277627838143
227	0.27264172719194346
228	0.23689104806846106
229	0.42304939623099425
231	0.24394207771258447
233	0.5096603774316751
234	0.2918443819227865
235	0.0426885933007031
237	0.02802612734651815
238	0.29388276730225293
239	0.04469630638223404
240	0.5109662971580248
241	0.7325710629817451
242	0.01916930767585775
243	0.5535273325965729
244	0.01133948930886916
246	0.25443369741745764
247	0.501871538476096
249	0.2302267994620355
251	0.21612199089116743
252	0.5215941858214145
253	0.26175262374749675
254	0.7624067797892674
255	0.27573732741119406
257	0.7383253709883231
258	0.7494260661150841
259	0.03666853616201461
260	0.7720122183136687
261	0.7199815316264626
262	0.27903376748260583
264	0.047388714173993714
266	0.3519046133074274
267	0.2466612181164695
268	0.28286584864255615
269	0.0344924095574474
271	0.28247261103012045
272	0.04161615351050586
273	0.5270514395938607
275	0.4691085539241875
276	0.23439759989773323
277	0.21343069116714666
278	0.472549711646381
281	0.016531418236784216
282	0.2604044165219791
283	0.1922968647853197
284	0.28465043591553446
285	0.06043923331073742
286	0.03805780275840637
287	0.46653964345730015
289	0.3407244436746547
291	0.3029532692991682
292	0.30720503198345595
294	0.22720030806030447
296	0.27775291586921497
298	0.051345450003682236
299	0.2934367453561098
300	0.38409036605274754
301	0.2434510788868224
302	0.3197554273376948
303	0.06147925705081834
304	0.505505141505977
306	0.68891293464168
309	0.02134405817987559
310	0.27910813280749225
311	0.015293580227916714
313	0.06300519261249946
315	0.020458375449679673
316	0.5888797308064282
317	0.010179351919786247
318	0.00783753837321935
319	0.2943319281034108
320	0.008090192321847947
322	0.2672808696950142
325	0.24467584676331783
328	0.023617340764775167
329	0.2931352298861498
330	0.22160742797955216
331	0.07244556159205491
333	0.2743562827023695
335	0.19464019807442876
336	0.23826032408789857
337	0.25216956368880966
338	0.2833494915675054
339	0.057024261850550886
341	0.4634422194137156
345	0.31163248878121075
346	0.30671784459468143
347	0.2653847970536095
348	0.2405221136426103
349	0.512940024074871
350	0.2752913315478569
351	0.2822542930482857
352	0.5569099571213525
353	0.49074137278577024
354	0.06364031811496887
355	0.24552895678451608
357	0.2703321933766082
358	0.019916902305578976
359	0.48016297892906473
361	0.26910231238447746
362	0.427073420382638
364	0.26996869115359695
366	0.2688288447925396
367	0.031604370220734444
368	0.490998772314755
369	0.4958898044513503
372	0.5114689009883403
375	0.033403869888397296
376	0.008795234332525569
377	0.22338259778083008
378	0.008022396025600967
379	0.0587292631419878
381	0.011774881343443545
382	0.27060216268018816
384	0.5003283055756166
386	0.49554183779913247
387	0.049847252442945036
389	0.0529210610402018
392	0.0001054044805269827
393	0.5166056407827861
394	0.23383031355929818
396	0.22108628551755635
397	0.0367262145539699
399	0.05370958273577299
400	0.20692290268928526
401	0.2467433337822008
403	0.299806455045164
404	0.2594320977135792
409	0.2673272016376062
410	0.7364746678985742
411	0.08361592823515228
412	0.01910735836336927
413	0.25397594024330644
414	0.4583971545190655
415	0.5150582704000547
417	0.03440643074819193
419	0.24254025068810053
420	0.4974915653348676
421	0.03130096281080646
422	0.2417800542052184
423	0.025439360132123553
424	0.31987321995810414
425	0.030419595227866608
426	0.5199133222277842
428	0.036612009149316664
429	0.2976417037120402
430	0.08839576240766944
431	0.7695732824062944
432	0.27728546130054893
433	0.23827738597863088
434	0.0024747513479393725
435	0.29252296297336433
436	0.25279603802924083
437	0.2838186969349026
438	0.01653987771781346
439	0.743331389120961
440	0.2666240391211107
441	0.23506812355185797
443	0.5112244849524457
444	0.5380528875744103
445	0.012012751243383966
446	0.009834552689709952
449	0.27009806136071157
450	0.5332606349110209
451	0.06948422972923757
452	0.013168843355308324
453	0.23961010604392877
456	0.5201678872888268
457	0.009021213476389435
460	0.2745752364941698
462	0.3080868728241847
463	0.07291921659995781
465	0.06722021388850145
466	0.034889140328125505
467	0.06174086460387515
469	0.0528517829041856
470	0.46819738113685927
471	0.5297691069736941
472	0.2386898117279152
473	0.019954965445364126
474	0.30505608401644374
475	0.029959379656739164
476	0.24015975473077794
477	0.4661998878873292
478	0.003436304436023871
481	0.2726496275468988
482	0.247244656374663
483	0.4747625109858114
484	0.5359200267556021
486	0.030275275373506796
487	0.24988598456136046
488	0.013685212873288818
490	0.05648297965470342
491	0.03806462077456724
492	0.26009284687889644
495	0.01817878719981031
496	0.25555010850479043
497	0.2468892148110804
498	0.037501871280798765
499	0.3044889762283869
502	0.31523232301434934
504	0.2987645533588992
505	0.30546274848428284
508	0.0530878608798999
510	0.2672919581463974
511	0.7817834399264766
513	0.03593006941750215
516	0.04749029582823348
517	0.2511557780695478
519	0.003182739169160797
520	0.49739158961771707
521	0.0010836562314051126
522	0.28310869465223304
525	0.002287639330637664
528	0.029296426714208318
529	0.2844431693821726
530	0.5401422215993249
531	0.5075807659664504
532	0.007263265764032217
533	0.27595488329921847
536	0.007344467137740781
537	0.23687310196149952
538	0.04648300427073283
540	0.002379017944688349
543	0.08333135601095061
544	0.3879323526487984
545	0.29223543551630826
547	0.2664838213123521
548	0.01595592757294377
549	0.2806301684728831
550	0.5199119886290641
551	0.05377886611001653
552	0.46885525749725127
553	0.05167289423699542
554	0.472763604583833
555	0.22311140773137247
556	0.02397104087266846
557	0.2705134943862925
558	0.23157658971727768
559	0.5212376363872087
560	0.01562451425507451
561	0.2571914342073192
563	0.48671608044099374
564	0.2494436223251906
565	0.5113154394894357
566	0.2993571507646457
570	0.23305575081753438
571	0.04975830507245781
572	0.3434831811157352
573	0.2885273334002168
575	0.5164028997864142
577	0.0006880665455195265
578	0.25089760148763757
579	0.021636578791409358
582	0.028208649067385985
583	0.29689133351329106
584	0.026041136819311448
585	0.19939554470009083
586	0.28909174674522775
590	0.5408446483076095
591	0.0819136690060322
592	0.00837839111667775
593	0.003504605864025123
594	0.23050015564329238
596	0.5468461346959976
597	0.013452159713283403
598	0.2508331230103091
599	0.026737050748889067
600	0.0241484049973361
601	0.2494315017913809
602	0.02139985120843274
603	0.006560232092442608
607	0.2795105282874209
609	0.1318905782489443
610	0.0032874687014357307
611	0.5124005937515366
612	0.20164455649154808
613	0.2758540864078208
615	0.2809513804964735
616	0.23796940020468038
617	0.00275975567491258
618	0.005769700832131675
619	0.002760292199778098
620	0.24355148405887384
621	0.2850128983091931
622	0.24291548593120219
623	0.24274102343226656
624	0.2751072029983261
625	0.03214618414224364
626	0.46900262866383174
627	0.08283016098595572
631	0.01916178350482963
632	0.061422826276847885
633	0.025323303588055995
634	0.05421763915985848
635	0.026353261820045944
637	0.2540057946388048
639	0.038698261829974934
640	0.2846019107304144
642	0.521502513334243
644	0.24717632923600913
645	0.3218560406113555
646	0.4420271385624956
648	0.2494150193563482
649	0.05266400450206117
650	0.08104308466493675
651	0.4865923840090567
652	0.2578791037922122
653	0.27997746123696865
654	0.2649912822891394
655	0.010882645362824364
656	0.1720528775657562
657	0.49229889298355684
658	0.04013847612198415
660	0.5574638722906429
662	0.43672969166627273
663	0.2353870304778286
664	0.04290877657098169
666	0.29117875235916485
667	0.3137760341026544
671	0.009877822726281685
672	0.48264787017083005
673	0.7694406933076139
674	0.49674234993337235
675	0.6606647877041927
677	0.038841665967011496
679	0.47916931418871034
681	0.4970114986754703
684	0.03831405095269903
686	0.3119340452480095
687	0.4562347512738091
688	0.2459161897184654
689	0.4886876592398843
690	0.2711044243264178
691	0.24510851669738554
696	0.27595763768440235
697	0.49868618942033577
698	0.20097432508088844
699	0.06188777510157916
700	0.02231177052503717
701	0.25750701247605084
704	0.24467662741735044
705	0.23834194189562066
706	0.004589572020667475
707	0.060355377263016374
708	0.5068573132776785
709	0.23371632622592356
710	0.04927675082652246
711	0.30989225939117543
712	0.23043846928967368
713	0.039325297226468034
714	0.28317620702789764
715	0.25197605486424085
716	0.49386447765077135
717	0.01586794430824362
718	0.5534034566825039
719	0.2751133772976678
720	0.28333288111187793
722	0.4745954094797199
723	0.22591830294398704
724	0.4219008337765142
725	0.7157243493955525
728	0.23665719647948413
729	0.47956195378327243
731	0.5222655373892158
733	0.27367588360253836
734	0.05423482547019
735	0.05691745446041649
736	0.2229972355809122
737	0.26178890182503656
738	0.22676759407926764
739	0.3063372228794531
740	0.01876152261139432
741	0.3005964443083551
742	0.28356783138354963
743	0.2557748898498637
745	0.0676457112714909
746	0.03897493910950607
749	0.29425790295834037
754	0.5179358777899005
755	0.26736719262527825
756	0.296831872825209
757	0.2815127881037384
758	0.24720785929499706
759	0.04669773923594569
762	0.29294921062820556
765	0.5008869485459227
766	0.29486763708838376
768	0.22008070145559946
769	0.4632412128886734
770	0.007600611755869107
771	0.06430225118321764
772	0.27391789768628505
773	0.01685792733857817
774	0.06970584650952463
775	0.5015283400462377
776	0.22900717208141794
777	0.013110636979601194
784	0.0017331866041553554
787	0.008045529713910534
788	0.5218573301479889
789	0.2666094574668045
790	0.2046900535214076
791	0.502345534195554
792	0.03520881465843029
794	0.23426242635190375
796	0.27990881600349493
797	0.17136966860354966
798	0.016020787486157363
799	0.22478271006269163
801	0.7537741662228872
802	0.005491171651268757
803	0.044329195556594155
804	0.5316684036979105
807	0.27349239919292845
808	0.4916036951814075
809	0.21397360869167653
810	0.5009798099160508
812	0.5043275712346053
814	0.03386722350052443
815	0.25323362091984053
816	0.24301448726173708
817	0.019960292433368745
819	0.24520055871647187
820	0.012254842545707707
821	0.03765481736624513
822	0.29418987514824
823	0.0013492511031057836
824	0.12296908739492021
825	0.298070123000366
826	0.21847734646104844
827	0.2154056927287992
828	0.27468254911758294
829	0.0569174544604165
830	0.5294942472993875
831	0.21384756644760322
832	0.50324596377465
834	0.2232183913228255
837	0.2895805010402964
838	0.29335306109543907
841	0.2461385461302428
842	0.49485763730345916
844	0.2520479053208396
845	0.45852931531912317
846	0.04973805263808691
847	0.295803595178139
848	0.29835870205443854
850	0.010027532993383676
851	0.02100376650852894
852	0.028502439244778837
853	0.007496541901504363
855	0.48953238956342676
856	0.2811949138790008
857	0.2366053832511575
858	0.7589769730923882
859	0.2639558495248605
860	0.23590516478692578
861	0.21047070589140088
862	0.25991423878557685
863	0.2625974319065726
864	0.25430843567384726
865	0.041686707138884435
866	0.39588050896146687
867	0.2879684443851287
868	0.017532055341603542
872	0.22781176089346053
873	0.5507866272828358
874	0.2875913000645477
876	0.44860845472528466
877	0.021320818216312105
878	0.30961856406127397
879	0.4504064889116389
880	0.3014723197988084
881	0.32097300542031315
882	0.28135372853649093
887	0.27201488190937967
889	0.011373310160690396
890	0.052089232007630784
891	0.45220127528024423
892	0.2966436644997768
893	0.021815963058975603
895	0.04586103727042234
900	0.22107032729493456
901	0.2392566197982094
902	0.25839418460758823
903	0.2813138387603675
904	0.225164548232616
905	0.029484651018899286
906	0.26380028945801337
908	0.013116424854164997
909	0.4750391837271394
910	0.22510355360037743
911	0.05613161392434594
913	0.03603745274939984
914	0.3646887553439012
915	0.6879291821612239
916	0.1973821705536654
917	0.29099207568362206
918	0.25020046551981096
920	0.5088712057771221
921	0.4939906540119361
923	0.5263853727800966
925	0.2825506088522381
926	0.20353881348112066
927	0.28305047258296867
928	0.01672688679313182
930	0.7602249499810245
931	0.29909693090247325
932	0.301035081902957
933	0.31693966589057887
934	0.05825464076820685
935	0.7545266150709384
936	0.521188854104138
939	0.5259920376314839
940	0.041460580138052025
941	0.5471121351100634
942	0.004176710337237523
943	0.048061852197568096
0	0.0
0	0.0
0	0.0
0	0.0
0	0.0
0	0.0
0	0.0
0	0.0
0	0.0
0	0.0
0	0.0
0	0.0
0	0.0
0	0.0
0	0.0
0	0.0
0	0.0
0	0.0
0	0.0
0	0.0
0	0.0
0	0.0
0	0.0
0	0.0
0	0.0
0	0.0
0	0.0
0	0.0
0	0.0
0	0.0
0	0.0
0	0.0
0	0.0
0	0.0
0	0.0
0	0.0
0	0.0
0	0.0
0	0.0
0	0.0
0	0.0
0	0.0
0	0.0
0	0.0
0	0.0
0	0.0
0	0.0
0	0.0
0	0.0
0	0.0
0	0.0
0	0.0
0	0.0
0	0.0
0	0.0
0	0.0
0	0.0
0	0.0
0	0.0
0	0.0
0	0.0
0	0.0
0	0.0
0	0.0
0	0.0
0	0.0
0	0.0
0	0.0
0	0.0
0	0.0
0	0.0
0	0.0
0	0.0
0	0.0
0	0.0
0	0.0
0	0.0
0	0.0
0	0.0
0	0.0
0	0.0
0	0.0
0	0.0
0	0.0
0	0.0
0	0.0
0	0.0
0	0.0
0	0.0
0	0.0
0	0.0
0	0.0
0	0.0
0	0.0
0	0.0
0	0.0
0	0.0
0	0.0
0	0.0
0	0.0
0	0.0
0	0.0
0	0.0
0	0.0
0	0.0
0	0.0
0	0.0
0	0.0
0	0.0
0	0.0
0	0.0
0	0.0
0	0.0
0	0.0
0	0.0
0	0.0
0	0.0
0	0.0
0	0.0
0	0.0
0	0.0
0	0.0
0	0.0
0	0.0
0	0.0
0	0.0
0	0.0
0	0.0
0	0.0
0	0.0
0	0.0
0	0.0
0	0.0
0	0.0
0	0.0
0	0.0
0	0.0
0	0.0
0	0.0
0	0.0
0	0.0
0	0.0
0	0.0
0	0.0
0	0.0
0	0.0
0	0.0
0	0.0
0	0.0
0	0.0
0	0.0
0	0.0
0	0.0
0	0.0
0	0.0
0	0.0
0	0.0
0	0.0
0	0.0
0	0.0
0	0.0
0	0.0
0	0.0
0	0.0
0	0.0
0	0.0
0	0.0
0	0.0
0	0.0
0	0.0
0	0.0
0	0.0
0	0.0
0	0.0
0	0.0
0	0.0
0	0.0
0	0.0
0	0.0
0	0.0
0	0.0
0	0.0
0	0.0
0	0.0
0	0.0
0	0.0
0	0.0
0	0.0
0	0.0
0	0.0
0	0.0
0	0.0
0	0.0
0	0.0
0	0.0
0	0.0
0	0.0
0	0.0
0	0.0
0	0.0
0	0.0
0	0.0
0	0.0
0	0.0
0	0.0
0	0.0
0	0.0
0	0.0
0	0.0
0	0.0
0	0.0
0	0.0
0	0.0
0	0.0
0	0.0
0	0.0
0	0.0
0	0.0
0	0.0
0	0.0
0	0.0
0	0.0
0	0.0
0	0.0
0	0.0
0	0.0
0	0.0
0	0.0
0	0.0
0	0.0
0	0.0
0	0.0
0	0.0
0	0.0
0	0.0
0	0.0
0	0.0
0	0.0
0	0.0
0	0.0
0	0.0
0	0.0
0	0.0
0	0.0
