2	0.22178847916753652
6	0.005131963997978786
8	0.026984800558172928
9	0.24034079188039734
11	0.5676248851288056
12	0.4787185181880111
15	0.5413593736787048
16	0.29584834742404664
17	0.4446059681899223
19	0.26064368887752853
20	0.010165698785074763
27	0.06070958836445711
28	0.022418642828649707
29	0.01583184768212731
30	0.03500982008320106
32	0.028076537223426245
35	0.25785380097365984
36	0.24861436787762764
38	0.004820110202435467
39	0.016968041547977805
40	0.21989128425903556
45	0.0001188672257195593
46	0.2591897016075521
48	0.0065130801294938645
50	0.051116927721096064
51	0.00339693731545343
52	0.02703704384370513
53	0.22040919646512708
55	0.24874203786949026
61	0.23599066033971505
65	0.2825777377577623
66	0.0007692335018697483
67	0.2722275557177274
68	0.07912216289950127
69	0.04948651735027259
70	0.010941878015738492
71	0.25022051964058656
72	0.012498872108798902
77	0.24379653792945155
78	0.3137091824302162
80	0.11810723961972697
83	0.23692984058013755
84	0.21574035196474892
85	0.030799773572352848
86	0.1577403329186942
87	0.041677388986676625
88	0.20326456207664673
95	0.5182040254558418
96	0.3079735350409465
97	0.06814947180157123
99	0.028745039046019133
100	0.010206860684163415
102	0.0014250880959548948
109	0.07420170519351899
110	0.2168928443440999
111	0.45731886917688996
112	0.018897953855530267
113	0.22755329894130177
115	0.034112128211962425
117	0.27495351033301507
118	0.062313802352279374
122	0.2430363842094866
124	0.021722701725601104
125	0.02654195893517908
126	0.23899969709556135
127	0.22519187601460727
128	0.2344383206070653
130	0.28462052485882944
131	0.05083592516065315
133	0.3250747182785053
134	0.028958616870353632
135	0.23742695804426273
137	0.24101768871516668
140	0.01620916995568048
141	0.2278475367984324
144	0.2940693733076379
146	0.5704769902297642
147	0.5035743278490262
148	0.4620077833604481
150	0.5053115430758238
151	0.006370634177707491
152	0.2790639747876621
154	0.01745608479671982
155	0.24857552308874603
157	0.005994136588139739
159	0.0005355936968270969
161	0.42579271591139434
162	0.023610084820968727
163	0.17737288925623906
166	0.41863142264329545
167	0.016178907553210498
168	0.004442451257170254
169	0.009204286930481684
171	0.17148372784388663
173	0.004206322714945483
175	0.02631126297112414
176	0.4569742409707208
177	0.002568309094097023
178	0.04111003686838524
179	0.2792143915828003
182	0.251462697005018
183	0.18843206732466278
185	0.792322363697593
187	0.5016329957010589
189	0.08149708195999245
191	0.2928133601603139
193	0.021098528683539335
194	9.247323358088644e-05
196	0.27679723658590216
199	0.025889372462537197
201	0.08756259070459813
202	0.22691606055567917
203	0.21875551848766317
204	0.011934681657545847
205	0.19910053613020365
208	0.21710824814279187
209	0.01401972717353981
211	0.11164219619207753
212	0.49593862726036303
213	0.0006202524910686666
215	0.04131346857208583
216	0.011539720123562396
217	0.031515893613494494
223	0.27753273894243846
224	0.3237832206539345
225	0.008130118757372268
228	0.3819336430290222
230	0.527214099689043
232	0.20959862358576392
233	0.24883957699925513
241	0.20480319596617452
242	0.5212280672126118
247	0.03484533609500426
248	0.0075591829306785666
250	0.2515360951882445
251	0.008251785837867672
252	0.029923863642548152
253	0.006946644147565757
257	0.04701398280090546
258	0.17117605831600316
261	0.2577769165998956
262	0.02174579394828202
263	0.07913946859222645
265	0.05820050612783051
266	0.11348430050758537
273	0.4868350307694897
275	0.24700360441975538
277	0.2407459193917933
279	0.5014664828557186
280	0.008555200282613862
281	0.261861089438508
282	0.24536472514676264
287	0.017195042518267693
288	0.03144252431100901
290	0.30391822233747356
291	0.026431293202688867
294	0.053828867158859095
295	0.3094599156170592
296	0.01016467779519344
298	0.016199138201100964
300	0.024871559070913422
304	0.46115646059731363
306	0.23329192327648168
307	0.23542978253817248
309	0.0024969106619890866
310	0.05947978160116393
314	0.004955026438570282
317	0.039655866845747074
318	0.30054914158330204
319	0.01451014358427194
320	0.0029603596280291383
321	0.0033764952250469535
322	0.22943044356002024
323	0.022053841830234462
324	0.2963936409387148
330	0.30787268726980593
331	0.22505701498256264
337	0.2659375190534955
338	0.013904413971205301
340	0.24418879836928217
346	0.23337944451438375
349	0.04308374336573021
350	0.24125746780220617
353	0.21702340816463034
354	0.02471305625886097
355	0.02596889572070142
357	0.23013178886251223
358	0.04819682087102332
359	0.005665010223565019
363	0.012261557255933003
365	0.2447247963674828
366	0.26362846403475165
367	0.01272999989834812
368	0.30642235210475555
369	0.025225429292028867
371	0.2912355957311288
372	0.01698025492679217
376	0.00443651918722969
377	0.23423580835723323
381	0.012229378365853354
382	0.0031456838597680795
383	0.2721167543789053
384	0.004784022151199538
392	0.02242612278645969
396	0.1107623753207376
400	0.2441323221771154
403	0.0036938225337687994
404	0.24234908471145955
410	0.018938164917604226
413	0.04305824963134424
415	0.2704211960365994
418	0.0012451363950450808
419	0.24045544244473716
422	0.5352082456755082
423	0.02865095666991921
426	0.002880864254422754
428	0.006875844043361966
430	0.0026635691630703673
432	0.02558518661964065
433	0.0226322075566101
437	0.5140506696788832
439	0.30084679420623583
441	0.028007412588254954
444	0.008323191063117567
445	0.06801045271970778
449	0.0345138799724579
452	0.058207896277669355
453	0.05925646708428883
454	0.04055493772621954
467	0.024738726424409253
469	0.0004964413564223259
470	0.013087707865878144
471	0.25740569545136416
473	0.24235046165546115
475	0.48785818549004956
477	0.23432687259161888
478	0.03283018370263595
480	0.052004139474877246
481	0.0034139191507459865
482	0.27111724390497544
483	0.2557658057196392
489	0.007058692346407762
495	0.041560434464983566
501	0.06082512648982047
503	0.07725945320535951
505	0.23981801232691743
508	0.08434005294776077
510	0.03548596566543777
511	0.009273807616847794
513	0.2405674880053974
515	0.22662823626699602
516	0.03628861820297641
519	0.058752069801082746
525	0.046437459445147405
528	0.027804815064962796
529	0.2519244934153797
530	0.22886456137419592
535	0.08516180541167397
536	0.02418595760917371
538	0.032691594147173986
539	0.46947657242956997
540	0.01775708456212612
545	0.28507770151457057
546	0.04430864514696201
554	0.0054902895251768245
555	0.22812356377503362
557	0.04255258085143275
558	0.2575859553708241
559	0.007983479218780207
562	0.013684730563457384
563	0.0037204590787742776
564	0.28763619032581866
568	0.06156558751539723
572	0.18991198426263423
578	0.23420913884489133
579	0.01992604558941559
583	0.2061551476350312
584	0.3254854000590499
585	0.20264246404807623
586	0.007115236978994587
589	0.28308849763223876
593	0.29439988538751977
596	0.2285033860408736
598	0.037351779385073794
599	0.2337065686042794
602	0.005112058661748322
604	0.22804458840851244
608	0.022512547610727046
609	0.32609713128613
610	0.3045530713618998
612	0.24603247045772939
614	0.02443530735186639
616	0.03367483981836879
620	0.2949204201872071
624	0.07074353400285588
629	0.5650812297191464
632	0.03967902493041753
633	0.3109214633579935
637	0.00521182648309048
641	0.07952985476778575
644	0.21248993634536442
649	0.22102639445888567
657	0.25027908695761
659	0.0655689999314012
660	0.013036596745019502
662	0.19660728261730148
665	0.2753608577108476
668	0.023367853233865366
671	0.5427172963865073
675	0.3298129728985755
676	0.23493537400298303
678	0.03038729909341893
679	0.037106839767507144
680	0.24756672707429056
681	0.01737829078348758
687	0.008727433540683519
688	0.24791878156628183
689	0.021985648238037482
692	0.2855967512458075
694	0.06294895114684099
695	0.26290042253872314
698	0.023030335595257245
700	0.2829681906771713
701	0.029121858818102746
702	0.27419887735373927
706	0.2969282412355138
708	0.03741051322041537
712	0.2594019997340438
715	0.23871383443605915
717	0.043036064713204716
722	0.059719931922750845
723	0.23325185183035504
726	0.18032501791227828
729	0.023073096556508306
730	0.22913139284737125
731	0.2619990913452343
732	0.06312405891643527
736	0.00405377243797218
742	0.01680510734469843
750	0.26854776686672927
753	0.20490471570248975
754	0.013624066081757355
755	0.009566410856064633
759	0.2511730722021941
760	0.022538000744998815
761	0.23165948963287236
765	0.26160131360989936
767	0.014899615054797734
769	0.25313815390044303
770	0.01898355281335922
771	0.2817556377063784
775	0.2576517948791227
777	0.27889346290718064
779	0.23072881851231364
780	0.3040401100436191
782	0.04313819334534268
784	0.008953058128732587
786	0.10138033683069156
788	0.04560856257452455
793	0.2286384287525339
796	0.009075583793320345
797	0.007242670736522707
798	0.0010805102225735289
799	0.25386005464110784
801	0.2562110664926568
811	0.004321839539102729
812	0.22016330304417045
814	0.011599328873222584
816	0.020860980642447326
817	0.26860524499117455
822	0.2161675250726195
827	0.21584816484600533
832	0.009376090458437826
834	0.0187865039943112
836	0.00038295983779700754
837	0.01264371689474918
838	0.26672123483815485
840	0.08688973126237452
843	0.24771338475583565
844	0.24829986333448137
845	0.4891579753787212
847	0.2439882491557254
848	0.269114430106583
849	0.022834783674421308
850	0.020861588012661546
852	0.011218479195332573
853	0.008429597091463313
856	0.005830190463747387
857	0.41129606835320515
859	0.25012108555311474
861	0.2592993879457268
866	0.15967593015922402
869	0.08163003697696966
870	0.07043696290856641
875	0.06771406802068729
876	0.018057090565718272
884	0.22562241419075096
888	0.0024747513479393725
890	0.05774310209030628
893	0.2535005345213923
894	0.06225052141777858
895	0.01970444581286843
902	0.5107420711289625
906	0.0503522218335664
907	0.057944062077538744
908	0.059439308850810335
909	0.296624546879128
910	0.26820609352774666
911	0.20307497147274928
912	0.3217819291698147
914	0.2699383560347412
915	0.01731727038782005
917	0.20922163163511012
919	0.043442382014420494
922	0.009802952444312205
928	0.008820643314578928
930	0.21941945623519393
931	0.017170363102136765
935	0.025327155582856788
939	0.02602362804430899
941	0.03735636007748715
0	0.0
0	0.0
0	0.0
0	0.0
0	0.0
0	0.0
0	0.0
0	0.0
0	0.0
0	0.0
0	0.0
0	0.0
0	0.0
0	0.0
0	0.0
0	0.0
0	0.0
0	0.0
0	0.0
0	0.0
0	0.0
0	0.0
0	0.0
0	0.0
0	0.0
0	0.0
0	0.0
0	0.0
0	0.0
0	0.0
0	0.0
0	0.0
0	0.0
0	0.0
0	0.0
0	0.0
0	0.0
0	0.0
0	0.0
0	0.0
0	0.0
0	0.0
0	0.0
0	0.0
0	0.0
0	0.0
0	0.0
0	0.0
0	0.0
0	0.0
0	0.0
0	0.0
0	0.0
0	0.0
0	0.0
0	0.0
0	0.0
0	0.0
0	0.0
0	0.0
0	0.0
0	0.0
0	0.0
0	0.0
0	0.0
0	0.0
0	0.0
0	0.0
0	0.0
0	0.0
0	0.0
0	0.0
0	0.0
0	0.0
0	0.0
0	0.0
0	0.0
0	0.0
0	0.0
0	0.0
0	0.0
0	0.0
0	0.0
0	0.0
0	0.0
0	0.0
0	0.0
0	0.0
0	0.0
0	0.0
0	0.0
0	0.0
0	0.0
0	0.0
0	0.0
0	0.0
0	0.0
0	0.0
0	0.0
0	0.0
0	0.0
0	0.0
0	0.0
0	0.0
0	0.0
0	0.0
0	0.0
0	0.0
0	0.0
0	0.0
0	0.0
0	0.0
0	0.0
0	0.0
0	0.0
0	0.0
0	0.0
0	0.0
0	0.0
0	0.0
0	0.0
0	0.0
0	0.0
0	0.0
0	0.0
0	0.0
0	0.0
0	0.0
0	0.0
0	0.0
0	0.0
0	0.0
0	0.0
0	0.0
0	0.0
0	0.0
0	0.0
0	0.0
0	0.0
0	0.0
0	0.0
0	0.0
0	0.0
0	0.0
0	0.0
0	0.0
0	0.0
0	0.0
0	0.0
0	0.0
0	0.0
0	0.0
0	0.0
0	0.0
0	0.0
0	0.0
0	0.0
0	0.0
0	0.0
0	0.0
0	0.0
0	0.0
0	0.0
0	0.0
0	0.0
0	0.0
0	0.0
0	0.0
0	0.0
0	0.0
0	0.0
0	0.0
0	0.0
0	0.0
0	0.0
0	0.0
0	0.0
0	0.0
0	0.0
0	0.0
0	0.0
0	0.0
0	0.0
0	0.0
0	0.0
0	0.0
0	0.0
0	0.0
0	0.0
0	0.0
0	0.0
0	0.0
0	0.0
0	0.0
0	0.0
0	0.0
0	0.0
0	0.0
0	0.0
0	0.0
0	0.0
0	0.0
0	0.0
0	0.0
0	0.0
0	0.0
0	0.0
0	0.0
0	0.0
0	0.0
0	0.0
0	0.0
0	0.0
0	0.0
0	0.0
0	0.0
0	0.0
0	0.0
0	0.0
0	0.0
0	0.0
0	0.0
0	0.0
0	0.0
0	0.0
0	0.0
0	0.0
0	0.0
0	0.0
0	0.0
0	0.0
0	0.0
0	0.0
0	0.0
0	0.0
0	0.0
0	0.0
0	0.0
0	0.0
0	0.0
0	0.0
0	0.0
0	0.0
0	0.0
0	0.0
0	0.0
0	0.0
0	0.0
0	0.0
0	0.0
0	0.0
0	0.0
0	0.0
0	0.0
0	0.0
0	0.0
0	0.0
0	0.0
0	0.0
0	0.0
0	0.0
0	0.0
0	0.0
0	0.0
0	0.0
0	0.0
0	0.0
0	0.0
0	0.0
0	0.0
0	0.0
0	0.0
0	0.0
0	0.0
0	0.0
0	0.0
0	0.0
0	0.0
0	0.0
0	0.0
0	0.0
0	0.0
0	0.0
0	0.0
0	0.0
0	0.0
0	0.0
0	0.0
0	0.0
0	0.0
0	0.0
0	0.0
0	0.0
0	0.0
0	0.0
0	0.0
0	0.0
0	0.0
0	0.0
0	0.0
0	0.0
0	0.0
0	0.0
0	0.0
0	0.0
0	0.0
0	0.0
0	0.0
0	0.0
0	0.0
0	0.0
0	0.0
0	0.0
0	0.0
0	0.0
0	0.0
0	0.0
0	0.0
0	0.0
0	0.0
0	0.0
0	0.0
0	0.0
0	0.0
0	0.0
0	0.0
0	0.0
0	0.0
0	0.0
0	0.0
0	0.0
0	0.0
0	0.0
0	0.0
0	0.0
0	0.0
0	0.0
0	0.0
0	0.0
0	0.0
0	0.0
0	0.0
0	0.0
0	0.0
0	0.0
0	0.0
0	0.0
0	0.0
0	0.0
0	0.0
0	0.0
0	0.0
0	0.0
0	0.0
0	0.0
0	0.0
0	0.0
0	0.0
0	0.0
0	0.0
0	0.0
0	0.0
0	0.0
0	0.0
0	0.0
0	0.0
0	0.0
0	0.0
0	0.0
0	0.0
0	0.0
0	0.0
0	0.0
0	0.0
0	0.0
0	0.0
0	0.0
0	0.0
0	0.0
0	0.0
0	0.0
0	0.0
0	0.0
0	0.0
0	0.0
0	0.0
0	0.0
0	0.0
0	0.0
0	0.0
0	0.0
0	0.0
0	0.0
0	0.0
0	0.0
0	0.0
0	0.0
0	0.0
0	0.0
0	0.0
0	0.0
0	0.0
0	0.0
0	0.0
0	0.0
0	0.0
0	0.0
0	0.0
0	0.0
0	0.0
0	0.0
0	0.0
0	0.0
0	0.0
0	0.0
0	0.0
0	0.0
0	0.0
0	0.0
0	0.0
0	0.0
0	0.0
0	0.0
0	0.0
0	0.0
0	0.0
0	0.0
0	0.0
0	0.0
0	0.0
0	0.0
0	0.0
0	0.0
0	0.0
0	0.0
0	0.0
0	0.0
0	0.0
0	0.0
0	0.0
0	0.0
0	0.0
0	0.0
0	0.0
0	0.0
0	0.0
0	0.0
0	0.0
0	0.0
0	0.0
0	0.0
0	0.0
0	0.0
0	0.0
0	0.0
0	0.0
0	0.0
0	0.0
0	0.0
0	0.0
0	0.0
0	0.0
0	0.0
0	0.0
0	0.0
0	0.0
0	0.0
0	0.0
0	0.0
0	0.0
0	0.0
0	0.0
0	0.0
0	0.0
0	0.0
0	0.0
0	0.0
0	0.0
0	0.0
0	0.0
0	0.0
0	0.0
0	0.0
0	0.0
0	0.0
0	0.0
0	0.0
0	0.0
0	0.0
0	0.0
0	0.0
0	0.0
0	0.0
0	0.0
0	0.0
0	0.0
0	0.0
0	0.0
0	0.0
0	0.0
0	0.0
0	0.0
0	0.0
0	0.0
0	0.0
0	0.0
0	0.0
0	0.0
0	0.0
0	0.0
0	0.0
0	0.0
0	0.0
0	0.0
0	0.0
0	0.0
0	0.0
0	0.0
0	0.0
0	0.0
0	0.0
