5	0.3068050163865997
6	0.2914612136048551
7	0.31955932194554776
8	0.023203035246050795
9	0.023957557161185295
10	0.05274130754510575
12	0.04524971468067032
14	0.0576011637422356
15	0.19411125297544168
16	0.7176246153460819
19	0.3405846735316921
20	0.2731918957655556
21	0.25820339524319724
22	0.05341041557936907
24	0.06804841799264963
26	0.003458789718070971
27	0.031363247966346236
28	0.054546176902032645
32	0.022623974555049445
33	0.004760900095178884
35	0.043724181283491856
36	0.008692612334147965
38	0.47451664368766555
41	0.499071837992152
42	0.5679420993273422
43	0.27597348704822566
44	0.05579697014817121
45	0.06050867134968732
49	0.4626653105193453
50	0.08634679283803189
51	0.07209527931948642
52	0.2731491075278802
54	0.29312710674495956
55	0.050332448418335625
56	0.0851357348155796
57	0.06991515381419486
59	0.0498726251512909
62	0.024905546961912446
64	0.022793535609472833
68	0.07056377278687641
70	0.0798808161350566
73	0.0626562996482799
75	0.016131737625300017
77	0.27898284204071294
79	0.051794307033328935
81	0.29659263713960515
84	0.3333801419171755
85	0.2627530909887014
86	0.01667414677609889
87	0.061549318096329936
88	0.05785436781519462
89	0.2751671861667068
91	0.0484943963326849
92	0.06870385701921822
93	0.09344293531034834
95	0.2986658326753765
96	0.0002468359652326689
97	0.23425249751999933
99	0.5247157085457802
101	0.33658775662049123
102	0.2910287190366419
104	0.04449872708513776
106	0.021538276567882108
108	0.28674986617997944
109	0.03465911112083547
110	0.3087995801609055
116	0.09141286996609715
117	0.05366083616990356
119	0.3102916375393852
120	0.2810318411513378
121	0.4813790971705534
123	0.29781126271921415
125	0.2973443209452593
126	0.03947353058055519
127	0.016028556464026653
128	0.05330866324693794
130	0.28002994426665095
133	0.033184305695492494
134	0.352370866485894
139	0.08226681947732167
142	0.07359060941828816
143	0.008966574075130861
144	0.005932645453111791
145	0.04856697243361477
146	0.010736703491889352
147	0.3196433851597406
150	0.4673990494979093
151	0.503561624678467
154	0.06856469477470364
155	0.16017084409829274
157	0.3139391068626288
158	0.579750133427237
159	0.017634447310510473
160	0.059960331290780815
162	0.04307311185405792
164	0.018655040052211427
165	0.5618319824906125
168	0.07176420213702284
170	0.02726218995501297
175	0.7693148607652827
177	0.266089565037278
178	0.2797151346350079
179	0.021411304655898036
180	0.004892532480620007
182	0.5321800042525514
184	0.0013840938340321206
185	0.0030149884839548134
188	0.03371845291251852
189	0.02098221994751751
190	0.12384128516935229
193	0.31328456821068834
194	0.09346985169107588
195	0.05869736673623745
197	0.03639868478295431
198	0.26432420760838843
200	0.25583941837867774
201	0.24128994044452903
203	0.06989437552735038
207	0.06948505203132732
209	0.0766406544137986
211	0.27637272048291084
212	0.05879160536700695
213	0.03648990504170485
214	0.2555763824211911
215	0.3119860891708793
219	0.0537085882576614
223	0.2828884032057611
224	0.00618981043423578
228	0.49964890407941265
229	0.09680799941427538
230	0.5113365822016016
231	0.3294058443649406
233	0.28183413924719297
234	0.3105010020596921
235	0.2926025247192487
236	0.5518076048408765
237	0.032584613757280376
238	0.3269223261106642
242	0.20267500150966572
243	0.269969213294475
244	0.014959096620322854
245	0.25146238556472894
246	0.3399166888365769
248	0.014900955691226361
250	0.5237611645148362
251	0.5373234382435138
252	0.2997275387895721
253	0.5761329525854558
256	0.5126239965892297
257	0.0396782027766646
262	0.012879053090154371
264	0.030874820514761408
265	0.25102837166363956
267	0.04607072831573369
270	0.5282322621872946
271	0.060162511122062445
274	0.05864097504930511
275	0.05599882750777654
276	0.05593453395627193
278	0.27858403324917264
280	0.27654426950967104
281	0.22228271120745094
282	0.2502303255217483
286	0.006767420645116803
290	0.033914011167538755
291	8.870355379082817e-05
292	0.04479084237116038
293	0.4215529400951339
294	0.3399645967586083
295	0.0010473752557243442
296	0.2845711109626875
298	0.2591229742669467
302	0.31153537053083485
305	0.06218170777831834
306	0.08846454972916551
307	0.5061561425825161
310	0.07714419058197043
313	0.04314995946580846
314	0.762652775222098
321	0.275981182076073
322	0.054442416528910006
323	0.5246316429331662
325	0.30263841066116004
326	0.2745467569159753
327	0.26395495597258994
328	0.3280847619200476
329	0.2632074832816944
330	0.023807789696716444
332	0.031025106285700356
333	0.03426456095105005
336	0.05397852470609521
337	0.2914100036745749
340	0.49268775697563294
342	0.24259694291989137
343	0.02837722132537636
345	0.055890142224061995
346	0.07075645005185781
347	0.03233033738727818
348	0.32945316086710935
355	0.0597746397688034
357	0.037609748693801494
358	0.05232043562867736
359	0.06622023190472515
361	0.05930851099811481
363	0.4899546143317478
365	0.48958014224043467
367	0.04539649357184944
368	0.022202631151992405
369	0.05948057674782442
370	0.26946308605515873
371	0.29653564256047266
373	0.5024472880893713
374	0.019572012781833577
376	0.052809941506593495
378	0.3043397856535497
379	0.0545227372692963
383	0.7647558321039406
388	0.2351000191453793
390	0.25975915933894955
392	0.04839314079636943
393	0.04760268644656126
394	0.2927501979608609
396	0.03596141163539651
398	0.7817619105637843
399	0.07093535675555424
402	0.28643351926060334
403	0.2688281534089741
405	0.3681868883546389
406	0.2800870190214598
407	0.02521249111866528
408	0.04828849752445774
410	0.08401657983474073
411	0.5292878161353709
412	0.014643598507477203
413	0.29139127025584766
416	0.010413230865229939
417	0.08600627319241157
418	0.097209556304139
419	0.023192832318655043
422	0.00905126190425085
423	0.27373303821771977
427	0.27239616678631895
432	0.27337514051549616
440	0.04626307957169254
441	0.2835141044338405
442	0.07087745405323347
443	0.07480941989447029
445	0.33909151482116884
448	0.009673345725250086
450	0.06046475710024074
454	0.015596344244856432
455	0.2271549808556126
457	0.04375540721775362
459	0.7763158247251746
460	0.06906022222080385
462	0.0478083571271706
464	0.03940712605357728
465	0.028524534997471946
468	0.5619915694426844
469	0.03509975604861353
470	0.3095140060217897
472	0.04375617674182675
474	0.0470426261394265
475	0.020626428648634936
476	0.04472404067374019
478	0.28110805601928496
479	0.052396153346726954
480	0.27203854307156994
481	0.027357940912414655
482	0.05064139862709202
483	0.051525656966264856
485	0.12694788606889346
486	0.025547047881927992
487	0.05133892250031889
488	0.04333112815717766
492	0.02744171168718566
493	0.5297707652220832
494	0.03492501050468301
495	0.2616764365558319
496	0.06867698630833136
497	0.07549788212426957
502	0.08122510355499843
503	0.7452975125193257
505	0.055898000336790495
506	0.2789928691456498
508	0.23344681258621564
509	0.18812520259061447
511	0.09011846997112641
512	0.29523633277481504
513	0.04517022015177193
514	0.04884024897103472
515	0.2461277886222369
517	0.33555866255779804
519	0.30867277959801415
520	0.14079735864239706
521	0.04340101505091756
523	0.25560290501817584
524	0.03126720340020131
525	0.5721995026923127
526	0.015982169113909844
528	0.2978845488981594
529	0.2617449754597786
532	0.2904326647843891
533	0.04555166897693924
534	0.28440643546862365
536	0.28007667179963375
538	0.03516847770054929
539	0.24618711245761582
540	0.2760292330135056
541	0.30160514376458575
543	0.00836434472624633
546	0.036561069969471845
549	0.33267399383860624
550	0.09686251491031728
551	0.0026164447933558
554	0.06854332609415767
555	0.29170952255396104
556	0.28639846929727164
557	0.3028874734702146
559	0.034371401235411866
562	0.281857199384325
563	0.030168882303507543
564	0.0834183212222027
569	0.5355512055763916
571	0.012639126298488165
574	0.3105377601023067
576	0.281694277929357
577	0.28094985279778995
578	0.03536332198333849
580	0.5512712087669592
582	0.23918096408676084
583	0.2805095470796974
584	0.2865737543936924
586	0.04230083458368264
588	0.512184808768836
589	0.7263126130583332
592	0.2650508093133922
593	0.2629774997533398
594	0.02350969617806639
595	0.04768679449077807
596	0.03875174057575431
597	0.2642896269228289
598	0.03823844044612218
599	0.24808529223952486
600	0.06481239706586098
602	0.5069354345037335
605	0.5328190751974314
606	0.2743729196340252
610	0.032649376298922575
612	0.043833274205741395
614	0.35150286294244587
616	0.046191435712545054
618	0.7733705327011072
619	0.045968117669046
620	0.045320591476753824
622	0.06491491997525517
623	0.035871410809884166
625	0.0579257602261996
629	0.5093484560896351
630	0.026525625755949262
631	0.050871752914213766
632	0.3093116939707465
635	0.0127805730883844
636	0.026873161447914445
637	0.3580072007259147
638	0.342312779718369
639	0.046922347611900936
640	0.5537450572269506
641	0.2462995848152896
642	0.08416367535150743
643	0.28693105725878915
644	0.05987085925534517
646	0.028122303308319038
647	0.29860499517354944
649	0.2551421498420439
650	0.06652006081933215
652	0.053918479375107575
653	0.3084317636667406
654	0.2565066480444115
655	0.2959421965909904
657	0.04415540371644723
658	0.0453056750626363
659	0.020661608040352893
660	0.04305872444366585
661	0.49671294634651825
664	0.02364036751328606
665	0.2788375263317624
666	0.04342348446891986
667	0.08013817504789177
668	0.21518572885320955
669	0.27726806005602633
670	0.005783278847778423
672	0.020632889507747502
674	0.027743178134082527
675	0.06950436416212265
676	0.2286527084542633
677	0.022610260178683717
678	0.3044121906708401
679	0.05876739067890238
680	0.5263591904804947
681	0.3154245830874034
682	0.06790160583381799
683	0.5375171599827095
684	0.28632131490786245
687	0.05192350105340598
689	0.041004397817482996
690	0.007215341148010805
691	0.07519877016590042
692	0.45394494838055477
694	0.04891259153120681
696	0.04716497559862154
698	0.28977140561932613
699	0.020260298069693344
700	0.26860922488871064
701	0.2633734205487107
702	0.2580323009921318
703	0.2835171799840647
705	0.07671331617349193
706	0.22756022714113577
708	0.04431691000404811
709	0.07419766568186564
712	0.048060925001114134
714	0.03800707469849464
715	0.31753485243873936
719	0.06687897555366475
721	0.0345184253796102
722	0.08318622222116981
723	0.054559391028011196
726	0.05453540909803503
727	0.25753669924970757
728	0.017458200407272115
730	0.2541609432457865
731	0.032202354973947744
732	0.5098905164823514
734	0.5459811269021209
735	0.28204538529753076
736	0.3291074677252548
738	0.0400609260077932
739	0.012466135113633994
742	0.000741599017038852
744	0.18050951637048712
746	0.541755179543676
747	0.2690409986351712
749	0.3045993256038933
750	0.5353808578027662
752	0.17967009468495942
753	0.5244807840358375
755	0.33707149326920793
756	0.3071042077723581
757	0.2681395112333371
759	0.2556154854595384
760	0.33096043211293985
762	0.0399051708292778
763	0.22390365417441147
764	0.7775044938050747
765	0.016973723983722183
766	0.047624075200597464
767	0.2728489148087482
768	0.058106907939757715
769	0.3257104150586631
770	0.0224638255682977
771	0.23414246184704396
772	0.02857446694426238
773	0.298285858732488
774	0.11798849672051681
775	0.014721525917951808
776	0.03646401032153995
777	0.47211492133737604
779	0.5031693517918293
780	0.24347617983453848
781	0.01659020993595017
782	0.026985581231046933
784	0.008241265044944029
785	0.5307872766316465
786	0.5039829250590055
787	0.042302935254551866
792	0.308443878826617
793	0.47158257389484914
795	0.2449711423549202
797	0.09372205208326265
798	0.3013709704526263
800	0.03355396585935065
803	0.5617385744761586
806	0.27216663669610075
809	0.038950727421806525
810	0.07438492715735531
811	0.2962964442708751
813	0.04009460109498954
815	0.07248992410693264
817	0.21902969097083316
818	0.0678398826477029
821	0.024811490082293913
825	0.03421187846752874
826	0.03937521626163178
829	0.5360387167692355
831	0.29371033319834966
832	0.042892357233819525
833	0.016475970867271178
834	0.2950972894553897
835	0.06012603822167802
837	0.5219551715412374
838	0.2486178867711422
839	0.29434471562545034
840	0.22413732393101882
844	0.2646917849318719
845	0.13841354570715925
849	0.7622439102488344
850	0.7728479606866412
852	0.5255161510408675
854	0.2563280933897622
861	0.08520052656570873
862	0.06244420465170461
863	0.07587688678276738
866	0.008326128220791242
868	0.060213215797808445
869	0.2822356559846945
870	0.2591992913893364
872	0.07014259505728912
874	0.06009195547171192
875	0.24166926291470703
876	0.0593810064714729
877	0.28694415043283017
880	0.0346277789756223
882	0.059703752029530134
885	0.2261949246832508
886	0.28545972683938464
887	0.03287552869145924
889	0.2612626040910928
891	0.09320888268249342
893	0.5316083440245167
894	0.008927698721921805
895	0.5217586414947203
896	0.3031485874975107
897	0.5421402312967137
898	0.27060794927729764
899	0.034243763381598444
902	0.058907443635289505
903	0.30953223126654583
904	0.055976229557214784
906	0.2977991011959198
908	0.030315918661664856
909	0.020104838113396417
910	0.06524405624873802
912	0.24819324974335502
921	0.08951015049678887
922	0.4662514584939731
923	0.04656312697474721
924	0.5511937752492158
928	0.009031131259764184
932	0.04249212928070925
933	0.03168648940205138
936	0.06558796933622169
937	0.045379717613471024
938	0.2363240440664547
940	0.028651582284187037
941	0.2830696441319723
942	0.2844597585252853
943	0.012961530577840514
0	0.0
0	0.0
0	0.0
0	0.0
0	0.0
0	0.0
0	0.0
0	0.0
0	0.0
0	0.0
0	0.0
0	0.0
0	0.0
0	0.0
0	0.0
0	0.0
0	0.0
0	0.0
0	0.0
0	0.0
0	0.0
0	0.0
0	0.0
0	0.0
0	0.0
0	0.0
0	0.0
0	0.0
0	0.0
0	0.0
0	0.0
0	0.0
0	0.0
0	0.0
0	0.0
0	0.0
0	0.0
0	0.0
0	0.0
0	0.0
0	0.0
0	0.0
0	0.0
0	0.0
0	0.0
0	0.0
0	0.0
0	0.0
0	0.0
0	0.0
0	0.0
0	0.0
0	0.0
0	0.0
0	0.0
0	0.0
0	0.0
0	0.0
0	0.0
0	0.0
0	0.0
0	0.0
0	0.0
0	0.0
0	0.0
0	0.0
0	0.0
0	0.0
0	0.0
0	0.0
0	0.0
0	0.0
0	0.0
0	0.0
0	0.0
0	0.0
0	0.0
0	0.0
0	0.0
0	0.0
0	0.0
0	0.0
0	0.0
0	0.0
0	0.0
0	0.0
0	0.0
0	0.0
0	0.0
0	0.0
0	0.0
0	0.0
0	0.0
0	0.0
0	0.0
0	0.0
0	0.0
0	0.0
0	0.0
0	0.0
0	0.0
0	0.0
0	0.0
0	0.0
0	0.0
0	0.0
0	0.0
0	0.0
0	0.0
0	0.0
0	0.0
0	0.0
0	0.0
0	0.0
0	0.0
0	0.0
0	0.0
0	0.0
0	0.0
0	0.0
0	0.0
0	0.0
0	0.0
0	0.0
0	0.0
0	0.0
0	0.0
0	0.0
0	0.0
0	0.0
0	0.0
0	0.0
0	0.0
0	0.0
0	0.0
0	0.0
0	0.0
0	0.0
0	0.0
0	0.0
0	0.0
0	0.0
0	0.0
0	0.0
0	0.0
0	0.0
0	0.0
0	0.0
0	0.0
0	0.0
0	0.0
0	0.0
0	0.0
0	0.0
0	0.0
0	0.0
0	0.0
0	0.0
0	0.0
0	0.0
0	0.0
0	0.0
0	0.0
0	0.0
0	0.0
0	0.0
0	0.0
0	0.0
0	0.0
0	0.0
0	0.0
0	0.0
0	0.0
0	0.0
0	0.0
0	0.0
0	0.0
0	0.0
0	0.0
0	0.0
0	0.0
0	0.0
0	0.0
0	0.0
0	0.0
0	0.0
0	0.0
0	0.0
0	0.0
0	0.0
0	0.0
0	0.0
0	0.0
0	0.0
0	0.0
0	0.0
0	0.0
0	0.0
0	0.0
0	0.0
0	0.0
0	0.0
0	0.0
0	0.0
0	0.0
0	0.0
0	0.0
0	0.0
0	0.0
0	0.0
0	0.0
0	0.0
0	0.0
0	0.0
0	0.0
0	0.0
0	0.0
0	0.0
0	0.0
0	0.0
0	0.0
0	0.0
0	0.0
0	0.0
0	0.0
0	0.0
0	0.0
0	0.0
0	0.0
0	0.0
0	0.0
0	0.0
0	0.0
0	0.0
0	0.0
0	0.0
0	0.0
0	0.0
0	0.0
0	0.0
0	0.0
0	0.0
0	0.0
0	0.0
0	0.0
0	0.0
0	0.0
0	0.0
0	0.0
0	0.0
0	0.0
0	0.0
0	0.0
0	0.0
0	0.0
0	0.0
0	0.0
0	0.0
0	0.0
0	0.0
0	0.0
0	0.0
0	0.0
0	0.0
0	0.0
0	0.0
0	0.0
0	0.0
0	0.0
0	0.0
0	0.0
0	0.0
0	0.0
0	0.0
0	0.0
0	0.0
0	0.0
0	0.0
0	0.0
0	0.0
0	0.0
0	0.0
0	0.0
0	0.0
0	0.0
0	0.0
0	0.0
0	0.0
0	0.0
0	0.0
0	0.0
0	0.0
0	0.0
0	0.0
0	0.0
0	0.0
0	0.0
0	0.0
0	0.0
0	0.0
0	0.0
0	0.0
0	0.0
0	0.0
0	0.0
0	0.0
0	0.0
0	0.0
0	0.0
0	0.0
0	0.0
0	0.0
0	0.0
0	0.0
0	0.0
0	0.0
0	0.0
0	0.0
0	0.0
0	0.0
0	0.0
0	0.0
0	0.0
0	0.0
0	0.0
0	0.0
0	0.0
0	0.0
0	0.0
0	0.0
0	0.0
0	0.0
0	0.0
0	0.0
0	0.0
0	0.0
0	0.0
0	0.0
0	0.0
0	0.0
0	0.0
0	0.0
0	0.0
0	0.0
0	0.0
0	0.0
0	0.0
0	0.0
0	0.0
0	0.0
0	0.0
0	0.0
0	0.0
0	0.0
0	0.0
0	0.0
0	0.0
0	0.0
0	0.0
0	0.0
0	0.0
0	0.0
0	0.0
0	0.0
0	0.0
0	0.0
0	0.0
0	0.0
0	0.0
0	0.0
0	0.0
0	0.0
0	0.0
0	0.0
0	0.0
0	0.0
0	0.0
0	0.0
0	0.0
0	0.0
0	0.0
0	0.0
0	0.0
0	0.0
