1	0.2509738432163014
2	0.2877819087614363
5	0.05777336935262709
6	0.2723146230062035
7	0.04269552768952974
8	0.28022992237955474
9	0.04088376831361287
10	0.49836476240465616
12	0.26053292248669635
13	0.08518299087701908
14	0.25340239590884633
17	0.017851167010369394
18	0.2498122520632841
20	0.3080288038664983
21	0.045173767940428516
22	0.05057316900921844
24	0.02519253272138934
25	0.017501691285307208
26	0.07943537419571958
28	0.2803304336808744
29	0.031706877780492526
31	0.032102593637576476
32	0.2710965960894421
33	0.026612184889345386
35	0.26556199557139565
36	0.05988201398004509
37	0.2240423770409163
38	0.023909418515711753
39	0.5148580226871731
41	0.32164322612515445
42	0.04210414513816858
43	0.048205072450497
44	0.2974987109255705
45	0.5403917290292116
48	0.27720025472690524
51	0.5514870861265968
52	0.2833671029344413
53	0.006041994540241236
54	0.046608219088442815
55	0.2585895673084932
56	0.07415435748341734
57	0.08243129285948317
59	0.286637651902423
60	0.5017575652278602
61	0.14653844927753035
62	0.023251098438239734
66	0.2759051384035124
67	0.007283330804398455
69	0.021810300082256706
70	0.05004214248207725
71	0.24321600177823763
75	0.003396935092672318
76	0.2977177968177003
78	0.03228490915372461
79	0.023826020905190273
80	0.031682038958864275
81	0.3077089714337639
82	0.24491104583542572
83	0.27756654831860633
84	0.022906697136988195
86	0.31361346572993165
87	0.26700450249186686
89	0.2745787827457255
90	0.02793984923210427
91	0.5140235995290685
92	0.013093833381964778
94	0.014019625256829205
95	0.031643640518193246
96	0.023119185039552792
98	0.03009543027494553
99	0.04296861767863922
100	0.25090604912814707
101	0.28721881721885517
102	0.05276888629232092
104	0.2719968867910283
105	0.01655315126526649
106	0.23724596328235617
109	0.2561882697306227
110	0.006861292964651378
111	0.2877068596751267
112	0.008552913935299583
113	0.046761922817193824
114	0.7762285670482059
118	0.2867854610892408
120	0.0632275533552232
123	0.2671432979643007
124	0.2896340945955135
125	0.2670288424045308
126	0.0312368167886325
127	0.05355179015409431
128	0.2881797276469758
129	0.04919194232373272
133	0.0011165631385652505
134	0.05139253766409074
136	0.03070941926726168
137	0.5082446742636473
138	0.5261646375913879
139	0.05085891633485969
141	0.01728976442201781
142	0.04159094459352687
143	0.019267034325545537
145	0.5391861416804802
148	0.2709304491336775
149	0.24353575167013636
152	0.5285269977185477
153	0.0873951490767955
154	0.02862187980212278
156	0.2791090826376984
157	0.0594404152486663
159	0.23956337866362284
160	0.006133035347206238
162	0.003031863348042965
163	0.275063747496753
166	0.11914251480285662
167	0.5027474612447429
168	0.031176325938761053
169	0.3174725297722134
170	0.24584794370914703
171	0.05044551156157056
175	0.02391374725925261
177	0.25360151587231566
178	0.04027121822385199
180	0.2702759490557781
182	0.04472150983010501
183	0.05183108198346717
186	0.2781606710626402
188	0.2712902457346783
189	0.2271914997970581
190	0.21797173485627094
191	0.2138608124185774
193	0.022019165212423364
194	0.2805680735382062
197	0.5769203062906961
199	0.30305313661739347
200	0.04553062350327742
202	0.3548450683822971
204	0.027158162432501895
205	0.16485550435987
207	0.0314429323754626
210	0.01538854437007519
211	0.05600797652541031
216	0.2592468286242041
218	0.5234466735597649
219	0.010029451389355792
220	0.08264064300408953
222	0.43866131571116784
224	0.024734080412572766
226	0.2972195137191156
229	0.20377879870359736
230	0.01275377766987617
231	0.2853000457900672
232	0.024843038603283123
234	0.029330790775047064
236	0.2104961235334872
238	0.30096230351846187
239	0.04579989770451695
240	0.03725547447796611
241	0.25754529429926554
245	0.2900823097426696
246	0.06513344715016563
247	0.029142483488639924
248	0.26817167235835077
249	0.26417944958042466
254	0.29814644789468786
256	0.25149432041963343
258	0.2972801256800184
260	0.06794513620744899
261	0.2530373724790378
264	0.2566905467613815
265	0.013716456667834782
267	0.27708860450033035
268	0.5379250977954171
271	0.03460537956634645
272	0.24228152624429025
274	0.5346790475557102
275	0.2913970733218768
276	0.042123678313141205
277	0.043651491672304116
278	0.021987296170705738
279	0.02423226485616533
281	0.2498179079097241
283	0.04313179463441286
285	0.24761352754637608
288	0.028747294995678616
289	0.6193862434633863
290	0.009291115921853957
293	0.02930860169659224
294	0.04008690135883706
297	0.003789582430570898
298	0.02736284776537609
299	0.5354089802475875
300	0.08495288682807262
301	0.5414169667598981
302	0.12145651118129441
303	0.04292003842949846
304	0.052743945697581195
306	0.07527214552819977
309	0.3378096587475055
310	0.22615506850626663
311	0.010741377497361627
312	0.009816742265845717
313	0.48925474839056554
314	0.04351321085226227
316	0.005562070907970895
317	0.00861520790638838
320	0.4987911346743627
321	0.23229409364990383
322	0.25035463344077036
323	0.04438238745461793
325	0.02991263860634588
326	0.2669055185122576
328	0.018776941854039983
329	0.011794521388040907
330	0.011416402250218324
331	0.259120544545936
332	0.5101580082927984
334	0.00015417548877845466
336	0.5257793367344797
337	0.006373412847536161
338	0.2756467841252819
340	0.01945033676063252
341	0.032370537609934545
343	0.016394070201827426
345	0.027098847993785626
346	0.0447032020857194
347	0.06280603861505024
348	0.2931273746006859
352	0.2786218274277945
356	0.31056297254344667
357	0.003132159742057189
359	0.03999464521923886
360	0.2956901424116868
361	0.001678085456466076
362	0.26858698612655163
363	0.2897573181090486
364	0.024333280402629748
367	0.28877037920840815
368	0.198296411287084
369	0.28176243207596363
372	0.02216923405355742
374	0.23904833518495994
375	0.25040163757250705
376	0.28473539028566613
378	0.2687994266816622
379	0.24161549938717203
381	0.03332637667071365
385	0.25886643320659664
386	0.26693711041204105
387	0.2790818570831742
388	0.25793478236520423
389	0.27778593172209937
390	0.024141437176277973
391	0.037722875721387134
393	0.28644927063316705
394	0.04691926596082838
395	0.5542061958509988
396	0.25959902623260056
397	0.26954976388874535
398	0.014057493355261824
399	0.0307888918881011
400	0.06518880220142664
401	0.03769081762149944
402	0.03293948003902994
403	0.038151125728497
406	0.014155959577816714
408	0.2582931682052727
409	0.5305036284767825
410	0.07021026781914222
412	0.05798674237400974
413	0.03943846965093689
414	0.028125277586996733
416	0.2526651148828224
417	0.27490786680270257
418	0.1705252667612162
419	0.0015831329744754943
420	0.2677037318449529
421	0.7622225416713565
423	0.009562073900218342
425	0.05193312611087018
426	0.2623033336542371
428	0.26829076730239715
429	0.2871768049302123
431	0.26003985501389326
433	0.06443391445674806
435	0.2864173222111955
438	0.05091991379309869
440	0.028045320392191188
441	0.28660894204128784
442	0.24758293646004276
446	0.5311140405080104
447	0.4735859606178375
448	0.27528331469937384
449	0.06780576928143252
451	0.28733493951840966
452	0.209338101778316
454	0.26198763780225076
455	0.27394245772266795
456	0.00426042056586029
457	0.24880529154176867
459	0.02570993108326792
460	0.011745077711153913
461	0.0024606234301833146
463	0.03983429242688924
466	0.5189822171010042
468	0.011286800170817943
469	0.2528388122590699
470	0.040878836481062227
471	0.03688262219813535
472	0.2795948953120383
473	0.059503961086978925
474	0.015993895675444098
476	0.24312654222507712
479	0.03766005181504653
481	0.29893534533816246
482	0.25455246974543627
483	0.05251895069024634
484	0.2694729186908692
487	0.02850551179965767
488	0.5200813353931681
489	0.26156091788743263
490	0.2878493802117613
491	0.23532866817152137
492	0.28304438939687426
493	0.04737683234625936
494	0.02976234217991436
495	0.0488559260733781
496	0.06767701695602427
497	0.02441255330437935
498	0.029143391380187997
499	0.00885826730791242
500	0.04212039139322274
501	0.040894945914902
502	0.25385367097861516
504	0.255271398139052
505	0.2751823240260692
506	0.5335680465038946
507	0.26758703408117834
509	0.3337534844678394
510	0.2400521175441683
512	0.26776899460432957
513	0.5214198971638673
514	0.259503767918662
515	0.25975478451768336
516	0.0371657929458705
517	0.3180258149042569
518	0.2817828220168268
519	0.019930312557206738
520	0.0940938690210911
521	0.030699150277385824
523	0.03278356530927145
524	0.26548991617405904
527	0.033965574845005925
528	0.261971377940403
531	0.046999076362466065
532	0.27456015588762517
533	0.28585749890624135
534	0.2510661493162635
535	0.008301455678580441
536	0.2730362651317693
537	0.02608246851247001
538	0.0764340053852953
540	0.03638184480705488
541	0.26159019133445083
544	0.3019025275641998
545	0.2627125183361335
546	0.27665330796730037
547	0.30241712991411307
548	0.7640355697665511
550	0.29355163399871875
552	0.2780990453487069
553	0.5025523041694944
554	0.3123372501395073
557	0.023662549128410343
559	0.2562347582429855
560	0.031822315201792836
561	0.2649453727587743
563	0.31811794005918603
564	0.03382234607353268
565	0.5336486653972599
566	0.013925283710545688
567	0.02886502953818562
568	0.5086408182189861
569	0.011932907624360382
571	0.030266621874138394
573	0.2556833943282624
575	0.5109387545288233
576	0.5316241138254056
577	0.03493142702127118
578	0.28035465682813787
580	0.03971606180374777
581	0.057419857736828256
582	0.013982089198814322
584	0.019634511598987922
585	0.3057927799966177
586	0.007204160772120723
587	0.2761972339160365
591	0.025018267888312434
592	0.022926287753404023
593	0.053876182684090716
594	0.25522303237998767
595	0.008545855857531273
596	0.2587707253016696
597	0.038407481891640054
600	0.49506806979762696
601	0.01347686010172057
603	0.02669289669053826
604	0.012785377659056851
606	0.2701806808557907
607	0.006854643121308471
609	0.049167397942054124
610	0.00589958058267874
611	0.2735632593668843
612	0.005833235282158913
613	0.5166874824705703
615	0.5175703400702281
616	0.26674394333460644
617	0.4236553143041288
618	0.03507230570218008
619	0.7642629835934587
620	0.29137944988702014
621	0.5239419930339039
622	0.03145827918586005
623	0.531263131209279
625	0.28648500821031475
626	0.06248670047221482
627	0.5219418253924937
628	0.2634286163938617
630	0.02030851210779449
632	0.05263960557286574
633	0.26028188793043394
634	0.2717503761695087
636	0.02899193093686691
638	0.21081619918682135
639	0.265795870103382
642	0.28810917257772506
643	0.2587560409411306
644	0.5340301076626802
645	0.22102355919528394
646	0.013671926920396565
647	0.0405449897522184
648	0.7535233629439952
650	0.25242440819369744
651	0.5242641700180725
653	0.035020098604774855
654	0.286179077118621
656	0.23030260401703584
657	0.058327402065316836
659	0.025997751883669304
660	0.03407684114373995
661	0.009266193416961749
663	0.5086263888324956
666	0.032344493029313776
667	0.03143767186617553
668	0.044592650524631516
669	0.018348721744244997
670	0.004509920716029986
672	0.046008308562962875
673	0.2751230005961157
677	0.0314197683299364
678	0.1771604379935668
679	0.2554934615671631
680	0.022110871429569565
681	0.024582681660372592
682	0.5128038225609357
684	0.04688388042094311
688	0.015145678559075525
689	0.2901704776209718
690	0.030057471350497092
691	0.007159035942503118
693	0.04893577928235551
694	0.5188095374251811
696	0.034636521006655145
697	0.2807042686867202
698	0.2710220300120539
700	0.03935864300757016
701	0.04793308162377531
702	0.0054890876338633265
703	0.26116757021993803
704	0.009331924433626987
705	0.2689553632872887
706	0.01861777992761622
707	0.2596347580049495
708	0.292315556918813
709	0.292057330905807
710	0.2607655466458121
712	0.2624226456616152
714	0.5309374153081727
715	0.019116204762415163
718	0.2453163966714874
719	0.24301231722901895
720	0.28792201926227556
721	0.2466358770717676
722	0.05529812163196745
723	0.5290157176462928
725	0.010160976684711456
727	0.09646989921871546
729	0.025822769271987067
732	0.0005585699007951625
733	0.055842603462920866
735	0.039402099116174864
737	0.01095222116866186
738	0.28177549661540324
740	0.04228077494987145
741	0.25135013723238564
744	0.0443490202243862
745	0.24788558245241582
746	0.023354023577651442
747	0.28466658180504717
748	0.03857590319002436
749	0.03493187235164952
750	0.023789781480432287
755	0.027863606860441724
757	0.03656333459197843
758	0.24943604479391895
761	0.29695147044682674
762	0.48514533731776943
764	0.0022514145763506827
766	0.28760883014791766
772	0.28473551570202743
773	0.039117989261090266
774	0.07753891366035882
776	0.29575588007862935
778	0.24992974302597384
780	0.004000695995412834
781	0.5048095067077257
782	0.025476895549168765
783	0.28969029032135835
784	0.24740103738002905
785	0.2666208818016386
787	0.24779527438984833
788	0.05278579047873694
789	0.3039590007147014
790	0.2767663058172273
791	0.31866988508225147
792	0.049559480921719225
796	0.4993585711016741
797	0.3378751726946122
798	0.28709048355483907
799	0.04803732607789618
800	0.03451868729540785
801	0.014123824350585422
804	0.5205167978319696
805	0.05454155125566096
806	0.01695283023744546
807	0.016049313924037314
810	0.012842460898143594
811	0.5212657011010495
812	0.023623189168749142
813	0.2893558482645177
814	0.0044692103785145265
815	0.2752076102147728
816	5.8914206422344684e-05
818	0.2747983220144888
819	0.5012532358523768
823	0.26374408581275444
825	0.521910129542262
826	0.28454375012188443
827	0.24666760546021155
828	0.26248164568561
830	0.26189552823607865
831	0.2716152140338975
832	0.04207100676133468
833	0.028773528739560544
834	0.28921019927964464
835	0.27403176592484724
836	0.022716647997625794
839	0.01055163483036705
841	0.016473667497555203
842	0.05709783201388002
843	0.2911995125227183
846	0.22659055730865718
847	0.03496440106312735
848	0.028273178482495137
849	0.039402099116174864
851	0.27006852145208254
853	0.27162910751595515
855	0.3115004388242725
856	0.01710764064607527
858	0.01550938342518473
860	0.28778292961067453
862	0.2742107193967592
863	0.29055301179928195
864	0.26363757494200646
867	0.2488997272276533
868	0.27309034885332084
869	0.01945717360159402
870	0.014533939873528877
871	0.5397736862158028
872	0.5455157186471372
874	0.05605990085617344
875	0.014209289320444678
876	0.01789638002541504
877	0.28774885440055525
878	0.2689113249853679
879	0.021117844173277445
880	0.01654242410364499
881	0.506843501816752
882	0.27654697105972287
883	0.0487474942378774
884	0.0729205188412572
885	0.08212886917880503
886	0.2771425444947593
887	0.011107438719044162
888	0.005491171651268757
890	0.23238437566781275
892	0.27158462877936435
895	0.07089885309243
896	0.01491280143316679
897	0.021463669159047197
900	0.3402057650593266
901	0.2951679113730899
902	0.025276808145512072
905	0.2818206186958137
908	0.008084440454612027
911	0.03311385791161861
913	0.2804783076634165
914	0.09336293032166974
915	0.26758427300329574
916	0.004166387685523812
918	0.24844546553189042
920	0.0540791842606386
921	0.25284591837319
922	0.25839631576768585
924	0.009433206813284134
925	0.02881069001601553
926	0.28333200175368656
927	0.5147836557543946
929	0.013673903464273246
930	0.025374488778376163
932	0.029626116650117565
933	0.012013395282923181
934	0.026658546813511305
935	0.273817549544271
937	0.014606889345651734
938	0.03548001943905729
939	0.03862728503886511
942	0.2670952721469192
0	0.0
0	0.0
0	0.0
0	0.0
0	0.0
0	0.0
0	0.0
0	0.0
0	0.0
0	0.0
0	0.0
0	0.0
0	0.0
0	0.0
0	0.0
0	0.0
0	0.0
0	0.0
0	0.0
0	0.0
0	0.0
0	0.0
0	0.0
0	0.0
0	0.0
0	0.0
0	0.0
0	0.0
0	0.0
0	0.0
0	0.0
0	0.0
0	0.0
0	0.0
0	0.0
0	0.0
0	0.0
0	0.0
0	0.0
0	0.0
0	0.0
0	0.0
0	0.0
0	0.0
0	0.0
0	0.0
0	0.0
0	0.0
0	0.0
0	0.0
0	0.0
0	0.0
0	0.0
0	0.0
0	0.0
0	0.0
0	0.0
0	0.0
0	0.0
0	0.0
0	0.0
0	0.0
0	0.0
0	0.0
0	0.0
0	0.0
0	0.0
0	0.0
0	0.0
0	0.0
0	0.0
0	0.0
0	0.0
0	0.0
0	0.0
0	0.0
0	0.0
0	0.0
0	0.0
0	0.0
0	0.0
0	0.0
0	0.0
0	0.0
0	0.0
0	0.0
0	0.0
0	0.0
0	0.0
0	0.0
0	0.0
0	0.0
0	0.0
0	0.0
0	0.0
0	0.0
0	0.0
0	0.0
0	0.0
0	0.0
0	0.0
0	0.0
0	0.0
0	0.0
0	0.0
0	0.0
0	0.0
0	0.0
0	0.0
0	0.0
0	0.0
0	0.0
0	0.0
0	0.0
0	0.0
0	0.0
0	0.0
0	0.0
0	0.0
0	0.0
0	0.0
0	0.0
0	0.0
0	0.0
0	0.0
0	0.0
0	0.0
0	0.0
0	0.0
0	0.0
0	0.0
0	0.0
0	0.0
0	0.0
0	0.0
0	0.0
0	0.0
0	0.0
0	0.0
0	0.0
0	0.0
0	0.0
0	0.0
0	0.0
0	0.0
0	0.0
0	0.0
0	0.0
0	0.0
0	0.0
0	0.0
0	0.0
0	0.0
0	0.0
0	0.0
0	0.0
0	0.0
0	0.0
0	0.0
0	0.0
0	0.0
0	0.0
0	0.0
0	0.0
0	0.0
0	0.0
0	0.0
0	0.0
0	0.0
0	0.0
0	0.0
0	0.0
0	0.0
0	0.0
0	0.0
0	0.0
0	0.0
0	0.0
0	0.0
0	0.0
0	0.0
0	0.0
0	0.0
0	0.0
0	0.0
0	0.0
0	0.0
0	0.0
0	0.0
0	0.0
0	0.0
0	0.0
0	0.0
0	0.0
0	0.0
0	0.0
0	0.0
0	0.0
0	0.0
0	0.0
0	0.0
0	0.0
0	0.0
0	0.0
0	0.0
0	0.0
0	0.0
0	0.0
0	0.0
0	0.0
0	0.0
0	0.0
0	0.0
0	0.0
0	0.0
0	0.0
0	0.0
0	0.0
0	0.0
0	0.0
0	0.0
0	0.0
0	0.0
0	0.0
0	0.0
0	0.0
0	0.0
0	0.0
0	0.0
0	0.0
0	0.0
0	0.0
0	0.0
0	0.0
0	0.0
0	0.0
0	0.0
0	0.0
0	0.0
0	0.0
0	0.0
0	0.0
0	0.0
0	0.0
0	0.0
0	0.0
0	0.0
0	0.0
0	0.0
0	0.0
0	0.0
0	0.0
0	0.0
0	0.0
0	0.0
0	0.0
0	0.0
0	0.0
0	0.0
0	0.0
0	0.0
0	0.0
0	0.0
0	0.0
0	0.0
0	0.0
0	0.0
0	0.0
0	0.0
0	0.0
0	0.0
0	0.0
0	0.0
0	0.0
0	0.0
0	0.0
0	0.0
0	0.0
0	0.0
0	0.0
0	0.0
0	0.0
0	0.0
0	0.0
0	0.0
0	0.0
0	0.0
0	0.0
0	0.0
0	0.0
0	0.0
0	0.0
0	0.0
0	0.0
0	0.0
0	0.0
0	0.0
0	0.0
0	0.0
0	0.0
0	0.0
0	0.0
0	0.0
0	0.0
0	0.0
