1	0.09832350123591183
3	0.32407796410685125
4	0.2802284836643216
7	0.018297583975094407
11	0.3030068524285215
13	0.0473319742562555
14	0.07120677579160165
15	0.24566302066140566
16	0.015922002578323137
18	0.28161758468271636
19	0.03691476236946091
21	0.10587898111125216
22	0.30981470299693026
23	0.24770377189863438
26	0.53509147595625
29	0.23364559850947547
30	0.2176716052477909
31	0.3000373352616179
34	0.1397342590764532
37	0.04173774353337293
38	0.007000884847767459
40	0.03247425086164526
44	0.0807672682392918
46	0.016838828506472482
47	0.03795744359872642
49	0.2816320342478206
53	0.27436736702946773
56	0.22617064983082433
58	0.25045711031446694
60	0.026252341659857452
61	0.22458848632871886
62	0.27398847400596343
63	0.32018246424430613
64	0.27180163325005957
65	0.026504703576951706
66	0.016039503853154287
67	0.011359902920745193
68	0.006872071510369247
69	0.028505519914657357
72	0.23900051073654208
73	0.2311334624029531
74	0.29285135249040806
75	0.04550748014145635
79	0.05871390813391929
80	0.08751883255668524
82	0.059139248116963736
85	0.2811201963768244
87	0.020113944808699637
88	0.24770297226263632
89	0.03801236861721431
90	0.29600785251693756
92	0.2710925307621853
94	0.5415738589658353
96	0.49822868450250074
97	0.017808699984646712
98	0.042257830766260523
103	0.10265833747378444
104	0.08631175730170129
105	0.3326286372808395
107	0.04495441908804437
108	0.21050781866092375
111	0.06437507543826426
112	0.03158362920487437
113	0.07454078163867064
115	0.2624520110150427
116	0.1674998609308777
117	0.25344999990285016
118	0.036679487649125035
119	0.022538205316855152
120	0.0024770568233643785
123	0.003938141134628537
129	0.04704535212158971
130	0.21583885971907543
132	0.29308186735204295
133	0.05568401706705593
135	0.02022663708649055
136	0.28165513936978775
139	0.020374349949152257
140	0.506639079605509
142	0.012610666135591538
144	0.5157236538448792
146	0.4924711451914163
149	0.29791339339161416
151	0.043089451326067216
153	0.13251717742802066
156	0.02296263504075912
160	0.30285405231325896
162	0.24721371852019347
164	0.01169065171285344
168	0.01981493110565139
171	0.045474626383573594
172	0.27256414401743867
173	0.26804750482255046
174	0.2746200684953057
176	0.28922037770112374
177	0.049751581019438273
179	0.005678674546750598
184	0.5160922662372326
185	0.07347804651148324
187	0.013676155040406257
188	0.026903828964027703
189	0.5486083256832793
192	0.33097082084600943
195	0.031758585471205
196	0.3504678661760282
198	0.30909137193543734
200	0.045896687351212495
201	0.27575658274355863
204	0.020769929998535535
207	0.26925766607855156
208	0.05263745047616715
209	0.30035391017902663
210	0.27111525140113085
211	0.25904323742056273
212	0.19793851775848903
213	0.024862925941528502
214	0.5039240528626557
215	0.2571537372517314
216	0.5192006942536728
217	0.28127833607070185
221	0.2904537325828861
222	0.3374171360667084
223	0.0009538094079888995
224	0.034005957051650514
225	0.01617036230349641
226	0.09336519250139835
227	0.055642653913003104
228	0.04757327307661259
230	0.024894448901836355
232	0.3101594555105397
234	0.018396954269250396
235	0.48670307530588297
237	0.23228595474757693
239	0.5408223711650234
240	0.29993033663087454
244	0.022490251716765976
247	0.01643030422144266
248	0.06716553873855269
249	0.2655872975350922
250	0.20130621520400702
251	0.0035906398893978536
256	0.04308663678810521
259	0.23889979646899823
260	0.011770757803632001
262	0.02962061143244899
263	0.27643135507100214
265	0.05093162765207385
266	0.2670161692876889
267	0.03487025466646006
268	0.03901827686463267
269	0.4848285936330484
270	0.2572664884126873
271	0.28674513511671046
272	0.05953757676381201
273	0.005278459379351508
276	0.28357207029060233
277	0.03481829437893576
280	0.24430323408282908
284	0.285346695930649
285	0.06640738726293272
286	0.5034582095681785
287	0.05326897360597027
288	0.03175671711798399
291	0.012205952167494996
292	0.2551621008384335
293	0.34351069508693527
294	0.015099092512619799
295	0.5168100687500193
297	0.30180536043908557
298	0.019182550116523985
299	0.02413031243569485
301	0.00695292115936777
303	0.2817807196143898
305	0.07542202055609193
308	0.32715222997526106
311	0.09233388371668767
312	0.06085402752715896
315	0.4967056808486023
317	0.033435490073629975
318	0.25834371558821145
319	0.030079816255965647
320	0.03172119464143867
321	0.0027890612359049577
323	0.008832551516940425
324	0.2652505977683557
325	0.04433609706515321
326	0.06384171260514747
327	0.24680754686683687
328	0.0400220640281895
329	0.03233453747293729
330	0.060200544529505025
332	0.0647888839238855
333	0.0037285415163904947
334	0.5891338277086714
337	0.05233477170574557
338	0.02264154864209636
339	0.5325545599314726
341	0.32797250901837777
342	0.4948738586558012
343	0.27704330538607014
344	0.7661175099445325
347	0.02171028793937463
349	0.2538562938117114
350	0.026303576885132206
351	0.03713107989390948
352	0.019249176286059377
353	0.06666150881045671
354	0.5152774262740976
356	0.001894579099819202
357	0.2680797858590583
358	0.21228758074481577
360	0.5125949654793229
361	0.2720797083212274
362	0.3265180123910088
363	0.05823284880597706
364	0.28178541492332515
366	0.025995847170220927
367	0.04896189916343258
370	0.24627697091508804
371	0.25076408135993256
373	0.04049736905661579
374	0.07692309127004701
376	0.007224881567370774
378	0.035277631670824115
379	0.05221249679591437
380	0.3311693657772893
381	0.05980816022169412
382	0.24811839730777613
384	0.04855907852529718
385	0.057376998972924136
386	0.03691325641197908
387	0.3154304447926068
389	0.3137311122554583
390	0.02285672519373328
391	0.028290195271029016
392	0.48525090299308116
394	0.05373855463628816
395	0.24852090184323739
397	0.3045937758425339
399	0.2863967468772674
404	0.3022261346189215
406	0.5313649358882363
407	0.2894259697565141
408	0.047395008540655946
409	0.032055385456480484
412	0.015065966713093536
414	0.3289042382429774
415	0.011532010221202572
416	0.3349972154471227
417	0.2687182752350145
419	0.03870827051089673
420	0.289624058435733
421	0.02282717844834721
422	0.006122123915565436
423	0.5122106220673595
424	0.02220821334573273
425	0.10778961309547741
426	0.041640306440822714
428	0.03673198233130609
429	0.2515395350698161
430	0.4897073612840303
432	0.006982725118575582
433	0.2661077173236884
434	0.043442382014420494
436	0.5371422675245522
437	0.2774414630371807
438	0.24404583903427654
440	0.02305126014070466
442	0.2792524012736621
443	0.031556001534094366
444	0.021789236551018984
445	0.042092405201096084
447	0.3362847729546736
448	0.09046285096822164
449	0.25530184203484024
450	0.014944342553628202
452	0.1240204171933728
453	0.514017129988541
454	0.28984331078663284
456	0.2888499775588164
457	0.2895946271255579
458	0.5207952771054155
460	0.2754719316933142
461	0.48415673877102666
463	0.5202812375028901
464	0.27157588033521063
465	0.010468631578546071
466	0.25740964003883415
467	0.2863133267673583
469	0.04734744724195536
473	0.019905844012550702
474	0.26100770690147435
478	0.24023277201085277
479	0.5249567764264634
480	0.2781522386138762
484	0.024983594283396984
485	0.35661524951564816
486	0.3368905741027527
487	0.014823811594103994
488	0.014812459085780334
490	0.29617869164322197
491	0.05070322950623514
495	0.015474747386406716
496	0.2603693886999718
497	0.015922265667785707
498	0.043407660893630615
499	0.035553514028695436
500	0.06261231836248868
501	0.25389784904300755
503	0.025938415966749104
504	0.03890737669586662
507	0.28648143120384767
508	0.23745858715482493
510	0.24723688191877846
514	0.29837966139817124
518	0.059843288272389814
519	0.2573214240728932
521	0.29714018392224634
522	0.01823169225620317
524	0.29655598070461403
525	0.026725404251628383
526	0.32281259873294504
527	0.05957430426189298
531	0.27673026120430905
532	0.043486261632891446
535	0.5208881079921724
537	0.5442294437389079
538	0.21850482944582633
542	0.5341942346305723
543	0.01915346533602757
544	0.3162855215780959
546	0.03353684795287648
547	0.28105637630949665
551	0.010665271426850045
552	0.03026238394007205
553	0.04856477554899238
556	0.28228867080421166
557	0.23038145699065962
558	0.24974336468811975
560	0.3329520080561018
561	0.31269652637208567
566	0.29054195283623824
567	0.30448491759718554
568	0.2700142742358565
569	0.2689322765974097
570	0.3320166783359554
571	0.014929397227417991
573	0.27304297571973346
574	0.030958974090883003
579	0.00039787317750843154
581	0.21730505635317693
582	0.0800220358950098
584	0.013185141362289862
587	0.27947624320733877
589	0.010302851661998659
590	0.27057573744717817
591	0.2576725835654859
592	0.05377488090425835
594	0.03906072744491942
595	0.2885780428532758
598	0.2808351576859455
599	0.0011290392821868972
600	0.061473010194595945
601	0.09714361156013591
603	0.2632538026288375
604	0.12701928640938748
605	0.22684227760049974
606	0.0810424775415871
607	0.06385941751610744
608	0.24780420182250598
610	0.052082744692530526
611	0.016568462515081695
614	0.058864192454043396
615	0.009155328624175028
616	0.02996062388062586
617	0.1344276376433885
622	0.29178895983271425
624	0.5329117392838073
626	0.338652392229319
627	0.013615779703521264
628	0.040325051373623896
629	0.036686036988466286
631	0.0362570927765646
633	0.03857447661745582
634	0.29867158821675394
635	0.5045401891984389
636	0.04708633727303575
637	0.011605731967615187
639	0.0824095991095847
641	0.26883887720954625
643	0.26638982439192005
645	0.27579362710457367
646	0.07673433797665684
647	0.020859424206034052
649	0.01953067903229007
650	0.04838814956960725
652	0.016977807570991592
655	0.276334121714927
656	0.1948263390155559
658	0.4737928508191318
659	0.49967197275900566
661	0.07772844141773459
662	0.08912806322768058
663	0.03407988615133033
664	0.0671124809674972
665	0.2559346345712532
666	0.28752065024287055
667	0.018682854485052726
668	0.08304113326007526
669	0.06820032765574502
670	0.08454388198894938
672	0.055867650078586725
674	0.04928241988396798
676	0.2859557215716233
678	0.0648202498343526
679	0.011905949200513608
682	0.032845527367205724
683	0.24902432825330018
684	0.03533235896925211
686	0.2702689928978053
688	0.25500824848300413
691	0.016027065748149567
692	0.003642191173015792
693	0.26594661118935814
695	0.049658762033720785
696	0.272623831428486
697	0.060964165017726044
699	0.030750593125030076
704	0.02051695730815379
707	0.013348330256828446
710	0.2766924416596831
711	0.28350855253809887
713	0.5282773414651092
716	0.297139069596968
717	0.5325457432462933
720	0.2702171423795068
721	0.08968152219451539
722	0.014664409479788244
725	0.05280037043166009
726	0.32669775025807146
727	0.10745097173431305
728	0.08026580537923016
730	0.0035249414186506872
732	0.05340930414696117
733	0.5315605922089994
735	0.022856725193733274
736	0.2568220319978103
737	0.5274451193309925
738	0.07126553988419032
740	0.31501891898930673
741	0.2660184692926385
742	0.26630507251217306
743	0.3134915524928783
744	0.04053206900563719
745	0.2501453008617759
747	0.06430847168714962
748	0.2950465788500689
752	0.32536076305464173
754	0.03451967917309409
757	0.2748692569903187
758	0.08562533283779604
763	0.3081662322216923
764	0.015413158678493726
765	0.2656011333948057
766	0.046195758859971583
770	0.5077491578969381
771	0.026672828916015884
772	0.05002206409116247
773	0.29447809443363826
774	0.21189766415107578
776	0.01821529085602301
780	0.2801665575946993
781	0.07186833404973446
783	0.08296416027466835
784	0.26176984196774805
786	0.2651513926553612
787	0.5208808954077924
788	0.26484159753922243
789	0.004485304106669148
790	0.06644365170685343
792	0.2404562562592225
793	0.09498038090062205
794	0.3084830504399453
795	0.5048198346133179
805	0.5158547250679479
806	0.2960616296498546
807	0.5059498599269027
808	0.3055347776659082
809	0.07517489755476395
810	0.02293734037043935
813	0.0004423864440504695
814	0.2926891283542363
815	0.021496298628435447
816	0.03062482822444522
817	0.03214205537682148
818	0.06057517840636982
819	0.07168091481035647
820	0.3603977535972701
821	0.29808690583433206
823	0.5080835596836615
826	0.05577146656259391
828	0.3027800653987376
830	0.028077049174784548
831	0.002576612413008862
832	0.02129980486860745
833	0.5120770208687373
835	0.25024378251233215
836	0.314955385747918
839	0.28001212084645904
840	0.28252010917413084
841	0.34036985674432435
842	0.06549593942571762
843	0.28950251191289
845	0.22585804076822885
846	0.3255405344040204
848	0.04455589410771617
851	0.526792203125762
853	0.31096601677246605
854	0.24271580568573348
857	0.17169329983438875
858	0.00772399135840332
859	0.03174491387821299
860	0.2889160902173697
861	0.24304959857931882
862	0.017763994615062492
864	0.06495279595816017
865	0.6772597531961899
867	0.2995858569891174
868	0.29434539621981837
869	0.28656099003089336
870	0.5305680305832594
871	0.07842458248604456
874	0.27418247312447486
875	0.0825968415857431
876	0.047549971421900324
878	0.004286472251015132
879	0.06579995520403609
880	0.2746668152549409
881	0.025377485458191924
882	0.045431917774564894
883	0.26407799053801684
886	0.08864691107667552
887	0.07877181750147988
889	0.28952462176416266
890	0.2706102707009144
891	0.026690917834669085
892	0.2832779303865772
894	0.49488421482085
896	0.06558848732506277
898	0.2560096325492158
899	0.2995427278916811
902	0.24272665201124355
903	0.23703379179402345
905	0.33378981452862316
906	0.22987520441720016
907	0.2944121725095337
908	0.7547212362194059
909	0.022328345876171444
910	0.23202862154964565
912	0.27371460835417627
913	0.28959187373979706
915	0.039781374689154964
916	0.5632949204161886
917	0.06369113555356916
918	0.31966702968832095
920	0.010651780478794129
922	0.08494213860363067
923	0.02310174028598666
924	0.053069315796818846
925	0.016931079196679924
926	0.07346925883503265
928	0.503676248378975
929	0.238845000316736
931	0.4982874643137064
932	0.27708920430940553
933	0.28270721727474113
934	0.2700251734246464
936	0.035629178642695054
938	0.03715594694684883
939	0.005032137489284449
940	0.4696127020678743
942	0.027704520373839615
943	0.04102613857430101
0	0.0
0	0.0
0	0.0
0	0.0
0	0.0
0	0.0
0	0.0
0	0.0
0	0.0
0	0.0
0	0.0
0	0.0
0	0.0
0	0.0
0	0.0
0	0.0
0	0.0
0	0.0
0	0.0
0	0.0
0	0.0
0	0.0
0	0.0
0	0.0
0	0.0
0	0.0
0	0.0
0	0.0
0	0.0
0	0.0
0	0.0
0	0.0
0	0.0
0	0.0
0	0.0
0	0.0
0	0.0
0	0.0
0	0.0
0	0.0
0	0.0
0	0.0
0	0.0
0	0.0
0	0.0
0	0.0
0	0.0
0	0.0
0	0.0
0	0.0
0	0.0
0	0.0
0	0.0
0	0.0
0	0.0
0	0.0
0	0.0
0	0.0
0	0.0
0	0.0
0	0.0
0	0.0
0	0.0
0	0.0
0	0.0
0	0.0
0	0.0
0	0.0
0	0.0
0	0.0
0	0.0
0	0.0
0	0.0
0	0.0
0	0.0
0	0.0
0	0.0
0	0.0
0	0.0
0	0.0
0	0.0
0	0.0
0	0.0
0	0.0
0	0.0
0	0.0
0	0.0
0	0.0
0	0.0
0	0.0
0	0.0
0	0.0
0	0.0
0	0.0
0	0.0
0	0.0
0	0.0
0	0.0
0	0.0
0	0.0
0	0.0
0	0.0
0	0.0
0	0.0
0	0.0
0	0.0
0	0.0
0	0.0
0	0.0
0	0.0
0	0.0
0	0.0
0	0.0
0	0.0
0	0.0
0	0.0
0	0.0
0	0.0
0	0.0
0	0.0
0	0.0
0	0.0
0	0.0
0	0.0
0	0.0
0	0.0
0	0.0
0	0.0
0	0.0
0	0.0
0	0.0
0	0.0
0	0.0
0	0.0
0	0.0
0	0.0
0	0.0
0	0.0
0	0.0
0	0.0
0	0.0
0	0.0
0	0.0
0	0.0
0	0.0
0	0.0
0	0.0
0	0.0
0	0.0
0	0.0
0	0.0
0	0.0
0	0.0
0	0.0
0	0.0
0	0.0
0	0.0
0	0.0
0	0.0
0	0.0
0	0.0
0	0.0
0	0.0
0	0.0
0	0.0
0	0.0
0	0.0
0	0.0
0	0.0
0	0.0
0	0.0
0	0.0
0	0.0
0	0.0
0	0.0
0	0.0
0	0.0
0	0.0
0	0.0
0	0.0
0	0.0
0	0.0
0	0.0
0	0.0
0	0.0
0	0.0
0	0.0
0	0.0
0	0.0
0	0.0
0	0.0
0	0.0
0	0.0
0	0.0
0	0.0
0	0.0
0	0.0
0	0.0
0	0.0
0	0.0
0	0.0
0	0.0
0	0.0
0	0.0
0	0.0
0	0.0
0	0.0
0	0.0
0	0.0
0	0.0
0	0.0
0	0.0
0	0.0
0	0.0
0	0.0
0	0.0
0	0.0
0	0.0
0	0.0
0	0.0
0	0.0
0	0.0
0	0.0
0	0.0
0	0.0
0	0.0
0	0.0
0	0.0
0	0.0
0	0.0
0	0.0
0	0.0
0	0.0
0	0.0
0	0.0
0	0.0
0	0.0
0	0.0
0	0.0
0	0.0
0	0.0
0	0.0
0	0.0
0	0.0
0	0.0
0	0.0
0	0.0
0	0.0
0	0.0
0	0.0
0	0.0
0	0.0
0	0.0
0	0.0
0	0.0
0	0.0
0	0.0
0	0.0
0	0.0
0	0.0
0	0.0
0	0.0
0	0.0
0	0.0
0	0.0
0	0.0
0	0.0
0	0.0
0	0.0
0	0.0
0	0.0
0	0.0
0	0.0
0	0.0
0	0.0
0	0.0
0	0.0
0	0.0
0	0.0
0	0.0
0	0.0
0	0.0
0	0.0
0	0.0
0	0.0
0	0.0
0	0.0
0	0.0
0	0.0
0	0.0
0	0.0
0	0.0
0	0.0
0	0.0
0	0.0
0	0.0
0	0.0
0	0.0
0	0.0
0	0.0
0	0.0
0	0.0
0	0.0
0	0.0
0	0.0
0	0.0
0	0.0
0	0.0
0	0.0
0	0.0
0	0.0
0	0.0
0	0.0
0	0.0
0	0.0
0	0.0
0	0.0
0	0.0
0	0.0
0	0.0
0	0.0
0	0.0
0	0.0
0	0.0
0	0.0
0	0.0
0	0.0
0	0.0
0	0.0
0	0.0
0	0.0
0	0.0
0	0.0
0	0.0
0	0.0
0	0.0
0	0.0
0	0.0
0	0.0
0	0.0
0	0.0
0	0.0
0	0.0
0	0.0
0	0.0
0	0.0
0	0.0
0	0.0
0	0.0
0	0.0
0	0.0
0	0.0
0	0.0
0	0.0
0	0.0
0	0.0
0	0.0
0	0.0
0	0.0
