1	0.056876067572028684
2	0.23367000392180654
3	0.16371924302530058
6	0.02169746895627426
9	0.48685501696333655
10	0.01408985450998846
12	0.2455984581515714
14	0.07331819154144371
16	0.0035849383761394765
17	0.24301492741950695
20	0.2800131120373163
25	0.008747064898292849
28	0.24118941531875687
31	0.32725930355603494
32	0.21822200444441314
33	0.4870192812658499
36	0.26074667968329335
39	0.2179323762501268
40	0.01705367499683043
41	0.23800758541850014
45	0.2186968779829168
48	0.475940425271153
49	0.08562563165244477
51	0.2414365994598487
52	0.2473208287640298
53	0.22581207958080726
55	0.2434567030127418
56	0.0032369674305868235
57	0.014504086505635602
59	0.009410030328828048
60	0.011235842691646687
61	0.1399146585209394
62	0.05765442613693474
65	0.2178193076828952
66	0.2447670518810373
67	0.2638721908915775
68	0.04682068913157396
69	0.5042201163105116
70	0.005713827626654035
71	0.007331998208133777
75	0.20056760361754683
78	0.44633800004747193
79	0.0630347692876115
81	0.005369598644661293
83	0.47427599242747
84	0.00014520758730253783
86	0.05414912318246137
87	0.27930119438113116
91	0.4787494001728446
96	0.011572160050872284
97	0.012292608936144818
99	0.01267607314942041
100	0.008370122713288006
101	0.45992938307678005
104	0.1524934091251147
106	0.20013835159238594
109	0.0007184408540713075
111	0.23280737349964575
113	0.0007112799081962148
115	0.007886983517811537
118	0.2777449558030176
119	0.03483744047705531
121	0.027079232129169413
122	0.009935070262494683
124	0.25913169155024796
125	0.22927276414119924
126	0.49175775736610694
127	0.48926824887326226
128	0.24499572208871007
137	0.4858248013269113
139	0.018407733405305993
141	0.22466241576204066
143	0.48296998921582657
145	0.19736990321671466
146	0.02181477641561671
148	0.24278684117066376
150	0.24850060926774487
151	0.08117241739635414
152	0.2484232644220078
153	0.0838577977607182
155	0.16733817772607848
159	0.23996436625607825
160	0.08749847783507356
163	0.23857153009356238
164	0.2625948740893507
166	0.10595693805009576
169	0.5061543220330748
170	0.23166777646932232
171	0.236497120859833
172	0.005730216095340225
175	0.2268956121536526
177	0.2563482169408116
180	0.46041926160069857
189	0.06525088562958706
190	0.22363646699925296
191	0.26465351247797547
192	0.04754073860836898
196	0.06777396067895339
197	0.18141861545150473
198	0.10267319284851682
199	0.2690449105935345
202	0.3225685529017299
203	0.05931381054685572
205	0.15704514060031483
209	0.05183359286572447
210	0.011262279070344598
213	0.008110806232832841
217	0.01647402175968954
220	0.06687036012074708
221	0.06315365084925363
222	0.35695849520511946
224	0.22230335725661104
226	0.03518034594839726
229	0.25474992590847606
230	0.01714439684937234
231	0.20823670071935035
232	0.2772478938545989
239	0.0496939213942685
242	0.08165767745906463
245	0.4820628201949844
246	0.027206716761187633
247	0.042079173693823614
248	0.4622558765279591
257	0.005960272748092143
261	0.006087341499674614
264	0.24560467259628566
265	0.22042125761631964
272	0.22748420313485623
274	0.4711802327080198
275	0.2412401758349581
277	0.0373043980374647
278	0.020279864914560967
279	0.23937304992793185
281	0.47766450015968903
283	0.006598728802269194
285	0.19689665563474473
288	0.30142169662438867
289	0.31913602741925406
290	0.00034165911799065307
293	0.10108173410069948
297	0.2835800666058085
300	0.31592133483853213
304	0.041243650027508696
306	0.046342599757018266
308	0.05811184745110652
309	0.522087090498141
310	0.4770163341860315
311	0.3000624909995099
312	0.5352062353811211
313	0.23257261168787785
317	0.22297096364473018
319	0.005815742345286992
322	0.035766538725682674
323	0.0036449883276035155
326	0.5141939061620318
330	0.27727554909270563
331	0.2063669946182493
333	0.03058076740481956
335	0.24105311884749725
336	0.47343839911646685
338	0.03200516031604072
340	0.2435602638949049
342	0.08024733810645304
346	0.017224258076542927
348	0.23434377601869455
355	0.020330350691897342
356	0.7698236901338242
361	0.08546208951525
365	0.282216421370638
369	0.19220467832701085
372	0.24685162559705667
374	0.12916712600351646
375	0.23754051833357137
376	0.2683563735815812
377	0.1907637362234072
380	0.03808356143152141
381	0.050259820896987877
383	0.019639710371271688
385	0.020816638174891787
387	0.017372622567824236
388	0.4555966884884034
389	0.02561156354687733
391	0.017038215875400393
396	0.2053297301727781
400	0.25985632945397275
401	0.03288232950351444
408	0.19688899766206364
412	0.23529935551390213
413	0.019172815061968544
416	0.08117003572084963
418	0.6364150138927689
419	0.005898844729312156
421	0.239370313282075
428	0.012053562059619403
431	0.007002123015554123
434	0.007058692346407762
438	0.0063845679979524644
440	0.026432701569789566
446	0.2785310589501188
447	0.09036164060771598
448	0.4472050201287719
451	0.4635179845407166
452	0.30361687898813533
454	0.3051621762162495
459	0.24829623357266048
461	0.02335555259695528
463	0.01527084763783182
466	0.020386149005018953
467	0.07847613385826975
469	0.02708594140335881
470	0.22951714517325672
471	0.2205961388515287
472	0.20592079956382717
473	0.5432329515079375
475	0.0725156971665237
476	0.22498438290369457
478	0.013100522865596785
479	0.055059935494813174
482	0.2600659086245968
483	0.029556811337935255
488	0.010304462668326658
490	0.045841083680470296
492	0.21865526568005908
493	0.01865062046489173
494	0.48542841752371924
498	0.05663655368518471
499	0.003146182826691213
502	0.22833333236618286
504	0.0794502159360756
505	0.022948234451304853
507	0.22405483071414214
509	0.200908560294774
510	0.011209929177222973
512	0.22701033707649
513	0.22458120294928044
514	0.030959612011732463
515	0.7364454741225518
516	0.029522161370715144
518	0.7877140752410305
521	0.09599328767990457
523	0.7398462196301634
526	0.07093749662306931
527	0.5118111179673039
528	0.005095273283684587
529	0.012367734795421394
530	0.015423742298612132
533	0.5212597044160767
534	0.23492845469640666
535	0.25699261010850877
536	0.017287654822163726
540	0.2440212431129328
541	0.3003561252170864
545	0.013273513790399476
546	0.24013699646029418
548	0.21066303169230077
550	0.20867953619659343
554	0.2364860932464673
556	0.05053946272162773
558	0.06457774469925287
559	0.24535164151627256
563	0.21573061765711554
565	0.25218295687772363
568	0.028972381378548396
571	0.017983365845367125
572	0.05108529214682078
575	0.2601858167724141
576	0.23807180541942555
578	0.26280565844065756
580	0.2402506220959862
581	0.04905431320420844
583	0.2591129978779924
585	0.27184552610981483
587	0.24454166059132346
588	0.0852640657225931
591	0.03778752816178438
592	0.08160853025956075
593	0.24127690847947333
594	0.2436899379085229
596	0.22391956835424887
597	0.21183853193845836
599	0.009704823637247194
601	0.12523020582319555
604	0.538061127804614
607	0.0532889025414877
608	0.058648284684563345
609	0.31812959701726035
610	0.0038549832855132166
611	0.02291138004123216
612	0.25521633889748896
616	0.01700763024043296
617	0.08103931924290358
618	0.22468367274918663
619	0.4642526426140983
620	0.22326837379684855
623	0.21517697270600272
628	0.253436957357667
630	0.2627448981194327
632	0.009659520827247914
633	0.22926538459890083
636	0.5105795265789158
638	0.013941220749025807
644	0.4783871113804122
645	0.05914101488477906
646	0.3028971043326685
648	0.224249915973902
650	0.03982774666093864
651	0.00593610818093071
655	0.04332166084365402
663	0.22967233014969596
677	0.24204512477711845
679	0.0016567379965046966
680	0.006709123465220481
684	0.2814787209005739
688	0.003872424883716953
689	0.25327494917330423
692	0.2501668798445384
694	0.23144682349415663
695	0.0453888875218107
698	0.4868913698505071
699	0.00036493494666938603
700	0.28871678228101016
701	0.024215932497183953
702	0.19728786399311993
703	0.46708812521306275
705	0.00045454529230315455
706	0.21316295877982797
708	0.23155347881997712
712	0.25721527060159133
714	0.49155308556265914
718	0.21508768384682625
719	0.04245544356205833
721	0.08451625285894461
723	0.5098375076542617
728	0.01811010247052669
729	0.016669000929330012
730	0.018064878136668724
732	0.19124307486405331
735	0.05259710135017985
744	0.005468342005920154
747	0.027119823729818693
748	0.04689036030856211
750	0.2420719430949883
761	0.4658185221013214
762	0.2236762788338781
763	0.100049041039962
772	0.003738450066003294
774	0.25363433654803386
775	0.2387488662273613
777	0.04060521668052003
778	0.4621981167307828
779	0.0010985616352434321
781	0.2354063122762625
782	0.24930303496859718
783	0.424877460252706
784	0.2381052466041519
785	0.47630219026950643
789	0.26888828033605755
791	0.0335132317865756
793	0.09526903413721853
794	0.06998510435401363
796	0.23251410842997772
797	0.3345642903700649
798	0.2568090880619701
799	0.25817946466494374
800	0.024702676904695527
801	0.006940312748451458
802	0.26156091788743263
804	0.012219676719312497
805	0.046673224927756565
811	0.7007261516611432
812	0.2551415827729619
813	0.28489347100898693
814	0.009154850248136198
816	0.21134600903270467
818	0.03790033971941566
819	0.0075859698650571385
821	0.07262231564972906
824	0.21045334396741705
825	0.4761583962107535
827	0.20511978333649195
834	0.4671347814345297
836	0.25529139343437895
839	0.03778288833817624
843	0.5312682102527513
846	0.0859336821008042
847	0.26272189521755307
849	0.012023393065838984
850	0.0061802253633922825
851	0.046992951999776524
855	0.04461141281462965
856	0.262405134663927
859	0.005253566029230633
863	0.22276244803904452
864	0.07473203198977299
867	0.05278755826982298
871	0.21997423628962265
872	0.48110727192940184
875	0.5130788200830677
876	0.2900304171666797
884	0.0437198256379173
886	0.04058841308270995
889	0.30057213223148493
897	0.003136237223591052
901	0.002291292931540581
911	0.24586450879194735
914	0.0926178155722609
918	0.29479943439564565
920	0.00926699976396548
924	0.02722363237683929
925	0.23881074581664885
927	0.23988683777851774
929	0.032777280852688766
935	0.01173484106979563
937	0.49904192325193986
938	0.2512165385098818
943	0.010849176882777131
0	0.0
0	0.0
0	0.0
0	0.0
0	0.0
0	0.0
0	0.0
0	0.0
0	0.0
0	0.0
0	0.0
0	0.0
0	0.0
0	0.0
0	0.0
0	0.0
0	0.0
0	0.0
0	0.0
0	0.0
0	0.0
0	0.0
0	0.0
0	0.0
0	0.0
0	0.0
0	0.0
0	0.0
0	0.0
0	0.0
0	0.0
0	0.0
0	0.0
0	0.0
0	0.0
0	0.0
0	0.0
0	0.0
0	0.0
0	0.0
0	0.0
0	0.0
0	0.0
0	0.0
0	0.0
0	0.0
0	0.0
0	0.0
0	0.0
0	0.0
0	0.0
0	0.0
0	0.0
0	0.0
0	0.0
0	0.0
0	0.0
0	0.0
0	0.0
0	0.0
0	0.0
0	0.0
0	0.0
0	0.0
0	0.0
0	0.0
0	0.0
0	0.0
0	0.0
0	0.0
0	0.0
0	0.0
0	0.0
0	0.0
0	0.0
0	0.0
0	0.0
0	0.0
0	0.0
0	0.0
0	0.0
0	0.0
0	0.0
0	0.0
0	0.0
0	0.0
0	0.0
0	0.0
0	0.0
0	0.0
0	0.0
0	0.0
0	0.0
0	0.0
0	0.0
0	0.0
0	0.0
0	0.0
0	0.0
0	0.0
0	0.0
0	0.0
0	0.0
0	0.0
0	0.0
0	0.0
0	0.0
0	0.0
0	0.0
0	0.0
0	0.0
0	0.0
0	0.0
0	0.0
0	0.0
0	0.0
0	0.0
0	0.0
0	0.0
0	0.0
0	0.0
0	0.0
0	0.0
0	0.0
0	0.0
0	0.0
0	0.0
0	0.0
0	0.0
0	0.0
0	0.0
0	0.0
0	0.0
0	0.0
0	0.0
0	0.0
0	0.0
0	0.0
0	0.0
0	0.0
0	0.0
0	0.0
0	0.0
0	0.0
0	0.0
0	0.0
0	0.0
0	0.0
0	0.0
0	0.0
0	0.0
0	0.0
0	0.0
0	0.0
0	0.0
0	0.0
0	0.0
0	0.0
0	0.0
0	0.0
0	0.0
0	0.0
0	0.0
0	0.0
0	0.0
0	0.0
0	0.0
0	0.0
0	0.0
0	0.0
0	0.0
0	0.0
0	0.0
0	0.0
0	0.0
0	0.0
0	0.0
0	0.0
0	0.0
0	0.0
0	0.0
0	0.0
0	0.0
0	0.0
0	0.0
0	0.0
0	0.0
0	0.0
0	0.0
0	0.0
0	0.0
0	0.0
0	0.0
0	0.0
0	0.0
0	0.0
0	0.0
0	0.0
0	0.0
0	0.0
0	0.0
0	0.0
0	0.0
0	0.0
0	0.0
0	0.0
0	0.0
0	0.0
0	0.0
0	0.0
0	0.0
0	0.0
0	0.0
0	0.0
0	0.0
0	0.0
0	0.0
0	0.0
0	0.0
0	0.0
0	0.0
0	0.0
0	0.0
0	0.0
0	0.0
0	0.0
0	0.0
0	0.0
0	0.0
0	0.0
0	0.0
0	0.0
0	0.0
0	0.0
0	0.0
0	0.0
0	0.0
0	0.0
0	0.0
0	0.0
0	0.0
0	0.0
0	0.0
0	0.0
0	0.0
0	0.0
0	0.0
0	0.0
0	0.0
0	0.0
0	0.0
0	0.0
0	0.0
0	0.0
0	0.0
0	0.0
0	0.0
0	0.0
0	0.0
0	0.0
0	0.0
0	0.0
0	0.0
0	0.0
0	0.0
0	0.0
0	0.0
0	0.0
0	0.0
0	0.0
0	0.0
0	0.0
0	0.0
0	0.0
0	0.0
0	0.0
0	0.0
0	0.0
0	0.0
0	0.0
0	0.0
0	0.0
0	0.0
0	0.0
0	0.0
0	0.0
0	0.0
0	0.0
0	0.0
0	0.0
0	0.0
0	0.0
0	0.0
0	0.0
0	0.0
0	0.0
0	0.0
0	0.0
0	0.0
0	0.0
0	0.0
0	0.0
0	0.0
0	0.0
0	0.0
0	0.0
0	0.0
0	0.0
0	0.0
0	0.0
0	0.0
0	0.0
0	0.0
0	0.0
0	0.0
0	0.0
0	0.0
0	0.0
0	0.0
0	0.0
0	0.0
0	0.0
0	0.0
0	0.0
0	0.0
0	0.0
0	0.0
0	0.0
0	0.0
0	0.0
0	0.0
0	0.0
0	0.0
0	0.0
0	0.0
0	0.0
0	0.0
0	0.0
0	0.0
0	0.0
0	0.0
0	0.0
0	0.0
0	0.0
0	0.0
0	0.0
0	0.0
0	0.0
0	0.0
0	0.0
0	0.0
0	0.0
0	0.0
0	0.0
0	0.0
0	0.0
0	0.0
0	0.0
0	0.0
0	0.0
0	0.0
0	0.0
0	0.0
0	0.0
0	0.0
0	0.0
0	0.0
0	0.0
0	0.0
0	0.0
0	0.0
0	0.0
0	0.0
0	0.0
0	0.0
0	0.0
0	0.0
0	0.0
0	0.0
0	0.0
0	0.0
0	0.0
0	0.0
0	0.0
0	0.0
0	0.0
0	0.0
0	0.0
0	0.0
0	0.0
0	0.0
0	0.0
0	0.0
0	0.0
0	0.0
0	0.0
0	0.0
0	0.0
0	0.0
0	0.0
0	0.0
0	0.0
0	0.0
0	0.0
0	0.0
0	0.0
0	0.0
0	0.0
0	0.0
0	0.0
0	0.0
0	0.0
0	0.0
0	0.0
0	0.0
0	0.0
0	0.0
0	0.0
0	0.0
0	0.0
0	0.0
0	0.0
0	0.0
0	0.0
0	0.0
0	0.0
0	0.0
0	0.0
0	0.0
0	0.0
0	0.0
0	0.0
0	0.0
0	0.0
0	0.0
0	0.0
0	0.0
0	0.0
0	0.0
0	0.0
0	0.0
0	0.0
0	0.0
0	0.0
0	0.0
0	0.0
0	0.0
0	0.0
0	0.0
0	0.0
0	0.0
0	0.0
0	0.0
0	0.0
0	0.0
0	0.0
0	0.0
0	0.0
0	0.0
0	0.0
0	0.0
0	0.0
0	0.0
0	0.0
0	0.0
0	0.0
0	0.0
0	0.0
0	0.0
0	0.0
0	0.0
0	0.0
0	0.0
0	0.0
0	0.0
0	0.0
0	0.0
0	0.0
0	0.0
0	0.0
0	0.0
0	0.0
0	0.0
0	0.0
0	0.0
0	0.0
0	0.0
0	0.0
0	0.0
0	0.0
0	0.0
0	0.0
0	0.0
0	0.0
0	0.0
0	0.0
0	0.0
0	0.0
0	0.0
0	0.0
0	0.0
0	0.0
0	0.0
0	0.0
0	0.0
0	0.0
0	0.0
0	0.0
0	0.0
0	0.0
0	0.0
0	0.0
0	0.0
0	0.0
0	0.0
0	0.0
0	0.0
0	0.0
0	0.0
0	0.0
0	0.0
0	0.0
0	0.0
0	0.0
0	0.0
0	0.0
