2	0.007555538936609589
5	0.36560166060923943
6	0.2738651153998778
7	0.0795626069723342
8	0.042979241995444
9	0.026532187925762597
10	0.04721910438923222
12	0.04588242483830231
13	0.0018477670108974914
14	0.05513197247055472
15	0.2519162974048616
16	0.25441689403144757
18	0.05997317851487926
19	0.07554661691102768
21	0.25219483889710825
22	0.25671505799505956
23	0.016277324075548796
24	0.31299059847944877
26	0.42740647582469077
27	0.22246948607958858
28	0.29588171640428945
29	0.037549162901308816
32	0.048276010175473574
33	0.023332910827043054
34	0.18986488385946862
35	0.2837421710006446
37	0.04677162600240633
41	0.27826945621930255
42	0.527247130726201
43	0.2933031692629371
45	0.0652173355918326
46	0.03379656495645694
48	0.028691834882999933
49	0.4075552343502721
50	0.19137735741647746
51	0.06303929242765403
52	0.01806626628893082
53	0.012420541181991172
54	0.5311483527562013
55	0.05097975248241943
56	0.30521102175810716
57	0.2876545219415998
59	0.28562088300606303
62	0.2514699974993792
63	0.015501299817597923
64	0.02316016671331169
67	0.013353411727117938
68	0.25203298008197333
69	0.03248930410108811
70	0.3118062650019059
71	0.037019469285249074
72	0.24426742431382586
73	0.29610923939639344
74	0.016735395308312976
75	0.06763583624430004
76	0.062996993066896
77	0.5328335005271244
78	0.03883612901722759
79	0.28524763642314127
80	0.3690608957586076
81	0.03453354321251448
82	0.24557072419999057
84	0.057870037990979
85	0.25108350445261773
86	0.0011793889024413994
87	0.06722574599448339
88	0.5380529576356977
89	0.5226073012295572
91	0.04224814969861917
92	0.5388971680878814
93	0.3134217376839164
95	0.2511355154259591
97	0.24781736952882666
99	0.28786210364018494
100	0.2669161275515223
101	0.31817763863928983
102	0.04460647821853753
103	0.3101761804910891
107	0.04496877956193998
108	0.21932003903786784
110	0.24576851372126557
112	0.04113977843914322
113	0.005870857809276538
114	0.0147683696030503
115	0.03792373371141132
116	0.04176745862561182
117	0.3118858473120283
118	0.043302790465242075
119	0.29430321859886355
120	0.5105492779326458
121	0.2641743395543205
123	0.5109248511247185
125	0.07872736555343558
126	0.007688196948823143
128	0.05863967656202817
129	0.2745300088296205
130	0.25870139245414736
131	0.04972067400477492
133	0.017184352168956515
134	0.5573414965802798
135	0.02270265402099695
136	0.06322336819202364
138	0.04609101402300998
139	0.31238785038577815
142	0.32617495264847635
143	0.02723499933924057
144	0.013452501433437375
145	0.2710044591675043
146	0.0012041819649299644
147	0.2826229044587726
149	0.3227220936566346
150	0.25205857402725695
151	0.013113388066945234
152	0.04679840272341411
154	0.5348448634405163
155	0.23935372778002692
156	0.04906475312225743
157	0.06996665784914519
158	0.5207778672932194
160	0.5008879539169404
162	0.27770863199087426
164	0.04967959900739295
165	0.0866965279045478
167	0.2919453277169449
168	0.29704667265296647
173	0.016074650730845238
174	0.3199797161025579
175	0.30293794630840265
176	0.25697118122046786
177	0.27436777832162307
178	0.056194060063075764
179	0.277003011824835
182	0.4963591555760659
183	0.013459006159330905
184	0.009196903928494083
185	0.019386540617353544
187	0.022605572818127934
189	0.0058899845758783945
190	0.36203757057944835
193	0.5433827184262732
194	0.057612234432202855
195	0.2571962507754729
197	0.03812002984440652
198	0.24436466932695045
199	0.005472699063931871
200	0.02810228538699378
203	0.30344314702205577
204	0.3407755201126771
207	0.06354398164341472
208	0.06418147765158758
209	0.2853667182270665
210	0.009323334089078837
211	0.04564266991740773
212	0.31224474403206953
213	0.2691714867456678
214	0.25660542356157645
215	0.5094450647572415
216	0.055136286207858036
217	0.04378389930277038
218	0.07530345585011639
219	0.2775574234958673
221	0.28274235382603075
222	0.013825656473606056
223	0.25698352681785247
225	0.013893791826092239
227	0.02279696959153658
228	0.379596968178461
229	0.3172542693380383
230	0.020376453158670826
233	0.30454532393785483
234	0.05997520126526784
235	0.5214351709449934
236	0.28135251129957184
237	0.05820498579394104
238	0.07697737699836167
240	0.04317315131529606
241	0.17486060545347593
242	0.2030295746598976
243	0.2662544324208549
244	0.5211518308316655
246	0.560666670262655
247	0.06230766623638703
249	0.26482857071953225
250	0.0447602955397448
251	0.5401931930302232
252	0.5249320311241122
253	0.5176415318458795
254	0.08345229411971244
255	0.42867688068416737
256	0.5152170575264363
257	0.023826399563268198
258	0.08078368578764931
260	0.07019017601903385
261	0.0681861415079434
262	0.2557060494365634
263	0.2511685795910076
265	0.49913034235504694
266	0.28501174083612985
267	0.04679961824893422
270	0.504073052920078
271	0.059277291505393744
273	0.0013022801443501666
274	0.2863806133769775
275	0.054547521716118375
276	0.5154202541033985
277	0.03237788809544407
278	0.5493229854979387
280	0.23189897580294921
281	0.26718913815043754
282	0.036496741626787024
283	0.26163179049013024
284	0.017734675845093726
287	0.048793853297730144
288	0.25670264571228435
290	0.05501108058610779
291	0.2760252937902475
292	0.2890967184802245
293	0.19050736731637252
294	0.55298233607105
296	0.5509620109546063
298	0.2680405697588204
301	0.047241064326324696
305	0.29060637385198756
306	0.04039571637283705
307	0.036052471394556605
308	0.23113735163580934
310	0.07786004519786247
313	0.03696835224961338
314	0.2963131455357114
316	0.1873510824191702
317	0.2689528783098846
318	0.013758390864065682
319	0.28345319411071584
320	0.28060340744463513
321	0.04993497148196244
323	0.5281972081471201
324	0.2371133501762656
325	0.28718681206664115
326	0.042238587796006616
327	0.026828975780253145
328	0.3153421909681846
329	0.05529920730287907
330	0.0387459000377737
332	0.04389941362821811
335	0.11345152141217912
337	0.058772957075315255
339	0.010163865049724496
340	0.017895576234090316
342	0.47980476593896676
343	0.27161640507755763
344	0.20334173367110492
345	0.030405551964721507
346	0.30245162615435495
347	0.2824984982496436
348	0.3329233401513235
349	0.3220668890027689
350	0.2420470258036739
352	0.08271419512588876
353	0.3007622877464623
355	0.022244659638547923
357	0.5078953321167533
358	0.061926246549555565
359	0.2873950811561642
360	0.013278461735128366
362	0.10142220562418744
363	0.2713806073888859
364	0.0015267323763351048
365	0.27926473247476596
366	0.24581800854121935
367	0.29613625513813513
368	0.04666315716433185
369	0.08720835950761467
370	0.22931513442192292
371	0.005436416338922511
372	0.02041599838617806
373	0.4806018792393019
374	0.01851077469577988
375	0.27887354142608006
376	0.053464238681220515
377	0.2717924197220012
378	0.05979665360557158
379	0.04693757879355005
380	0.04439540512155929
382	0.025978475072292978
383	0.4912835413241748
386	0.007467911319766693
388	0.03445943310567963
389	0.0489530493002098
390	0.014163621048006263
392	0.21836627614862336
394	0.2658820450404212
397	0.01927467955818036
398	0.29926305714145884
399	0.03515379802001542
401	0.02600679984904962
402	0.23949487924133211
403	0.2673530817649005
404	0.23504762862970263
406	0.5155591652084383
407	0.01854563223112283
410	0.32399776648334183
411	0.5192303779094904
412	0.006452856714769566
413	0.052795784146409064
414	0.05940453529829763
415	0.025561145646618356
417	0.056675426399825306
419	0.31725648882735275
420	0.050321196460400036
421	0.06384519464097166
422	0.25437814021256194
423	0.27534124078219424
424	0.027969038752998096
425	0.016511574074354524
426	0.039308775427075004
427	0.27614062590128735
429	0.04564515750160836
432	0.5326787801955818
434	0.011218479195332573
435	0.2853835956147844
438	0.23512926282844743
440	0.04824094357365436
441	0.526336435445518
442	0.018199533175998116
443	0.5292224550707081
445	0.34878546149437883
447	0.013527395472688601
449	0.27259762883055216
450	0.5388892393728467
453	0.2785663588490398
454	0.00014035003877134813
455	0.2312789209633853
456	0.03566247424483018
457	0.04282270233515016
458	0.23731975331462446
459	0.2965925741143926
460	0.04282470653742681
462	0.020667029440155978
464	0.035382880264189516
465	0.025957153774379047
466	0.054833748812035676
467	0.2160792568768165
468	0.2796734547264068
469	0.04331921488221253
470	0.30482297715507206
472	0.5340762358922416
473	0.005543364595309162
474	0.05003500568792621
476	0.29756082912338855
478	0.21875988788607595
479	0.27257771450259755
480	0.2924414264922933
481	0.018546375686946434
482	0.2755214783811376
483	0.049415784176038535
484	0.049589016034330274
485	0.4000464933523973
486	0.25267062116845657
487	0.5283421858812538
490	0.016028854975642597
491	0.04171770842886158
492	0.07196445380105765
493	0.2677830422377867
494	0.052082593688560316
495	0.0475547127904979
496	0.5342570465477
497	0.5542272854719967
500	0.23794891994864303
502	0.30704896339120047
503	0.510481472715708
505	0.05654715342103629
506	0.28295046496853876
507	0.021716766176890848
508	0.24727988481437724
509	0.1940462681164955
510	0.03769626459023734
511	0.3319493150869656
512	0.2897161885450371
513	0.06968482970432108
514	0.04969193735205718
515	0.0016493421502917355
516	0.2761769070364072
517	0.07214847187865836
520	0.28080790288823126
521	0.028937921491328737
522	0.01639455100525989
523	0.04595726770578524
524	0.2710914574947541
525	0.771941854782696
528	0.29545859236556143
529	0.031915140884270166
530	0.020934792530485784
531	0.2841806548844507
532	0.0442190049053134
534	0.545873852576939
536	0.28802163100724626
537	0.256335374909894
538	0.2457189680138997
539	0.014105195155224806
540	0.5246721562472632
541	0.03755458657345664
543	0.025495114433917512
544	0.24102221120256279
545	0.03167916904496748
546	0.048112612475645244
549	0.5636851756205002
550	0.08867372789491229
551	0.03180999361545493
552	0.29860328146514825
553	0.031112679007708387
554	0.051718215657201916
555	0.07015228579792453
556	0.06352034384912213
557	0.2924071990232521
558	0.03218981325130487
560	0.015943293642314713
561	0.024444957926819028
562	0.014877196516746342
563	0.07352149004444762
564	0.05658683688023365
568	0.03476845342341511
569	0.5180998450872615
570	0.03460260915018323
573	0.03879080190975425
574	0.4903109545905095
576	0.0547699324344549
577	0.2667918856816888
578	0.27206727543644543
579	0.4413379572014918
580	0.25917718839468606
581	0.06696253285247639
582	0.3262918399863264
583	0.049190800868565476
584	0.5359528431940734
586	0.5353691678909203
588	0.47719686938736466
589	0.28652996583938406
590	0.2483070192830191
592	0.2696765638490788
593	0.2668525373815251
594	0.057473215642951186
596	0.05730946582140922
598	0.5478240946007953
599	0.26212025578271236
600	0.05765794855829977
601	0.23341909108993397
602	0.5629216998540503
603	0.275623950870872
605	0.7602541239543088
606	0.036199258136612365
607	0.06576188022246499
608	0.05334883760921996
610	0.5090386430353269
611	0.04749766955846366
612	0.027295776900352325
614	0.5812356528245239
616	0.035145109446463665
618	0.30925312463672705
620	0.0533516958356596
622	0.2777345048569539
624	0.013069916302608089
625	0.057966345733878405
626	0.2247304251456618
627	0.05493602393577785
628	0.019305827415753787
629	0.24140778148036668
630	0.2965652335508009
631	0.19867876877036234
634	0.04989998398267976
635	0.28365828919507835
637	0.5624658791948263
638	0.25715471333688855
639	0.021911456288731763
640	0.30183331362069904
641	0.005522504431564049
642	0.07209840910080902
643	0.28303631850555827
646	0.03651027840662205
647	0.2847208956403372
649	0.2802925326880858
651	0.010224727291976089
652	0.05161623349084952
653	0.32070968654971116
654	0.04276292772605869
655	0.04005046330314915
657	0.28220652277627395
658	0.2812295235888757
659	0.013548191306816802
660	0.06270657502689575
661	0.3139004897390607
662	0.05659128847053489
663	0.06585354655379293
664	0.04351423220363772
665	0.2530302457494507
666	0.2762979637667247
667	0.05357108404823066
668	0.45637106057257393
669	0.048909177535455546
672	0.0865948123082147
674	0.5561788157446792
675	0.029445364003165497
676	0.48207922854297547
677	0.2708272229161971
678	0.5579706759300557
679	0.061185998868870634
680	0.2946425133761564
681	0.12173222382378587
682	0.2995882331961719
683	0.47451687711435553
684	0.06585671562840112
686	0.017526348864740672
687	0.03420124678225177
689	0.025622989881916042
690	0.008881974551621374
691	0.5450714454340133
692	0.24417456536203067
693	0.014662375745661399
695	0.005035258896552507
696	0.27857040594852334
697	0.03026413416178647
698	0.27699527033976024
699	0.02254696538886995
700	0.26665354256019963
701	0.2754822058841632
702	0.29556667891783706
703	0.27306691386050885
705	0.5524509393844617
706	0.2782494740288321
708	0.06587442287069868
709	0.3047143602254604
712	0.2808331839268746
713	0.19935505713710885
715	0.5441260771156787
716	0.2632411715361264
717	0.0015022337075043593
719	0.06164900225119147
720	0.06576803567282435
721	0.03335391325233156
722	0.2894672267290582
723	0.017825930587150717
725	0.3010174465082916
726	0.06217686981563959
727	0.4506853924963513
728	0.08004253772821684
730	0.045744888602453564
732	0.512984740137949
733	0.03291620287503175
734	0.29132572425098874
735	0.278130214592378
736	0.5429709911801992
737	0.07117295858704173
738	0.26984917014527626
740	0.019934096097856995
742	0.4901318356427343
743	0.24871208358161614
744	0.19307586050244413
746	0.5500856791843292
747	0.2734970726037878
748	0.01767332715023476
749	0.2879334929461532
750	0.518189277651067
751	0.5255161510408675
752	0.2532392714959052
753	0.052684945882328166
754	0.018901396683109792
755	0.3337659972110854
756	0.5170845791276977
757	0.26407579194245334
759	0.04847063867898447
760	0.2535329213641973
761	0.010974186733954408
763	0.24396756243819193
764	0.5123691770796066
765	0.23753859944386121
766	0.040296430500909836
767	0.245103339520578
768	0.5237935773092451
769	0.551137792724459
770	0.21003645526650983
771	0.006793123853611523
773	0.06268915657909657
774	0.10269981934025166
775	0.033701928507523196
776	0.06276475790394224
777	0.21737156801281582
778	0.0752165691683604
779	0.009456759289590756
780	0.2585443340126339
781	0.011320152284324588
782	0.044748373717613824
783	0.018774738124253103
784	0.010046811008322932
785	0.2685229093156331
786	0.2517632857667901
787	0.27445414759040865
788	0.06519782633071866
790	0.006284343335179958
791	0.01867302837890524
792	0.5476694173201523
793	0.26186894000648897
794	0.014406457392927414
795	0.22915102262972342
798	0.045508173445035494
800	0.03130430894049796
803	0.5237348473219376
806	0.2607733479596295
807	0.2974507281102418
808	0.014248765418124601
809	0.5055490861690379
810	0.04788699740869952
811	0.04868379084142224
812	0.028022413851721925
813	0.2800910899346307
814	0.2336525955664396
815	0.04322716993107113
816	0.2918707556761841
817	0.7294057067473749
818	0.47562967092484865
819	0.03662573626964669
820	0.24632417459633005
822	0.2597436045412272
824	0.004479202835687899
826	0.26288478666955206
827	0.022811660717251173
828	0.02927104190514161
829	0.29527090248486976
830	0.03954962180886582
831	0.290682058919295
832	0.2788511873357839
833	0.2306788120126826
834	0.2868053814599549
835	0.013480870391357695
837	0.014735373952485198
839	0.5260862304789772
840	0.23750780987020528
841	0.2462977761581175
844	0.3117262594192134
845	0.3293564958773916
846	0.0018421746856902357
849	0.278130214592378
850	0.5366421940644891
851	0.05567963003234242
854	0.25357314517804624
856	0.04909879543164808
858	0.020017755863302476
859	0.2598611348781915
860	0.26221330172335255
861	0.23745295188325416
862	0.30411031630527424
863	0.30973247410850124
864	0.032633097902761934
868	0.29667937088289215
869	0.5263358853186553
870	0.4864554343013353
872	0.06266058304966826
873	0.21343499715436545
874	0.045654699538684375
875	0.016589104857445927
876	0.05046982408002301
877	0.2827665890858964
878	0.04006917090073691
879	0.3120783261346533
880	0.2614869253297598
883	0.22534443793542583
885	0.01838349686364342
886	0.05324980035071182
887	0.25120548167190093
888	0.028502439244778837
889	0.2745875762826683
891	0.2604684949118845
892	0.030576740622883507
893	0.7601125995050259
894	0.016887173673520058
895	0.29851895186912175
896	0.2708361348026081
897	0.30029474057135436
900	0.022201786207560373
901	0.020778529104466426
902	0.042137767609118505
903	0.018781027979441152
904	0.009274449928913159
906	0.5086918776127317
907	0.00911380201003948
908	0.01452171411893824
909	0.03020028163156712
910	0.49768692735601106
912	0.00444788281513462
915	0.08118694812762223
916	0.22364774363868628
917	0.03155085595859189
920	0.005472292113390939
921	0.03002778228392302
922	0.2517681696641132
923	0.5217521543967437
924	0.2873303506838927
925	0.01671594258030838
926	0.2540636804279273
927	0.04880776691937968
928	0.25837947838252984
929	0.07020312549957339
930	0.025103635706424123
931	0.23239201800480272
932	0.04159730278708135
933	0.27495272206120813
935	0.06307516142949093
936	0.2995811419245672
938	0.27377939288539305
939	0.30891366647913143
940	0.28422433455949336
941	0.5315143772393709
942	0.05676666356617135
943	0.03419631024661042
0	0.0
0	0.0
0	0.0
0	0.0
0	0.0
0	0.0
0	0.0
0	0.0
0	0.0
0	0.0
0	0.0
0	0.0
0	0.0
0	0.0
0	0.0
0	0.0
0	0.0
0	0.0
0	0.0
0	0.0
0	0.0
0	0.0
0	0.0
0	0.0
0	0.0
0	0.0
0	0.0
0	0.0
0	0.0
0	0.0
0	0.0
0	0.0
0	0.0
0	0.0
0	0.0
0	0.0
0	0.0
0	0.0
0	0.0
0	0.0
0	0.0
0	0.0
0	0.0
0	0.0
0	0.0
0	0.0
0	0.0
0	0.0
0	0.0
0	0.0
0	0.0
0	0.0
0	0.0
0	0.0
0	0.0
0	0.0
0	0.0
0	0.0
0	0.0
0	0.0
0	0.0
0	0.0
0	0.0
0	0.0
0	0.0
0	0.0
0	0.0
0	0.0
0	0.0
0	0.0
0	0.0
0	0.0
0	0.0
0	0.0
0	0.0
0	0.0
0	0.0
0	0.0
0	0.0
0	0.0
0	0.0
0	0.0
0	0.0
0	0.0
0	0.0
0	0.0
0	0.0
0	0.0
0	0.0
0	0.0
0	0.0
0	0.0
0	0.0
0	0.0
0	0.0
0	0.0
0	0.0
0	0.0
0	0.0
0	0.0
0	0.0
0	0.0
0	0.0
0	0.0
0	0.0
0	0.0
0	0.0
0	0.0
0	0.0
0	0.0
0	0.0
0	0.0
0	0.0
0	0.0
0	0.0
0	0.0
0	0.0
0	0.0
0	0.0
0	0.0
0	0.0
0	0.0
0	0.0
0	0.0
0	0.0
0	0.0
0	0.0
0	0.0
0	0.0
0	0.0
0	0.0
0	0.0
0	0.0
0	0.0
0	0.0
0	0.0
0	0.0
0	0.0
0	0.0
0	0.0
0	0.0
0	0.0
0	0.0
0	0.0
0	0.0
0	0.0
0	0.0
0	0.0
0	0.0
0	0.0
0	0.0
0	0.0
0	0.0
0	0.0
0	0.0
0	0.0
0	0.0
0	0.0
0	0.0
0	0.0
0	0.0
0	0.0
0	0.0
0	0.0
0	0.0
0	0.0
0	0.0
0	0.0
0	0.0
0	0.0
0	0.0
0	0.0
0	0.0
0	0.0
0	0.0
0	0.0
0	0.0
0	0.0
0	0.0
0	0.0
0	0.0
0	0.0
0	0.0
0	0.0
0	0.0
0	0.0
0	0.0
0	0.0
0	0.0
0	0.0
0	0.0
0	0.0
0	0.0
0	0.0
0	0.0
0	0.0
0	0.0
0	0.0
0	0.0
0	0.0
0	0.0
0	0.0
0	0.0
0	0.0
0	0.0
0	0.0
0	0.0
0	0.0
0	0.0
0	0.0
0	0.0
0	0.0
0	0.0
0	0.0
0	0.0
0	0.0
0	0.0
0	0.0
0	0.0
0	0.0
0	0.0
0	0.0
0	0.0
0	0.0
0	0.0
0	0.0
0	0.0
0	0.0
0	0.0
0	0.0
