2	0.0037407634543901586
3	0.18695464785515958
5	0.4354084166626934
7	0.02370357861100986
9	0.22223347852100536
11	0.22854618465965026
12	0.018772418053889014
13	0.0002779787891338814
14	0.011415621916006743
16	0.2836394360658862
17	0.27682929117458177
19	0.09835910041788756
21	0.04729325778224282
23	0.06809597301975942
24	0.2740073577287537
25	0.5212323018146835
27	0.06544111277936421
30	0.28635735206150537
31	0.23611011219023112
33	0.24249659657032316
35	0.018607909783466284
36	0.7282273286774386
38	0.2791981493415545
40	0.2543211537420383
41	0.4991193203720888
42	0.06333771917098543
43	0.25570655304361223
46	0.22028050354664935
47	0.21313037390343506
48	0.03134722550060674
49	0.01862475560127167
52	0.27117269859064236
53	0.012125301023252627
54	0.018644872987329426
57	0.016722144313392386
59	0.005123157428407042
60	0.008756463772038165
61	0.006522684307891616
62	0.25807870084191636
65	0.01920783878828068
66	0.013413515984877646
68	0.03559846872998707
69	0.008192313578348057
71	0.025815808046696226
72	0.2946633798376823
75	0.24955354309110298
77	0.32877646154071916
81	0.0363333714877216
83	0.2489743403466133
85	0.06299807032974315
86	0.2730505929635807
87	0.006648723322874122
89	0.2928022707367504
91	0.0027468311680265527
93	0.3507711241900962
96	0.2662733211029611
97	0.5002798212974469
99	0.29771491945591116
100	0.0220539854102095
106	0.042662456175925595
107	0.24040331670235487
108	0.2407732298592241
109	0.2302660220230482
110	0.0408772055465573
111	0.23248052965781857
113	0.2206086694860598
120	0.5263933224139253
121	0.5212469845256417
122	0.23856579465447758
123	0.0928401596361983
124	0.26582733662598507
125	0.30545360163596647
126	0.28188656804040874
127	0.2620050005455875
129	0.0204273035114453
130	0.06810236423889696
131	0.049039375461516314
132	0.006881461102386965
134	0.11142758593980845
137	0.01124777389421399
140	0.2563593484098565
141	0.046027210259735496
143	0.004339724190939642
144	0.2880959219911713
146	0.05299823573698296
147	0.2971214646618321
148	0.22743603177579694
150	0.02508883291139523
151	0.24068958186408956
159	0.02711185157606514
162	0.10188252616047924
163	0.05770556107950026
165	0.2656573671414788
168	0.2699196951452239
169	0.22772903948392556
170	0.048197740084542154
171	0.22809055257126692
172	0.047608050382760135
175	0.2519252697204394
176	0.036828929174947234
178	0.03589274279521042
179	0.3095341219317047
182	0.03045360102156801
184	0.2873376163403635
185	0.2756233994373881
187	0.2694342397309772
188	0.0031795317195214765
189	0.019766290120103846
191	0.05463596267516285
193	0.06427384861960128
199	0.02534238127372323
200	0.01806623453151934
201	0.2750944799685056
202	0.4307022030195478
203	0.21154735858541854
205	0.2270696980352745
206	0.32864327077803984
209	0.33819694566059805
211	0.018522353340872877
214	0.057798861393012727
223	0.08288159860094169
224	0.5026045141088836
226	0.23515669421742624
228	0.21101264141267229
230	0.02305326283273133
231	0.0020483154170498653
232	0.24237906098086495
233	0.24530318572290005
234	0.04158539677747844
235	0.04814792692878664
236	0.0884985778986554
237	0.31183043005150474
238	0.2504648860134826
242	0.25618178830485283
243	0.5539687321670866
245	0.2876506790571385
247	0.0005586917926994131
248	0.0027285455352476853
250	0.30800890779065604
251	0.2807095432019012
252	0.3134779300408132
253	0.29727933525246475
254	0.002555550901201284
256	0.08117012313908394
257	0.044574633357920876
262	0.022134945369689244
264	0.2517110102004565
265	0.09103045910876581
267	0.025726686175876867
269	0.2709579954026432
271	0.025379061830326025
272	0.00766606203408466
273	0.24059200459153424
275	0.23211790041812227
279	0.48802326894204706
280	0.052330178813560266
281	0.043513732616843326
285	0.01672036468010337
286	0.00793137504197293
290	0.03287697879489536
291	0.2655193333531493
292	0.05992897471709058
294	0.31860606666862173
296	0.2626433835195502
298	0.25749441586343336
302	0.20679039812069372
303	0.023170805276590878
304	0.021739950784655827
305	0.054444525949430105
306	0.021625878037725157
307	0.7579697678070636
308	0.019360495814311512
309	0.23499827043026827
311	0.226166895356111
313	0.0028500484807583368
314	0.5231147942186818
316	0.07190263428924648
321	0.09865888360365813
322	0.24384815368958132
323	0.4978627002954882
324	0.5208673170455141
327	0.07606239695276973
329	0.2747258860344092
331	0.2090078533623124
333	0.02067947675680923
336	0.026437605905070678
337	0.4961748940803486
338	0.00955359913905441
339	0.02940302070513339
340	0.2885099320265592
342	0.06208906539445011
344	0.03512922150390553
345	0.03837555561162043
348	0.0003097322731822026
350	0.27412376849359993
358	0.5657179930596108
359	0.29615559363648203
361	0.02331712861266754
363	0.4845105606893704
365	0.28763219763573256
366	0.01959039027146099
368	0.04865337932696302
373	0.05765722079003925
376	0.011413318629412333
377	0.011404922355410664
380	0.23277002485766995
381	0.005050406858104227
382	0.2723494276040803
383	0.04467019994316859
384	0.002777268371847802
385	0.045885963452382654
388	0.02347951987555677
390	0.5263825382601052
396	0.1989723833580246
398	0.03227986909842807
400	0.5293548801373636
402	0.2724409232514494
403	0.25577783432996753
404	0.2802088890728048
406	0.06443890002192025
407	0.032519846494283196
410	0.011712936017118966
411	0.029956988753294275
413	0.009033547532759173
415	0.23936665377643745
418	0.12912347066141033
422	0.00418536647787706
423	0.03909654136832318
425	0.20431367620171623
427	0.04331561989194474
428	0.2781690824607125
430	0.06783207171449161
431	0.018523873639581325
434	0.2511730722021941
435	0.0006047642565410738
437	0.27138657884591966
438	0.28576244761698033
439	0.23951956817010212
440	0.24074901753971484
441	0.2905414636042486
444	0.058921332435775804
445	0.6691456276089991
446	0.05664146917089391
450	0.03243880098096555
451	0.04745338019764096
458	0.28210990424873833
459	0.2492292866280083
461	0.24049016079670626
463	0.007254237462869122
465	0.27125241681634815
467	0.01952002653196524
468	0.29101275352357064
469	0.0007241553794361498
471	0.4818553564874519
474	0.011098626522159965
475	0.5033404572584295
476	0.012269703705554764
480	0.5578385200880985
481	0.22749236723156024
483	0.25201450013271876
485	0.1933464386800912
486	0.0008717377963065251
488	0.0003687351570384953
490	0.010308928049913506
491	0.0638861554392881
492	0.21528990224131994
494	0.22593207636688467
495	0.008476468646400323
500	0.036320585839773656
501	0.2678270041580815
502	0.0030454298487456767
503	0.07738623499814659
505	0.002497019024637351
506	0.003937835626556439
508	0.3350204692223783
514	0.04101315280015783
515	0.2780483710536938
516	0.26250090996575515
517	0.012328864460035852
523	0.26402886765094274
525	0.11106374540936866
526	0.2292653064076716
529	0.23036453101765214
530	0.01630879328125845
533	0.23399573412529925
536	0.26463682268087885
538	0.009508782348611841
539	0.26250710937048993
540	0.0002379711255614675
543	0.062097739518123585
545	0.014662821738433602
546	0.010768990587039055
549	0.06656327411066956
551	0.2568724616188508
554	0.005318908686280752
555	0.2809708092536176
559	0.026642764170409453
562	0.044465845215932095
565	0.016723418660456776
569	0.060820386133283624
571	0.5092430522745536
572	0.07297090521972033
575	0.23598519168676044
576	0.2715668558009254
579	0.25967008256693186
582	0.20284245418985383
583	0.2509465786082027
584	0.2755969461601887
586	0.03515330326045839
589	0.34283189306749867
593	0.010623725957974655
596	0.009775932377209359
597	0.4652326107722529
599	0.31205804082044314
602	0.0008938211539354785
603	0.04096859261461422
604	0.16211729293087282
605	0.07085649276421055
607	0.005980634203769836
609	0.09293225773988036
612	0.07091502692866221
613	0.24649484975256938
614	0.5604063618601236
615	0.003469717015465612
616	0.006816949133334957
618	0.030013263513577842
619	0.0030549275811749127
623	0.2142184051645069
625	0.25640697446230754
627	0.010019373034367417
628	0.004952927878065026
629	0.04119431255356334
630	0.007239104027187415
632	0.2282906980510788
633	0.25624740707362775
635	0.2953430675058178
637	0.30374835602893147
640	0.05415263062195773
641	0.28980635395800514
643	0.06541420428962456
644	0.23741588474100964
648	0.0009434284971898549
649	0.780014365814817
650	0.008964157255444725
652	0.05519280463903255
653	0.2752993372492417
654	0.23396890571228365
656	0.19743664221104942
657	0.013415686481773138
658	0.3307605729106602
661	0.016965083258879427
664	0.2581031495995014
665	0.07310053885588352
666	0.021509136772668046
668	0.057587710535415525
669	0.30465397044864906
671	0.20898753581900273
674	0.007862762968366348
675	0.241388407672872
676	0.2881800152614488
677	0.04921379083812683
678	0.13685095604594621
680	0.772986836069861
682	0.041129988983840085
683	0.05529859191362153
684	0.2363269430574122
686	0.02237926283550013
688	0.271709695221131
689	0.26157381894875614
690	0.0425590852057256
692	0.5286222568670399
694	0.0035225865882923812
695	0.25347593324805906
698	0.018522785980189048
700	0.2611031729418285
701	0.25615595781028644
702	0.5453781613087938
703	0.026024627213980283
704	0.29230261045339007
706	0.5153215305085459
708	0.22378906472283042
713	0.005892233498471414
714	0.23730659768418969
715	0.08154099004945704
718	0.04100174085889441
722	0.3042162239667928
723	0.023388513650098693
724	0.32864327077803984
726	0.29030382974563784
730	0.7750017036055398
731	0.2398651585009681
732	0.0728841359652515
734	0.0321791268046542
735	0.5263825382601051
736	0.3215881972381913
739	0.2568646201911509
742	0.28618130349355675
743	0.007549744126373534
744	0.2707817902673457
748	0.26520583157221167
749	0.03362271984631595
750	0.2663949448995192
751	0.2556154854595384
752	0.19548967931172187
753	0.5220343536488871
755	0.3151399921239976
756	0.04582796123320898
757	0.27103832287840446
760	0.2967628431899077
762	0.22373111079333186
763	0.03891432399437627
764	0.0659038113019137
765	0.046414221147839066
767	0.06375612340657669
768	0.3261639726934789
769	0.3195820999311932
771	0.5253546595850268
772	0.22386460661788704
775	0.23916892123398836
777	0.5472937994941213
779	0.5183238737330406
780	0.021067469887609797
781	0.009352550496120202
782	0.25922559164470055
785	0.27693497343292794
787	0.0348913934241085
789	0.01821540080091627
791	0.0347774168862541
792	0.2697524892415852
793	0.5023302268544123
795	0.03991688586438178
796	0.013968672519948676
797	0.3027817749676237
799	0.523077038136351
800	0.26566773306908514
801	0.014677403322891136
806	0.2884642127869242
811	0.030423518133790038
812	0.006612379135093452
817	0.30965054515242657
822	0.25221550126181597
824	0.06635999636382267
825	0.2352889083603837
829	0.26649539911731057
831	0.32293485524974497
833	0.07210287705299424
834	0.009890091162061337
836	0.008427330098324158
837	0.2772383588554084
838	0.25418773780381765
839	0.07794466842990114
840	0.28553684461647544
842	0.22665294560887475
843	0.012904257675624226
845	0.015502083769199617
847	0.24418841200151326
848	0.23526176579154007
849	0.523485707091316
850	0.030805629817621555
852	0.04847063867898447
853	0.024476457166212856
857	0.278865940984339
858	0.03841706739110724
861	0.053787133749261216
862	0.02739752368861222
867	0.0026420190919211953
868	0.006803249000747823
869	0.049348805158623194
870	0.05428239212615733
877	0.2903621007692007
883	0.2717588131780405
884	0.267730164244163
885	0.022990219876306547
886	0.019002983076216763
887	0.040600007162881854
888	0.04669773923594569
893	0.29104827178165316
894	0.06380598521469832
895	0.4940427892868383
899	0.013605905162313837
901	0.022595824971150563
902	0.034787998159646075
903	0.008275588881214813
909	0.07770776803221073
910	0.3661784819606495
911	0.23253138486732536
912	0.2746969388351398
920	0.024564004419355072
922	0.2845429445136072
924	0.31481737063467174
926	0.020156618156586092
928	0.29983725557520424
931	0.04482836337923415
932	0.04115769773642436
933	0.022970539083743226
934	0.008899090971179385
936	0.027055927512369057
937	0.5186415947332396
938	0.24629644557417227
940	0.3290680546680861
941	0.29215888317920474
942	0.034825379627049395
0	0.0
0	0.0
0	0.0
0	0.0
0	0.0
0	0.0
0	0.0
0	0.0
0	0.0
0	0.0
0	0.0
0	0.0
0	0.0
0	0.0
0	0.0
0	0.0
0	0.0
0	0.0
0	0.0
0	0.0
0	0.0
0	0.0
0	0.0
0	0.0
0	0.0
0	0.0
0	0.0
0	0.0
0	0.0
0	0.0
0	0.0
0	0.0
0	0.0
0	0.0
0	0.0
0	0.0
0	0.0
0	0.0
0	0.0
0	0.0
0	0.0
0	0.0
0	0.0
0	0.0
0	0.0
0	0.0
0	0.0
0	0.0
0	0.0
0	0.0
0	0.0
0	0.0
0	0.0
0	0.0
0	0.0
0	0.0
0	0.0
0	0.0
0	0.0
0	0.0
0	0.0
0	0.0
0	0.0
0	0.0
0	0.0
0	0.0
0	0.0
0	0.0
0	0.0
0	0.0
0	0.0
0	0.0
0	0.0
0	0.0
0	0.0
0	0.0
0	0.0
0	0.0
0	0.0
0	0.0
0	0.0
0	0.0
0	0.0
0	0.0
0	0.0
0	0.0
0	0.0
0	0.0
0	0.0
0	0.0
0	0.0
0	0.0
0	0.0
0	0.0
0	0.0
0	0.0
0	0.0
0	0.0
0	0.0
0	0.0
0	0.0
0	0.0
0	0.0
0	0.0
0	0.0
0	0.0
0	0.0
0	0.0
0	0.0
0	0.0
0	0.0
0	0.0
0	0.0
0	0.0
0	0.0
0	0.0
0	0.0
0	0.0
0	0.0
0	0.0
0	0.0
0	0.0
0	0.0
0	0.0
0	0.0
0	0.0
0	0.0
0	0.0
0	0.0
0	0.0
0	0.0
0	0.0
0	0.0
0	0.0
0	0.0
0	0.0
0	0.0
0	0.0
0	0.0
0	0.0
0	0.0
0	0.0
0	0.0
0	0.0
0	0.0
0	0.0
0	0.0
0	0.0
0	0.0
0	0.0
0	0.0
0	0.0
0	0.0
0	0.0
0	0.0
0	0.0
0	0.0
0	0.0
0	0.0
0	0.0
0	0.0
0	0.0
0	0.0
0	0.0
0	0.0
0	0.0
0	0.0
0	0.0
0	0.0
0	0.0
0	0.0
0	0.0
0	0.0
0	0.0
0	0.0
0	0.0
0	0.0
0	0.0
0	0.0
0	0.0
0	0.0
0	0.0
0	0.0
0	0.0
0	0.0
0	0.0
0	0.0
0	0.0
0	0.0
0	0.0
0	0.0
0	0.0
0	0.0
0	0.0
0	0.0
0	0.0
0	0.0
0	0.0
0	0.0
0	0.0
0	0.0
0	0.0
0	0.0
0	0.0
0	0.0
0	0.0
0	0.0
0	0.0
0	0.0
0	0.0
0	0.0
0	0.0
0	0.0
0	0.0
0	0.0
0	0.0
0	0.0
0	0.0
0	0.0
0	0.0
0	0.0
0	0.0
0	0.0
0	0.0
0	0.0
0	0.0
0	0.0
0	0.0
0	0.0
0	0.0
0	0.0
0	0.0
0	0.0
0	0.0
0	0.0
0	0.0
0	0.0
0	0.0
0	0.0
0	0.0
0	0.0
0	0.0
0	0.0
0	0.0
0	0.0
0	0.0
0	0.0
0	0.0
0	0.0
0	0.0
0	0.0
0	0.0
0	0.0
0	0.0
0	0.0
0	0.0
0	0.0
0	0.0
0	0.0
0	0.0
0	0.0
0	0.0
0	0.0
0	0.0
0	0.0
0	0.0
0	0.0
0	0.0
0	0.0
0	0.0
0	0.0
0	0.0
0	0.0
0	0.0
0	0.0
0	0.0
0	0.0
0	0.0
0	0.0
0	0.0
0	0.0
0	0.0
0	0.0
0	0.0
0	0.0
0	0.0
0	0.0
0	0.0
0	0.0
0	0.0
0	0.0
0	0.0
0	0.0
0	0.0
0	0.0
0	0.0
0	0.0
0	0.0
0	0.0
0	0.0
0	0.0
0	0.0
0	0.0
0	0.0
0	0.0
0	0.0
0	0.0
0	0.0
0	0.0
0	0.0
0	0.0
0	0.0
0	0.0
0	0.0
0	0.0
0	0.0
0	0.0
0	0.0
0	0.0
0	0.0
0	0.0
0	0.0
0	0.0
0	0.0
0	0.0
0	0.0
0	0.0
0	0.0
0	0.0
0	0.0
0	0.0
0	0.0
0	0.0
0	0.0
0	0.0
0	0.0
0	0.0
0	0.0
0	0.0
0	0.0
0	0.0
0	0.0
0	0.0
0	0.0
0	0.0
0	0.0
0	0.0
0	0.0
0	0.0
0	0.0
0	0.0
0	0.0
0	0.0
0	0.0
0	0.0
0	0.0
0	0.0
0	0.0
0	0.0
0	0.0
0	0.0
0	0.0
0	0.0
0	0.0
0	0.0
0	0.0
0	0.0
0	0.0
0	0.0
0	0.0
0	0.0
0	0.0
0	0.0
0	0.0
0	0.0
0	0.0
0	0.0
0	0.0
0	0.0
0	0.0
0	0.0
0	0.0
0	0.0
0	0.0
0	0.0
0	0.0
0	0.0
0	0.0
0	0.0
0	0.0
0	0.0
0	0.0
0	0.0
0	0.0
0	0.0
0	0.0
0	0.0
0	0.0
0	0.0
0	0.0
0	0.0
0	0.0
0	0.0
0	0.0
0	0.0
0	0.0
0	0.0
0	0.0
0	0.0
0	0.0
0	0.0
0	0.0
0	0.0
0	0.0
0	0.0
0	0.0
0	0.0
0	0.0
0	0.0
0	0.0
0	0.0
0	0.0
0	0.0
0	0.0
0	0.0
0	0.0
0	0.0
0	0.0
0	0.0
0	0.0
0	0.0
0	0.0
0	0.0
0	0.0
0	0.0
0	0.0
0	0.0
0	0.0
0	0.0
0	0.0
