1	0.23920531818278742
5	0.306935174366937
6	0.05264139519429936
7	0.2869066428317355
8	0.5209411792427701
9	0.22869707069277118
10	0.276340270581373
11	0.19011364834319316
12	0.2855073722685615
13	0.18246179197972726
14	0.09303206774856443
15	0.3211487266525095
17	0.2725652631391247
18	0.5168999569729233
19	0.032354162024303246
20	0.2803590600501597
22	0.27254698685251477
23	0.046388606335801816
24	0.2981395120772052
25	0.2615328816140032
26	0.22151168261882348
27	0.3840209964412046
28	0.5332782695794057
29	0.006963017644723762
30	0.2842145172340255
32	0.7560117556412779
33	0.026960125888925747
34	0.4963607587238797
35	0.556900306989953
36	0.24407625908231848
37	0.750506425569006
39	0.21135840962737146
40	0.02248490523905083
41	0.3184648700548062
42	0.06410615653771512
44	0.2704510423495662
45	0.5403674390313545
46	0.26114451605831934
47	0.23738389657715295
48	0.49240456960430434
51	0.551974204282104
52	0.5044385949266685
53	0.0005519356197026572
54	0.5374866805529318
55	0.5211977664949102
56	0.3146454619838054
57	0.7804987258339426
58	0.004164609046677481
59	0.3054589800510988
60	0.534297990019979
61	0.11875992052172268
62	0.30150968224854263
63	0.4554179165046148
65	0.23825875768570498
66	0.20892147989048873
67	0.20922241390363353
68	0.4617986582971107
69	0.04181125960470787
70	0.5567548653877868
71	0.5230958333266277
72	0.02301591254287622
73	0.34784685704759466
74	0.26220184274002434
75	0.19026438589013936
76	0.5226485916778204
78	0.2500931569166851
79	0.5027537743952404
80	0.3447059910096854
81	0.5258618425538906
82	0.26138796503527056
83	0.4904023705489304
84	0.3010073269024282
86	0.35904233077155345
87	0.3204534928085757
88	0.30645426041574503
89	0.269126139485947
91	0.5218292797643104
92	0.2879032147121822
93	0.3650913145729602
95	0.05977827255688837
97	0.01641201939751392
99	0.2714876370967938
100	0.5480269390367761
101	0.49647248171131336
102	0.28724646126882214
103	0.44563292132440946
104	0.10872649646850575
105	0.013274580338629171
106	0.555975422027888
107	0.19890386634849025
109	0.29850936646428955
110	0.3227312835508903
112	0.47440072816796724
114	0.48538024091273374
115	0.008705010163920338
117	0.29752978073822045
118	0.5192178737380422
119	0.31128191791867027
120	0.08236566181474084
121	0.13241336190818495
122	0.4768974656464734
123	0.024922048974146044
124	0.21970084471602289
125	0.25919912694417646
126	0.19284979113586329
127	0.20681405966352873
128	0.5293917930576353
129	0.3049318491015146
131	0.7503877067402464
132	0.030108310260598722
133	0.47197296914481895
134	0.46815198972086375
135	0.024616295750201488
136	0.3107691324860828
137	0.22102441075431972
138	0.4989796491742096
139	0.0899634126956862
140	0.028715768104952504
141	0.4892372145927628
142	0.5233749283394328
143	0.024689511713591194
145	0.049060841289301965
147	0.2677152019354422
148	0.010908820330900335
149	0.462477953642836
151	0.058268094183541126
152	0.529525747631882
153	0.278230359889046
154	0.28975994737875777
155	0.19615026706639943
156	0.26226926295826974
157	0.537307449320046
158	0.23938398013150747
159	0.5226935275667403
160	0.035154460335590304
161	0.1728118340700268
163	0.5043265052182176
164	0.011035867462396362
165	0.037982405357036945
166	0.2654929768472756
167	0.09697061638375977
168	0.3050481531259339
169	0.23410148200900277
170	0.5361078700468657
171	0.029072418378175736
173	0.2730225380084046
174	0.537582829482026
175	0.04455097820671174
176	0.007186160295593082
178	0.03525795947957669
179	0.03200889641904095
180	0.25812806080297424
182	0.06990091753705559
184	0.007071776112542311
186	0.4554388760335871
187	0.23283148795522268
188	0.3060479801609858
189	0.02639935229355056
190	0.6724417445232127
191	0.1919627163006224
193	0.3193543257866739
194	0.3115081376960129
195	0.18188581913998203
196	0.18212397637768116
197	0.48494120868689344
198	0.026622194802530034
199	0.49554821766829393
202	0.026130768676718846
203	0.18549125560307228
204	0.521756299283897
205	0.15202759390680182
206	0.35741157849989924
207	0.261042398997265
210	0.018552709219522266
211	0.2773755051809952
212	0.35833290649335026
215	0.25131987644715303
216	0.06314568785299082
218	0.3368571935754329
219	0.743822199240414
220	0.03880917637736499
222	0.02649035231538922
224	0.22035489885334839
227	0.23348705634507605
228	0.28701709119141144
229	0.45562561849407324
231	0.5145133632263348
233	0.31700388826820924
234	0.2943958612848535
235	0.07846496710483428
238	0.5432935525459851
239	0.22846390461850744
240	0.2993468178134796
241	0.5966918778508802
242	0.009698677901752932
243	0.3342616811635377
244	0.0019437421887516446
245	0.003495365974853344
246	0.5179160726440813
247	0.5320729719232168
249	0.2644108122886475
251	0.025714436790856738
252	0.528079244870249
253	0.2853656065445693
255	0.240540806741838
257	0.7374104714548158
258	0.5614500360375891
260	0.5590731879653692
261	0.5260307712577624
262	0.027257924430961575
264	0.25453543964680586
266	0.14822594168854686
267	0.2480333014019386
268	0.5084100750078608
270	0.023948559429497713
271	0.28649362330762934
272	0.009485330744935041
273	0.2549449033215052
274	0.29668941509651864
275	0.5288834928922477
276	0.27181969893794533
277	0.1885420582219281
278	0.5085045074361543
281	0.33129584418749347
282	0.0032988136242069234
284	0.013629899691937175
285	0.025486137305160392
287	0.427544311695845
289	0.6065113699851549
290	0.0077004903937150995
291	0.2618593517628775
292	0.3040446835663998
294	0.4844564862530787
296	0.29859470178735054
298	0.06682280767923351
299	0.5160302896423106
300	0.10947704596319835
301	0.509681872040695
302	0.5872647846651032
303	0.01595058779185724
304	0.24302819438619438
306	0.5021871417907561
309	0.26125540310119305
310	0.47999276918787365
311	0.2039283348996185
313	0.29449274017321564
314	0.06308916829518557
316	0.5808162696567185
317	0.014840082458507927
319	0.25524074422359416
320	0.05925402925964012
322	0.05021710328548734
323	0.06834380157870576
325	0.2814409068176158
326	0.0666028599342594
328	0.07846776061051408
329	0.29083510653310685
330	0.2706247548830392
331	0.2601073802070416
332	0.04013699585027465
333	0.2301858815127813
334	0.010926932127448222
336	0.5312979097928441
337	0.265700499301525
338	0.4648244835177225
339	0.012071958588900873
341	0.23693980670537745
343	0.01963250743107993
345	0.5379889212732903
346	0.33279929919486123
347	0.26914276882162613
348	0.5062144076839173
349	0.32671864005486406
350	0.021447780831840124
351	0.23547787055342687
352	0.7898152958774866
353	0.3071594377174092
354	0.017816223885783015
356	0.2543662521175352
357	0.3060326594882651
358	0.22061749053439167
359	0.5001446301237936
360	0.02282836123766168
361	0.2704029166210198
362	0.43618170819031293
363	0.05283342371843489
364	0.22824140227429346
366	0.014696191271294928
367	0.3083985235167971
368	0.26038771164523117
369	0.7656365456115355
371	0.024910209180529386
372	0.46917369675310633
373	0.026020028644642475
374	0.014301871485254782
375	0.26733727618790815
376	0.2814535773822638
378	0.04080604478693943
379	0.07248148831316749
381	0.013392524998161594
382	0.002628044520222722
383	0.034902619719386324
384	0.2199051323567006
386	0.49296419369781996
387	0.28176045328478255
389	0.28867513920604304
390	0.022915438785023615
393	0.5194319577424866
394	0.27101595609704715
395	0.2644447844290116
396	0.4718730744761912
397	0.05408187770704823
399	0.07041486333875277
400	0.22885285756531698
401	0.20818303504706875
403	0.31679300167169205
404	0.011981243638864141
409	0.5032434628904694
410	0.5450806233195207
411	0.10015846238597365
412	0.24327848133566665
413	0.5259861634533322
414	0.23975988804912723
415	0.25006316034068904
416	0.016893571232798256
417	0.0708437315277149
418	0.1037195013080455
419	0.27844354586143566
420	0.5001171087530469
421	0.3079480036588767
422	0.06691592966737608
423	0.05745853661794381
424	0.27379557103358015
425	0.00686175667719241
426	0.5260186294908181
428	0.005506678641744953
429	0.3029270459744186
430	0.040288982298074684
431	0.5293039021545827
432	0.3148104514514112
435	0.5415543073429941
436	0.2086865854416146
437	0.0324580672374959
438	0.2432475317693104
439	0.45819024407780345
440	0.5001969233785792
441	0.5274346001546526
442	0.01376239881089647
443	0.519770883980467
444	0.21529851023198857
446	0.2750793333976599
447	0.024388200359265644
449	0.5429879040963205
450	0.5398593585946411
451	0.2729195411368813
452	0.2453488457295405
453	0.27963405234946426
454	0.2579406684597433
455	0.02671006696831653
456	0.5252603117155868
457	0.041436462555102485
459	0.044554754818372504
460	0.27551538734617614
461	0.04644206447712054
462	0.2657297871302163
463	0.2176308803297296
465	0.255574713040938
466	0.30963367070523157
467	0.035448505143226415
468	0.2442470277457079
469	0.06816206811267903
470	0.5087483752071276
471	0.4724812588181375
472	0.5178100258992948
473	0.02417767985484866
474	0.3069954096390512
476	0.4877036135962552
477	0.20743111874830597
479	0.026896795013414673
481	0.5153391023655514
482	0.2969496047209817
483	0.5237485986492939
484	0.7812616328408414
486	0.045758447149157805
487	0.2856098127459972
488	0.2792462642542507
490	0.30420088641734516
491	0.006257204202363642
492	0.5145498435058574
495	0.05095355071032221
496	0.30075460729602127
497	0.28596284751582013
499	0.26111166561070387
501	0.02435388605248865
502	0.5527187299487565
504	0.29926552251042937
505	0.3282774550810736
506	0.059656078145995634
508	0.007799707294280794
509	0.22612572447809554
510	0.257898336262082
511	0.5826910964610376
512	0.03749767067528071
513	0.3107798170776934
514	0.03640064183101482
516	0.24264411072561337
517	0.5308722003520566
518	0.005010580487754657
519	0.03749777652924899
520	0.5440935303810166
521	0.2656871291651218
522	0.008600187913261712
525	0.05521760761470956
528	0.08440332869490179
529	0.031663499788214464
530	0.2599859173048866
531	0.5170952336503756
532	0.039063051022717454
533	0.5238825059924186
534	0.03102200877595161
536	0.29583826773463723
537	0.2724490246876924
538	0.06452910480456009
540	0.28695701916335054
543	0.03556596331686003
544	0.42300663724787185
545	0.5424487790757566
546	0.26992787465589985
547	0.44207681755914247
548	0.20879220286640285
549	0.28725668128354315
550	0.7552797676350452
551	0.0096022679073558
552	0.7360665678816785
553	0.06674567293847797
554	0.7519414067215421
556	0.0574017478917461
557	0.31139333541223246
559	0.5185219731841394
561	0.2560567446982445
563	0.7809696666098106
564	0.298811494457069
565	0.7529360436361155
566	0.25695320154875073
568	0.0663740513048412
570	0.1944933451778955
571	0.24202236841352578
572	0.07759638750291414
573	0.28832103340538917
574	0.038110393767034005
575	0.5230905383238327
576	0.2822726214722625
577	0.05226019372317603
578	0.3006765730608434
580	0.2600523812022436
582	0.2712780029382065
583	0.07832383824326258
584	0.2918295131866212
586	0.306923165921214
587	0.02540143872328628
588	0.04505841830247876
590	0.5463928700656933
591	0.035131443603259836
592	0.04060869497867179
593	0.30179978257267165
594	0.2605001641308306
595	0.0009403883052371068
596	0.5656955423887741
597	0.22964521468292878
598	0.28718606620821013
600	0.058880359197444304
601	0.4815500574068997
602	0.07575209993874968
603	0.20246609747747568
605	0.02311245156530086
607	0.05557173938932518
609	0.3438502148198592
610	0.05279518411669676
611	0.5134889433918035
612	0.19085044219708838
613	0.3006217602738361
615	0.4609312953016675
616	0.5024774358937534
617	0.0069187936353886925
618	0.053469001852843784
619	0.29595545109145216
620	0.525077833769331
621	0.501825860852334
622	0.2801663640335828
623	0.4728530193616683
624	0.23623875392445023
625	0.2833263577947989
626	0.47409381137941753
627	0.3376494838264496
628	0.02291543878502363
629	0.032713782045483704
631	0.007457226825275193
632	0.31518797760604134
633	0.22416793943916255
634	0.2923316802920978
637	0.28413440561730635
638	0.027803785928258166
639	0.05247346656370845
640	0.28591437865409186
642	0.772658195550751
644	0.30074969944435104
645	0.3201443241362868
646	0.4788455112553098
648	0.4960610715664653
650	0.314052159633909
651	0.5049810027842176
652	0.21191677478816354
653	0.29826284958319266
654	0.28098705373647725
655	0.04394521176229241
656	0.16594275210833884
657	0.30239635098483203
660	0.564813204809653
662	0.18802605148907256
663	0.4968955594775958
666	0.2925708115501455
667	0.3180366496846451
671	0.011271346104879166
672	0.2953805756513531
673	0.5463489953028422
674	0.5023690517351759
675	0.46488981720926936
677	0.008503812880033428
679	0.5178251306520862
680	0.04047226299227228
681	0.5413078027198324
682	0.06528775125878283
684	0.29814963348796714
686	0.026576264573404278
687	0.21499443512596625
689	0.758775523163994
690	0.2260306933294493
691	0.28081238130273684
694	0.27727083788087675
696	0.27798764415663346
697	0.7231768099049071
698	0.4903844969992426
699	0.25132597720789374
700	0.30725645388447176
701	0.5374995603638094
702	0.21087423471618993
703	0.25612506505554455
705	0.291818184325901
706	0.24116684185680126
707	0.015170483717210928
708	0.7723074930386319
709	0.2689245842335604
710	0.005506118733579118
711	0.2658236676127106
712	0.28078890472903056
714	0.5372045692973135
715	0.29164814062325833
716	0.5002017431215803
717	0.005415664990129642
718	0.7194571881519431
719	0.2746150005883455
720	0.2920243920539658
721	0.03989569950685874
722	0.7283463897842901
723	0.5130415439666861
724	0.35741157849989924
725	0.7199748953609084
726	0.10326042496111366
727	0.04097744577223502
728	0.2365232995679552
729	0.44077630579242527
730	0.006508793181941874
731	0.2562617759164277
732	0.02114059020375475
733	0.2790746289596313
734	0.06993552566591481
735	0.3066106447389819
736	0.053600338613149
737	0.06605496007529763
738	0.2628940030449327
739	0.03279212498970978
741	0.2992385719987346
742	0.242606294222936
743	0.21730904380024102
745	0.020163765393610443
746	0.09368025018842395
748	0.030143883743230453
749	0.31414966501869496
750	0.2619131691736435
754	0.4766855035142173
755	0.2758393641009474
756	0.31446638457541826
757	0.28409710177259634
758	0.03721746489688702
759	0.002555550901201284
760	0.16836908260120786
761	0.012537308029847032
762	0.5001384653091371
765	0.28202712645272837
766	0.5201983963083278
768	0.19611981741003476
769	0.27566807987579034
772	0.5038749215817866
773	0.052759129163708646
774	0.12821877164130704
775	0.24384483589323727
776	0.2636410603771562
778	0.18157354869281955
781	0.23865608868753604
782	0.007477794608007432
785	0.2631947237773997
786	0.028339321041235713
787	0.2621439019117488
788	0.5350939737465785
789	0.47746925613234237
790	0.19498243304036197
791	0.771503787550115
792	0.2904395017986737
794	0.21277544944662094
796	0.48563349048621707
797	0.32811915064601804
798	0.06446980589801438
799	0.21863575217332257
800	0.02291543878502363
801	0.48874462061516816
802	0.29814644789468786
803	0.07540382969447154
804	0.5364354934303216
807	0.31226431404747373
808	0.2309370701663286
809	0.22559244071112386
810	0.5008846929102753
811	0.2944813805938068
812	0.2554220500024486
813	0.2519495425045482
814	0.02236772958577506
815	0.2915450815626905
816	0.2337673774323674
818	0.22238946364135437
819	0.2598547675315299
822	0.04361346565573253
823	0.034322833031361126
824	0.07067231663034086
825	0.5404560927276902
826	0.4780025761771794
828	0.48653632474726405
829	0.07269849175290569
830	0.5339978826537682
831	0.48429345844140137
832	0.5403384660599114
834	0.5131640069865215
835	0.029300784544525497
837	0.2873519577956434
838	0.25319623954444603
839	0.028862196178056933
841	0.2636943708794825
842	0.43579097970906044
844	0.06962153340784237
845	0.31226261974240355
846	0.060403800921271525
847	0.49273091263396634
848	0.26438950075122364
849	0.05837733952926838
850	0.061362924086731635
851	0.28223275425173766
852	0.08345229411971244
855	0.44765155869660794
856	0.47050933554682245
857	0.33857603441323625
858	0.4883216879401913
859	0.030493193894353083
860	0.5014275952332891
862	0.5327754391442735
863	0.523310542674316
864	0.2720619592247597
865	0.00393016171156416
866	0.10267501584418627
867	0.5011868684769943
868	0.26009184612346953
869	0.04025200658066779
872	0.5139168029515436
873	0.505377571175043
874	0.29117655173886
875	0.0321083054077643
876	0.4877139240967588
877	0.2882925277178794
878	0.31061470689907955
879	0.49181001937180124
880	0.2999465284628674
881	0.54232396878184
882	0.2836746675577908
886	0.03660169667648589
887	0.28720900180712816
888	0.7624067797892674
889	0.044291974553233915
890	0.007667589032165065
891	0.26296637754513175
892	0.29911100835086873
893	0.07676735340754615
895	0.3155492050545314
896	0.04555337818501468
897	0.03860979205835605
900	0.4257370215407211
901	0.21445640286337492
902	0.05783835238893664
903	0.2859474617399055
905	0.20123054020078637
906	0.3010139290781576
908	0.04546842412325205
909	0.21882173156580204
914	0.16435791482496848
915	0.49844395779297895
916	0.23169649584879806
917	0.0441662851583986
918	0.20667381950485036
920	0.7166176382674303
921	0.7306327106618971
923	0.5310197528027049
924	0.02661318397134769
925	0.23656660741301969
926	0.265528147441342
927	0.5209192838274186
930	0.5424161126888316
931	0.25626623568043394
932	0.30034275789002396
933	0.31601604163181674
934	0.013014753666630546
935	0.7627637005767135
936	0.5289120585019059
937	0.0036085854200032866
939	0.5400838577207877
941	0.5553782153040032
942	0.03727540434905344
943	0.004478510426279288
0	0.0
0	0.0
0	0.0
0	0.0
0	0.0
0	0.0
0	0.0
0	0.0
0	0.0
0	0.0
0	0.0
0	0.0
0	0.0
0	0.0
0	0.0
0	0.0
0	0.0
0	0.0
0	0.0
0	0.0
0	0.0
0	0.0
0	0.0
0	0.0
0	0.0
0	0.0
0	0.0
0	0.0
0	0.0
0	0.0
0	0.0
0	0.0
0	0.0
0	0.0
0	0.0
0	0.0
0	0.0
0	0.0
0	0.0
0	0.0
0	0.0
0	0.0
0	0.0
0	0.0
0	0.0
0	0.0
0	0.0
0	0.0
0	0.0
0	0.0
0	0.0
0	0.0
0	0.0
0	0.0
0	0.0
0	0.0
0	0.0
0	0.0
0	0.0
0	0.0
0	0.0
0	0.0
0	0.0
0	0.0
0	0.0
0	0.0
0	0.0
0	0.0
0	0.0
0	0.0
0	0.0
0	0.0
0	0.0
0	0.0
0	0.0
0	0.0
0	0.0
0	0.0
0	0.0
0	0.0
0	0.0
0	0.0
0	0.0
0	0.0
0	0.0
0	0.0
0	0.0
0	0.0
0	0.0
0	0.0
0	0.0
0	0.0
0	0.0
0	0.0
0	0.0
0	0.0
0	0.0
0	0.0
0	0.0
0	0.0
0	0.0
0	0.0
0	0.0
0	0.0
0	0.0
0	0.0
0	0.0
0	0.0
0	0.0
0	0.0
0	0.0
0	0.0
0	0.0
0	0.0
0	0.0
0	0.0
0	0.0
0	0.0
0	0.0
0	0.0
0	0.0
0	0.0
0	0.0
0	0.0
0	0.0
0	0.0
0	0.0
0	0.0
0	0.0
0	0.0
0	0.0
0	0.0
0	0.0
0	0.0
0	0.0
0	0.0
0	0.0
0	0.0
0	0.0
0	0.0
0	0.0
0	0.0
0	0.0
0	0.0
0	0.0
0	0.0
0	0.0
0	0.0
0	0.0
0	0.0
0	0.0
0	0.0
0	0.0
0	0.0
0	0.0
0	0.0
0	0.0
0	0.0
0	0.0
0	0.0
0	0.0
0	0.0
0	0.0
0	0.0
0	0.0
0	0.0
0	0.0
0	0.0
0	0.0
0	0.0
0	0.0
0	0.0
0	0.0
0	0.0
0	0.0
0	0.0
0	0.0
0	0.0
0	0.0
0	0.0
0	0.0
0	0.0
0	0.0
0	0.0
0	0.0
0	0.0
0	0.0
0	0.0
0	0.0
0	0.0
0	0.0
0	0.0
0	0.0
0	0.0
0	0.0
0	0.0
0	0.0
0	0.0
0	0.0
0	0.0
0	0.0
0	0.0
0	0.0
0	0.0
0	0.0
0	0.0
0	0.0
0	0.0
