1	0.29240728710954944
2	0.08372330085169571
5	0.29117828239854704
6	0.3075069342272944
8	0.015597387900172621
10	0.5034964527903258
12	0.018490439825681278
13	0.3208493861515876
14	0.5251734101138987
18	0.5172908530901986
20	0.04595284868362556
21	0.29026213576056203
22	0.30894440344380475
23	0.5324387470926446
24	0.2730475810370904
25	0.06168825154035978
26	0.33428933341370426
28	0.031600227769792655
29	0.2852977193818671
31	0.01028883711460056
33	0.2578971282084237
34	0.18840931905397337
35	0.2882664318261382
37	0.281190850532948
38	0.04710887028671351
39	0.08631678350247639
40	0.27788903139425686
42	0.019121215474710275
43	0.2664395413958923
44	0.3086362636450059
45	0.06399790554853088
48	0.009051182828019436
51	0.02417390588725908
53	0.030730294277125376
55	0.016932630578887012
56	0.03472895227054025
57	0.03674636433709553
58	0.27411480139104183
59	0.4859148219752171
60	0.5415343924452622
62	0.2626110904819213
63	0.17972050626093494
65	0.04201112683074866
66	0.031614621545767455
67	0.01583550520632284
70	0.2788020319339925
72	0.2714526119807779
73	0.3201247971320426
74	0.5185983124500994
76	0.05414282301477211
80	0.31299983498771755
82	0.7748482091209765
83	0.055641777166529606
84	0.02466998395962569
87	0.03399687452810336
88	0.07691760877158486
89	0.021250395783592585
90	0.28931638281534305
91	0.26836915107485454
92	0.27471841211543524
94	0.26134796069762717
95	0.03474777968733148
98	0.03640403889728025
100	0.5189677752059028
102	0.03997069025000931
103	0.06553665413568807
105	0.5707911823980669
106	0.3155871311644984
107	0.0597518588468212
109	0.24477443193011628
110	0.271040266858331
111	0.0860758967581009
112	0.25775922141403074
113	0.06807055023315957
114	0.3016702483056699
115	0.23862434865506163
116	0.020435124122832715
117	0.04306034894690119
120	0.017016018964213085
121	0.07685338024707043
123	0.2312777098774238
128	0.0386214866040536
129	0.5549323527575436
131	0.029689831677527208
132	0.5292981531563756
135	0.015099717985884345
136	0.5523284823524728
137	0.046412019537229676
138	0.5094229064580431
139	0.28715915314886115
140	0.2654684477680911
141	0.10040831613772931
142	0.0415342784921858
143	0.2519342948917588
145	0.532035289734994
148	0.058647047964874625
149	0.32626594365956796
151	0.0071611767114528255
152	0.02011413489257348
153	0.3962157353407694
154	0.012254576873596205
156	0.2675429057447143
159	0.2773586716348529
160	0.25339568462735756
164	0.2501122315109766
167	0.7349280452170821
168	0.2849387854265268
170	0.3023133667378311
171	0.03482077631240458
172	0.5385748443167455
173	0.5205154734465834
174	0.49535496678087937
176	0.023797026272912795
177	0.5232047603195958
178	0.02772388693594527
179	0.2616035005321022
182	0.047741907191217486
183	0.2907906327231673
184	0.05603026548282244
186	0.3166678672407329
188	0.5452177331701809
189	0.006885192879536484
192	0.05851684819768854
193	0.010281386098218381
194	0.2761912269472181
195	0.044590682989299225
197	0.09265322488099491
198	0.002561819156286678
204	0.07021640458674852
205	0.19899984564909073
206	0.34480101462483664
207	0.2800649894527158
208	0.06746056213638817
210	0.5403297483640755
213	0.024493478459790996
214	0.03689034855106151
215	0.013802791747116093
216	0.5320255328283984
217	0.29911498622320376
218	0.7798058736492969
219	0.02627974491823249
221	0.024891626587148205
222	0.4509117338306499
225	0.018341812945084107
226	0.07993380413917056
227	0.22857470291436205
229	0.0004042924770086345
230	0.015432076969329113
232	0.31174575667115845
234	0.3060539800674986
235	0.027186235850202606
236	0.22743180365390964
237	0.001360392781387991
238	0.03983606710751529
239	0.2903401984109115
240	0.5419934129529581
241	0.06522644422496046
243	0.08178456365102002
244	0.015295046566001586
248	0.2878719988642577
249	0.517422978180315
252	0.032063650407548876
253	0.021050225535201576
254	0.06674567293847797
255	0.21171832131774632
256	0.2859778218069168
257	0.021720457248132867
258	0.036414100038475374
259	0.4747238216770081
260	0.2617907512506567
261	0.014490538042282279
263	0.011328432722058912
264	0.02449522884040138
265	0.021855272167535078
266	0.018420278157219958
267	0.519005407416008
268	0.54307108294605
269	0.016651038890919727
270	0.014096375098640819
271	0.2958678623405292
272	0.5431284786538999
274	0.2628965155504596
276	0.29685621327231654
277	0.08334079402783323
283	0.03293377544788331
284	0.25805788797351725
285	0.5651351128679268
286	0.012386849096399533
287	0.04568220210504289
288	0.2617274140784969
289	0.13481129434685696
291	0.0231510945125126
292	0.2778477264486132
293	0.0581041201401492
296	0.26075531013780073
297	0.528982142906785
298	0.4995771520765466
299	0.5551332557641447
301	0.2581182132581811
302	0.06292595691508186
303	0.547062366354195
305	0.1919838467812009
308	0.2808180155987132
309	0.24515409073034655
312	0.2876353772496717
313	0.5384870011331234
315	0.012001512449806878
316	0.3183712073738809
317	0.026451725247787536
318	0.017327437270387824
319	0.25016657795708397
320	0.7586261246803537
321	0.25803568271260835
322	0.512117458192339
323	0.03727997691054719
325	0.05660340315884351
326	0.044661495422403004
328	0.041169631690194636
329	0.2933457994191367
331	0.3156376107796399
332	0.5272874160401733
333	0.0035166749485091506
334	0.4466975950389687
335	0.2872325209900731
336	0.015399398389630593
338	0.3264283596191793
339	0.2685126157156842
341	0.04818378076265735
342	0.0028247321026600852
343	0.2434162153194675
344	0.04627541755039733
345	0.28064533824686183
346	0.5138417829187605
347	0.5199566486134537
349	0.011575773568692417
350	0.27287970374031845
351	0.2733223232599028
352	0.2875199767003957
353	0.23247772320957977
354	0.5359751451280985
357	0.25117833376758675
360	0.5406703316996964
361	0.2574882684456094
362	0.5819422880897019
363	0.0761063909365947
364	0.5581506002847814
367	0.29780194582390374
368	0.0033576837190844033
370	0.26061676147074225
372	0.047682013424591226
374	0.23424612553974822
376	0.2663769324855712
378	0.28876309009634704
379	0.769195238816037
380	0.29047848168393264
382	0.2845778984267846
384	0.057477981684098185
385	0.538976368403237
386	0.47608710898185536
387	0.30923996025596967
388	0.06061123258389497
389	0.5411575815102723
390	0.03997912749283946
391	0.034749098009102114
392	0.022373202081553807
393	0.27035124790008613
394	0.07587678059144867
395	0.3144605385757425
397	0.7295262512482216
398	0.0022973766024931425
399	0.5209280125254794
401	0.26319480951719887
402	0.010749212531434946
403	0.28240265526604147
404	0.29435034328387555
406	0.27501493923397663
407	0.2766698901252485
408	0.06495026470757279
409	0.5218902570412726
411	0.2838032297527776
414	0.5491689508666246
416	0.27533956798558346
417	0.5205959564441383
419	0.2713392836347703
420	0.5377339179791958
421	0.5216443614470598
423	0.26128058122362363
424	0.2906481566731048
425	0.3361485628443052
426	0.5380808966943171
428	0.3136147825829347
429	0.7690286235162224
430	0.5197960512695424
431	0.26623086191893497
432	0.004212023810513735
433	0.28665595257116694
435	0.5048297326116817
436	0.27679468869009916
440	0.2516466231025168
442	0.5009467957370038
443	0.22579827055096383
444	0.2566217593734133
446	0.2504591027301128
447	0.47725069920871444
449	0.027056984804495365
450	0.25235499006041756
451	0.29667277993355573
452	0.19238305851451426
453	0.021864860977586754
455	0.027136654014245004
456	0.27151277123483336
457	0.2650958032159273
458	0.28048707066390993
460	0.5206797517299477
461	0.007393861836817783
462	0.020506961959260467
463	0.34794488472727875
464	0.0495711376919071
465	0.02930455030745696
466	0.5160473844868976
467	0.02494188280326424
469	0.76662095106162
472	0.03160476918943702
473	0.016985779676750253
474	0.526632065347966
475	0.24743037989950165
476	0.25725368018607125
479	0.28867126196044435
480	0.2310370015768869
481	0.286420112847341
482	0.22541920683573796
484	0.2646050813180133
485	0.3832920347482217
486	0.45617486198406226
487	0.24907079082780934
488	0.2817810216385742
490	0.5216652396932261
491	0.5161923713825727
492	0.27319949009060324
493	0.03459834258249389
495	0.036121714716770253
496	0.3265586507881907
497	0.2696537229085655
498	0.2883839401473977
499	0.310229827159769
500	0.5360692488095269
501	0.25209425188760315
502	0.27496284662135323
504	0.49256818612130393
505	0.5163416123959939
506	0.30719025378159015
507	0.03572620526437411
509	0.11001434617931909
510	0.24920716546538338
511	0.05211629405920301
512	0.2567001613834772
513	0.2738111300809695
514	0.03304172039152493
516	0.2562916188308673
519	0.04500117790462402
520	0.046945398008539495
521	0.0004576723311777442
522	0.27085264906837664
524	0.5271832009424355
525	0.008092605988103213
527	0.01559970075770814
528	0.27838652379618056
530	0.02421079613478174
531	0.538194522853506
532	0.29504342209130185
533	0.0154296604748674
534	0.2678303611590853
536	0.037544761731472615
537	0.27860076503211356
538	0.5144300215186425
540	0.015756407205895134
541	0.2575415964726872
542	0.47871123360042056
543	0.30013697004475565
544	0.33977150172654536
545	0.2638913138817852
546	0.019192326421366895
547	0.3082364384034736
548	0.5445636264062603
549	0.24072764308100925
550	0.05317100568152272
551	0.2596175150494453
552	0.03300235121981059
556	0.03313488160405329
557	0.047184293783354106
558	0.07274113008971841
559	0.29498265753495934
560	0.5329846329119039
561	0.7589377466163032
562	0.017422854575295063
565	0.2858829936759839
566	0.5248408313208643
567	0.5069583523099888
568	0.5037970623714505
569	0.2723773576527019
570	0.3564094948683002
571	0.046295978335459585
572	0.07068342202692929
573	0.7591952996785964
574	0.24262827925583452
575	0.30349203433783034
576	0.014577934206677731
577	0.022669045347770783
578	0.24200290226991028
579	0.28404171207991114
581	0.30947648789799576
582	0.05897714043312951
583	0.26092760308304147
585	0.06631824250929624
586	0.5087767231491971
587	0.2629912730317338
590	0.26263080540751704
591	0.512899176661183
592	0.010924125063248274
594	0.2680564702311773
595	0.20921883093065102
596	0.27031504138462714
598	0.05080196737691176
600	0.524617319897918
601	0.2059486304027594
602	0.069125035603042
603	0.03891726809132075
606	0.2915068817414541
607	0.5094126150491748
608	0.4797150283856878
610	0.24751538385809985
611	0.506845696205087
613	0.5210621304811835
615	0.29513114840117916
616	0.042316540453344986
617	0.6903921063039394
619	0.2930871870414637
621	0.5208006828980132
622	0.29714128215909746
623	0.2771573725950668
624	0.26864434871965936
625	0.24233741676172563
626	0.5329875956043604
627	0.7480989042432862
628	0.5230028999819651
630	0.04295146037606556
632	0.025996591756738352
633	0.01371639898273977
634	0.5197779010832984
635	0.29494828019736713
637	0.020658223442112572
638	0.24183954501707217
639	0.7680457998377439
640	0.01779188456612943
641	0.03023280703634882
642	0.025422817109568903
643	0.275308406736194
644	0.03207320672724753
645	0.5213587452327486
647	0.26037827682552905
648	0.5359272907291428
649	0.024642796968623856
650	0.297543016933939
651	0.5277184340934954
652	0.036861953539451216
653	0.25271066918357155
654	0.3227198223657524
657	0.04545433895507332
658	0.24809584615744468
659	0.27639782670720503
660	0.273241362463113
661	0.3008546366988153
662	0.05992266037152971
663	0.27756276004122926
664	0.2996045144308547
666	0.5298611563881961
667	0.5011277693758341
669	0.2562840097577176
670	0.5366251381720176
672	0.05557227158246495
673	0.26818861107444597
674	0.27156185747393496
676	0.05702134746426265
677	0.25421593443335766
678	0.21778626954663902
679	0.03918825792692287
682	0.49997936075311494
683	0.2463840681942918
686	0.2830213737181165
689	0.014069005507458494
690	0.025554139192812575
691	0.24199338637506732
693	0.07117352317975559
694	0.012098456950431657
695	0.04217677741955634
696	0.5421717789212286
697	0.30418125164775667
699	0.01590850254406896
703	0.012552111015859325
704	0.2729856192893598
705	0.26897732837988
707	0.5357352522810396
708	0.009602934630703802
709	0.2708603656237267
710	0.762578755356432
711	0.0837246834408851
712	0.25602960089836596
713	0.3111122948068508
714	0.25614961904221545
715	0.02107744974966854
716	0.2310400238977579
717	0.04970646985069172
718	0.07252200975319553
719	0.47922777571415387
720	0.7842186545136302
722	0.007523168221441313
723	0.006153742378656103
724	0.34480101462483664
725	0.29222301714968046
727	0.33596543425151687
728	0.4944797421924746
729	0.0402608512121302
732	0.036224155066346686
733	0.5303210968128473
734	0.01794691538713037
735	0.02044420379824235
737	0.2875036204123924
738	0.3066101988332172
739	0.02565604725783311
740	0.540434013322462
741	0.5318353709627239
742	0.030798941977375906
743	0.3133515536654615
744	0.34849245639424975
745	0.7970226346732763
746	0.04674899939929811
747	0.3044761016125474
748	0.2878941476290014
749	0.26991807178893357
752	0.324058573953264
754	0.016510315544762837
755	0.2507807191114436
756	0.26477092216020154
757	0.29565308733235685
758	0.4946917538837435
761	0.03937054609630117
762	0.2915312153635087
763	0.014042277718070463
764	0.025977449657016642
766	0.3117243097786711
772	0.29989920102415
773	0.06515525942213204
774	0.07118056542806828
776	0.3007002655364406
778	0.2826053395689357
780	0.24382403002242992
781	0.27509327918095927
782	0.010445358403114835
783	0.07611808012852878
784	0.0407688578128345
787	0.2711405489486734
788	0.30521820582271436
789	0.2505418038886979
790	0.07616810048142207
791	0.22649247952400606
792	0.04665857148970087
795	0.06101617560892685
796	0.29564929076595103
798	0.26398034961068845
800	0.26433356554316184
801	0.05145778395986297
802	0.5025523041694944
804	0.5122113488531346
805	0.29774345972455935
806	0.04380055432622419
807	0.26842093816268037
808	0.3141078339295033
809	0.4967266158982418
810	0.26194064944329526
811	0.025045155813846726
812	0.04269955429847619
813	0.27203966945244745
814	0.28091049496634735
815	0.29148874910474054
816	0.024591921246194325
818	0.2673985491400901
819	0.7766329358815477
820	0.37958552795153333
821	0.03888088866761478
822	0.31431949747530513
823	0.27981874905074816
824	0.2936477309566633
825	0.2764783395321476
826	0.06811181097616262
827	0.06382669347683864
828	0.5482716725047483
829	0.25621052425027663
830	0.5486824235886284
832	0.011708926366239415
833	0.2552198548018759
835	0.5109534145059897
836	0.07214627612149282
837	0.03215109492795265
839	0.006901749325689946
840	0.030043056982130778
841	0.5175329946129659
842	0.07921218425627438
843	0.05276581356401826
844	0.0269517996334186
846	0.7271654107139414
847	0.02761638637331161
848	0.06924222556775278
851	0.28497323046787787
852	0.031112679007708387
853	0.5425929724937469
854	0.023079429548851574
855	0.30727387675159223
856	0.0043115266018127
858	0.22989308777080844
859	0.03642210067650221
860	0.29122162703358456
862	0.041573010253508715
863	0.26046726759971667
864	0.4678061592278553
865	0.35985491609375536
867	0.296440862893412
868	0.30505874387959675
869	0.03426135311026163
870	0.26834382548229263
871	0.28853823258088945
872	0.039290718401973436
873	0.03765063205290828
874	0.5623514543478606
877	0.019621339478229527
878	0.7448860088379631
879	0.05294998310501453
880	0.5272827665003669
881	0.5548772931128049
882	0.532585222732862
883	0.5267355643801521
884	0.018408030326796748
886	0.06789553021119232
887	0.2935888710634476
888	0.05167289423699542
889	0.012425617152506202
890	0.5037169472699857
891	0.00990105270308922
892	0.7661349070414497
893	0.025368722932863685
896	0.04088332971260044
898	0.030303657579233936
899	0.03501470406820328
900	0.5336160697083162
901	0.2791219554772125
902	0.027367942528201343
903	0.019004600365580035
905	0.554660713282045
906	0.0020380112605465975
907	0.017384311507851122
908	0.032459415428331806
911	0.2827276134284425
913	0.7640924749713619
915	0.09039737560346686
916	0.24516148981652122
918	0.28841935058215046
919	0.04856477554899238
920	0.015578271566209625
921	0.006120497732903338
922	0.07213232944664907
923	0.2587898378462551
925	0.28669449307038564
926	0.28832426850301
927	0.5180289912294609
929	0.006060584307076927
930	0.2641293783858392
931	0.29335950910808417
932	0.3166763162643389
933	0.5330458360081589
934	0.5304015195138644
935	0.2717388011323526
936	0.011927678326958152
937	0.008924822710545094
938	0.030420921449089637
939	0.025217507013593855
940	0.283131861855131
941	0.04803110653844397
942	0.28660356813530086
943	0.2806766360179682
0	0.0
0	0.0
0	0.0
0	0.0
0	0.0
0	0.0
0	0.0
0	0.0
0	0.0
0	0.0
0	0.0
0	0.0
0	0.0
0	0.0
0	0.0
0	0.0
0	0.0
0	0.0
0	0.0
0	0.0
0	0.0
0	0.0
0	0.0
0	0.0
0	0.0
0	0.0
0	0.0
0	0.0
0	0.0
0	0.0
0	0.0
0	0.0
0	0.0
0	0.0
0	0.0
0	0.0
0	0.0
0	0.0
0	0.0
0	0.0
0	0.0
0	0.0
0	0.0
0	0.0
0	0.0
0	0.0
0	0.0
0	0.0
0	0.0
0	0.0
0	0.0
0	0.0
0	0.0
0	0.0
0	0.0
0	0.0
0	0.0
0	0.0
0	0.0
0	0.0
0	0.0
0	0.0
0	0.0
0	0.0
0	0.0
0	0.0
0	0.0
0	0.0
0	0.0
0	0.0
0	0.0
0	0.0
0	0.0
0	0.0
0	0.0
0	0.0
0	0.0
0	0.0
0	0.0
0	0.0
0	0.0
0	0.0
0	0.0
0	0.0
0	0.0
0	0.0
0	0.0
0	0.0
0	0.0
0	0.0
0	0.0
0	0.0
0	0.0
0	0.0
0	0.0
0	0.0
0	0.0
0	0.0
0	0.0
0	0.0
0	0.0
0	0.0
0	0.0
0	0.0
0	0.0
0	0.0
0	0.0
0	0.0
0	0.0
0	0.0
0	0.0
0	0.0
0	0.0
0	0.0
0	0.0
0	0.0
0	0.0
0	0.0
0	0.0
0	0.0
0	0.0
0	0.0
0	0.0
0	0.0
0	0.0
0	0.0
0	0.0
0	0.0
0	0.0
0	0.0
0	0.0
0	0.0
0	0.0
0	0.0
0	0.0
0	0.0
0	0.0
0	0.0
0	0.0
0	0.0
0	0.0
0	0.0
0	0.0
0	0.0
0	0.0
0	0.0
0	0.0
0	0.0
0	0.0
0	0.0
0	0.0
0	0.0
0	0.0
0	0.0
0	0.0
0	0.0
0	0.0
0	0.0
0	0.0
0	0.0
0	0.0
0	0.0
0	0.0
0	0.0
0	0.0
0	0.0
0	0.0
0	0.0
0	0.0
0	0.0
0	0.0
0	0.0
0	0.0
0	0.0
0	0.0
0	0.0
0	0.0
0	0.0
0	0.0
0	0.0
0	0.0
0	0.0
0	0.0
0	0.0
0	0.0
0	0.0
0	0.0
0	0.0
0	0.0
0	0.0
0	0.0
0	0.0
0	0.0
0	0.0
0	0.0
0	0.0
0	0.0
0	0.0
0	0.0
0	0.0
0	0.0
0	0.0
0	0.0
0	0.0
0	0.0
0	0.0
0	0.0
0	0.0
0	0.0
0	0.0
0	0.0
0	0.0
0	0.0
0	0.0
0	0.0
0	0.0
0	0.0
0	0.0
0	0.0
0	0.0
0	0.0
0	0.0
0	0.0
0	0.0
0	0.0
0	0.0
0	0.0
0	0.0
0	0.0
0	0.0
0	0.0
0	0.0
0	0.0
0	0.0
0	0.0
0	0.0
0	0.0
0	0.0
0	0.0
0	0.0
0	0.0
0	0.0
0	0.0
0	0.0
0	0.0
0	0.0
0	0.0
0	0.0
0	0.0
0	0.0
0	0.0
0	0.0
0	0.0
0	0.0
