1	0.024164761961984187
2	0.22048931527013954
3	0.3326917862261112
4	0.2938478361688952
5	0.07960637820604352
7	0.025655277638251168
8	0.02301267344633659
13	0.21331026492262106
14	0.24772175369150712
15	0.05555393111810343
17	0.20431944869281254
18	0.05492892507937637
20	0.012048787566536986
21	0.057030591703513545
22	0.2461951472416287
23	0.48001666239206653
24	0.05959581403822768
25	0.23824235648722253
26	0.21086074048169243
28	0.24280158455734363
29	0.26904595602677733
31	0.06328580798662513
32	0.037585218700449195
33	0.02191799912306372
34	0.4508783812620493
35	0.018411184095315527
37	0.03604094396710639
39	0.0038171867493197384
42	0.031925456676954546
43	0.05042843444171267
46	0.2911522585322613
47	0.05949057605112537
49	0.2995674486754085
50	0.14803491458556317
53	0.2984619274178297
54	0.2580346368142554
55	0.23763416122343362
56	0.015178572369653382
58	0.26281114243598586
61	0.1764019660100566
62	0.061793845808092135
63	0.3447846934794038
64	0.041603512986487616
66	0.2698230368561175
67	0.4886469502555568
68	0.2557606092628015
69	0.03287888102531966
70	0.23104726092154457
71	0.24386901968844416
72	0.5131630176478231
73	0.24544017152573536
74	0.4925280873783714
75	0.3255218369733549
76	0.011376801937628495
77	0.2590650124949294
79	0.5125101367831228
80	0.5054959542699075
82	0.030084997176936225
84	0.20857437716921381
85	0.26650139324666494
87	0.016578860972071844
88	0.28437775541896304
89	0.04740738298560098
92	0.519278358518506
93	0.33341573568647254
94	0.298340752374027
95	0.005470868103954973
98	0.06394764750615764
99	0.008358418618561042
100	0.25384980837520893
102	0.00032759063155313184
103	0.33761436917005044
105	0.23085565332281383
107	0.06760502654528955
108	0.2786114374951509
112	0.5186616687075835
113	0.01868476775604396
115	0.22235332858486406
116	0.46684478414137154
117	0.27690710591695983
118	0.020712934724786955
119	0.2546226133130825
120	0.03545433361083468
121	0.006962364481013086
122	0.005436502123516866
123	0.03753681648553241
124	0.24610542002688895
128	0.22949167977572021
130	0.2658449658984121
131	0.019237837317022097
132	0.2692272616972889
133	0.001840875835445694
134	0.2149077809161057
135	0.28238097958754504
136	0.03789188678588505
139	0.26987170543786476
140	0.05076644030554514
141	0.21410020676729574
142	0.279630283276688
143	0.008231337308954562
144	0.2677447440206519
145	0.010347142120957817
146	0.2191037599863348
149	0.2820597648408308
150	0.015381309775577154
153	0.4269249402741141
154	0.024639438976588497
155	0.1995993851701848
156	0.04411418143023876
157	0.0022701229646316136
158	0.24914341794126216
159	0.01712666682329936
160	0.2668438865200305
161	0.4756305911624784
162	0.5100881563999656
163	0.22039522142876686
164	0.25132043707337115
165	0.028943903255382212
166	0.24796520884266868
167	0.23517014269836406
169	0.26049000330743227
171	0.28184764536910595
172	0.20427146693669673
173	0.4817012175928601
174	0.3071969983309469
176	0.506443690576946
177	0.030146482067636926
178	0.02235035631301384
179	0.26857507326388874
180	0.01765230432527133
182	0.24162731367302448
183	0.4130823890813843
184	0.26265972760220596
186	0.18004962942090427
187	0.01981143957763455
190	0.003907950192465686
191	0.04122416007188559
192	0.5508118257517476
193	0.2730768894746175
194	0.23255699224693274
195	0.2572872871469992
196	0.2720017262470889
198	0.32000957027164645
199	0.46459149316640835
200	0.007785997033988273
201	0.014250863281819875
202	0.034759611238264224
204	0.26990468018862673
208	0.29403873580533596
209	0.32705066071363476
210	0.2525754260336267
212	0.04261224646976068
213	0.4944856883713872
214	0.291117869627058
215	0.2528496511504217
216	0.2633926919781405
217	0.32151116870362734
219	8.32726393405342e-05
220	0.176862983543624
222	0.323245545914213
223	0.036012869552438195
225	0.2613844595384211
226	0.019440213272119457
227	0.4937022709273963
229	0.22564588630799542
232	0.010874809887590486
233	0.25535604977030935
234	0.0036111785643726975
235	0.520227492267652
237	0.3034931877710104
239	0.2678049606029353
240	0.03787523267822847
241	0.24898403235518896
242	0.4869469824437811
244	0.5313805890269097
245	0.04015852056614592
246	0.19125857474644853
247	0.273167070815079
249	0.2625777220513893
250	0.04412747972237244
251	0.002108834294772464
252	0.242697245733829
253	0.0076102589578499955
255	0.18143908018140328
256	0.021754646641340886
257	0.008955572699943848
258	0.17286183667673347
259	0.014107958004652643
260	0.03176162530557505
261	0.2606397564426959
262	0.5193167904544908
263	0.2586890635855552
265	0.26172550783423565
266	0.5472023359001306
267	0.023541960713839995
269	0.331184681353052
270	0.03783423251736552
271	0.25910101069964836
272	0.03229179200904147
273	0.06290636572854852
274	0.020461462267817174
276	0.4863413128779256
277	0.5299437130113394
278	0.2378724618910584
279	0.0022244700571483964
280	0.2444364544884579
281	0.00889921621969358
282	0.007481996581130017
283	0.011677343315882827
284	0.03492057184882023
285	0.007169790008123476
286	0.3069793838256833
287	0.2949509392718334
288	0.5179704870682516
289	0.11630829306675192
290	0.264183153622531
291	0.519037687276832
292	0.5171208982409805
294	0.2180451219795733
296	0.29683829381182236
297	0.2663441656178789
300	0.04234635133909544
301	0.02724824264586219
303	0.2402842821777726
304	0.22922823856679764
305	0.3721362894717873
308	0.29303181189687166
309	0.027004508083726536
310	0.05411789535352195
311	0.07124649149105496
312	0.021413625436641534
315	0.27534785007959756
317	0.04438551512800993
318	0.4883773442994774
319	0.5124396031424459
320	0.2506745541954922
321	0.027120127731862495
323	0.04208009055270051
324	0.029938623359233515
325	0.24997839037853897
327	0.24643720918639447
328	0.2731408191517784
329	0.03203424700995827
330	0.03740102650766905
333	0.02381332403291931
334	0.035979219429567846
335	0.07103127124575832
338	0.22882615753068902
339	0.529242955503257
340	0.037459425439219055
341	0.26613337574493723
342	0.3327472162821512
343	0.2715133332521445
344	0.5057015916084033
345	0.015348461313576325
346	0.24305259274567878
347	0.26841249877969164
349	0.54380346642483
350	0.027114414628539772
351	0.2711645038781184
352	0.014770502751700575
353	0.5485059386029171
354	0.26210799009783164
355	0.22146082131711714
356	0.20486428036821708
357	0.5074163733097538
358	0.04492393977218654
359	0.24822711743598408
360	0.24087891646814957
361	0.018420509643685547
362	0.05190557048236909
364	0.4838086604748056
365	0.23068640597996665
366	0.2840845059271611
367	0.0261733814831129
369	0.02920279273437349
372	0.2315018128418444
373	0.32007061528880787
374	0.5043542241050799
375	0.03935414689206697
376	0.2543184303014191
377	0.06379296971879782
378	0.021406770338275892
379	0.03605304595008364
380	0.3154962579706872
381	0.021425281724955128
382	0.034404183161675046
385	0.22674312160208615
386	0.05754688702230373
388	0.006232446711640971
389	0.04019699591700433
391	0.03552695286017507
392	0.24267747694617206
394	0.2191576342672701
401	0.19667962730092903
402	0.04525535040018045
404	0.007122223416157293
406	0.2862670388752521
407	0.03407660610399703
410	0.21863297173164004
411	0.03472309219342681
412	0.035516150241360435
413	0.01327508643343855
414	0.05907736869320031
415	0.2751430471256506
416	0.0436195785769688
417	0.023764018051870922
419	0.5214108157722778
420	0.03342048520237176
421	0.014738996285187472
423	0.034523987301960685
424	0.2608355774428885
426	0.22231919675055364
427	0.050954918447914326
428	0.012531324195544286
429	0.004065178416998758
430	0.22721110253925136
431	0.007523445051872992
432	0.2733250345478224
433	0.21071080305985795
435	0.02771560999412278
436	0.0442006605518667
437	0.0035128476197786376
438	0.28414434999253735
439	0.047454160062851136
440	0.04431827164800336
441	0.034433715772750464
442	0.020042680383885188
443	0.27306250979396224
444	0.252552014464376
445	0.01945334296270766
447	0.0807652617343873
449	0.2420271394782038
450	0.5204127827113649
451	0.022512830305130106
452	0.03195325170551625
453	0.49421942141690434
456	0.26734437927196053
457	0.2826234394384505
458	0.29794949956218125
460	0.03286370828753765
461	0.08451729940603292
462	0.2002060679673694
463	0.2171925822489389
464	0.031333870507901575
465	0.2736067545739451
466	0.24775179661048632
467	0.06762558991248432
468	0.03351383228279411
469	0.03453737390588739
472	0.05099808714418577
473	0.4898121291708689
474	0.02874909027421424
475	0.027185072748211962
477	0.2187668464310697
478	0.23222069814113647
479	0.25071681949664276
480	0.046611623949235
482	0.24697115051995883
484	0.02020662011668611
485	0.03995865669530122
486	0.33560831605294916
487	0.5180493498611257
489	0.06315365084925363
490	0.01896274918541484
491	0.26434481861972925
493	0.004688848163410128
495	0.014377414409397049
496	0.23617812355359666
497	0.7402418562667129
499	0.21919471910226787
500	0.03730974230410589
504	0.26980701586831307
508	0.016608382388852004
510	0.503592804310678
511	0.018741895688825994
513	0.0027165817544762827
514	0.03155137622311981
516	0.5301935943118476
518	0.2876747913293905
520	0.20172660528154443
521	0.30965695653368713
522	0.03901538672184373
523	0.03392571743032325
525	0.2506506725253269
526	0.31306221880747964
527	0.06468418545577215
530	0.23540261551745514
531	0.24242924966219032
532	0.013640081530550997
534	0.29404797427460966
536	0.014503811738290504
537	0.5035148212251788
540	0.032367938959026024
541	0.01894478916783051
542	0.07598745261179454
543	0.2397625023988841
544	0.20630843380698613
547	0.000769825826824666
549	0.29935023686718276
551	0.28514900395223974
552	0.279971838490402
553	0.024891626587148205
555	0.2800508914569728
556	0.29726881615153383
557	0.011816329057538533
558	0.738782512005566
559	0.007207464042813645
560	0.27687788142637093
561	0.03554244206927116
563	0.01386555189391938
565	0.0004773428329951923
566	0.4798138993169951
567	0.04827757552383993
568	0.015958507993638137
569	0.047550538994092575
570	0.26044036512872093
571	0.014698089214842565
572	0.21321298909878172
573	0.03474949711831714
574	0.022187232240389668
577	0.2774027688467007
578	0.24405360043160274
579	0.22853441100951538
581	0.7424843997409077
582	0.33806487858041423
584	0.03557263594108298
585	0.2231548136721192
586	0.5132785276740838
587	0.24295536132620313
588	0.28078354026874125
590	0.48824550458221067
591	0.495319428417618
592	0.2847590396963035
594	0.2842850976900057
595	0.2988068729271922
598	0.5373916644434789
599	0.24659751044871536
601	0.3164082489420339
602	0.2925015412759362
603	0.5073980488052473
605	0.2666880447823338
606	0.033793703415379114
607	0.2956114342958678
608	0.006977770229800798
609	0.3234114818807021
610	0.2581858085244736
611	0.2696186179896539
612	0.4903272398140396
614	0.0961331678505337
616	0.0014129634842943856
617	0.027188786861479457
622	0.26036570364146944
624	0.2647716420271861
626	0.23692127326349083
628	0.02942338523324578
630	0.2889656793355509
631	0.47718202968783785
635	0.2879477378195849
636	0.05440766790319082
637	0.2663902397825361
639	0.0070512498100251605
640	0.033478979888672385
643	0.03134011703526117
645	0.23746698108360925
646	0.2959461549638971
647	0.040556960021488855
649	0.05409126981631269
652	0.29608137302856014
653	0.058147484061492505
655	0.016529779946764807
657	0.005074115521483194
658	0.29188056508378823
660	0.012046866074018933
661	0.0772755563251327
662	0.5313267904102197
663	0.2813400368118807
664	0.06074364771630561
665	0.023633635321438064
666	0.26571965077858845
667	0.2644432860981062
668	0.009864598865200594
670	0.03039023886991673
672	0.0784801370499249
673	0.01551491218701066
674	0.5455788963835743
675	0.04892556289786923
676	0.27482067099012775
677	0.2899260188859274
678	0.31150892670013997
679	0.010412355598041503
681	0.04060310441372009
682	0.046718742835377004
683	0.041630209563309054
684	0.2752402869275935
686	0.04356210144817276
687	0.025938745198006062
691	0.7533388483412169
693	0.47027720254250394
695	0.019206884901265528
696	0.011198471526900539
697	0.0011147571107961649
699	0.051997543342598034
700	0.0199510228564541
701	0.24932980616078335
702	0.0638262875611332
704	0.28059129792060744
705	0.5022125265548365
706	0.04619964129426182
709	0.2678672999197156
710	0.26653301618006664
711	0.23208690382166644
712	0.26011358678137286
713	0.01715407772346028
715	0.47163089668478564
716	0.536252468815057
717	0.26271612799262395
718	0.20767722497532337
720	0.23274277230793902
721	0.05967871588768536
725	0.2913148887361618
726	0.016268203088404327
727	0.20130391474464893
728	0.31723291389129027
729	0.1869438556714782
730	0.031288207937098696
731	0.00983902276696496
733	0.2500026741537991
735	0.036250495091227075
736	0.2985541249539617
737	0.2992082566402805
738	0.22710944663604646
740	0.22579423791357356
741	0.010596123879029494
742	0.5264006721260888
743	0.48706916363242836
744	0.001442831774756452
745	0.23038974725529504
746	0.02345541023382329
747	0.020503214186968856
748	0.2750023654778001
749	0.010585743575502717
754	0.28293151173430114
755	0.2535683589396817
756	0.2647973840348715
757	0.017430490786963616
760	0.22298929464390804
763	0.5557836394218232
765	0.27093460764671995
767	0.2477102803182094
768	0.33213219530011906
769	0.24264923346544423
770	0.516247179800223
773	0.2651126365920916
774	0.20049482320934336
776	0.03895374903119807
777	0.004848640275481937
778	0.08146827183551529
782	0.02062516323283564
787	0.045280102430914904
789	0.24763540500779838
791	0.010818681323462448
792	0.27418982888899335
793	0.07886325273097652
794	0.541693998968957
795	0.2625746999408195
798	0.02046858463524662
800	0.27802435109628765
801	0.25473208388685886
803	0.2756466868039141
805	0.2735902986029286
806	0.036479275545991154
807	0.5145420881663257
808	0.25595923553847755
809	0.02930687308853686
810	0.04408612265822663
812	0.0008644081116099545
813	0.2686589751234926
814	0.530082300008486
815	0.0011263087156883553
816	0.5182217151309764
817	0.30251169228707586
819	0.038076440983782156
820	0.2531788341846655
821	0.030681217270075924
822	0.5034377941276656
823	0.028089446033383918
824	0.2109215420891441
828	0.030871115638928023
829	0.047550538994092575
831	0.03013646422488749
832	0.27155637830837454
833	0.2703147115764885
835	0.012970181804089258
836	0.04038205871935673
838	0.013248163790382628
839	0.3073869886688094
841	0.28129445078333587
844	0.07036472222873903
846	0.2682832107194597
847	0.234112219845611
850	0.019590906712698176
851	0.28457831891290575
852	0.28274235382603075
853	0.010444342740062222
854	0.028173499550683656
855	0.1982625066015541
856	0.23019086136188177
857	0.027776690561434766
858	0.028086836116122796
859	0.5393454472606459
860	0.24815104197712481
861	0.2237435212067011
862	0.25384965558678774
864	0.07025533130132075
865	0.36604066007768327
866	0.10783257543624769
867	0.02836829419702417
868	0.27693845523038063
869	0.03713066312038247
870	0.033120973951386926
873	0.23184320388856397
874	0.0008544773014157146
876	0.2711416381093882
877	0.022968557358476804
878	0.24290030865015
879	0.3122897486013236
880	0.026406824199042455
883	0.032842419928185075
885	0.008429767317291656
886	0.04309976468960677
887	0.2555093028121649
888	0.0018356793402194878
889	0.302528326744796
891	0.26338940851299486
892	0.2325776268907229
893	0.2655885110519364
894	0.2712503666570748
896	0.25777820761579134
898	0.018822046551339847
899	0.025761540147373897
901	0.23132307053409465
903	0.02432651659750289
904	0.005072092304255621
905	0.21630246513134896
906	0.26717129650673827
907	0.27641247955913206
908	0.031883563223680605
909	0.008026834157404891
910	0.4830759966243414
913	0.24057923888049496
914	0.3040095093807172
915	0.0057719352363813994
916	0.5222123994175949
917	0.31976678913424966
918	0.26777543328044784
919	0.2904537325828861
920	0.25595104116913997
923	0.2735290915507339
924	0.01170911295484272
925	0.2741344057905967
926	0.02335684213887789
927	0.038875641601579344
928	0.5378924036327806
929	0.03069506289947528
930	0.2713832975896954
931	0.26531298615532206
932	0.2374289130404391
933	0.27222766273766535
934	0.018885696803110114
935	0.24226374061770561
936	0.5168697045297708
937	0.29555864932961456
938	0.03130063953655262
939	0.26973071811075966
940	0.28292968299623095
941	0.24253944563377622
942	0.013980921936249911
943	0.2940319936103444
0	0.0
0	0.0
0	0.0
0	0.0
0	0.0
0	0.0
0	0.0
0	0.0
0	0.0
0	0.0
0	0.0
0	0.0
0	0.0
0	0.0
0	0.0
0	0.0
0	0.0
0	0.0
0	0.0
0	0.0
0	0.0
0	0.0
0	0.0
0	0.0
0	0.0
0	0.0
0	0.0
0	0.0
0	0.0
0	0.0
0	0.0
0	0.0
0	0.0
0	0.0
0	0.0
0	0.0
0	0.0
0	0.0
0	0.0
0	0.0
0	0.0
0	0.0
0	0.0
0	0.0
0	0.0
0	0.0
0	0.0
0	0.0
0	0.0
0	0.0
0	0.0
0	0.0
0	0.0
0	0.0
0	0.0
0	0.0
0	0.0
0	0.0
0	0.0
0	0.0
0	0.0
0	0.0
0	0.0
0	0.0
0	0.0
0	0.0
0	0.0
0	0.0
0	0.0
0	0.0
0	0.0
0	0.0
0	0.0
0	0.0
0	0.0
0	0.0
0	0.0
0	0.0
0	0.0
0	0.0
0	0.0
0	0.0
0	0.0
0	0.0
0	0.0
0	0.0
0	0.0
0	0.0
0	0.0
0	0.0
0	0.0
0	0.0
0	0.0
0	0.0
0	0.0
0	0.0
0	0.0
0	0.0
0	0.0
0	0.0
0	0.0
0	0.0
0	0.0
0	0.0
0	0.0
0	0.0
0	0.0
0	0.0
0	0.0
0	0.0
0	0.0
0	0.0
0	0.0
0	0.0
0	0.0
0	0.0
0	0.0
0	0.0
0	0.0
0	0.0
0	0.0
0	0.0
0	0.0
0	0.0
0	0.0
0	0.0
0	0.0
0	0.0
0	0.0
0	0.0
0	0.0
0	0.0
0	0.0
0	0.0
0	0.0
0	0.0
0	0.0
0	0.0
0	0.0
0	0.0
0	0.0
0	0.0
0	0.0
0	0.0
0	0.0
0	0.0
0	0.0
0	0.0
0	0.0
0	0.0
0	0.0
0	0.0
0	0.0
0	0.0
0	0.0
0	0.0
0	0.0
0	0.0
0	0.0
0	0.0
0	0.0
0	0.0
0	0.0
0	0.0
0	0.0
0	0.0
0	0.0
0	0.0
0	0.0
0	0.0
0	0.0
0	0.0
0	0.0
0	0.0
0	0.0
0	0.0
0	0.0
0	0.0
0	0.0
0	0.0
0	0.0
0	0.0
0	0.0
0	0.0
0	0.0
0	0.0
0	0.0
0	0.0
0	0.0
0	0.0
0	0.0
0	0.0
0	0.0
0	0.0
0	0.0
0	0.0
0	0.0
0	0.0
0	0.0
0	0.0
0	0.0
0	0.0
0	0.0
0	0.0
0	0.0
0	0.0
0	0.0
0	0.0
0	0.0
0	0.0
0	0.0
0	0.0
0	0.0
0	0.0
0	0.0
0	0.0
0	0.0
0	0.0
0	0.0
0	0.0
0	0.0
0	0.0
0	0.0
0	0.0
0	0.0
0	0.0
0	0.0
0	0.0
0	0.0
0	0.0
0	0.0
0	0.0
0	0.0
0	0.0
0	0.0
0	0.0
0	0.0
0	0.0
0	0.0
0	0.0
0	0.0
0	0.0
0	0.0
0	0.0
0	0.0
0	0.0
0	0.0
0	0.0
0	0.0
0	0.0
0	0.0
0	0.0
0	0.0
0	0.0
0	0.0
0	0.0
0	0.0
0	0.0
0	0.0
0	0.0
0	0.0
0	0.0
0	0.0
