1	0.023274636146894276
3	0.1406836613639249
4	0.2108825398735167
5	0.516331813154028
6	0.05818920032980045
7	0.5441135206575345
8	0.5160268038412773
9	0.008763142280252254
10	0.30017001152905043
12	0.052916111220480955
14	0.09087244092481783
15	0.24907295712395097
17	0.27306029300046236
18	0.2946852117929309
19	0.2698089123474117
20	0.4664363951793247
22	0.2822565806711483
23	0.020512115646000608
24	0.08149436365218249
25	0.26274372097174165
26	0.02362678029373244
27	0.22793078851507098
28	0.3325600983763263
30	0.49792303174680885
31	0.02231695245833238
32	0.5330586038241092
33	0.24358365216235414
34	0.17107264985455564
35	0.09528524455406959
36	0.23805013662196967
37	0.29118574945609654
39	0.002291701908224298
40	0.20840261219472264
41	0.34307250378930126
42	0.10185021328249497
43	0.037175325663979256
44	0.511235964544392
45	0.33306473610789367
46	0.23007100705263298
47	0.4816350559932986
48	0.06222925688090535
51	0.3498828815492639
52	0.553709002308213
54	0.35147063074017193
55	0.28636586660445124
56	0.3626999855992405
57	0.5836379367440827
59	0.33169443207241966
60	0.5548188202257218
62	0.3238680965572106
63	0.2057220987300552
64	0.24346471902788794
65	0.20182180454593376
66	0.018796111008856465
68	0.522554875157885
69	0.019838549080460864
70	0.3159845120899522
71	0.31641442940573467
73	0.34102491547518116
74	0.00889237904900518
75	0.21239856524555598
76	0.33141027135909595
78	0.003257502827860935
79	0.08480772231656022
80	0.14917947801581666
81	0.5760607453854246
82	0.046360619136545114
83	0.2503624709625892
84	0.5327601232750516
86	0.4112861366988352
87	0.33177448151551325
88	0.10056497845432363
89	0.10319927302334925
91	0.320381335308848
92	0.0785641939109836
95	0.0831403401153514
96	0.22608556542112668
97	0.02532349352930735
98	0.19053984529471674
99	0.27564509543317434
100	0.33295679591329874
101	0.3208560405160025
102	0.49246810910177724
103	0.2700842005917634
104	0.4001031261571659
106	0.5255116744222877
107	0.20295007473577567
108	0.046365408380797335
109	0.5246433447081128
110	0.33562760538300485
113	0.0006524481405160015
114	0.1280126552941186
117	0.2806900923992753
118	0.10657357362001652
119	0.31208345430326456
120	0.13277324619425204
121	0.318658769496693
122	0.18923871155788902
124	0.042998386463678484
125	0.29347145862249635
126	0.05200211031331263
127	0.022169865071749797
128	0.28424366957221997
129	0.11367473038671314
131	0.27220783354970457
132	0.006927480304448057
133	0.26900889026439945
134	0.061130077110173264
136	0.30443790806174215
137	0.02012073600898409
138	0.3111857132637025
139	0.1088828244144924
140	0.2096780750034123
141	0.21451381122618535
142	0.531333111287898
147	0.2862143015370977
148	0.000560887284696495
149	0.04809615777043591
151	0.4814504503128215
152	0.11710003467135478
153	0.06823746005491957
155	0.10321557948255919
156	0.05775299864505516
157	0.5234070714667989
158	0.2921227682969926
159	0.5037385878933367
163	0.1277171213559689
164	0.18269289542636002
165	0.4820298637258163
168	0.10091571814791592
169	0.2222835852113402
170	0.5087195490647328
171	0.23422017252675056
172	0.1962579670034216
173	0.00852641241578058
174	0.28606003546207964
175	0.5006645172544183
177	0.040698254462763137
178	0.2554570115968963
180	0.4838780772763999
182	0.09333619228780235
186	0.005617944350485293
188	0.4917817039612423
189	0.0719375955096137
190	0.28567123062928956
191	0.21640553795324002
193	0.10551775110625439
194	0.3263804424038584
195	0.21553272209911378
196	0.0022350609965442435
197	0.28911337432838646
198	0.25749948577097215
199	0.07086205747752894
200	0.2293681764765465
204	0.14500158019038697
206	0.31017998408893305
207	0.25681540824634885
211	0.5134323625935955
212	0.10916149056698408
215	0.27583900123301947
216	0.08066514436948846
218	0.12325416762647223
219	0.2944623331929826
222	0.07120722770071561
224	0.2302506282226248
227	0.24280131995631055
228	0.385355436375787
229	0.06287543300487075
230	0.26833136674475244
231	0.7972599045585085
233	0.2923306770063573
234	0.5095804246972053
235	0.09677457911491882
236	0.0574966369194581
238	0.5717520704160362
239	0.23451553636442243
240	0.29318375569493776
241	0.16784324582751026
243	0.32265125535037437
245	0.23361149184943963
246	0.34842760214423196
247	0.3150125882794409
248	0.008258876925692028
249	0.0470996293189028
250	0.19454437074633196
251	0.041833228286056956
252	0.2946645230140453
253	0.3102720365006895
254	0.5872647846651032
257	0.5075732745652516
258	0.13422463389276176
259	0.2419715780486002
260	0.3374225353717098
261	0.05741524236859216
262	0.006221423234235843
264	0.4824288359775586
267	0.24276910271709903
268	0.5318148202075373
270	0.2769131614521052
271	0.2815522593547662
274	0.14429260088539542
275	0.3253172377506587
276	0.06140021151545454
278	0.039761467097210915
279	0.008384044039694758
280	0.012629781665515889
281	0.3130791432477593
282	0.1774376693415692
286	0.20202292422026627
287	0.1836383070181598
289	0.4409339718445352
290	0.003994441852255056
291	0.19613669585289434
292	0.29484481155272074
293	0.02526370362844612
294	0.3129553629119734
296	0.261918916715517
298	0.2667908985612639
299	0.5384352370637455
301	0.3320431277254389
306	0.2930699978359406
307	0.22720396660546002
309	0.2436275373532966
310	0.25059788002211236
311	0.00435577154326865
313	0.315838692433313
314	0.5272611066683024
315	0.040553972061531864
316	0.3550701235859789
322	0.2704119954696447
323	0.32792437054812734
325	0.28802405772028783
326	0.31880545130393
328	0.08560278163087665
329	0.4724706706271625
330	0.031362458115130484
331	0.20928631921506513
332	0.03944418382657613
333	0.4247479278005433
334	0.007998067748262411
336	0.5793548027880981
337	0.5043554592180503
338	0.24730077704953105
343	0.0355585139520498
345	0.7776567198933478
346	0.30185788020843807
347	0.26470398798289213
348	0.34702272996398187
349	0.06292464275232953
351	0.23373905299560094
352	0.5833093029377783
353	0.06307312773045842
355	0.005446894373807243
356	0.07190695324115881
357	0.08904506544963363
358	0.22978500912739944
359	0.32672730990493604
360	0.03867401209940601
361	0.49543779836344043
362	0.2527082575979845
363	0.29413981128025923
367	0.3058432181219462
368	0.028366034031981267
369	0.5558361417952797
370	0.011018511656201158
371	0.28587366062652164
373	0.03873931031911478
374	0.030585871814463872
376	0.5383889416582147
378	0.27473346955453
379	0.2855298814815847
381	0.024271955505127465
383	0.26951877636078686
384	0.19923976163091223
386	0.29031056107775416
387	0.3046780734668336
389	0.3124294916865841
390	0.2565660105667064
392	0.015689666100653962
393	0.4980728942916528
394	0.2867830873196367
395	0.31003133075838
396	0.4992641590241058
397	0.05184119129508055
398	0.2806554774318782
399	0.29147866853243337
400	0.2594253752322021
402	0.02290219790906238
403	0.30301348982064896
405	0.31017998408893316
408	0.2515157183473114
409	0.5263039706346255
410	0.10850832698548182
411	0.32369932518731775
412	0.2603838810178614
413	0.7514796451922472
414	0.23435665677244996
415	0.20487845047087688
416	0.22348361683675194
417	0.3083172061894028
418	0.31729979060850916
419	0.24335033962338298
420	0.2851645294964421
421	0.13015818251983402
423	0.2687766796733222
424	0.24151962436209906
425	0.014599187103698768
426	0.2867885529078996
429	0.2979427742687157
430	0.015330556398780778
431	0.30291324542533055
432	0.2736317547094481
435	0.3339522664047508
438	0.051091113537376956
439	0.18944684436350295
440	0.7422329821784626
441	0.12249812733475254
442	0.2757453433151134
443	0.2912366068106515
446	0.3043484227415604
447	0.06902567596443691
448	0.22167655640965706
449	0.37865510046384887
450	0.2944600796047088
451	0.07330897624934603
452	0.26893067446706426
453	0.07402946687047718
454	0.0887516841834991
455	0.07147429549101644
456	0.28515005809908933
457	0.05842454619120882
459	0.5273149840482533
460	0.501391381580216
461	0.28555937807890286
462	0.24458348170312671
463	0.2154961521389859
465	0.4861537680013577
466	0.3571080917367127
468	0.5357932367217699
469	0.26692474248225717
470	0.29416871636489966
471	0.22240898218783287
472	0.10512912869459191
474	0.5042912021561167
476	0.31235370431578885
477	0.01932691537353383
478	0.027181882468169168
479	0.043901971385239165
481	0.5168394280895939
482	0.056374269293799614
483	0.5413524403408344
484	0.5676584002728028
486	0.04285732545355711
487	0.06408148783657727
488	0.5305417514777471
490	0.32825121526479784
492	0.5178557183816919
493	0.06666804141518676
494	0.01690530853517792
495	0.2619617638381387
496	0.08476755749659418
497	0.07362757627843905
499	0.011028605851160105
501	0.033031430227322946
502	0.3443110531828733
503	0.0455564266016083
504	0.29293218628981565
505	0.29353657345335477
506	0.10713158672533857
509	0.24564226668692168
511	0.33277196793076336
512	0.06323567337721428
513	0.30331865811400444
514	0.08306918613547926
515	0.05836924318061407
516	0.008797814691085194
517	0.601008626691792
518	0.0005222711654261775
519	0.49311300153139276
520	0.37003374081184454
521	0.521059509926539
523	0.009676290965985948
525	0.06723207341395945
528	0.08113840329058997
529	0.19999198071302193
530	0.0016313459231104138
531	0.27878321233537484
532	0.2738622325177819
533	0.534083295649554
536	0.31729044002615364
537	0.063213937910472
538	0.062375975013058804
540	0.3070617426657339
541	0.06577291425578735
543	0.010754928893600031
544	0.022025439421922966
545	0.33461949348425846
546	0.3105755353011418
547	0.21999029797027458
548	0.006206435150724374
549	0.28357283471690503
550	0.5760549472483821
551	0.18490728090137898
552	0.3362205365024296
553	0.06292595691508186
554	0.5654070296418794
555	0.1821450405272737
556	0.49158257174002956
557	0.29788915548299605
559	0.505010883393964
561	0.24949091001737678
562	0.033993653186957205
563	0.5439448478748142
564	0.3328221752729481
565	0.5628510869198987
566	0.0115713144947312
568	0.11492500061693263
569	0.06907546438334403
570	0.14530215048402584
571	0.4570795030804192
572	0.03401798326581802
573	0.2813610282553827
574	0.07147011762314268
575	0.3155637567927494
576	0.3228594920415818
577	0.06014084573400054
578	0.04294534926613923
580	0.545604493421809
582	0.4955231015119233
583	0.2776620311489622
584	0.08658084373192086
586	0.06557962755160265
587	0.056639165045171296
588	0.07658429333304523
590	0.3304236223611378
591	0.011619363028862545
592	0.05752640776542457
593	0.32287566221955694
594	0.25038671302600546
595	0.24178224479961877
596	0.2878439995699078
597	0.4901750947729908
598	0.07141215683642327
600	0.07668212001951837
601	0.2846997366212777
602	0.27056140430569825
605	0.03891410660960257
606	0.03881764929854648
607	0.05217939891532754
609	0.3694839163391089
611	0.2802261790556454
613	0.3245286290197105
614	0.03771094203691969
615	0.245021772522658
616	0.5265743795692399
618	0.2744288944482001
619	0.3302165836466536
620	0.3117342150757991
621	0.5217471766096016
622	0.28984298895001415
623	0.496380987088725
625	0.3096894344793761
626	0.26660636237397684
627	0.36394338622347566
628	0.03157735514667154
629	0.257101840299092
631	0.06289526589490528
632	0.7723253268896552
633	0.018823942802473466
634	0.3171943789942292
636	0.23648701822574494
637	0.07978120650766884
638	0.09377921595284859
639	0.26560995532231213
640	0.5087387898611169
642	0.5552516751976787
644	0.3355730008657291
645	0.31143777190145927
646	0.2558373102524143
647	0.06184165876598516
648	0.3082066212215725
650	0.555167996316197
651	0.049317004785897955
652	0.22695918363844944
653	0.2770309429414901
654	0.26212990030794436
655	0.2822006054636195
656	0.19998615408995857
657	0.06832438767088533
660	0.5088970071215766
661	0.2430775167969809
663	0.32936464168679547
666	0.2865071723858041
667	0.5330833997617118
670	0.18203022778856623
671	0.20055006281770862
672	0.26101813952891456
673	0.3323068523980668
674	0.25201305863693957
675	0.4654168870792748
679	0.2852195094691746
680	0.29537547895251604
681	0.5180213690775789
682	0.1140004138958684
683	0.07126297009875218
684	0.5426807675663221
686	0.0031756242335636425
687	0.01652848790692935
689	0.5554330550007295
691	0.06695926413610635
692	0.027962480044908058
694	0.31804908306569674
695	0.03541578249548348
696	0.27161833688914294
697	0.5054522055562484
698	0.31547717624515575
699	0.4783769338273782
700	0.32227827845564294
701	0.552290283192017
702	0.0033277497003756373
703	0.3236228331002951
706	0.009570126546231555
707	0.21124276991826513
708	0.5341309347696275
709	0.07442956518588054
711	0.22623143410984983
712	0.05488988368200707
714	0.5365399996760098
715	0.08121708973231463
716	0.26323238468588084
718	0.2825141301082224
719	0.2678163311967142
720	0.28883270587347515
721	0.08593398486427063
722	0.5330440786673316
723	0.32713538461620295
724	0.31017998408893305
725	0.28680963882492666
727	0.04919671753058816
728	0.4390028969349159
729	0.2077683283820528
730	0.23509373896383387
731	0.4201130869198962
732	0.0708475617347584
733	0.2747951063498279
734	0.2971436252256932
735	0.3315622290400514
736	0.07010394993591001
737	0.08364291984089386
738	0.051036767643017907
739	0.2116908215020371
741	0.29092349499207043
746	0.08469018397871214
748	0.03856426894265097
749	0.29977750497945793
750	0.29695686700281565
751	0.31153537053083485
754	0.2004411300870175
755	0.27302950374241686
756	0.30771272282920525
757	0.2789200841183081
758	0.03371772911396816
759	0.20679039812069372
760	0.2490494181728432
761	0.005784858879485884
762	0.5009037170118841
764	0.07876233506373467
765	0.06403596467477957
766	0.54196156072811
769	0.06636461612527905
770	0.0024436415203369227
771	0.0003771210887502305
772	0.7277149476916245
773	0.27857594609335085
774	0.15037166453944206
776	0.2679965254162327
777	0.005144726331684255
780	0.03273966195006168
781	0.28257406384181627
782	0.01693502159382557
785	0.3359171199931944
786	0.26011573445324465
787	0.3058347874531262
788	0.30301989074468927
789	0.25800671619120397
791	0.576696897158668
792	0.3359633708293178
793	0.0051621382206980225
794	0.016536159062242994
796	0.04017549985132874
797	0.4275853788497044
798	0.2823624052723655
799	0.25862815322656135
800	0.2565660105667064
802	0.12145651118129441
803	0.30227220766706153
804	0.3102297435246549
806	0.001949862709584499
807	0.08268307881213854
809	0.010335198762796816
810	0.5171234250660331
811	0.359070035194619
813	0.29754588893522194
815	0.2998837908023171
818	0.06475463460754068
819	0.04734821364167771
821	0.1858750529867217
823	0.051421361727746404
824	0.2392664603481282
825	0.5353757506439216
826	0.2942474457698618
828	0.5046182847561895
829	0.5003037206050776
830	0.29707010053612043
831	0.31848365356145497
832	0.2948962672026828
834	0.33228525105188694
835	0.2747257322351808
837	0.7198410339166327
838	0.4281426152887355
841	0.045428726711155026
842	0.22378520648974254
843	0.027334533412595934
844	0.24539574852157514
845	0.12576246482765713
846	0.054500314059528904
847	0.47120388238860633
848	0.03079847183772193
849	0.5378018298417501
850	0.275884219505556
851	0.32763847874388974
856	0.23829189636634018
857	0.14203005570970162
858	0.2528193800992888
860	0.3161857743411631
861	0.01484706389275799
862	0.3383749271371708
863	0.34712949413169175
864	0.06122022287208011
866	0.18809342313371807
867	0.519112512054167
868	0.30300366409501794
871	0.005139289816508949
872	0.3511664159735924
873	0.019882798779587058
874	0.4914891214821665
875	0.2769231916346073
876	0.2848760215433443
877	0.3342504439957201
878	0.3037488261733666
879	0.3077758212141615
880	0.2920896835519395
881	0.5633051645329393
882	0.49565934254063376
884	0.044323039142705654
886	0.288330997868967
887	0.06467058024744712
888	0.3197554273376948
889	0.25926859730646507
891	0.31478798195417645
892	0.2933950207419155
893	0.07637238590456735
895	0.5600763086502613
896	0.06899167216798086
897	0.060382081287213445
898	0.2267815337800614
900	0.446528544073837
902	0.07612160979597626
903	0.5250010273203553
904	0.022855824091430228
905	0.20644709471818945
906	0.29197561955334045
908	0.062478482993102685
915	0.08745513924228232
916	0.03773514023916036
917	0.19385277375648263
920	0.27717046629264575
921	0.5526812612006218
922	0.004339080246762474
923	0.29034061500986774
924	0.3023592200719966
926	0.1036877633272685
927	0.3247399435957485
929	0.004594311626456057
930	0.31026061632556534
931	0.007393854003183573
932	0.2924299601981119
933	0.3084342052282627
934	0.19203488478540054
935	0.29279462982133564
936	0.29175040404227864
937	0.2088509287420455
938	0.008686216184121257
939	0.3346537418001901
941	0.2982724247273203
942	0.2612200979943458
943	0.20378870260364051
0	0.0
0	0.0
0	0.0
0	0.0
0	0.0
0	0.0
0	0.0
0	0.0
0	0.0
0	0.0
0	0.0
0	0.0
0	0.0
0	0.0
0	0.0
0	0.0
0	0.0
0	0.0
0	0.0
0	0.0
0	0.0
0	0.0
0	0.0
0	0.0
0	0.0
0	0.0
0	0.0
0	0.0
0	0.0
0	0.0
0	0.0
0	0.0
0	0.0
0	0.0
0	0.0
0	0.0
0	0.0
0	0.0
0	0.0
0	0.0
0	0.0
0	0.0
0	0.0
0	0.0
0	0.0
0	0.0
0	0.0
0	0.0
0	0.0
0	0.0
0	0.0
0	0.0
0	0.0
0	0.0
0	0.0
0	0.0
0	0.0
0	0.0
0	0.0
0	0.0
0	0.0
0	0.0
0	0.0
0	0.0
0	0.0
0	0.0
0	0.0
0	0.0
0	0.0
0	0.0
0	0.0
0	0.0
0	0.0
0	0.0
0	0.0
0	0.0
0	0.0
0	0.0
0	0.0
0	0.0
0	0.0
0	0.0
0	0.0
0	0.0
0	0.0
0	0.0
0	0.0
0	0.0
0	0.0
0	0.0
0	0.0
0	0.0
0	0.0
0	0.0
0	0.0
0	0.0
0	0.0
0	0.0
0	0.0
0	0.0
0	0.0
0	0.0
0	0.0
0	0.0
0	0.0
0	0.0
0	0.0
0	0.0
0	0.0
0	0.0
0	0.0
0	0.0
0	0.0
0	0.0
0	0.0
0	0.0
0	0.0
0	0.0
0	0.0
0	0.0
0	0.0
0	0.0
0	0.0
0	0.0
0	0.0
0	0.0
0	0.0
0	0.0
0	0.0
0	0.0
0	0.0
0	0.0
0	0.0
0	0.0
0	0.0
0	0.0
0	0.0
0	0.0
0	0.0
0	0.0
0	0.0
0	0.0
0	0.0
0	0.0
0	0.0
0	0.0
0	0.0
0	0.0
0	0.0
0	0.0
0	0.0
0	0.0
0	0.0
0	0.0
0	0.0
0	0.0
0	0.0
0	0.0
0	0.0
0	0.0
0	0.0
0	0.0
0	0.0
0	0.0
0	0.0
0	0.0
0	0.0
0	0.0
0	0.0
0	0.0
0	0.0
0	0.0
0	0.0
0	0.0
0	0.0
0	0.0
0	0.0
0	0.0
0	0.0
0	0.0
0	0.0
0	0.0
0	0.0
0	0.0
0	0.0
0	0.0
0	0.0
0	0.0
0	0.0
0	0.0
0	0.0
0	0.0
0	0.0
0	0.0
0	0.0
0	0.0
0	0.0
0	0.0
0	0.0
0	0.0
0	0.0
0	0.0
0	0.0
0	0.0
0	0.0
0	0.0
0	0.0
0	0.0
0	0.0
0	0.0
0	0.0
0	0.0
0	0.0
0	0.0
0	0.0
0	0.0
0	0.0
0	0.0
0	0.0
0	0.0
0	0.0
0	0.0
0	0.0
0	0.0
0	0.0
0	0.0
0	0.0
0	0.0
0	0.0
0	0.0
0	0.0
0	0.0
0	0.0
0	0.0
0	0.0
0	0.0
0	0.0
0	0.0
0	0.0
0	0.0
0	0.0
0	0.0
0	0.0
0	0.0
0	0.0
