1	0.25137084068616455
2	0.06265323369709944
5	0.5647918556851445
6	0.05226552236619522
7	0.2920132794624588
8	0.26542805323738644
10	0.4993807955163795
13	0.33755587765161105
14	0.2809801528271703
18	0.27540708633077443
21	0.5553897903336146
22	0.30016542539477864
23	0.25106078299641155
24	0.29005756943054417
25	0.02219056555138823
26	0.32177246135343446
28	0.03628484263075341
29	0.27142267165946293
31	0.2587458666177992
32	0.027003091444774384
33	0.023920610649492233
37	0.02454377710083206
38	0.2888982203147672
39	0.05601284036572599
41	0.30563977884299665
42	0.2826891679623353
43	0.5325547739960655
44	0.3087014656159055
45	0.3027877927546955
46	0.005291146484289792
47	0.04067559304698303
51	0.28288628592343595
52	0.037578107205596754
54	0.28411166378436914
56	0.29125147676132174
57	0.0745189547781736
58	0.03141960863202378
59	0.5097953824578118
60	0.2765048191452056
62	0.2537261323831559
64	0.02168723517737353
66	0.022745728680293495
68	0.21780919370257534
69	0.025111846548762348
71	0.014936024186454504
72	0.01850695227004418
73	0.05734453471690068
74	0.02787230918217482
75	0.2818602031292486
76	0.2839686479831567
79	0.03056731096573105
80	0.12623170016811025
81	0.060325035314197126
82	0.5122411023638185
85	0.035743928809498435
86	0.09562294058809945
87	0.27400923961401236
88	0.0860885300865167
89	0.5140204947807404
90	0.0360014406683655
91	0.017500161304997534
92	0.5258919042641135
93	0.1246711265012792
94	0.24626318531269575
96	0.02777040261037246
97	0.019903595422959802
98	0.03595524821640428
99	0.04688657528586585
100	0.24029381285392784
101	0.04166955294435153
102	0.04849065994113948
103	0.2752326831704056
104	0.09030820971442757
105	0.09824882491248157
107	0.044098001115411865
108	0.021620329435960803
109	0.24238112042466547
111	0.06695133982383786
113	0.2862743413328265
114	0.5613401328035541
116	0.31142338141968506
117	0.05168178705036787
118	0.031969029949141116
120	0.5299268282831647
121	0.036866451686624155
123	0.5047145641103351
124	0.01665832894473525
125	0.312517278078682
129	0.30529148413648605
132	0.03188706929549195
134	0.08585616909060162
135	0.014667348774830682
136	0.29407420277909474
137	0.03796650738561628
138	0.5203578215153208
139	0.05081104548984902
140	0.011644918178074795
142	0.2836389884020685
145	0.30554976868098244
148	0.04410729096685539
149	0.3183512803619859
152	0.041443315723588864
154	0.020688706083992772
156	0.27542612771101643
158	0.056639955681703054
160	0.24656667421829973
162	0.03188929846172979
165	0.06825527787802596
167	0.5008079014758937
168	0.04884155108945086
169	0.018392561176167478
171	0.07862483191947003
172	0.06108798527103515
173	0.015153770233794037
174	0.269791006433321
175	0.017222960729125263
177	0.26793303496424853
178	0.29325254750944735
179	0.018283789987540315
182	0.03414878378486158
183	0.09233545134714816
184	0.04858913397636881
188	0.28344595744333567
189	0.23439879460023993
190	0.004716348083521289
193	0.28219668078562354
194	0.0389626200145269
197	0.3269967821541201
198	0.010508523349840607
199	0.03308543375281485
200	0.29611906522593734
204	0.08026929876876782
207	0.051186989451247174
208	0.06697660927168672
209	0.027107392362709926
210	0.02641054413879848
211	0.04925515462650985
214	0.2714862204625975
215	0.02157612416208516
216	0.2901164390944483
218	0.300909715698666
221	0.046718742835377004
222	0.4417952116002723
225	0.01790124956660258
226	0.5390948142047515
231	0.06268590890338147
233	0.037535525377331035
234	0.29782008848348257
235	0.2806473667930111
236	0.5183393685851935
237	0.27931730372038327
238	0.2976551698503408
239	0.2766567060054137
240	0.2921004553223201
243	0.03833747272548899
244	0.2722867491819433
245	0.07420303438180242
246	0.2759297922694193
247	0.021867737665982157
248	0.26554180295542845
249	0.5105189907006882
251	0.008002507252722758
252	0.049297296231692614
253	0.06425646086694543
254	0.06528775125878283
256	0.3226358314942552
259	0.22797460168307845
260	0.04644742959587964
262	0.003923681256590608
263	0.010889350287231508
264	0.014134344942521825
265	0.007620002692201672
266	0.01797156917878514
267	0.5484512417027865
268	0.5406999855789653
269	0.0205237409925595
270	0.021752024276009772
271	0.30310067857554995
272	0.036627108472765554
274	0.29661535378331644
275	0.03806412598576913
276	0.5367334601799207
277	0.029511510459774994
278	0.0009282012886728946
279	0.039649133661839454
280	0.0395500402236202
281	0.03760736157555316
283	0.032495433432444515
284	0.017217619508228366
285	0.043299781909804394
288	0.0031836597486684104
289	0.11208870414276753
290	0.035742808058066455
291	0.023915836292228203
292	0.2672463863896145
293	0.04930999210119923
294	0.2852036556155561
296	0.2946168164837608
297	0.01737002779146287
298	0.267309534125646
299	0.5380820592905237
301	0.5108217656992677
302	0.1140004138958684
303	0.505701132701299
305	0.4930983472765238
307	0.04201808052622501
308	0.2670096656585592
309	0.039336070478503536
311	0.007901153377803907
313	0.26807514138807537
314	0.3039569315219189
316	0.0019435419379424251
317	0.011644918178074753
320	0.5147568529685611
321	0.2958190129054356
322	0.044251377128396954
323	0.5179530834001141
324	0.2610817385514277
325	0.30087336763493894
326	0.2748240624288738
327	0.04041100564408394
328	0.2931537341719164
329	0.2947760052361244
331	0.04675471027103705
332	0.5193988682793874
334	0.22516711798985214
336	0.07071970577604764
337	5.652314717412982e-05
338	0.0256864294703376
339	0.24740193132755295
341	0.030493998733108117
342	0.2668789222016124
343	0.49417940495489643
344	0.2664785940297565
345	0.2517377043120488
346	0.04613406265926067
347	0.532677865280537
348	0.28273822068025567
349	0.01918771182264168
350	0.023758747253484827
352	0.28659110644653996
353	0.01932839971203687
354	0.032996960478220094
357	0.03434453216334538
358	0.08374085210530789
359	0.2952708902135349
360	0.531686924778118
361	0.019826903497492866
362	0.36206909451630165
363	0.5357966592478843
364	0.035901215875994215
367	0.5245537599042884
369	0.05530634532535687
370	0.017995614143577317
373	0.03937216456735231
374	0.2439301311316702
375	0.2147527371686113
376	0.282068217571072
378	0.5374593896900928
379	0.2709303699386374
380	0.3035614431508158
381	0.03827832852254648
382	0.03513894769681651
385	0.309618036803933
386	0.2603366044005955
387	0.28965387429600653
388	0.0609389946463701
389	0.5262796484076151
390	0.2793687212503157
391	0.03431060306528699
392	0.0073826351565849935
393	0.039142674837868596
394	0.29718864151686186
395	0.5552863548648244
396	0.03237313070527641
397	0.4956411591014577
398	0.2686382163552769
399	0.27555852560755967
402	0.4998253001908014
403	0.03874425661033824
404	0.03264729376682619
406	0.5152383977708683
407	0.26444799129040664
408	0.04660542167965721
409	0.531132764118304
410	0.058989617714268125
411	0.271990637404662
412	0.018943556717817236
413	0.031939020477781056
414	0.31785904957119127
416	0.266416906223485
417	0.5141720619979286
419	0.04566384605138938
420	0.29331967658039987
421	0.5124972966751363
423	0.2549620825024681
425	0.31531928378013435
426	0.051419083826805996
427	0.02845580267947747
428	0.04580008105444968
429	0.519427400547013
430	0.0068135061923621995
432	0.012523140018289303
433	0.2683172878394007
435	0.5088200225761105
436	0.025975032656609692
438	0.26635387951012407
440	0.2711631184385615
441	0.30387964796738803
442	0.4922568760103724
443	0.02090075401931741
445	0.022198175974777072
446	0.08335965385842786
447	0.6930414131264734
448	0.05860400589176101
449	0.28002094935625893
450	0.2744312296347202
451	0.004930738025740844
453	0.03050070288826156
454	0.01604761019246629
455	0.4821637847595376
456	0.022287007814914744
457	0.49960357912418013
458	0.28669876640169367
459	0.26225832011400174
460	0.2735812797049127
461	0.2440966034626915
463	0.2525453672680795
464	0.034208961584581414
465	0.26605145321339607
466	0.5234807561185011
468	0.27454404309555747
469	0.2694196814370733
472	0.27890738677003657
474	0.2697947770877335
476	0.2678297786260298
479	0.2801976147690729
480	0.2542868116107803
481	0.28371664585474643
483	0.044646387673634505
484	0.27644274060532786
485	0.3478360656521622
486	0.453843891967958
487	0.5086300304315752
488	0.5200807173832018
490	0.5120119914598822
491	0.29955453686610917
492	0.2999213400738919
493	0.2835966180415792
494	0.021321085374554724
495	0.28570813223393443
496	0.3201513513636032
497	0.2987021863092931
498	0.03455155882109538
500	0.5276807206154402
501	0.2548610364485099
502	0.029734873935043066
503	0.05038392882232308
504	0.012091730587138041
505	0.03299442460567535
506	0.769557301719334
507	0.26343564684315063
509	0.3465386615097069
512	0.2649818263833137
513	0.28104136152467607
514	0.5305749098899832
516	0.2577483334182888
517	0.3035433633187458
518	0.005032722632542674
519	0.03860189400092876
520	0.057160042023308384
521	0.25353425538622365
522	0.03403963665763737
523	0.035563106972795584
524	0.5191475085332071
525	0.27962636864401674
526	0.12056304956194613
527	0.015177004716965703
528	0.2732688560965648
531	0.29717210689707524
532	0.5321614151632896
533	0.029676790684785036
534	0.28275876033642616
535	0.013029570036201372
536	0.5284608369653379
537	0.2707736239051855
538	0.2936890680671028
540	0.2697364679318518
541	0.0179661184743746
542	0.1998396690677689
543	0.03626677994683735
544	0.3269624249054624
545	0.0260071535450739
546	0.27746674442332175
547	0.279459346311077
548	0.30459469169592746
549	0.3159823980519717
550	0.061185680610442064
551	0.27921753019496476
552	0.2827421355069817
553	0.49997936075311494
554	0.06197224307601824
556	0.04143040342807483
557	0.041875338222554306
560	0.29122011268140785
561	0.517819330946965
563	0.07225813970716202
564	0.026988732267780098
565	0.044416286042673954
566	0.023287369701776965
567	0.26359965044766664
568	0.4911580879178905
569	0.5168688107541932
570	0.10339403370666644
571	0.2885761961456383
573	0.5060249108196303
574	0.23544019338069974
576	0.5290976230375701
577	0.2642321557448194
578	0.014828632521165994
579	0.28633585711790027
580	0.0318205919914613
581	0.31301651960802185
582	0.5265481877170878
584	0.26546495683268084
586	0.2744890098749034
587	0.2816448819302909
588	0.022088880363518186
590	0.015186146709298694
591	0.02109032084657049
592	0.2531899542715026
593	0.045815641004826387
594	0.03629494073134684
595	0.21646464521569905
598	0.2900307091515152
600	0.30107924880877035
601	0.21313201426029424
602	0.30875078577914294
603	0.5213942811165665
605	0.24211763319091031
606	0.5293352151983667
607	0.04429237279043537
610	0.01679063072122853
611	0.02608286472663896
613	0.5169355859631551
614	0.4997125007788367
615	0.26923365426375856
616	0.27523770755035615
617	0.2517312598142573
618	0.049340787712830764
619	0.3107317456757643
620	0.037044840403901054
621	0.28653614079018264
622	0.28982984508406234
623	0.2821763536214178
624	0.02561345745716248
625	0.5299351280264868
626	0.30646577551841925
627	0.7446370935947617
628	0.26391639372387454
630	0.028132718495931096
632	0.04533003365443854
634	0.5118032557007631
635	0.29856032975596314
636	0.016421088492599628
637	0.11245237492827831
638	0.004238692081533442
639	0.2914995973565112
640	0.052454240347332814
641	0.015776123211777043
642	0.04118165447211071
643	0.5221869295147834
644	0.05220120731578913
645	0.02279354910457289
647	0.5157224758074345
648	0.30490506262504097
649	0.033466494587478975
650	0.26065028475147467
651	0.0703497140283486
652	0.04530139242737378
653	0.2975749083454807
654	0.3105529425419226
656	0.23544302532298078
657	0.05424987974260054
658	0.28229177128615124
659	0.26201246684578405
660	0.03065328253352391
661	0.539476229391305
663	0.28408064577513786
664	0.29468652172384724
665	0.05706482679070277
666	0.5214298541340683
667	0.03124523030975336
668	0.0909505580294852
669	0.2914900027183236
670	0.06059685119058567
672	0.06396997414608366
674	0.2871386886754613
676	0.3051413051413614
677	0.034502156693489223
678	0.2848775425861934
679	0.033691094413505374
680	0.2838395169304795
683	0.49896360279350377
684	0.28224130721819785
686	0.01623111919813667
689	0.04425488840819761
691	0.29018454341784017
692	0.04869154095902522
693	0.30415516102205953
694	0.26513256498053644
695	0.2451019737022287
696	0.28819379166434533
697	0.2914759609114159
698	0.02892433181914493
699	0.02564569653156177
700	0.03193377168451518
701	0.2730148936121272
702	0.06449317587287282
703	0.26498424769409923
704	0.0961946028708081
705	0.2950365197339573
706	0.031824437461641715
707	0.03290778963603694
708	0.0472049656223071
709	0.532832087384561
710	0.2667302910039898
712	0.018553143944731544
713	0.0663157766818365
714	0.03499129688376633
715	0.06815019071743053
716	0.00880773616884735
717	0.03338569827393427
719	0.008652436863705301
720	0.30958701154045765
721	0.4657806062891767
722	0.04740673455478372
723	0.03257920079985195
725	0.05692957494863244
727	0.5438682841685795
728	0.05936416784330286
730	0.06829911245491507
732	0.04437368641679077
733	0.2924187869986414
734	0.03469426613170048
735	0.2829751307445019
736	0.27393667143180483
737	0.2819245327392666
738	0.5351937225629179
740	0.07934955767074131
741	0.26253993697101885
742	0.0387927097326086
743	0.30375910028033914
744	0.04780868954596839
745	0.24546376550974486
746	0.2848068315346577
747	0.5379764254232098
748	0.5162708032808373
749	0.2763012724396504
750	0.017065329292102666
751	0.06790160583381799
752	0.0847887839891909
753	0.03860476006390275
755	0.08571857774688309
756	0.2636936563995781
757	0.30073882714169947
758	0.26003332842094534
759	0.041129988983840085
760	0.026067681695736325
761	0.04876336880806932
762	0.23590751593634823
763	0.02966446011837496
764	0.27479045371170385
766	0.29756259551762226
767	0.04639393775319324
768	0.09947804667881616
769	0.06705915484554634
772	0.29448167476271236
773	0.30125345688237676
774	0.08179563658877151
776	0.3092114001306575
778	0.039482013877881396
780	0.2513864828607174
781	0.5108455464234556
782	0.04031649206012109
783	0.3049722561287845
785	0.25595380176580623
787	0.49913942713098863
788	0.07237204292946042
789	0.04389848439914989
790	0.05860328592739977
791	0.2798056095624408
792	0.5280021512124082
793	0.005495484356769602
794	0.014500787044875
795	0.2877021419257803
796	0.03510824267789804
797	0.2758956578538096
798	0.023479051885740496
800	0.2708887854126346
802	0.5128038225609357
803	0.24607708217643887
804	0.035236712613986323
805	0.28273324519256504
806	0.4985997402263117
807	0.2627131088233082
808	0.05973849166614906
809	0.252319488739392
810	0.026623053000165472
811	0.0621326097056132
813	0.2653712923382733
814	0.012539979000177358
815	0.2858470591008633
817	0.043188130284935684
818	0.4895091343180099
819	0.28515647180659076
820	0.3228957217201681
822	0.0229579461021616
823	0.27392600391009236
825	0.026212681040785113
826	0.2949253276108823
828	0.5140387482657398
829	0.2728351016475923
830	0.27527063339715274
831	0.29185596778222617
832	0.020233531621535787
833	0.4952832430306737
834	0.045829409073564545
835	0.5038287375442319
836	0.05553227850232191
839	0.27394876630067544
840	0.0219281330026942
841	0.27343717528687256
842	0.06469124650291908
843	0.0659591142809294
844	0.03477625374393727
846	0.24237440263311588
848	0.03398876354683581
849	0.2829751307445019
850	0.03985012222518546
851	0.5170230111424897
852	0.2995882331961719
853	0.058046495983495525
854	0.02263719814555587
858	5.3910497007848834e-05
860	0.5238690445691896
862	0.5289149257207267
863	0.2930395653956838
864	0.24807382182513496
865	0.13711037055693864
867	0.2581288524563328
868	0.7664372273277035
869	0.2712684773462347
870	0.5060956447617564
871	0.5207378063712229
872	0.06662562722446971
874	0.3036796209503324
875	0.007124878612724102
877	0.5238468778837498
878	0.26573109501350095
879	0.2959150430478463
880	0.2646502608869108
881	0.29192383143787454
882	0.28939233802142705
883	0.5299938391676916
884	0.2791148099855823
885	0.10359563385593074
886	0.5411434644653292
887	0.2731327492067442
889	0.02055358162567339
890	0.015441133716219954
891	0.017629922079461312
892	0.2842185458933182
893	0.2909162152343079
894	0.0295007400386873
895	0.2924372253292762
896	0.27676765660494246
897	0.027552499992752763
898	0.015196624213083466
899	0.023013599764942924
900	0.5438385479727628
901	0.06944812479602157
905	0.3221997812772246
906	0.010190059218555453
907	0.01694620644358237
908	0.026266945873065252
910	0.02621542364319524
913	0.2902371296246396
915	0.08347410218480615
916	0.23798501027354163
919	0.032845527367205724
920	0.030923485910652575
921	0.004344796628077428
922	0.3170058871598648
923	0.023395924082554836
924	0.23957074290453656
926	0.5413841700892617
927	0.2616320827623946
928	0.028093893112867238
929	0.23740792054156717
931	0.020981970472765725
932	0.2892744945892106
933	0.49758660589024817
934	0.2643777197287067
936	0.04671752839095408
937	0.07526972064211537
938	0.5097842609447855
939	0.25586875446972
940	0.28757349872645327
941	0.04814999809379439
942	0.5322072611012888
0	0.0
0	0.0
0	0.0
0	0.0
0	0.0
0	0.0
0	0.0
0	0.0
0	0.0
0	0.0
0	0.0
0	0.0
0	0.0
0	0.0
0	0.0
0	0.0
0	0.0
0	0.0
0	0.0
0	0.0
0	0.0
0	0.0
0	0.0
0	0.0
0	0.0
0	0.0
0	0.0
0	0.0
0	0.0
0	0.0
0	0.0
0	0.0
0	0.0
0	0.0
0	0.0
0	0.0
0	0.0
0	0.0
0	0.0
0	0.0
0	0.0
0	0.0
0	0.0
0	0.0
0	0.0
0	0.0
0	0.0
0	0.0
0	0.0
0	0.0
0	0.0
0	0.0
0	0.0
0	0.0
0	0.0
0	0.0
0	0.0
0	0.0
0	0.0
0	0.0
0	0.0
0	0.0
0	0.0
0	0.0
0	0.0
0	0.0
0	0.0
0	0.0
0	0.0
0	0.0
0	0.0
0	0.0
0	0.0
0	0.0
0	0.0
0	0.0
0	0.0
0	0.0
0	0.0
0	0.0
0	0.0
0	0.0
0	0.0
0	0.0
0	0.0
0	0.0
0	0.0
0	0.0
0	0.0
0	0.0
0	0.0
0	0.0
0	0.0
0	0.0
0	0.0
0	0.0
0	0.0
0	0.0
0	0.0
0	0.0
0	0.0
0	0.0
0	0.0
0	0.0
0	0.0
0	0.0
0	0.0
0	0.0
0	0.0
0	0.0
0	0.0
0	0.0
0	0.0
0	0.0
0	0.0
0	0.0
0	0.0
0	0.0
0	0.0
0	0.0
0	0.0
0	0.0
0	0.0
0	0.0
0	0.0
0	0.0
0	0.0
0	0.0
0	0.0
0	0.0
0	0.0
0	0.0
0	0.0
0	0.0
0	0.0
0	0.0
0	0.0
0	0.0
0	0.0
0	0.0
0	0.0
0	0.0
0	0.0
0	0.0
0	0.0
0	0.0
0	0.0
0	0.0
0	0.0
0	0.0
0	0.0
0	0.0
0	0.0
0	0.0
0	0.0
0	0.0
0	0.0
0	0.0
0	0.0
0	0.0
0	0.0
0	0.0
0	0.0
0	0.0
0	0.0
0	0.0
0	0.0
0	0.0
0	0.0
0	0.0
0	0.0
0	0.0
0	0.0
0	0.0
0	0.0
0	0.0
0	0.0
0	0.0
0	0.0
0	0.0
0	0.0
0	0.0
0	0.0
0	0.0
0	0.0
0	0.0
0	0.0
0	0.0
0	0.0
0	0.0
0	0.0
0	0.0
0	0.0
0	0.0
0	0.0
0	0.0
0	0.0
0	0.0
0	0.0
0	0.0
0	0.0
0	0.0
0	0.0
0	0.0
0	0.0
0	0.0
0	0.0
0	0.0
0	0.0
0	0.0
0	0.0
0	0.0
0	0.0
0	0.0
0	0.0
0	0.0
0	0.0
0	0.0
0	0.0
0	0.0
0	0.0
0	0.0
0	0.0
0	0.0
0	0.0
0	0.0
0	0.0
0	0.0
0	0.0
0	0.0
0	0.0
