2	0.05391225968395418
3	0.24447684646134585
4	0.014549083986535552
5	0.5224116833390982
7	0.21114554381648692
8	0.7401129796949754
9	0.29730638171262036
11	0.18512686318210936
12	0.3034962499228779
15	0.5296901003203327
17	0.5654442254476858
18	0.25257316369749233
20	0.2682778982702195
22	0.44861474800916634
24	0.0117278244134977
26	0.3931495851436164
27	0.32756992147868985
28	0.46043676490395646
29	0.2528616246782822
31	0.28976923925511155
32	0.758193080728116
33	0.30596037221274125
34	0.4340897650091109
35	0.0338876629961956
36	0.07833217853641988
37	0.24655644053397124
40	0.08115521425059288
41	0.29619767665800845
42	0.004085913052548466
43	0.2797055389828827
45	0.5133837513114703
46	0.7764836935740087
47	0.2631432515267906
48	0.03460419430852537
50	0.13606700198194935
51	0.5261351490844223
52	0.5328993229501465
53	0.3386519353536663
54	0.46378957594329273
55	0.5476691223035166
56	0.4614652461355179
57	0.46127474241214095
59	0.22741777639869118
60	0.2018701828896556
62	0.2080363707934736
63	0.1878719202272549
64	0.2306988764206782
65	0.04912500941636254
66	0.22862881459554674
67	0.5759429183287956
69	0.3278154065254146
70	0.25975562686799164
71	0.4575534947280315
72	0.011169411113651571
73	0.24527399123613236
74	0.2616494181085477
75	0.5367589441505554
76	0.44832999241823634
78	0.3130253029186804
79	0.24067369551773082
80	0.5614279682678195
81	0.23345304862624888
82	0.2078260622264385
83	0.278441894040672
84	0.5272771675862189
86	0.28428294358650746
87	0.5457695711912368
88	0.511314181941503
89	0.22983034511449785
92	0.47140090912377264
93	0.16867788666771918
96	0.2838255565493341
98	0.2899228356916508
99	0.29259338393938916
100	0.4313063494825106
101	0.48695058896848065
102	0.5054584140658744
103	0.6917200764450705
104	0.21246643623767109
105	0.02012333389753884
106	0.2548555483074386
107	0.23709307728380344
108	0.011412698123067746
109	0.2637798165079675
111	0.2678339132533869
112	0.27850163448029114
113	0.5124662641159339
114	0.21312426410912869
117	0.7814116018567584
118	0.21998717423766156
119	0.2508120287101285
120	0.23491567228422391
121	0.055591871044179966
122	0.2996746640297069
124	0.004852179274927777
125	0.2629707962063302
126	0.30955195885321823
127	0.2702206507513317
128	0.5276242582925158
129	0.22537447130938576
130	0.0030527659724751063
131	0.22118155491405486
132	0.02824140309793358
133	0.5142077301465188
134	0.1866732941555383
135	0.5239064878988379
136	0.24146100864700779
137	0.30026593511603633
138	0.21807074894890452
139	0.2626765252774238
140	0.3219993019236264
141	0.25048627592216377
142	0.7018172383744303
143	0.05720634685413352
145	0.007003337865183021
146	0.255887479673316
147	0.5256011180118287
148	0.28610893278477373
149	0.4843705906220493
150	0.09274661609113972
151	0.04688136887703016
152	0.22872956289564486
153	0.128635666189077
154	0.24136789931348512
155	0.5331967498995723
156	0.23479042930843605
157	0.5402527684077715
158	0.1857532672560519
159	0.27765143374095697
160	0.20104894249155655
161	0.18214275589569934
163	0.30438427904569104
164	0.2901888054957696
165	0.2403613561635753
167	0.24569982937179455
168	0.025183179854812596
169	0.2710741033324109
170	0.2550512803851335
171	0.5364562165262
172	0.3163451175004157
173	0.24942835811290998
174	0.5126944255728236
175	0.24629730349626805
176	0.26929133261662325
177	0.29164938936234874
178	0.2740596175682485
180	0.31104538656299885
182	0.005462834098217035
183	0.21116745608621956
185	0.040089408352472905
187	0.30393377016098994
188	0.2656377231368953
190	0.41560171706796584
191	0.25566240813303215
192	0.07023748310053694
193	0.25706559960105774
194	0.24865209184036166
195	0.23667058839469235
196	0.1778163140819607
197	0.45435533655687826
198	0.19758612123399066
199	0.27685365576288357
203	0.1802722101944818
204	0.521656420570168
208	0.5668532274670199
210	0.0018469628716542112
211	0.19980336043726507
212	0.2942047083119734
213	0.25667767517503826
214	0.020308740168560737
215	0.4453538309135502
216	0.24657448406933988
217	0.053958905582637905
218	0.02393276572757172
219	0.21321991375025667
221	0.2557606092628015
222	0.17606024320192223
224	0.062263852701775736
225	0.2437969030605114
227	0.2744891320343475
228	0.5788278721161151
229	0.2180595692601212
230	0.052798529782202175
231	0.538198026646765
233	0.5518442976878262
235	0.24931614001203745
237	0.2708339587559719
239	0.20790566360370855
240	0.23323263246319453
241	0.34840575447195304
242	0.3470699838504996
244	0.258529684657611
245	0.06089157414639185
246	0.43770947533054755
247	0.4630702775412892
248	0.278611519903935
249	0.4517211781031705
250	0.041020154924110305
252	0.21623639198720276
254	0.4617986582971107
255	0.16916737355547248
257	0.5366186152427284
258	0.2557473586501686
260	0.26377544963585536
261	0.2541146268997955
262	0.27214966742738833
263	0.24119862973429598
264	0.07187569609692028
266	0.5187963544761484
268	0.20322507970768422
270	0.22134060818125179
272	0.08043876338406734
273	0.33163814650653856
274	0.24537091446173404
275	0.5353686128364998
276	0.4448068915114854
277	0.4513236385513864
278	0.2327366659793243
279	0.050632701406048204
281	0.5618108547827008
282	0.2819707895200497
283	0.0002222320917523654
284	0.012855312744387924
285	0.04502911415583005
287	0.5779842550245605
288	0.022383208038607334
289	0.31627831159778796
291	0.5462450632250246
292	0.21789171421349882
294	0.4096722682790995
296	0.5314704272385944
298	0.3016340500169891
299	0.1969884452029465
301	0.4477719933404205
302	0.522554875157885
304	0.004003272847144412
306	0.5222207139057436
307	0.041891219622326156
309	0.29034577417864027
310	0.4856631907287397
314	0.2647348056740237
315	0.022335776981064814
316	0.19686398770283375
317	0.3283810683386635
318	0.24109886168252964
319	0.27793488812259426
320	0.23715574955539187
322	0.07972881588852668
323	0.5340394167149566
325	0.2249496219910198
326	0.28182677895161395
328	0.011523962325588877
329	0.25086436592748024
330	0.284839308794336
331	0.26758492480675194
332	0.28685427524047313
333	0.3275790586046805
336	0.5454189611522112
337	0.4827658514945521
338	0.19610014469303932
341	0.251018758075872
343	0.20950406069465333
345	0.41874799020220055
346	0.5454767106323204
347	0.23503776247703295
348	0.22038793815613517
349	0.5223785689351049
350	0.01501971816309363
351	0.034099723572188476
352	0.4779550149791212
353	0.5192557674271806
354	0.020215246603739936
355	0.00018235598997642932
356	0.024636423977721703
357	0.4994452247867234
359	0.42946503974091
360	0.19799588705849716
361	0.3134696731857721
362	0.2553398703986958
363	0.25645824123983746
364	0.2269831871337157
365	0.050155471899657765
366	0.5704592369313982
367	0.7346696167882183
368	0.30165339637907396
369	0.7689419109251479
372	0.00015645601407522983
375	0.24543905917360964
376	0.7560207377708679
377	0.3282164669656713
379	0.005578024420612459
380	0.05298210339938256
381	0.0017396464497207373
382	0.010310447935688555
383	0.2833371411950466
386	0.2367382431518182
389	0.21135140897354915
392	0.22627852359195802
393	0.2901749477969388
394	0.214659976806323
395	0.19427092743949348
396	0.2686057207573993
398	0.04993907227648329
400	0.30965293146006284
403	0.31306031561729253
409	0.19873929577533075
410	0.261659508478355
411	0.01530161008564761
412	0.23659116558258986
413	0.7615590623505577
414	0.23391100783949123
415	0.583579175585704
416	0.23947761279343013
417	0.23850553891236287
418	0.3389308833331059
419	0.7798755659019455
420	0.23204810965121342
421	0.22767052294489423
422	0.009405425703743493
423	0.5126070334106579
424	0.24198729489805865
425	0.013292430594287922
426	0.22321249658585904
429	0.21598350010666612
432	0.7609810551037908
433	0.198084441351521
434	0.07912216289950127
435	0.45458038736144774
436	0.02007089884231378
438	0.24589695094671726
439	0.3596682424473917
440	0.7654831083324068
441	0.23905548776159274
442	0.1973731235539708
443	0.4778465285965722
444	0.019077609378980457
447	0.17261050456690918
449	0.6874448921175517
450	0.47522023336467334
453	0.4513986330891817
456	0.22121581481129368
459	0.26971904380451933
460	0.22135843011442208
461	0.5867129187296231
462	0.0035591240819394902
463	0.13274590597279848
464	0.007706325582666457
465	0.2275098600983184
466	0.4629762436931085
468	0.1763016079640872
469	0.2948407611190639
470	0.5318515383232427
471	0.28020716739406926
472	0.47487317108982885
473	0.29305096539619013
474	0.5256501579503184
475	0.1309426856530598
476	0.22276855416042057
477	0.013466612083770563
478	0.002366345004892738
479	0.19602220302279857
480	0.04860149678978277
481	0.47899873591810016
482	0.5508646577461787
483	0.7591399167545672
484	0.4708366469619293
487	0.4669079890087466
488	0.5050302092880665
489	0.04682068913157396
490	0.19394837986590613
492	0.531066524919373
494	0.29633279861129486
495	0.2742524301886936
496	0.47064048616535004
497	0.47319863750765684
499	0.000655343941482936
502	0.21093981946011253
505	0.3013561505622478
509	0.4088720718711357
510	0.26770362991287927
511	0.2878835018314682
512	0.30648577364743046
513	0.5146394069713245
515	0.11060770102667657
516	0.21445319014052566
517	0.2388515478627608
518	0.2597575110259496
519	0.28243010457096124
520	0.4585213318292552
521	0.43003236645134596
522	0.015639894852215945
523	0.05837253731978828
525	0.20966673837431568
527	0.03823529469155783
528	0.3220235801814868
529	0.09368029590090773
530	0.016308384473530977
531	0.45306520517218146
533	0.2821563553338707
534	0.01086306928344059
536	0.5203542239109977
537	0.4461745271338255
539	0.03461512107500166
540	0.7519894349935804
544	0.3953047850360013
545	0.20805992517014607
546	0.5343986136406033
547	0.18514366652167133
549	0.21776855374619541
550	0.22553257184749242
551	0.2940506309725304
552	0.7024453802709626
554	0.7513322884852704
555	0.288446209681156
556	0.5463451789469318
557	0.2506497545289868
558	0.24728450882656844
559	0.27638383429045416
560	0.01740704766378167
561	0.21072551117274527
563	0.7450091990151435
564	0.22162468459176554
565	0.2113331130367754
566	0.24053420423276578
568	0.20931930358823544
569	0.0008388452783132522
570	0.5009746692915301
571	0.28533770238238254
573	0.22371839111318478
574	0.21183169082106756
576	0.2880412524607011
578	0.5234710090313245
580	0.44919196510195203
582	0.7525495975041497
583	0.050956332331168565
584	0.21651534564260333
586	0.24694180785361178
587	0.24237362096339893
590	0.44105453132884903
591	0.022808029112449883
593	0.5170018594827541
594	0.5340663669192964
595	0.16478796064909876
596	0.29669547277368097
597	0.04737712622243011
598	0.5065682161842728
601	0.39007151191039596
602	0.5669148591393237
603	0.40361768874146486
604	0.005830186142660274
605	0.19372398702415466
607	0.02471679506938308
609	0.6899504147365939
610	0.23572762682894954
611	0.2304308184144722
612	0.317021073233109
614	0.15827536052267477
616	0.7447978824896152
618	0.05811310765331484
619	0.2872839753022135
620	0.5110295596690335
621	0.18743244997163214
622	0.4655022217685369
623	0.26064832033747504
624	0.24777412892490003
626	0.4262356132830022
627	0.228818788189856
628	0.0008388452783132452
629	0.27903934723409707
631	0.24574329395774397
632	0.2871043130275378
634	0.2108396747899557
635	0.012055987928908714
636	0.30094328491378475
637	0.002337369718602999
642	0.2393772571684441
644	0.29606946005927215
646	0.4909597308823994
649	0.043974003492734004
652	0.014149528072016148
653	0.28498918656450417
654	0.044922944824418144
656	0.15541878926406902
657	0.24206663934903688
660	0.5250953590100659
661	0.3111196868249482
662	0.29930928790089256
663	0.46811697289683185
666	0.22297733135291115
667	0.2483209243140388
670	0.08894225766872721
671	0.2653731548293272
672	0.5326362034425548
673	0.03971789692927624
674	0.4975274536639003
675	0.6198661337016341
676	0.2840042156853086
679	0.547054781127228
680	0.2677021219743611
681	0.5359904968272321
682	0.21780919370257534
684	0.5104754272496824
686	0.019920251202007404
687	0.02933965435869224
688	0.0745523741100941
689	0.5274582212864891
691	0.46133309631934566
692	0.07147406137434939
694	0.2849640305332087
695	0.5685374583506198
696	0.20618674980400398
697	0.41706873032477915
698	0.5153870433249378
699	0.24741229284627206
700	0.5438400873548992
701	0.7676852404489587
702	0.29748236369382874
703	0.5483525792432592
705	0.2511221727068702
706	0.3232701407968125
708	0.5411179721228527
709	0.22602290599956515
710	0.013501341221976264
711	3.169615231843337e-05
712	0.5461388617268829
714	0.2796144929273104
715	0.23158247996531872
716	0.4420938270472035
717	0.24565398162028917
718	0.19351039204792622
720	0.228323811589376
722	0.42524808731620495
723	0.5188434727788577
725	0.4861045204038738
727	0.1880017125831107
728	0.5701959341166116
730	0.28381190893078095
731	0.32000513737095215
732	0.34531089765408374
733	0.20382481593441737
736	0.21408795181784307
737	0.2636629737581568
738	0.20821313036919287
739	0.058031579791742005
742	0.2618663536388427
743	0.2356662006450156
746	0.027492396734910524
750	0.48549577324004967
751	0.07056377278687641
752	0.05143659805661919
754	0.5559475001934787
756	0.2253535873940817
759	0.03559846872998707
760	0.16293501276151925
761	0.28660973563523484
762	0.24817728699594868
765	0.23161479280889355
766	0.2017524410980433
768	0.0012036713423810713
769	0.2154341330208638
770	0.22830491961287133
772	0.4840953257489327
774	0.047935070003854
775	0.0966245090842778
776	0.5144969141595923
777	0.12081109652577215
778	0.023518395036945423
780	0.30218240384074524
781	0.4995896397367983
783	0.2803304981746705
785	0.32176004786561613
787	0.4405652734157996
788	0.23963041214716155
789	0.2402056566400576
791	0.45455967156893884
792	0.455902075653545
793	0.015362082471579958
794	0.4544437128562467
796	0.0018305427486768298
797	0.5765414869342593
798	0.2947080686538487
799	0.31740276358370106
800	0.000838845278313273
801	0.024670451967905883
803	0.21001790552693167
804	0.005352064126136716
807	0.4855578789168485
808	0.23850420438899514
809	0.19310037412312053
810	0.2337836621433948
811	0.32416885589380773
813	0.42792762160860165
814	0.27478256512400334
815	0.2328172094253339
816	0.2865444582569256
817	0.03883542652963064
818	0.36119720655864745
820	0.04333646820408092
822	0.03653597342192733
824	0.2754968987404812
825	0.26404752008872795
826	0.410784479558921
828	0.40943365564066747
829	0.29967747567742464
830	0.20459124528491598
831	0.20275078043312666
832	0.765572917264944
834	0.5251618275117511
835	0.19829712590705448
836	0.10319945123185209
837	0.24713604092953356
838	0.31321384728641427
841	0.20584787082613507
842	0.19410395292648533
843	0.06774133627131279
844	0.5526684980376965
845	0.23642948068843594
847	0.5331332065621267
849	0.2797549003174839
850	0.2952501817362348
851	0.4507428992042093
852	0.25203298008197333
854	0.004954613568182789
856	0.2292507318211805
857	0.3272905678202307
858	0.20421049129402177
859	0.28497944586664054
860	0.661796247736685
861	0.20849671313679163
862	0.459542603029998
863	0.24286568192287875
865	0.03058996415197462
866	0.11052391263301821
867	0.17067600105516037
868	0.42497469821776457
869	0.02070429693400044
871	0.2689865322407126
872	0.22446205253173207
873	0.2158297600664252
874	0.20533327203533636
875	0.24733142299504463
876	0.5285383927987795
877	0.214986638144821
878	0.2246184574686796
879	0.7104483330531044
880	0.21608472362055392
881	0.20704864154335179
884	0.5271705676898284
885	0.03594430743585439
888	0.21883704805847445
889	0.510258474723788
891	0.45435843994268615
892	0.21595470207497594
893	0.5367616616902919
895	0.5202515461333566
898	0.26005299242429114
900	0.3702238338880097
904	0.008185174169055787
905	0.19846943896936955
906	0.47118161089648536
907	0.010606771380423631
909	0.011806357399497647
910	0.190090704577733
913	0.0011336967400351547
915	0.25137929388813957
916	0.39797406795132406
917	0.5483378348609478
919	0.006872071510369247
920	0.47288148513844425
921	0.19549552066166123
922	0.018973499721248555
923	0.4714659734769949
925	0.014159502226871325
926	0.4467697827074284
927	0.2153534502535014
928	0.014472071776105717
929	0.21414298461932715
930	0.24799768419175858
931	0.24719875554956577
933	0.24169085583884284
934	0.2893857807604696
935	0.2435386943921568
936	0.23709100142590814
937	0.03965593204172056
938	0.28155244601211155
939	0.6914082536707481
941	0.23358861467474
942	0.2795970695844128
943	0.037769123422074544
0	0.0
0	0.0
0	0.0
0	0.0
0	0.0
0	0.0
0	0.0
0	0.0
0	0.0
0	0.0
0	0.0
0	0.0
0	0.0
0	0.0
0	0.0
0	0.0
0	0.0
0	0.0
0	0.0
0	0.0
0	0.0
0	0.0
0	0.0
0	0.0
0	0.0
0	0.0
0	0.0
0	0.0
0	0.0
0	0.0
0	0.0
0	0.0
0	0.0
0	0.0
0	0.0
0	0.0
0	0.0
0	0.0
0	0.0
0	0.0
0	0.0
0	0.0
0	0.0
0	0.0
0	0.0
0	0.0
0	0.0
0	0.0
0	0.0
0	0.0
0	0.0
0	0.0
0	0.0
0	0.0
0	0.0
0	0.0
0	0.0
0	0.0
0	0.0
0	0.0
0	0.0
0	0.0
0	0.0
0	0.0
0	0.0
0	0.0
0	0.0
0	0.0
0	0.0
0	0.0
0	0.0
0	0.0
0	0.0
0	0.0
0	0.0
0	0.0
0	0.0
0	0.0
0	0.0
0	0.0
0	0.0
0	0.0
0	0.0
0	0.0
0	0.0
0	0.0
0	0.0
0	0.0
0	0.0
0	0.0
0	0.0
0	0.0
0	0.0
0	0.0
0	0.0
0	0.0
0	0.0
0	0.0
0	0.0
0	0.0
0	0.0
0	0.0
0	0.0
0	0.0
0	0.0
0	0.0
0	0.0
0	0.0
0	0.0
0	0.0
0	0.0
0	0.0
0	0.0
0	0.0
0	0.0
0	0.0
0	0.0
0	0.0
0	0.0
0	0.0
0	0.0
0	0.0
0	0.0
0	0.0
0	0.0
0	0.0
0	0.0
0	0.0
0	0.0
0	0.0
0	0.0
0	0.0
0	0.0
0	0.0
0	0.0
0	0.0
0	0.0
0	0.0
0	0.0
0	0.0
0	0.0
0	0.0
0	0.0
0	0.0
0	0.0
0	0.0
0	0.0
0	0.0
0	0.0
0	0.0
0	0.0
0	0.0
0	0.0
0	0.0
0	0.0
0	0.0
0	0.0
0	0.0
0	0.0
0	0.0
0	0.0
0	0.0
0	0.0
0	0.0
0	0.0
0	0.0
0	0.0
0	0.0
0	0.0
0	0.0
0	0.0
0	0.0
0	0.0
0	0.0
0	0.0
0	0.0
0	0.0
0	0.0
0	0.0
0	0.0
0	0.0
0	0.0
0	0.0
0	0.0
0	0.0
0	0.0
0	0.0
0	0.0
0	0.0
0	0.0
0	0.0
0	0.0
0	0.0
0	0.0
0	0.0
0	0.0
0	0.0
0	0.0
0	0.0
0	0.0
0	0.0
0	0.0
0	0.0
0	0.0
0	0.0
0	0.0
0	0.0
0	0.0
0	0.0
0	0.0
0	0.0
0	0.0
0	0.0
0	0.0
0	0.0
0	0.0
0	0.0
0	0.0
0	0.0
0	0.0
0	0.0
0	0.0
0	0.0
0	0.0
0	0.0
0	0.0
0	0.0
0	0.0
0	0.0
0	0.0
0	0.0
0	0.0
0	0.0
0	0.0
0	0.0
0	0.0
0	0.0
0	0.0
0	0.0
0	0.0
0	0.0
0	0.0
0	0.0
0	0.0
0	0.0
0	0.0
0	0.0
0	0.0
0	0.0
0	0.0
0	0.0
0	0.0
0	0.0
