1	0.33741200780233555
3	0.37675299811975815
4	0.540413077393861
6	0.17721354760316615
12	0.21704202999171202
13	0.013369401462594271
14	0.31516772673669585
17	0.18440606830780543
19	0.17502284724978154
23	0.10589881956940078
24	0.08235740853827288
25	0.3395986945358487
27	0.05547831611712955
30	0.11702296541374652
31	0.04207874334744795
33	0.061976628249382104
34	0.3160398843192665
35	0.3112134243152145
36	0.049461497443324766
37	0.10069483236340299
39	0.1852804727940666
40	0.29588217509568737
44	0.03790795995643778
46	0.013705775487581173
47	0.2609027211265708
48	0.2750293038532015
49	0.0862760341119498
50	0.3038127588512045
57	0.05374920798493111
58	0.3265551698167631
60	0.07868989760977126
62	0.12538820087508235
63	0.39936094556314383
65	0.08985083047624638
66	0.0038852009484389924
69	0.024175480617572014
70	0.2661567018871204
71	0.22595001075529234
72	0.08018183535228372
73	0.11457624286178164
74	0.27319641954455165
77	0.0014937754056044208
79	0.04429737457572151
80	0.09600833060290112
82	0.06610129862477329
83	0.3147546940242448
84	0.1900371216448381
85	0.2260474633663468
87	0.008486873981974678
90	0.28973649154032893
91	0.0766492185102858
94	0.02612458264905692
95	0.21189547728300234
100	0.32490260352037176
105	0.2481257080953444
106	0.1355210211678671
107	0.10399963005627354
108	0.025309462485573298
110	0.5196313582846146
112	0.28200221737949294
115	0.05027760934029927
116	0.006738045911304613
118	0.01297989176241245
119	0.21533773803521697
121	0.1383762123292121
122	0.30000248322641726
124	0.024576218989334625
129	0.2708410435924715
131	0.3805121244034823
132	0.2855046001916952
135	0.01871055108848737
136	0.07185871102266062
141	0.367449081609048
143	0.0703032142271123
144	0.02748482428301624
148	0.21070566306842564
150	0.2070918068333055
151	0.3332528497697174
153	0.15892514176001743
154	0.0035547168742204975
159	0.10357016837897451
160	0.014775528047116314
161	0.3970701479280907
163	0.15621913237378113
164	0.05698111936254603
165	0.0133233284077122
166	0.18974474149734516
168	0.08057793264633167
170	0.12644715463715034
172	0.05657968444108859
173	0.30021892213870405
174	0.05735538293275039
176	0.17365010734861686
179	0.2959566960780135
182	0.21249849709791763
183	0.16889787146670832
184	0.09342582008667738
186	0.2931592090859648
187	0.005446389818421139
191	0.05528176355406546
192	0.3981591237813843
194	0.17859183314430369
195	0.2819115676501834
196	0.23537980893791
198	0.06788309418747486
201	0.2976945361116271
202	0.01019431063507955
205	0.5471081867212629
206	0.48365440851830344
209	0.026749122267070928
210	0.08066580182773318
212	0.009545131006300441
213	0.1916055576193969
217	0.057005795087757716
218	0.2544566105747652
219	0.08536414518522321
220	0.2090504923317619
221	0.21321298909878172
222	0.07167321547980235
225	0.21458490926651025
227	0.45945775385892956
232	0.3128714896325093
233	0.0007153198668926122
234	0.07628429718572108
238	0.057686043100792075
239	0.09397032929353735
240	0.06075095946531377
241	0.17594204513571762
242	0.009284051677035741
243	0.14083957655306686
247	0.2597062160507461
252	0.07223947061379858
253	0.26033738933106315
254	0.07759638750291414
255	0.3036023397129044
257	0.1013961843022391
258	0.15167831949944766
259	0.10090219804425765
260	0.04982871068932704
261	0.23012117501390703
262	0.22064701193712097
264	0.07986292361768291
266	0.09487657799105757
269	0.18484569480966204
271	0.0876005646395349
272	0.07360314444823635
273	0.04315066361690471
277	0.21701964793824308
282	0.24013268914477
284	0.05348274282819258
285	0.0973555514098694
286	0.34737393859586096
287	0.044695218299347986
288	0.23933118314368718
290	0.18488346339516779
291	0.0881084934269766
292	0.1232986110294726
293	0.049240770955973734
296	0.06105168626401827
297	0.33526060901376364
300	0.030023374516676027
302	0.03401798326581802
304	0.2227925620127954
305	0.038146768275499544
308	0.11547988665412298
309	0.06100424184582777
310	0.04560704051966751
311	0.13070479236473923
312	0.31474641427173106
313	0.0768131571951937
315	0.2447600863750968
316	0.16269377845822885
318	0.19918385681609765
319	0.27440625872749447
322	0.2654627868072183
328	0.21840455306958834
330	0.029347525082030857
331	0.2926416952157317
333	0.053536839021748675
334	0.08253515060110778
335	0.24040398607742963
338	0.3081643048352185
339	0.13225315483886557
345	0.1130934227896811
346	0.2715994521267086
349	0.23291859062810277
350	0.29256598560732405
351	0.2846985708813685
352	0.0499965846801322
353	0.19063452101604794
354	0.07267546524886156
355	0.48066869215530034
361	0.08446746554455609
364	0.28450834191029256
366	0.008976693415071645
368	0.05896727069509187
370	0.07922533363083083
372	0.3094232130989756
373	0.2526997404925572
374	0.06012657573060627
377	0.0013663037969971203
379	0.2816584603230202
380	0.0875602584545824
381	0.45368979230226053
382	0.08008058747876642
384	0.49985769226507604
385	0.27791145488816443
387	0.07852561057113225
389	0.08162159340011704
390	0.06846892904672544
391	0.23457399898693487
399	0.062186044351656096
401	0.2348835209412941
404	0.27682724942066833
405	0.29113833808853185
407	0.06634957107880603
410	0.004911341923555853
411	0.08713533122649865
414	0.04484377711908243
415	0.2882019467494035
422	0.004805776602701102
424	0.334999684667012
425	0.05745324416420582
426	0.2767556274089893
428	0.07291499339609464
430	0.0872549805646248
431	0.30337612508950784
433	0.008162737301076438
434	0.18991198426263423
435	0.0710787231784814
437	0.5482097350435455
439	0.31791670191450716
443	0.027213780643753814
444	0.3293891266261428
445	0.04604645012911895
446	0.24790012482515267
448	0.04264776971243419
450	0.07142688501367048
451	0.13154240364584147
452	0.30156319288193256
453	0.010456978232520776
456	0.33552495727762954
458	0.0975249096468683
460	0.0724001102193119
462	0.5309194581581705
463	0.15019744126218115
465	0.08378258660350656
467	0.3692085518599519
469	0.06867918648243238
471	0.32398992111165736
473	0.21869304692906882
475	0.27089221377826506
477	0.4559281200978138
478	0.24279941206192743
481	0.06691550949184155
484	0.06224572376933015
486	0.1513382116373661
489	0.05108529214682078
490	0.09911364064923017
491	0.057054738777505845
498	0.32566204033366364
499	0.29751490093189636
502	0.2837768538208312
504	0.3214269753994739
505	0.28901449023110365
511	0.2732811683750324
516	0.29850871853965877
518	0.03795390242115226
521	0.031658516421646854
522	0.07017638624545311
526	0.021078235963543822
529	0.5171733819051805
530	0.5187066729162524
531	0.0602567422442411
533	0.09527920412318011
537	0.009623890984192165
539	0.18333963687247884
541	0.22692672707500347
542	0.18405459504365215
543	0.09012671411432295
545	0.2895071092453483
548	0.03631124934648795
553	0.07068342202692929
555	0.20704886117832744
558	0.4512294723390492
559	0.1065329699447699
560	0.28050120912056786
562	0.11612779473798328
564	0.21397095020504306
565	0.08165874705921985
566	0.2749539548287038
567	0.3029187205115918
570	0.04355782543178626
574	0.008640908114196322
575	0.34259340125556426
577	0.2396380252471233
579	0.042014713651273086
583	0.30226016349575774
585	0.4176745842534729
586	0.29013293881594826
588	0.26308701004228086
590	0.32747671799053457
591	0.2991719164195712
595	0.07420727575936747
596	0.2994855670604315
597	0.09560522484947567
601	0.36462218288801046
604	0.07242237945314534
607	0.5230449570376436
608	0.050060936613779854
609	0.01509619384691499
611	0.06664755946162479
613	0.08430286861884792
617	0.32378756358209304
621	0.05269184563796307
624	0.05278200101285
626	0.01386920001277589
628	0.06846892904672545
631	0.19998565523541936
632	0.06307786759970811
633	0.0522599531359861
636	0.013059723474209868
637	0.23669808223131444
638	0.2110145256478364
639	0.2569851964401712
640	0.07310490656589755
641	0.0700433316220925
642	0.28442080564181915
645	0.34025738989791676
646	0.05673711055225124
648	0.04839964052521146
649	0.08304478167485926
650	0.33526396535791
651	0.2302190821223808
652	0.09000660450543396
655	0.0026466802115663497
657	0.006515531278902559
660	0.08969344382153101
662	0.1761466287064948
664	0.2771967632952728
667	0.2676110589014725
669	0.017866907680503516
670	0.25228082211585834
671	0.1999585874385579
673	0.26222914725929103
674	0.06521802620279732
675	0.24309191300548835
677	0.06590392904008575
681	0.03171311771653709
686	0.0984190571217318
687	0.22055574240939232
689	0.06588833172303513
697	0.06692863180220704
699	0.055589880103747935
700	0.01179250043405734
704	0.2550251389186275
707	0.2795572524053626
708	0.06835605642079912
710	0.057064484784664644
711	0.5304690087125314
714	0.05948013714086459
716	0.34266688827928665
718	0.3318073231222924
719	0.058992846763257514
720	0.04578539865363998
722	0.03971561604561459
724	0.48365440851830344
725	0.06115438579344655
728	0.02115138996138746
729	0.5576606501461268
731	0.5351764510570468
733	0.08681688813321112
734	0.07245498829040437
735	0.09929617198245493
737	0.004533607972389525
739	0.32832789549784774
740	0.023141119932230586
741	0.12575507435788474
742	0.057329616749705825
743	0.045320628907906974
744	0.0988891346218771
745	0.1289425260672714
748	0.09885337954173445
749	0.29008231704538673
753	0.006969607698062673
754	0.061241673979055916
755	0.03185230956323333
756	0.3035408811268442
758	0.33501789397318316
759	0.07297090521972033
763	0.2353062004651121
765	0.24967295636879047
768	0.029201702701572865
770	0.24556075165480237
771	0.2950468948161579
773	0.004942107526575135
774	0.1997323251488159
775	0.30072782317794466
778	0.038267177739408915
779	0.0015750439338432093
782	0.04777827446853836
788	0.047876113039088355
789	0.05187154216984665
793	0.05607088259954186
794	0.25363090026209695
796	0.2961752856086123
800	0.28425962959683154
801	0.5578245529719955
804	0.06524056600363387
807	0.014839466759009969
808	0.27614249305748095
809	0.04378679316060949
810	0.07945141404820619
812	0.5192191497006008
817	0.00641047839719678
819	0.059483863365043424
821	0.29712628500684823
822	0.5305341669280503
824	0.13029656950476373
825	0.08146644762148345
827	0.19311187303226762
829	0.06846892904672545
830	0.09803422784524127
837	0.11643360613713548
838	0.29797155825587507
841	0.31217193879603417
842	0.27992306669665057
844	0.21452690624034323
846	0.34128509737740453
847	0.28727360938794844
848	0.3154887062640757
853	0.04564614130178654
855	0.29124879382299157
856	0.26527720692669265
858	0.10920306013356405
859	0.22317122872056713
861	0.21238074542668212
864	0.12037965455514073
865	0.17875009586404253
866	0.4479049262093307
867	0.1343405895680707
873	0.10535742907624583
874	0.0632029079432192
876	0.03354635783088826
878	0.07098809647051321
881	0.0685448966801144
882	0.05287795863353478
887	0.3332041749158217
888	0.3434831811157352
890	0.05679659054167654
891	0.21448242427412298
892	0.055057067333154436
896	0.23261921214433545
899	0.31903850713721604
901	0.24840641768200095
903	0.33340248965514047
904	0.20110514526951942
905	0.02426588123692773
907	0.21886781276975142
909	0.20152367069824295
911	0.2945209276206583
913	0.03412574732924169
914	0.45332483968649334
915	0.0026361510098656775
916	0.05722959819340563
917	0.20778693897815761
918	0.31254154320895666
920	0.07227230804768736
921	0.31737915577448894
923	0.07231958785907161
924	0.0011455208708637393
925	0.08443447675130497
927	0.07868081249253867
928	0.022938866305346986
930	0.49483641613054397
931	0.08227810715110404
932	0.10956379764060398
935	0.2923255210096926
936	0.3042600427420636
937	0.2826122364464043
939	0.011146652444858521
941	0.10484713519341837
943	0.2691064491582316
0	0.0
0	0.0
0	0.0
0	0.0
0	0.0
0	0.0
0	0.0
0	0.0
0	0.0
0	0.0
0	0.0
0	0.0
0	0.0
0	0.0
0	0.0
0	0.0
0	0.0
0	0.0
0	0.0
0	0.0
0	0.0
0	0.0
0	0.0
0	0.0
0	0.0
0	0.0
0	0.0
0	0.0
0	0.0
0	0.0
0	0.0
0	0.0
0	0.0
0	0.0
0	0.0
0	0.0
0	0.0
0	0.0
0	0.0
0	0.0
0	0.0
0	0.0
0	0.0
0	0.0
0	0.0
0	0.0
0	0.0
0	0.0
0	0.0
0	0.0
0	0.0
0	0.0
0	0.0
0	0.0
0	0.0
0	0.0
0	0.0
0	0.0
0	0.0
0	0.0
0	0.0
0	0.0
0	0.0
0	0.0
0	0.0
0	0.0
0	0.0
0	0.0
0	0.0
0	0.0
0	0.0
0	0.0
0	0.0
0	0.0
0	0.0
0	0.0
0	0.0
0	0.0
0	0.0
0	0.0
0	0.0
0	0.0
0	0.0
0	0.0
0	0.0
0	0.0
0	0.0
0	0.0
0	0.0
0	0.0
0	0.0
0	0.0
0	0.0
0	0.0
0	0.0
0	0.0
0	0.0
0	0.0
0	0.0
0	0.0
0	0.0
0	0.0
0	0.0
0	0.0
0	0.0
0	0.0
0	0.0
0	0.0
0	0.0
0	0.0
0	0.0
0	0.0
0	0.0
0	0.0
0	0.0
0	0.0
0	0.0
0	0.0
0	0.0
0	0.0
0	0.0
0	0.0
0	0.0
0	0.0
0	0.0
0	0.0
0	0.0
0	0.0
0	0.0
0	0.0
0	0.0
0	0.0
0	0.0
0	0.0
0	0.0
0	0.0
0	0.0
0	0.0
0	0.0
0	0.0
0	0.0
0	0.0
0	0.0
0	0.0
0	0.0
0	0.0
0	0.0
0	0.0
0	0.0
0	0.0
0	0.0
0	0.0
0	0.0
0	0.0
0	0.0
0	0.0
0	0.0
0	0.0
0	0.0
0	0.0
0	0.0
0	0.0
0	0.0
0	0.0
0	0.0
0	0.0
0	0.0
0	0.0
0	0.0
0	0.0
0	0.0
0	0.0
0	0.0
0	0.0
0	0.0
0	0.0
0	0.0
0	0.0
0	0.0
0	0.0
0	0.0
0	0.0
0	0.0
0	0.0
0	0.0
0	0.0
0	0.0
0	0.0
0	0.0
0	0.0
0	0.0
0	0.0
0	0.0
0	0.0
0	0.0
0	0.0
0	0.0
0	0.0
0	0.0
0	0.0
0	0.0
0	0.0
0	0.0
0	0.0
0	0.0
0	0.0
0	0.0
0	0.0
0	0.0
0	0.0
0	0.0
0	0.0
0	0.0
0	0.0
0	0.0
0	0.0
0	0.0
0	0.0
0	0.0
0	0.0
0	0.0
0	0.0
0	0.0
0	0.0
0	0.0
0	0.0
0	0.0
0	0.0
0	0.0
0	0.0
0	0.0
0	0.0
0	0.0
0	0.0
0	0.0
0	0.0
0	0.0
0	0.0
0	0.0
0	0.0
0	0.0
0	0.0
0	0.0
0	0.0
0	0.0
0	0.0
0	0.0
0	0.0
0	0.0
0	0.0
0	0.0
0	0.0
0	0.0
0	0.0
0	0.0
0	0.0
0	0.0
0	0.0
0	0.0
0	0.0
0	0.0
0	0.0
0	0.0
0	0.0
0	0.0
0	0.0
0	0.0
0	0.0
0	0.0
0	0.0
0	0.0
0	0.0
0	0.0
0	0.0
0	0.0
0	0.0
0	0.0
0	0.0
0	0.0
0	0.0
0	0.0
0	0.0
0	0.0
0	0.0
0	0.0
0	0.0
0	0.0
0	0.0
0	0.0
0	0.0
0	0.0
0	0.0
0	0.0
0	0.0
0	0.0
0	0.0
0	0.0
0	0.0
0	0.0
0	0.0
0	0.0
0	0.0
0	0.0
0	0.0
0	0.0
0	0.0
0	0.0
0	0.0
0	0.0
0	0.0
0	0.0
0	0.0
0	0.0
0	0.0
0	0.0
0	0.0
0	0.0
0	0.0
0	0.0
0	0.0
0	0.0
0	0.0
0	0.0
0	0.0
0	0.0
0	0.0
0	0.0
0	0.0
0	0.0
0	0.0
0	0.0
0	0.0
0	0.0
0	0.0
0	0.0
0	0.0
0	0.0
0	0.0
0	0.0
0	0.0
0	0.0
0	0.0
0	0.0
0	0.0
0	0.0
0	0.0
0	0.0
0	0.0
0	0.0
0	0.0
0	0.0
0	0.0
0	0.0
0	0.0
0	0.0
0	0.0
0	0.0
0	0.0
0	0.0
0	0.0
0	0.0
0	0.0
0	0.0
0	0.0
0	0.0
0	0.0
0	0.0
0	0.0
0	0.0
0	0.0
0	0.0
0	0.0
0	0.0
0	0.0
0	0.0
0	0.0
0	0.0
0	0.0
0	0.0
0	0.0
0	0.0
0	0.0
0	0.0
0	0.0
0	0.0
0	0.0
0	0.0
0	0.0
0	0.0
0	0.0
0	0.0
0	0.0
0	0.0
0	0.0
0	0.0
0	0.0
0	0.0
0	0.0
0	0.0
0	0.0
0	0.0
0	0.0
0	0.0
0	0.0
0	0.0
0	0.0
0	0.0
0	0.0
0	0.0
0	0.0
0	0.0
0	0.0
0	0.0
0	0.0
0	0.0
0	0.0
0	0.0
0	0.0
0	0.0
0	0.0
0	0.0
0	0.0
0	0.0
0	0.0
0	0.0
0	0.0
0	0.0
0	0.0
0	0.0
0	0.0
0	0.0
0	0.0
0	0.0
0	0.0
0	0.0
0	0.0
0	0.0
0	0.0
0	0.0
0	0.0
0	0.0
0	0.0
0	0.0
0	0.0
0	0.0
0	0.0
0	0.0
0	0.0
0	0.0
0	0.0
0	0.0
0	0.0
0	0.0
0	0.0
0	0.0
0	0.0
0	0.0
0	0.0
0	0.0
