3	0.17732556860125084
4	0.5577008678769579
5	0.052085882391850045
7	0.30289180976664964
11	0.1846491623981219
13	0.0015689925991973358
16	0.2925886046581005
17	0.014149116429398215
18	0.03790339879420949
19	0.5329088448786361
20	0.05026551134979223
21	0.48613017783316115
22	0.29665723988353127
23	0.2370390801746345
24	0.241651984128946
25	0.22075035583190172
26	0.17630337486203204
27	0.08089535710255681
29	0.20509646824660804
30	0.26483449951336235
34	0.1438807610623726
38	0.2755171759476625
40	0.007833878511075157
42	0.5192814762143222
43	0.23048052880337278
46	0.23456467673260523
47	0.5634202804867972
49	0.506041507985459
50	0.5537176359888195
53	0.26093144829289916
54	0.026664990556916998
56	0.0002026238160230051
58	0.1929513593060311
61	0.21009738734815891
64	0.32405498039937963
66	0.2463175410839791
67	0.01611163477901681
68	0.011412698123067746
71	0.02167169834331165
72	0.46120495623402424
73	0.006235180577378589
74	0.037790797571698335
75	0.2979532173147896
77	0.43641686842215965
80	0.2482849169408077
81	0.2699393685571696
84	0.10284716811033683
85	0.2945887958855036
86	0.18009585314392426
88	0.4319552793626379
89	0.24140362476293703
92	0.27166130189121723
93	0.304455438978976
94	0.28331036500843626
95	0.05656871718971887
98	0.3606763709743159
99	0.21277697843195945
102	0.08191444505415772
103	0.3156697800873232
104	0.07482083637551241
105	0.21299280585547448
107	0.2877676750433625
110	0.06611062619130953
112	0.03614757703919305
115	0.005423483391108916
116	0.5252739753975206
117	0.029077297318968305
119	0.07695971675662905
120	0.42922121440250577
122	0.007429014317917287
123	0.23539614438634188
124	0.2308571991631741
129	0.008504234493370382
130	0.5454851465206798
132	0.24243529840256228
134	0.23451366082003597
135	0.2529971919347278
136	0.21469584772099243
139	0.21596898582489293
140	0.2416917001854867
142	0.3008993220905065
144	0.42338985514425415
146	0.20779140215771036
147	0.19234180165728368
149	0.020879993454853973
150	0.04499097685051982
151	0.04759237732628467
153	0.13647700587509187
156	0.23751477035551113
157	0.07013522071423871
158	0.36665063196455455
161	0.16775121971595425
162	0.48956532300100153
163	0.021116386907913613
164	0.016334360596280822
165	0.5667525618108878
166	0.13853534317149507
168	0.2074015568482851
169	0.0033130389188912868
171	0.26355588851160255
172	0.00028306452949277555
173	0.014987148805610744
174	0.04688756747832423
175	0.05918605640687485
176	0.4750915044321057
178	0.017459411900604294
179	0.006747796992248305
180	0.10650922087080085
182	0.278825355678912
183	0.22365440635847916
184	0.21949943968303526
187	0.2218993792413189
191	0.04291216656565811
192	0.5591290171481375
193	0.24137850410008163
194	0.08038829993649046
195	0.3828977814300304
198	0.27444717084570586
200	0.29234908621755706
201	0.2732164992778239
202	0.13797978210077796
203	0.1568059168088255
204	0.2410210291144364
208	0.2559621294026097
209	0.44201641327089164
210	0.008841040345016038
211	0.2114204897927673
212	0.17135308628268014
213	0.33877041330024166
214	0.7715978146765197
215	0.5510477282949943
216	0.0282474548759337
217	0.06119517726391939
220	0.4775629422594726
221	0.2786114374951509
223	0.31581931822880766
225	0.5467290109168748
227	0.3937435095716844
228	0.03275203301980094
230	0.048401020250466165
231	0.0816184211952886
233	0.22237493431040176
234	0.29379677022495765
235	0.4578614477858185
236	0.33970248883307336
237	0.5081368451907823
238	0.07082410121809109
239	0.0019316590660961377
240	0.21654193902548752
242	0.1782865517796125
243	0.38882030511079585
244	0.2724913115606825
245	0.08372289824580925
249	0.017836394572063062
250	0.5718685896283958
251	0.4201002681604308
252	0.22966241240447016
253	0.3202449583158978
256	0.011242940594556442
259	0.35743751163688414
260	0.22084629359511349
262	0.7724450158512691
263	0.01687667130705879
265	0.2504082546361965
266	0.4448027836209349
267	0.018555303910605385
269	0.17536134553783111
270	0.5560300192838777
271	0.007979957126489124
273	0.23876578932101922
276	0.23908947628525867
277	0.24755788883271165
280	0.5490723794618679
282	0.30744356008864887
284	0.22827907727996777
286	0.5027049870049073
287	0.05658213629821947
290	0.07968447514572694
291	0.2551091000066572
292	0.2531742755061092
294	0.2436210897615719
295	0.26180241112147984
296	0.04313674771691287
300	0.09664494259905522
301	0.011604149674392682
302	0.046365408380797335
303	0.2169615636912199
304	0.19234946622062177
305	0.24062369862665742
307	0.5293687202295725
314	0.30164948723392276
315	0.5825670597365359
318	0.3113090040703395
319	0.03453169105862644
321	0.3038086677212914
323	0.21935810471572814
324	0.42673126095554026
325	0.31087249450365273
327	0.5222038979420326
328	0.07575895053709858
329	0.02690571214287533
333	0.2989068531185359
335	0.014635527119062818
337	0.24668789794251678
339	0.23039390565351747
340	0.30682588693294255
341	0.22785976367714975
342	0.21806518200695765
343	0.2464318004031545
344	0.39705238863642156
345	0.29457871257014995
347	0.24317173330967745
349	0.24391185059199477
350	0.2111325879302418
351	0.3461709162393185
353	0.26718674700233297
354	0.027178550561125087
355	0.32602715386697967
357	0.25466302055725226
358	0.25559104762465656
359	0.25825996362492704
360	0.0033493813026149524
362	0.03253780092418053
364	0.022006255013115816
365	0.20532292760434137
366	0.25404028939209444
370	0.3145926447160181
371	0.30509426294520153
373	0.28456651188546905
376	0.011383970627949932
377	0.056940820968649754
378	0.3050577674469714
379	0.08261153136833158
380	0.03483084292873938
381	0.050099911891131985
382	0.43641619025676587
383	0.06522006799368028
384	0.2966409064847749
386	0.043273156426057904
390	0.29147632056966555
391	0.3057152460187268
392	0.5484942143151319
394	0.2933273952121622
398	0.10728662995205138
399	0.07077222638473508
400	0.18767523716793952
402	0.539840947988922
404	0.20517856885411367
405	0.4646332380652784
406	0.23358127518606037
407	0.3029712906752073
408	0.10862577627928179
410	0.1949700245064004
411	0.3123202941182465
412	0.31132647437248206
413	0.06293454280119254
414	0.241043481433893
415	0.22323633441797228
417	0.2999970958526926
419	0.04217825784230042
420	0.017211971499779533
423	0.24495712724845375
424	0.3139618358707921
425	0.0035655753946761334
427	0.5475448875253357
430	0.21413165250883728
431	0.006833832162416783
432	0.012323034130919758
433	0.17370721705432693
436	0.027118136433818316
438	0.463797772202373
439	0.013964813767112068
440	0.027053286732767905
442	0.33195071127191783
443	0.03708456603774554
444	0.2792173907993619
445	0.31616848191202807
449	0.020316437152963766
450	0.2606368138628053
453	0.0011203153058970995
457	0.003712905018558886
458	0.21531094243181023
459	0.0798033556625994
460	0.3251799450398449
461	0.2509316769924487
462	0.09295421704572533
464	0.5309494112060961
465	0.5486766844438971
466	0.010963402320324004
468	0.5629780528911835
474	0.012804513017242669
475	0.18391583138783824
477	0.3444694051624589
478	0.34034395648319676
480	0.2670137526976492
485	0.18563943647630451
487	0.25979250129668585
491	0.03146955839621969
493	0.0909765106794461
495	0.010087750753899553
497	0.2668978781372158
500	0.012730207318169769
503	0.289266321532576
508	0.22533151691107536
510	0.008106570667886372
516	0.022288202268448097
517	0.289542176955341
519	0.0666371771470351
520	0.29291370068407857
521	0.2879524743421698
522	0.2334321393998432
525	0.5284106420139223
526	0.19008173049505933
529	0.05353395443687348
530	0.00473064547090641
532	0.2992777620956049
534	0.03894892509715373
537	0.011326593509635354
539	0.27725384913441087
543	0.016667924511630947
549	0.27401618375528247
551	0.2603648733033417
552	0.03470045376142057
555	0.5470396401066139
556	0.31922740047481635
557	0.26577778558277304
558	0.2540351404615145
561	0.01926242285385983
562	0.06050506861362155
564	0.056872744938057246
566	0.024710911245559603
567	0.0681375819682371
569	0.5309595677404176
570	0.03728848509507736
571	0.00992612383573542
572	0.025309462485573298
573	0.018499098474907424
574	0.10991408342859285
577	0.04589002425384189
579	0.19760595762150415
581	0.2580774448330745
582	0.30945342492191436
586	0.03196763792020798
587	0.015571170509049187
588	0.07131103193606089
589	0.3320868703121014
590	0.006665307733678495
591	0.030295102011907486
594	0.042947543412087896
595	0.2733993240662265
597	0.0997321966263043
598	0.2819119803104143
599	0.4598284997524099
602	0.3167052634388458
603	0.2507025668414872
605	0.45577900932689747
606	0.060494429492427435
607	0.03264102681918117
611	0.02088502874021098
612	0.04576765886043887
614	0.496795476395018
618	0.08197283195338023
622	0.3124510383494139
624	0.019297322708683996
626	0.02346791929688647
629	0.05073566515154197
630	0.22448250568887604
631	0.3953737444578786
635	0.47267169658506425
636	0.08918626397189672
637	0.03198847521180438
639	0.06583945135392749
640	0.3330185317127268
641	0.27744515515115464
647	0.31053695335272513
649	0.4455615785319685
652	0.5807698787770089
653	0.03284593434373537
655	0.06730501007518101
656	0.14823929404111802
657	0.1678131874648961
658	0.4823261739279032
659	0.281918089395387
661	0.3294409555407695
662	0.3097404036169862
663	0.03829931815612349
664	0.5277706054563878
665	0.31216961800046583
666	0.24158689114896703
667	0.31628826910783725
669	0.30441148962826303
670	0.09684882985560662
671	0.0414660510572743
672	0.26140040058554825
673	0.012346899961027856
674	0.27768012240430084
676	0.23716443280126479
677	0.030363881170880944
678	0.3120914675618881
680	0.22505929714954978
681	0.10001933458965656
682	0.021620329435960803
683	0.5492444655965132
684	0.015163987211195863
686	0.24571508464350822
687	0.3192060642489561
688	0.21164857151274813
691	0.28309799610197217
693	0.0017560092028569493
699	0.3288100454617483
701	0.010947582048710582
702	0.023295300155810918
704	0.25385411880717357
705	0.028502993610671105
707	0.067465682599555
709	0.24341285846634747
710	0.020708740433822516
711	0.06031669326629755
713	0.1980214275102064
715	0.2430133811074798
716	0.004005062075324237
717	0.314950819381669
722	0.0030883207639600257
725	0.056349396876933494
726	0.2508002691533733
727	0.24010722495033285
728	0.08306758134921258
729	0.06709221021753184
730	0.4432628844412088
731	0.2778520563547381
732	0.02978766917000501
734	0.08843424564909094
736	0.6899280360135293
737	0.25397704627872736
739	0.2893990609897457
740	0.002869297487962337
742	0.4883545395919069
743	0.24303776758158285
746	0.06596531574378188
748	0.008791901884464909
749	0.07358825490074782
751	0.28674986617997944
752	0.003355163502533877
753	0.5682328999896668
754	0.03949386488189471
755	0.24449114353324383
756	0.31805514571690735
757	0.21684811937389542
759	0.2407732298592241
760	0.58320202659109
763	0.5021347739085039
764	0.31230597059151
765	0.23728879203672776
767	0.5363570977739146
768	0.2813860409957736
769	0.4444349445554327
770	0.5207807589986667
771	0.4617143723692659
773	0.2748069553586977
776	0.022736100078637723
777	0.41731910200139577
779	0.5201964361642075
780	0.00038264694630222446
786	0.26504503686375985
787	0.249097709509537
789	0.008716699878079763
792	0.4588119937861976
793	0.20127332464853762
794	0.2422529533457474
795	0.7398267174828866
798	0.06787496696583617
799	0.1911960445400562
800	0.3214117264660096
803	0.5335514973995363
806	0.5306730954438088
807	0.015642749591075405
808	0.2183412269204816
810	0.33997293340911794
813	0.004281384837203885
814	0.05471656506682397
815	0.07248963789193247
816	0.03456293210991142
817	0.47373586754208175
820	0.2257632591885567
821	0.05693748363456942
822	0.22356294105302832
828	0.01441407810139416
829	0.3214117264660096
831	0.24452421100358182
832	0.02700563335952909
833	0.2077168374554277
835	0.30334915690151576
836	0.0009481054254457041
837	0.2949245982527971
838	0.29639452045300096
839	0.24170146966198786
844	0.3021220258379169
845	0.14725099686553875
849	0.29147632056966555
850	0.08470270194211078
851	0.018680591351283242
852	0.21932003903786784
854	0.5211280193190492
857	0.15759683718721268
858	0.2575444230063497
859	0.24096855409348017
860	0.007561026875683389
861	0.7629463177660935
862	0.013509292755214408
865	0.03672213125088386
866	0.5639666649248325
868	0.2521392440746142
869	0.229670302934252
870	0.21659068549168156
874	0.26023092958537025
877	0.2275023440476575
878	0.009100011852077712
879	0.2676685780230506
880	0.011025450592418162
882	0.06460999234669518
883	0.20366278765333998
885	0.06337266877185038
886	0.06083624533988766
889	0.011386097945334486
891	0.5755517764170621
892	0.0007931193644770719
893	0.22185389765066837
894	0.22728201794879743
895	0.20859116696662058
896	0.08437484675161135
897	0.06840676744434014
898	0.38040693135543
899	0.08500847718333264
902	0.19281668567154733
903	0.28796028574215454
904	0.3149966681476931
905	0.005087896617846269
906	0.5158154539259701
907	0.07373751030052952
909	0.5045138288579563
910	0.7035181219165331
912	0.7063207085119075
913	0.008234373056304471
914	0.24600256583022256
917	0.5731891926381324
919	0.21050781866092375
920	0.015549632801758771
923	0.027724574074441042
924	0.3262381898377817
925	0.021203082588343074
926	0.01313901287236887
928	0.6892970004037234
929	0.014262592850817796
930	0.017758464092071678
931	0.2338703053011148
933	0.24763989308314505
934	0.0034972184260213673
936	0.031129529456077536
938	0.006742494530081765
939	0.2278258471590354
940	0.46764173831287614
941	0.19110131678703993
942	0.009250346374184135
943	0.33880623226144974
0	0.0
0	0.0
0	0.0
0	0.0
0	0.0
0	0.0
0	0.0
0	0.0
0	0.0
0	0.0
0	0.0
0	0.0
0	0.0
0	0.0
0	0.0
0	0.0
0	0.0
0	0.0
0	0.0
0	0.0
0	0.0
0	0.0
0	0.0
0	0.0
0	0.0
0	0.0
0	0.0
0	0.0
0	0.0
0	0.0
0	0.0
0	0.0
0	0.0
0	0.0
0	0.0
0	0.0
0	0.0
0	0.0
0	0.0
0	0.0
0	0.0
0	0.0
0	0.0
0	0.0
0	0.0
0	0.0
0	0.0
0	0.0
0	0.0
0	0.0
0	0.0
0	0.0
0	0.0
0	0.0
0	0.0
0	0.0
0	0.0
0	0.0
0	0.0
0	0.0
0	0.0
0	0.0
0	0.0
0	0.0
0	0.0
0	0.0
0	0.0
0	0.0
0	0.0
0	0.0
0	0.0
0	0.0
0	0.0
0	0.0
0	0.0
0	0.0
0	0.0
0	0.0
0	0.0
0	0.0
0	0.0
0	0.0
0	0.0
0	0.0
0	0.0
0	0.0
0	0.0
0	0.0
0	0.0
0	0.0
0	0.0
0	0.0
0	0.0
0	0.0
0	0.0
0	0.0
0	0.0
0	0.0
0	0.0
0	0.0
0	0.0
0	0.0
0	0.0
0	0.0
0	0.0
0	0.0
0	0.0
0	0.0
0	0.0
0	0.0
0	0.0
0	0.0
0	0.0
0	0.0
0	0.0
0	0.0
0	0.0
0	0.0
0	0.0
0	0.0
0	0.0
0	0.0
0	0.0
0	0.0
0	0.0
0	0.0
0	0.0
0	0.0
0	0.0
0	0.0
0	0.0
0	0.0
0	0.0
0	0.0
0	0.0
0	0.0
0	0.0
0	0.0
0	0.0
0	0.0
0	0.0
0	0.0
0	0.0
0	0.0
0	0.0
0	0.0
0	0.0
0	0.0
0	0.0
0	0.0
0	0.0
0	0.0
0	0.0
0	0.0
0	0.0
0	0.0
0	0.0
0	0.0
0	0.0
0	0.0
0	0.0
0	0.0
0	0.0
0	0.0
0	0.0
0	0.0
0	0.0
0	0.0
0	0.0
0	0.0
0	0.0
0	0.0
0	0.0
0	0.0
0	0.0
0	0.0
0	0.0
0	0.0
0	0.0
0	0.0
0	0.0
0	0.0
0	0.0
0	0.0
0	0.0
0	0.0
0	0.0
0	0.0
0	0.0
0	0.0
0	0.0
0	0.0
0	0.0
0	0.0
0	0.0
0	0.0
0	0.0
0	0.0
0	0.0
0	0.0
0	0.0
0	0.0
0	0.0
0	0.0
0	0.0
0	0.0
0	0.0
0	0.0
0	0.0
0	0.0
0	0.0
0	0.0
0	0.0
0	0.0
0	0.0
0	0.0
0	0.0
0	0.0
0	0.0
0	0.0
0	0.0
0	0.0
0	0.0
0	0.0
0	0.0
0	0.0
0	0.0
0	0.0
0	0.0
0	0.0
0	0.0
0	0.0
0	0.0
0	0.0
0	0.0
0	0.0
0	0.0
0	0.0
0	0.0
0	0.0
0	0.0
0	0.0
0	0.0
0	0.0
0	0.0
0	0.0
0	0.0
0	0.0
0	0.0
0	0.0
0	0.0
0	0.0
0	0.0
0	0.0
0	0.0
0	0.0
0	0.0
0	0.0
0	0.0
0	0.0
0	0.0
0	0.0
0	0.0
0	0.0
0	0.0
0	0.0
0	0.0
0	0.0
0	0.0
0	0.0
0	0.0
0	0.0
0	0.0
0	0.0
0	0.0
0	0.0
0	0.0
0	0.0
0	0.0
0	0.0
0	0.0
0	0.0
0	0.0
0	0.0
0	0.0
0	0.0
0	0.0
0	0.0
0	0.0
0	0.0
0	0.0
0	0.0
0	0.0
0	0.0
0	0.0
0	0.0
0	0.0
0	0.0
0	0.0
0	0.0
0	0.0
0	0.0
0	0.0
0	0.0
0	0.0
0	0.0
0	0.0
0	0.0
0	0.0
0	0.0
0	0.0
0	0.0
0	0.0
0	0.0
0	0.0
0	0.0
0	0.0
0	0.0
0	0.0
0	0.0
0	0.0
0	0.0
0	0.0
0	0.0
0	0.0
0	0.0
0	0.0
0	0.0
0	0.0
0	0.0
0	0.0
0	0.0
0	0.0
0	0.0
0	0.0
0	0.0
0	0.0
0	0.0
0	0.0
0	0.0
0	0.0
0	0.0
0	0.0
0	0.0
0	0.0
0	0.0
0	0.0
0	0.0
0	0.0
0	0.0
0	0.0
0	0.0
0	0.0
0	0.0
0	0.0
0	0.0
0	0.0
0	0.0
0	0.0
0	0.0
0	0.0
0	0.0
0	0.0
0	0.0
0	0.0
0	0.0
0	0.0
0	0.0
0	0.0
0	0.0
0	0.0
0	0.0
0	0.0
0	0.0
0	0.0
0	0.0
0	0.0
0	0.0
