3	0.19727045369225238
4	0.2647744974940029
5	0.0553476326886721
6	0.02205353710160535
7	0.009203245027815235
10	0.002177974859062369
11	0.05904285421976633
15	0.04517457839839188
18	0.30222843116689674
20	0.04068963798236161
22	0.061782764882035504
23	0.5423620219666482
24	0.06251331865015383
25	0.2752458389204992
26	0.027173315156552077
27	0.025310706451654112
28	0.24734294212086097
29	0.04672742650964551
30	0.25989916446592626
33	0.5250850429804539
34	0.4672763668520242
35	0.02412262632035567
37	0.02018986003731482
40	0.24989308012070444
46	0.06396891339993979
47	0.2826802030758752
48	0.229129146331709
49	0.0042511823564872625
50	0.17605226477142738
53	0.35099206283446394
54	0.01052045690849204
55	0.02685656754500753
56	0.4778819744897988
57	0.2024673257104942
58	0.2548240741375123
59	0.27310768872715957
60	0.25819257052205696
61	0.20525832574595282
62	0.06380624400918108
64	0.5226371122952672
65	0.505117865750379
66	0.3223778571904373
67	0.30981076524749535
68	0.053958905582637905
70	0.44994417098557477
71	0.022874447058423016
72	0.5504123484387747
73	0.5035108706795807
74	0.5460896401936397
75	0.09775459926420382
80	0.3457112193675301
82	0.09190727092882855
83	0.04604543114233034
84	0.008872815556327504
86	0.021345816409619252
88	0.09436917678141572
91	0.25676947905630043
92	0.07005832468212392
94	0.044120898692831305
95	0.024293798401130585
97	0.23319538162507086
98	0.09258558969809139
100	0.327542542647649
103	0.16206858716302128
105	0.5158927122769507
106	0.29411878740777697
107	0.5186316189904474
108	0.06119517726391939
109	0.01799056724265581
110	0.018672060374167444
112	0.5436797323563515
115	0.9850717020642387
117	0.2869209669745332
119	0.00255412954900628
122	2.901029166690189e-05
124	0.05422510099674517
128	0.02693885551856244
129	0.05721195843379579
131	0.012489514216529041
132	0.550920020810208
133	0.045090571519221856
135	0.06755212049214399
136	0.299227901068052
138	0.05599030070021106
139	0.5441561475316353
140	0.2993352046162514
141	0.29983419435397185
142	0.06227147744974115
143	0.5309985983387986
144	0.00308238927900812
145	0.2640683862870773
146	0.5164869619102607
149	0.06867843957624001
150	0.013921061862966481
152	0.010062552218894228
153	0.7063349461079935
154	0.046334399709247714
155	0.13562865553559605
156	0.07264654443222318
159	0.29281510963091445
160	0.05237214619664976
161	0.27016518687105096
162	0.29166284695754224
163	0.02578976835550016
164	0.7781092862920826
166	0.06250776453097123
167	0.035565126321331006
168	0.05687840363901281
169	0.059771628792576095
170	0.2763912568629545
171	0.33455397423177125
172	0.49521126893925876
173	0.5352235056865974
174	0.298215895445207
176	0.33875466413944344
177	0.30441368182803563
179	0.020445247855356556
180	0.04263606043316391
183	0.24705046059685842
186	0.2492040388956881
188	0.004038753646086017
190	0.055055591288572014
191	0.07055388048265558
192	0.3560084101533282
194	0.04101413269958201
195	0.5036619549462539
196	0.046111971927182284
198	0.2303541130342982
199	0.037756367686797444
201	0.019542125225956372
203	0.0603688657866382
204	0.06819557358922618
205	0.18911243765222088
206	0.30851194426712253
207	0.4328334838618201
208	0.10885834957895517
210	0.7565873019243632
211	0.025911273933978685
213	0.5416890125021762
214	0.07195307980511863
215	0.06039450762232597
216	0.5244493219164824
218	0.009203396066302966
219	0.25759081060614203
220	0.22074400348846496
221	0.32151116870362734
222	0.04754060290591789
225	0.06469350131018542
227	0.5309110164297067
229	0.3133532038346989
230	0.02960387800615066
232	0.011610522088577782
235	0.06241830955017036
237	0.04003998970381992
239	0.26151222460461704
240	0.28923361779301066
242	0.06146917073934119
243	0.03457021690029576
244	0.29140405604536834
246	0.026428389961230394
248	0.24512879841239538
249	0.061322066390663614
251	0.03499410779666078
255	0.48457965328312735
257	0.02061209443517193
259	0.2556813222942401
260	0.265720367804825
261	0.02456814576043633
262	0.07773887154199002
263	0.5256814224600339
265	0.29003899199227534
266	0.33447412848927166
270	0.27917142250298066
272	0.3164766633727676
274	0.2905380269340233
276	0.043989767371850626
277	0.3727104219377604
278	0.011174588376451997
279	0.031007226579789153
282	0.001528210589681639
283	0.06982210891126056
284	0.5072091352824865
285	0.30915455699238675
286	0.2684767467765732
287	0.3187661538085455
288	0.30754860922093125
289	0.14565045465860996
290	0.022882821656240546
291	0.2904846830137564
292	0.30749122723040656
295	0.013734961878514917
296	0.057216904791962966
297	0.5121670672221849
298	0.05858668909380856
300	0.30653335470990223
301	0.05430714213461457
303	0.27457818298101
304	0.029068912138391773
308	0.2399135674354868
309	0.28386157936440165
312	0.24495944442633527
313	0.25035259338132565
315	0.0724629926400471
316	0.08542287463845927
317	0.04344666283744424
318	0.541759503783141
319	0.7584516103942303
320	0.07190542920131103
324	0.056883212797732535
329	0.009597431274820913
331	0.009499603603382811
333	0.26847641644112796
334	0.25815006719960426
335	0.6026454057275148
336	0.015431344660249192
338	0.27852227000797547
339	0.2705878579085752
341	0.06849259862502481
342	0.030712654315754942
343	0.3057569773140387
344	0.0116147767265656
345	0.30059077624888175
346	0.2861438603616261
347	0.27802142618403564
348	0.018396384431747927
349	0.08750211083118317
350	0.0638914399715067
351	0.5565006627477351
352	0.0006521622017814054
353	0.3458877103787526
354	0.7722222470503629
356	0.20539422138354213
357	0.3287468804948602
358	0.17502558487199793
360	0.04452482843988458
362	0.27902807065947577
364	0.5628309273694745
365	0.26145140135719214
366	0.2788119833217697
370	0.27100669187373
371	0.25435887743871444
372	0.49492464011826093
375	0.03401481145787336
376	0.30594461825740704
377	0.08694577285863586
379	0.31839224574282377
380	0.04478195921791176
382	0.29417649062773266
385	1.866785744392141e-05
386	0.2898332901699209
388	0.01010036812463301
389	0.04988333107810359
392	0.04820644521538632
396	0.01914789797919817
397	0.25423542921845055
399	0.2545404628510953
401	0.47326695635868155
403	0.06080363161883076
404	0.04678093911728999
407	0.27297632495506735
408	0.2030933214898516
411	0.2754272515872065
412	0.2808289014878162
414	0.2956216287050327
415	0.270488993553288
417	0.05027401013930466
418	0.2817619270049032
419	0.33196096002192477
420	0.2804985063855623
421	0.06417720560179216
423	0.06110251862322748
424	0.34326430709618677
425	0.2716855668100932
426	0.24299749876426596
427	0.053861500052465705
428	0.025080030998503963
429	0.25491855866107893
430	0.5241549867661178
431	0.2629285775828384
432	0.2821259006754273
434	0.031515893613494494
435	0.0531720020045621
436	0.5379321724615931
437	0.028505412673400773
438	0.06906093347577082
440	0.2884474643265049
442	0.04706161660350522
443	0.5198039069704463
444	0.5327013796079703
449	0.28354105421156195
450	0.28367516166533946
451	0.5330020161492266
452	0.23046371327580495
453	0.2767581404897161
455	0.018920178513472538
456	0.0005269573673621492
458	0.03399039709860863
460	0.28325536774435434
461	0.11245943377197305
462	0.45195335133851133
463	0.2544090333141256
464	0.28954208959015976
465	0.29380275240922576
466	0.29751519497869167
469	0.30981652407989557
470	0.006741864937955332
472	0.055897301623511794
473	0.07358541370305292
474	0.2884056942182459
475	0.2885192198982244
476	0.3178526609115928
477	0.0064780033941572585
479	0.25840613009240243
480	0.020376474869309123
482	0.047228347350397264
484	0.005620200189404748
485	0.253705015338601
486	0.026256860485034842
487	0.06249810091716247
489	0.01647402175968954
490	0.03076594806309651
491	0.2737134050801206
492	0.07504911842016183
494	0.079929944822963
495	0.006920806633351553
496	0.2338100947265528
497	0.31002558607677544
499	0.4838026157032313
500	0.2412947876058626
501	0.27220896118806803
502	0.24986537354191132
504	0.2638006125952494
505	0.02314645245074346
507	0.27880161648206403
508	0.42936734418759936
510	0.2930115404735667
511	0.184765864223652
512	0.04886158149462114
515	0.022393856762731305
516	0.29464185378371127
518	0.05054234563295019
520	0.03284914709691927
521	0.05045941728624261
522	0.5046943647354243
524	0.2663608685764429
527	0.02527202690070806
530	0.487582952705193
531	0.2562377001630501
534	0.32239462016804943
535	0.03645569159838548
537	0.0527159859305559
538	0.2365018777992497
540	0.0620051621770049
541	0.021317940074725907
542	0.24335955779132898
543	0.479487391551402
544	0.003979067923662965
545	0.25520831235224306
546	0.059358745584634734
547	0.2507194592349913
549	0.454828735431231
550	0.22056294500356644
551	0.2770394545289402
552	0.08036030503509656
553	0.29911498622320376
556	0.08116064811890646
558	0.3566376470100202
559	0.281672048995796
560	0.053558390454618895
561	0.27762542403348234
562	0.23637357248386756
565	0.2580805374928946
566	0.5405126844935146
567	0.026810773564409737
568	0.30432070484916274
570	0.30635057754205086
572	0.057005795087757716
573	0.29055885741129794
574	0.03967937935452652
575	0.07692920074866548
578	0.06415005450462653
579	0.02053790921616512
581	0.320508612572484
582	0.13614693254421914
583	0.2613385423792683
586	0.3202208321345837
587	0.509493854599184
590	0.28300244815527786
591	0.5534968259341643
594	0.33773716185066194
595	0.01275855696885294
596	0.015088926342817367
598	0.31847089002256634
599	0.24805249998797968
600	0.22253197607437142
601	0.004382493606213105
603	0.016522689684986692
605	0.2934595123740912
607	0.3257779586018889
608	0.7538687414288341
609	0.10790260532118617
610	0.5363588724327875
611	0.5441666209787174
612	0.0407752172191649
615	0.002598497443565953
621	0.23769141748862355
622	0.06883464645094595
624	0.5068133253556192
626	0.26417682945259824
627	0.038467347455016905
628	0.5297516983703273
630	0.34975815338120564
631	0.5186279895870085
633	0.2539214775492898
634	0.2688526524996509
635	0.284005913278407
638	0.013942699433718057
639	0.27475814637912654
640	0.21125462042677887
641	0.015026790951902479
645	0.2526791643418981
647	0.04344666283744425
649	0.05348350059888675
652	0.29958723231110257
653	0.032572249383451754
655	0.23278668295283284
658	0.2546118450944941
659	0.03407059097638912
660	0.01129156529842179
662	0.3775498676195179
663	0.3342409627164145
664	0.06263044968598686
666	0.2776114589744577
667	0.5344412029998504
670	0.3005149117431087
672	0.10912339822558519
673	0.25018940389486316
674	0.3150457730234093
677	0.5091395432499489
678	0.079462765517552
686	0.523248596064765
687	0.028648288839029208
690	0.22327187864646658
691	0.30522169894224055
696	0.4890584572601498
699	0.5207975726812573
703	0.05104888266678129
704	0.2172025576543779
705	0.07360171331140036
707	0.25185848913625625
709	0.04341371587610049
710	0.5348862060388355
711	0.02776150602478219
712	0.07674330311814673
713	0.4620773542880776
714	0.011198519103025589
715	0.009179521690039664
716	0.25916218808669345
717	0.28458925834387444
718	0.29413908769374675
719	0.49516596195484225
720	0.49577494946167516
724	0.30851194426712253
725	0.3321827675365509
726	0.05164962297085966
728	0.5714263777609824
729	0.20890228837224475
732	0.04437294795343423
733	0.2373380159394959
734	0.21169855966241669
736	0.047569020160073104
737	0.09101264201398643
739	0.055078006169446254
740	0.7015989778399192
741	0.008101157800094731
742	0.31341509887618174
743	0.27332129313412296
744	0.24919119205735396
745	0.5439194913958114
748	0.04724434663072302
752	0.28293248324261777
754	0.302792223423493
755	0.2051437066569258
756	0.059265348481906614
761	0.003931227561347117
763	0.07386519815673383
766	0.20876016606849618
768	0.02987270533527317
770	0.04927481240367141
771	0.0336412451509594
776	0.06668136640071151
778	0.5700566149079955
780	0.08504864859426099
782	0.46436381097201124
783	0.05147406565200413
784	0.253839144936778
786	0.24446118789313892
787	0.07352471175988905
788	0.19783020875536525
789	0.5157543589334083
791	0.25526126517319264
792	0.06001687084271351
794	0.07530856010383087
795	0.04809750656847256
796	0.020763524849362544
798	0.0705935062740089
800	0.3050802191507689
801	0.2649520908589506
803	0.2726628249278509
804	0.24997345993917455
805	0.2203690754081088
807	0.0576830980851361
808	0.27993419328714075
809	0.33141530204726277
810	0.29794860936714307
812	0.2695869837048225
813	0.552756260374591
814	0.5662556644162524
816	0.5339242869910594
817	0.04277696515753585
818	0.05998871070644789
819	0.30473902932871333
820	0.5116520071764006
821	0.22003884906459736
822	0.35810443741761266
824	0.7595819559217746
825	0.028894963915577082
827	0.0006980785915314744
828	0.2905973679554296
829	0.05045254270193594
830	0.0034505306836577626
832	0.06774979911276954
835	0.038698278862688916
837	0.0028598014289235724
838	0.00116255262093546
840	0.226531645809879
841	0.04830380424188
843	0.0020305324754244167
846	0.2676074025234056
847	0.25928773157748514
851	0.06266366391730545
852	0.04378389930277038
853	0.2703386863481669
854	0.28105061951966304
855	0.26141804708568334
856	0.4855295208141321
858	0.27518575157158925
859	0.5448384541410902
860	0.04918573891026956
861	0.02889603438934315
863	0.2711076892170534
864	0.020047043434484935
865	0.2674062649463684
867	0.00570092679925625
868	0.05663935160567066
869	0.07239434187553881
870	0.050223942483777984
872	0.23712593092764778
873	0.5060573515361831
874	0.2591877352126963
878	0.5267427665837047
879	0.12141538036902677
880	0.5073632139181247
881	0.24161334363213413
883	0.023377635019396104
888	0.03869008137334368
889	0.2720844603020126
890	0.4843308548356093
891	0.0757616925483367
892	0.5037479760559535
897	0.010007492565960136
898	0.24303075618122177
900	0.21725078909487694
902	0.24645259500497163
904	0.015722283527132265
905	0.47485314555770275
906	0.04670584362576889
907	0.05587082380599575
908	0.009723011784350154
910	0.018609737914813337
911	0.2473234171403879
912	0.028060977026444736
913	0.49727552604232206
914	0.13286099677859567
916	0.027866911325807563
917	0.11428261779238622
918	0.23784391737130353
919	0.28127833607070185
920	0.2860951611684433
923	0.5230933774071841
925	0.7737080856622024
927	0.3201249329083319
928	0.06533764155633312
929	0.5355216910979281
930	0.2961094800128802
931	0.31177634232452023
932	0.007324118224690028
933	0.31239280485464505
934	0.2772637599105827
935	0.24670445022770113
937	0.001316703962237445
938	0.05998204359626036
939	0.051141850186822095
940	0.27615976625692373
943	0.7780684358376744
0	0.0
0	0.0
0	0.0
0	0.0
0	0.0
0	0.0
0	0.0
0	0.0
0	0.0
0	0.0
0	0.0
0	0.0
0	0.0
0	0.0
0	0.0
0	0.0
0	0.0
0	0.0
0	0.0
0	0.0
0	0.0
0	0.0
0	0.0
0	0.0
0	0.0
0	0.0
0	0.0
0	0.0
0	0.0
0	0.0
0	0.0
0	0.0
0	0.0
0	0.0
0	0.0
0	0.0
0	0.0
0	0.0
0	0.0
0	0.0
0	0.0
0	0.0
0	0.0
0	0.0
0	0.0
0	0.0
0	0.0
0	0.0
0	0.0
0	0.0
0	0.0
0	0.0
0	0.0
0	0.0
0	0.0
0	0.0
0	0.0
0	0.0
0	0.0
0	0.0
0	0.0
0	0.0
0	0.0
0	0.0
0	0.0
0	0.0
0	0.0
0	0.0
0	0.0
0	0.0
0	0.0
0	0.0
0	0.0
0	0.0
0	0.0
0	0.0
0	0.0
0	0.0
0	0.0
0	0.0
0	0.0
0	0.0
0	0.0
0	0.0
0	0.0
0	0.0
0	0.0
0	0.0
0	0.0
0	0.0
0	0.0
0	0.0
0	0.0
0	0.0
0	0.0
0	0.0
0	0.0
0	0.0
0	0.0
0	0.0
0	0.0
0	0.0
0	0.0
0	0.0
0	0.0
0	0.0
0	0.0
0	0.0
0	0.0
0	0.0
0	0.0
0	0.0
0	0.0
0	0.0
0	0.0
0	0.0
0	0.0
0	0.0
0	0.0
0	0.0
0	0.0
0	0.0
0	0.0
0	0.0
0	0.0
0	0.0
0	0.0
0	0.0
0	0.0
0	0.0
0	0.0
0	0.0
0	0.0
0	0.0
0	0.0
0	0.0
0	0.0
0	0.0
0	0.0
0	0.0
0	0.0
0	0.0
0	0.0
0	0.0
0	0.0
0	0.0
0	0.0
0	0.0
0	0.0
0	0.0
0	0.0
0	0.0
0	0.0
0	0.0
0	0.0
0	0.0
0	0.0
0	0.0
0	0.0
0	0.0
0	0.0
0	0.0
0	0.0
0	0.0
0	0.0
0	0.0
0	0.0
0	0.0
0	0.0
0	0.0
0	0.0
0	0.0
0	0.0
0	0.0
0	0.0
0	0.0
0	0.0
0	0.0
0	0.0
0	0.0
0	0.0
0	0.0
0	0.0
0	0.0
0	0.0
0	0.0
0	0.0
0	0.0
0	0.0
0	0.0
0	0.0
0	0.0
0	0.0
0	0.0
0	0.0
0	0.0
0	0.0
0	0.0
0	0.0
0	0.0
0	0.0
0	0.0
0	0.0
0	0.0
0	0.0
0	0.0
0	0.0
0	0.0
0	0.0
0	0.0
0	0.0
0	0.0
0	0.0
0	0.0
0	0.0
0	0.0
0	0.0
0	0.0
0	0.0
0	0.0
0	0.0
0	0.0
0	0.0
0	0.0
0	0.0
0	0.0
0	0.0
0	0.0
0	0.0
0	0.0
0	0.0
0	0.0
0	0.0
0	0.0
0	0.0
0	0.0
0	0.0
0	0.0
0	0.0
0	0.0
0	0.0
0	0.0
0	0.0
0	0.0
0	0.0
0	0.0
0	0.0
0	0.0
0	0.0
0	0.0
0	0.0
0	0.0
0	0.0
0	0.0
0	0.0
0	0.0
0	0.0
0	0.0
0	0.0
0	0.0
0	0.0
0	0.0
0	0.0
0	0.0
0	0.0
0	0.0
0	0.0
0	0.0
0	0.0
0	0.0
0	0.0
0	0.0
0	0.0
0	0.0
0	0.0
0	0.0
0	0.0
0	0.0
0	0.0
0	0.0
0	0.0
0	0.0
0	0.0
0	0.0
0	0.0
0	0.0
0	0.0
0	0.0
0	0.0
0	0.0
0	0.0
0	0.0
0	0.0
0	0.0
0	0.0
0	0.0
0	0.0
0	0.0
0	0.0
0	0.0
0	0.0
0	0.0
0	0.0
0	0.0
0	0.0
0	0.0
0	0.0
0	0.0
0	0.0
0	0.0
0	0.0
0	0.0
0	0.0
0	0.0
0	0.0
0	0.0
0	0.0
0	0.0
0	0.0
0	0.0
0	0.0
0	0.0
0	0.0
0	0.0
0	0.0
0	0.0
0	0.0
0	0.0
0	0.0
0	0.0
0	0.0
0	0.0
0	0.0
0	0.0
0	0.0
0	0.0
0	0.0
