1	0.2528618385158032
2	0.017359484080365136
3	0.19290961512961755
4	0.2516386983272188
5	0.34922494101897067
6	0.27027885733767365
8	0.009177916682670158
10	0.2913387323374966
12	0.2661727175812653
13	0.20919259262385012
14	0.32893794391459596
15	0.0281257642672868
18	0.5571193013212234
19	0.057002349705548544
21	0.5255303095510739
22	0.5183397341680482
23	0.2991748549669051
24	0.5587629348881034
25	0.06346123812636419
26	0.5353742149504362
27	0.269440432596403
28	0.02894545123005697
29	0.44631330946611786
31	0.242627349960002
32	0.013903280261357825
33	0.03638210310159211
34	0.4452492686412238
35	0.29544132996879796
37	0.5158705468897034
39	0.027487201447634352
40	0.2865523031040622
42	0.07109122857266159
43	0.2828335907011274
44	0.33392540285055644
45	0.28063405285831367
46	0.22885425799239983
47	0.24474234472770154
50	0.22083553527150243
51	0.03609270543519104
54	0.022405592587383057
55	0.01900501115625222
56	0.08825907361148312
57	0.2651297036545055
58	0.241390176831894
59	0.30343134273932315
60	0.3292136587020147
62	0.3136535586839169
63	0.40293668681767625
66	0.04689919712582301
68	0.22537447130938576
70	0.2803824008833825
71	0.2609464631245043
72	0.03560261553808135
73	0.376951720197849
74	0.4799653654610269
76	0.26079529326997053
79	0.02670899550795813
80	0.5258266345621122
82	0.7207406312046216
84	0.02908050349911585
86	0.04098490451693292
87	0.2652638290852294
88	0.5366912531222957
89	0.07020043921344793
90	0.03618144708455544
91	0.06168643657106005
92	0.49687731610527147
94	0.022417153206069004
95	0.010080694618948338
100	0.51722951118679
101	0.024242408004734102
102	0.014801242793991434
103	0.523393882355984
105	0.5789584116248803
106	0.12508909715245706
107	0.34492881813682014
108	0.008504234493370382
109	0.06335688254601754
110	0.2712659303050968
111	0.022329514987733143
112	0.23767349200718085
113	0.4843820042757741
114	0.2754168759612472
115	0.03802712039906042
117	0.2872050603817822
118	0.011832205526095044
119	0.030431574685785865
120	0.3065643280402371
121	0.12171880730838905
122	0.220196249957394
123	0.02676272721357493
128	0.028818902108881262
131	0.5349433321309626
132	0.5291445352765871
134	0.01551612678728597
135	0.23696270854682705
136	0.8083866112310147
138	0.30427812303807855
139	0.30816597312223126
140	0.267257078985633
141	0.03840680320164529
142	0.29837502592188025
143	0.030591517442769497
145	0.07222977119287043
147	0.25314151010091374
148	0.24603672573141014
149	0.5644646099254026
151	0.04876891445862114
152	0.015408975209566418
153	0.12148916463877726
154	0.5038217960048605
156	0.30357881501932493
157	0.04211131518170681
159	0.06886523979228411
160	0.4658170183663916
161	0.10137919163278214
164	0.0300709284537948
165	0.06710947069234821
167	0.48327984716692024
168	0.5745309028806062
170	0.10585614230810293
171	0.05786782978929876
172	0.3403190632927446
173	0.4869073775244743
174	0.7386843290912227
176	0.21059610260672482
177	0.30949322488508885
179	0.2062157664312645
182	0.02011601014657417
183	0.23068584997713468
184	0.04733254519252053
188	0.3391013664090862
189	0.030997238465901043
190	0.025735749477884054
191	0.03793419378529709
192	0.058384348626023846
193	0.03650374519251867
194	0.030303756611241822
195	0.23063517472326675
197	0.012605161695380951
198	0.05046936860572884
204	0.5586291198674032
205	0.24775484311689008
206	0.3515472628137896
207	0.3070435852761833
208	0.25466070857375483
210	0.29680146751688274
212	0.29665429021089246
214	0.03620177858258089
215	0.24579783007570372
216	0.3334669013800385
217	0.05721195843379579
218	0.5217549162256699
219	0.2531538666302907
222	0.2552957902506721
225	0.2261543991537871
226	0.06477037931991869
227	0.2102089603375311
228	0.09105004476696665
232	0.06837852762167343
233	0.27208466361817485
234	0.33532502574772705
235	0.07907175188027554
236	0.02605342441131399
237	0.2573683404646764
238	0.08594366610953079
239	0.28995650679562346
240	0.7962828168954285
241	0.3298750802479892
243	0.3436141714855236
246	0.040729385361590924
247	0.26585328391800533
248	0.05717452033367168
249	0.48129792855095216
251	0.027769508190103345
252	0.26089848806447147
253	0.23672738750136907
254	0.3049318491015146
255	0.44379731405908407
256	0.08354187378513611
257	0.25610400696942215
258	0.2957682943334965
259	0.24938726952084922
260	0.5460713560531032
261	0.2653379353625446
262	0.22962248136269736
264	0.017930147343511848
266	0.4434389542886997
267	0.2885890529899413
268	0.331796061056193
269	0.010690656908619145
270	0.06183253682870374
271	0.3246046100981802
272	0.30547376515987223
273	0.022265579694030868
274	0.07134908597961515
275	0.2526445506366777
276	0.516733600145762
277	0.23227862645326247
278	0.02379895292625717
281	0.005133163353223717
283	0.19190339734633927
284	0.49027673301995645
285	0.33389573905259573
286	0.027497771230493448
287	0.24465617108703414
291	0.2374478488097859
292	0.32878429375732166
293	0.07982076020288159
294	0.016380739235594192
296	0.5021553033763737
297	0.29378109518323364
298	0.31116059615348884
299	0.3455840182028842
301	0.0671183077498094
302	0.11367473038671314
303	0.3094011298159889
305	0.22024745048170677
306	0.24820217048675008
308	0.28080804727369135
310	0.04458446864211321
312	0.034892818323369615
313	0.3273337987910547
315	0.24271966275911475
316	0.3094221765596253
317	0.23284496914599528
319	0.23694315870771307
320	0.49120670339607947
322	0.5442308192361445
323	0.08979085244074336
324	0.01529741146722026
325	0.2675429206928243
326	0.07352949526460542
328	0.25870770556774453
329	0.31988491468253116
330	0.005906428899704913
331	0.27954932275083894
332	0.32990972765930854
333	0.018341437191353425
334	0.4780959359893007
335	0.27308481385689815
337	0.04170288821290493
338	0.23535953701978854
339	0.2699129816244541
341	0.44510694802624146
342	0.0018877058082808103
343	0.04609361504905312
344	0.04228844892064695
345	0.3313161285922667
346	0.518790681941719
347	0.2990776603427392
349	0.5122449904167347
350	0.4607721488072201
351	0.06158197798286452
352	0.512035386306924
353	0.48817820594523464
354	0.30535230963223636
357	0.26694641047999507
359	0.25242869859433303
360	0.3061153066688874
361	0.2849766261039545
362	0.6211350854193779
363	0.10149353015769849
364	0.4762391848435247
366	0.2386475548748335
367	0.5317007544965768
368	0.5219882762446266
369	0.054548123734633455
370	0.262659363712978
375	0.20652046324527445
376	0.07342100892726573
377	0.2711152762269544
378	0.0803979126711612
379	0.5648680603705675
380	0.29112155094673464
381	0.23480779026588935
382	0.2852430215811354
384	0.4796981134604236
385	0.0667289213058484
386	0.251372979728446
387	0.3357171775490795
389	0.5786085015101885
390	0.032269651434804786
391	0.017324674379403264
392	0.20479667193337214
393	0.06829529080242541
394	0.2862969761505786
395	0.07848120051020735
396	0.0326662086138199
397	0.533389820831732
399	0.5582880286404305
403	0.33683136282079407
404	0.698159543151994
406	0.3097591058600593
407	0.27766585032778346
409	0.29545670228130605
410	0.3122284072308266
411	0.33785073273457356
413	0.019214488574704258
414	0.8082213809082135
415	0.4474727397804456
416	0.08164478624978624
417	0.33174328089985455
419	0.28937710080530993
420	0.5756484285606492
421	0.320786979536792
422	0.24140321023676833
423	0.2969079198147463
424	0.28849311216890333
425	0.5561066929252069
426	0.518194895523149
427	0.03555573774005847
428	0.05455037482416221
429	0.5677457636516857
430	0.2920543962158729
431	0.31292628191184446
432	0.25883209268223833
433	0.4888145094200547
435	0.5072418482937214
436	0.27936149376889474
437	0.2164698357726132
439	0.23827645729566263
440	0.30253645564275483
441	0.02523244042216929
442	0.3050509643904168
443	0.46146760844779655
444	0.32958183372830074
446	0.009865619318373053
447	0.282286278755892
449	0.25250283001461654
450	0.5002945305802904
451	0.04715000401592688
452	0.018661330739712694
453	0.25564362547120384
456	0.49105603488466015
457	0.050607234165211894
458	0.28077099231294117
460	0.5578700530086369
461	0.008281904328641437
462	0.00837606342116878
463	0.345658566590223
464	0.2835905524264257
465	0.04464644116700314
466	0.31672197773605637
467	0.21637649228033407
469	0.5558194370908994
470	0.02774467401375326
471	0.24363222165310153
472	0.2794162482497395
474	0.5663167041560132
475	0.24591513747090413
476	0.30667180873606625
479	0.32160348692213137
480	0.23286978018380172
481	0.23981530123184588
482	0.24577758034383104
483	0.25521524673975043
484	0.4889735488569276
485	0.38070734566690795
486	0.49324133415467075
487	0.24917200241829576
488	0.05940667088935356
490	0.5568977647867415
491	0.2937372556630582
492	0.3260028762344326
494	0.00928895811178632
496	0.5588530792313557
497	0.27063320215524483
498	0.23310485817677418
499	0.24828294720678787
500	0.298601304511669
501	0.029340345722385315
502	0.28321792678302116
504	0.05778029536787255
505	0.27520546535737833
506	0.08019218628548147
507	0.03473316343465612
509	0.28646249802978746
510	0.22856267322405777
511	0.5280083625351625
512	0.06364057112673305
513	0.036498462728224323
514	0.05616756306222444
516	0.20351015893291274
519	0.07168375000047275
520	0.26465645876590527
521	0.04794564598434825
522	0.26453159096473533
524	0.31963683358471845
525	0.23343037073897696
526	0.025417866578222603
528	0.2707516592640376
529	0.2163892353331344
530	0.22699499389911568
531	0.7670639737045417
532	0.08063432348941904
533	0.057787871471680234
534	0.07180615565651653
536	0.2552304934293617
537	0.4966561189337386
538	0.2863323787023167
540	0.25416716236296155
542	0.2694959286835049
543	0.05844951427332659
544	0.5552177094375651
545	0.2575834615320134
546	0.0676020981425551
547	0.30707724009232357
548	0.033317097914757246
549	0.2938235395025764
550	0.10078206927998651
551	0.021029529248321653
552	0.27396287662245
553	0.5549323527575436
554	0.0249293298131048
556	0.08371224089164542
557	0.2811088075694758
558	0.24900825655303443
559	0.08198804986401836
560	0.47719777932039215
561	0.5631514368439923
563	0.04090844162611181
564	0.25477875928171506
565	0.07604734419530594
566	0.4682754260374459
567	0.2612754344035987
568	0.2888525665535558
569	0.3081751712023856
570	0.5271379672240211
571	0.03845598796535695
572	0.2708410435924715
573	0.5559261596069947
574	0.4683042960295327
575	0.2927171385402218
577	0.00471978766021916
578	0.24633334069546847
579	0.18354012881798298
582	0.10920557308468759
583	0.3039244524318824
584	0.024670961677756828
586	0.5142201345408641
587	0.03259841286258791
590	0.48673622096901986
591	0.0424141553726635
593	0.0052562061395586245
594	0.07709546961238883
595	0.016547878641166545
596	0.28627801477451276
598	0.2913337543577249
600	0.11560856263229549
601	0.43489048413848386
602	0.30849792244129454
603	0.22909782103457893
605	0.025187580100626484
606	0.07606106419938993
607	0.5666728130051571
608	0.24291576934655965
610	0.25101595466679294
611	0.30954224325177665
613	0.5352805164851995
614	0.22546376255627323
615	0.030549030160737012
616	0.2594306238962467
617	0.26386318331923675
619	0.08769368918160261
620	0.022516790236367417
621	0.05254154998664952
622	0.5155590552928989
623	0.03723148010020488
624	0.46100623624383935
625	0.03992912347224631
626	0.7305786829143167
627	0.5554682276843749
628	0.2775190023393211
630	0.02363152688459289
632	0.07019807033601067
634	0.5589484230172033
635	0.2973833415759808
637	0.23585341684743677
638	0.21431237079499332
639	0.571353752755868
640	0.05976448120690052
641	0.023315847567008507
642	0.27341060228276803
643	0.057105012132676616
644	0.07421560888647516
645	0.32786961232404205
646	0.007595543131497837
647	0.05574850143468907
648	0.3294926184087159
649	0.251574148713063
650	0.3272958070951461
651	0.5097607346087236
652	0.05251912822989384
653	0.3060174001481141
654	0.3495671071290956
656	0.22245749755869082
657	0.27760958118836143
658	0.24966823475842115
659	0.01591364419209588
660	0.28548674685697634
661	0.3364734783097548
662	0.26705643598627454
663	0.08605970835945959
664	0.5316197322834462
666	0.5665442523615629
667	0.3133823137158828
668	0.03270394668328255
669	0.025744006552048317
670	0.3150831929050284
672	0.332446074368076
673	0.3159843793956275
674	0.5225573210125013
675	0.38667268414220546
676	0.2342896775201965
677	0.017687311978631482
678	0.03678886156991415
679	0.266795013594571
680	0.04113887365513885
681	0.08608765309254934
682	0.30529148413648605
683	0.2776470303442542
686	0.5296181830144494
688	0.032269651434804786
689	0.24120657289777112
691	0.2441920338508397
695	0.43798534379846144
696	0.5790040744469652
697	0.5230985645925167
699	0.031243047680122517
700	0.021054470406239825
701	0.009652670770728875
703	0.060735993763114046
704	0.25173654147061003
705	0.2731008033304501
707	0.030778369774153914
708	0.2596786556005923
709	0.07041495601770878
710	0.27529156945592537
711	0.2585812398225325
712	0.254335031217186
713	0.3087644160716364
714	0.05807580554433073
715	0.021681203739150914
716	0.47041644407199495
717	0.2324640817324677
718	0.022650999751152028
719	0.04657279708083041
720	0.5867956971022232
722	0.23039036392315865
724	0.3515472628137896
725	0.5248467716791998
727	0.5392971523841175
728	0.3158166120231949
729	0.002518659794087292
731	0.228898843658803
732	0.08634038049042067
733	0.566914029706033
734	0.06021962919181334
735	0.0629258202978693
736	0.2387899259089389
737	0.5601737137333446
738	0.2991338405943146
739	0.28561637479293156
740	0.3164676672540198
741	0.3231430588910601
742	0.22865905712609602
743	0.49530034999970907
744	0.08894331505835247
745	0.33806057754927843
746	0.27846001142126003
747	0.08637873102197914
748	0.2887462299113611
749	0.26135973185298206
752	0.3239030934719161
754	0.2210010291544498
755	0.06095236534869035
756	0.5034544839478223
757	0.32280533422031604
758	0.5011939988069183
759	0.0204273035114453
762	0.317971191300723
764	0.052394279087418616
765	0.24300865936171837
766	0.3404021969701299
768	0.18627353255526458
769	0.2532240478729378
771	0.0332442244555268
772	0.32571051980040855
773	0.09274606017374622
774	0.11891723467633827
775	0.21842799183207035
776	0.08307443718286765
778	0.046355458161851895
780	0.06398787752971617
781	0.3046739794895411
783	0.07351422402528725
787	0.30558390858121504
788	0.5245875496914554
789	0.026672387213832683
790	0.020384891953678215
791	0.2766783443355876
792	0.10020893213438344
793	0.015884914691797508
794	0.21579424181122775
795	0.058078122607892704
796	0.24381148466263164
797	0.1914137259614345
798	0.06545057392769539
800	0.0322696514348048
801	0.24760423859275665
802	0.04919194232373272
803	0.017405742703457572
804	0.0835029589543814
805	0.020676725404399368
806	0.04138754368543851
807	0.5077912636053326
808	0.7257734785928547
809	0.6990792624103297
810	0.31341886645492084
812	0.21611092663443587
813	0.05329310485537171
814	0.21191065220308933
815	0.25375445991936785
816	0.019211786092027436
817	0.2469799687492091
818	0.4604182184276406
819	0.5611228897483476
820	0.3801723273118397
821	0.030378752007193175
822	0.4942242413627953
823	0.05252945661366237
824	0.09515285652974961
825	0.07465755199292175
826	0.27607716759955375
827	0.2651527123754982
828	0.582093588150817
829	0.3081751712023856
830	0.5474612181461401
832	0.25352795859797955
833	0.010621832378949779
834	0.014021354988371454
835	0.2788513528600692
836	0.30174798073093007
837	0.07310942515340574
839	0.05552213962640093
840	0.022673498160969113
841	0.7275091640388377
842	0.49428990397527417
844	0.5198055985386324
845	0.2794478731017878
846	0.5359424001731382
848	0.49084817518097124
850	0.011252356439661847
851	0.3220860509415589
852	0.2745300088296205
853	0.3022381761579328
858	0.552527001646745
859	0.2312663082413255
860	0.5121224808771285
861	0.171317643303058
862	0.2659186240112703
863	0.31476216397043977
864	0.282545577540122
865	0.35687506201001956
866	0.1324173667137301
867	0.32262027648651687
868	0.3396986627948324
869	0.08534924688305201
870	0.3005129796940665
871	0.06843638372488564
873	0.23378975771740518
874	0.5998300956232867
876	0.021370192417610907
878	0.3154949210361152
879	0.5101268628571697
880	0.5638410245522025
881	0.3551848458148652
882	0.3246259737473833
883	0.27812054868991876
884	0.18331126918666513
886	0.09147625094298685
887	0.4966671438859446
888	0.5216515179527746
889	0.061565089834708916
890	0.019111738298010043
891	0.4652540886996695
892	0.5695743697063987
893	0.2626812305271655
896	0.2518613131936504
898	0.028790572794134096
899	0.02708385542218033
900	0.2502687338292649
902	0.07851785253279228
903	0.06240621165596208
905	0.3424689487333203
906	0.25624607832311025
908	0.05868209070659192
910	0.17692475233839766
911	0.02745961875278266
913	0.28031261220043185
915	0.5559454864115108
916	0.4491600580165836
917	0.2333685860057449
918	0.03931268309911723
919	0.04704535212158971
920	0.21799083870844724
921	0.24061129170591872
922	0.09062443370447579
923	0.5015123583644171
925	0.048771608127628444
926	0.7321385315558788
927	0.3189081389546295
928	0.029709475758683226
930	0.4591055401701043
931	0.47944582467506713
932	0.34421068682367933
933	0.5716489869090132
934	0.294076377278464
935	0.27003732623595067
936	0.24468574731633239
938	0.02899173629467811
939	0.5244945103916058
940	0.2858127980438301
941	0.2973683202622127
942	0.07730473842524865
943	0.048992590000096224
0	0.0
0	0.0
0	0.0
0	0.0
0	0.0
0	0.0
0	0.0
0	0.0
0	0.0
0	0.0
0	0.0
0	0.0
0	0.0
0	0.0
0	0.0
0	0.0
0	0.0
0	0.0
0	0.0
0	0.0
0	0.0
0	0.0
0	0.0
0	0.0
0	0.0
0	0.0
0	0.0
0	0.0
0	0.0
0	0.0
0	0.0
0	0.0
0	0.0
0	0.0
0	0.0
0	0.0
0	0.0
0	0.0
0	0.0
0	0.0
0	0.0
0	0.0
0	0.0
0	0.0
0	0.0
0	0.0
0	0.0
0	0.0
0	0.0
0	0.0
0	0.0
0	0.0
0	0.0
0	0.0
0	0.0
0	0.0
0	0.0
0	0.0
0	0.0
0	0.0
0	0.0
0	0.0
0	0.0
0	0.0
0	0.0
0	0.0
0	0.0
0	0.0
0	0.0
0	0.0
0	0.0
0	0.0
0	0.0
0	0.0
0	0.0
0	0.0
0	0.0
0	0.0
0	0.0
0	0.0
0	0.0
0	0.0
0	0.0
0	0.0
0	0.0
0	0.0
0	0.0
0	0.0
0	0.0
0	0.0
0	0.0
0	0.0
0	0.0
0	0.0
0	0.0
0	0.0
0	0.0
0	0.0
0	0.0
0	0.0
0	0.0
0	0.0
0	0.0
0	0.0
0	0.0
0	0.0
0	0.0
0	0.0
0	0.0
0	0.0
0	0.0
0	0.0
0	0.0
0	0.0
0	0.0
0	0.0
0	0.0
0	0.0
0	0.0
0	0.0
0	0.0
0	0.0
0	0.0
0	0.0
0	0.0
0	0.0
0	0.0
0	0.0
0	0.0
0	0.0
0	0.0
0	0.0
0	0.0
0	0.0
0	0.0
0	0.0
0	0.0
0	0.0
0	0.0
0	0.0
0	0.0
0	0.0
0	0.0
0	0.0
0	0.0
0	0.0
0	0.0
0	0.0
0	0.0
0	0.0
0	0.0
0	0.0
0	0.0
0	0.0
0	0.0
0	0.0
0	0.0
0	0.0
0	0.0
0	0.0
0	0.0
0	0.0
0	0.0
0	0.0
0	0.0
0	0.0
0	0.0
0	0.0
0	0.0
0	0.0
0	0.0
0	0.0
0	0.0
0	0.0
0	0.0
0	0.0
0	0.0
0	0.0
0	0.0
0	0.0
0	0.0
0	0.0
0	0.0
0	0.0
0	0.0
0	0.0
0	0.0
0	0.0
0	0.0
0	0.0
0	0.0
0	0.0
0	0.0
0	0.0
0	0.0
0	0.0
0	0.0
0	0.0
0	0.0
0	0.0
0	0.0
0	0.0
0	0.0
0	0.0
0	0.0
0	0.0
0	0.0
0	0.0
0	0.0
0	0.0
0	0.0
0	0.0
0	0.0
0	0.0
0	0.0
