2	0.1359530981539091
5	0.19354336282377543
6	0.13694761540871014
7	0.16225275631403507
8	0.12154409932339583
9	0.15412749171776605
10	0.11453193867227092
12	0.502663953145146
14	0.1645897212767817
15	0.12083681055975193
18	0.49980346152611665
19	0.13086079560747846
20	0.5347966108918507
21	0.06459397239692061
22	0.13792057661082777
24	0.4968355695207686
26	0.1052532098474815
27	0.0736587098470519
28	0.1492976943141082
32	0.4765963382358554
35	0.5002772911484143
36	0.14839346754465907
37	0.4408545471523359
39	0.1131959599987731
41	0.5363588018934625
42	0.5217748627669047
43	0.12896137767008164
44	0.12884818857493832
45	0.5461501478626924
48	0.10103814975830458
51	0.564295933844092
52	0.4910919239798645
53	0.12088839632862469
54	0.156478342887693
55	0.5055346249576197
56	0.18457379447473163
57	0.17061195632611537
59	0.13460452751002241
60	0.13953051537314562
61	0.1680422041706871
62	0.12482542960117769
63	0.07816065555897367
65	0.11213177350226725
66	0.12961734689285948
67	0.11292372737509469
68	0.1010082474222796
70	0.18666443572039462
71	0.10753430378847893
73	0.18236579013340187
75	0.1146578634593765
76	0.16578921484482723
78	0.1282042032217218
79	0.4931757106627424
80	0.21263949410501112
81	0.5142577935605143
82	0.09122979397640929
83	0.12255033954337788
84	0.1674268251739326
86	0.13645318932871378
87	0.1546598844170614
88	0.18417968799714957
89	0.48298320495030256
91	0.49804087959712967
92	0.1450858927071748
93	0.09182658132855877
95	0.13843049712937575
98	0.11596389541284191
99	0.5233528078378138
100	0.12112092883278569
101	0.5410722704963837
102	0.14681463603628334
103	0.10337263620093654
104	0.06183352426493831
106	0.47190956446542887
109	0.1292512897563199
110	0.14145461002643409
112	0.12295049571148936
114	0.45353742302344563
117	0.15853989364757148
118	0.5048781642974014
119	0.1621559716573308
120	0.1495593821869428
121	0.15670975286850644
122	0.1560489874987487
123	0.47080190128831245
124	0.11030485426761863
125	0.4650131447768858
126	0.08643787163171728
127	0.14283396786732155
128	0.5385025239859021
129	0.18654617523864817
131	0.4320179380428267
133	0.45902531487132725
134	0.5327105292546301
136	0.1502387113733011
137	0.1380655487309119
138	0.4775075817736969
139	0.17992455407729244
141	0.10942121018932033
142	0.15721873906164566
143	0.1418322772556668
145	0.49851131367917456
147	0.1616307350248603
149	0.4441735748534497
151	0.12874405227046343
152	0.5099441595305565
153	0.10689681890573495
154	0.5020178729534669
156	0.4948166798248768
157	0.5474677913292176
158	0.12078789905436757
159	0.45672269240535396
160	0.12466413541504091
162	0.11510490446730477
163	0.08619298571445333
165	0.14473614787258232
166	0.23006407045678426
167	0.16122015971233525
168	0.5053526551902844
169	0.15163889799777652
170	0.47920615028009755
174	0.14520065307828334
175	0.13777387987899087
177	0.12563800274535114
178	0.12765297753562238
180	0.1322647302073526
182	0.15283267690917948
185	0.10146669293475011
186	0.11825021438575112
187	0.12772966533227217
188	0.14331735397432407
189	0.10805322548044928
190	0.45438806450173064
191	0.37898934732858636
193	0.1734294140086617
194	0.1760920628241729
197	0.5121252003525538
198	0.13069956497525906
199	0.11678969262506436
202	0.203347467855999
204	0.49437697505765527
205	0.19052967514414468
207	0.13112671958421807
209	0.07783251571753312
211	0.1697351867857118
212	0.1848497695610798
215	0.12166845724422658
216	0.14719925509477816
218	0.21137481431036906
219	0.47352743335538916
220	0.23852414664174537
222	0.1135807772748735
223	0.12529232019088565
224	0.10980280637729659
228	0.2528028261341548
229	0.4230090732507834
230	0.13273465260386036
231	0.5029674543015081
233	0.15792559974363313
234	0.14423242987084295
235	0.1653906759511498
236	0.10090603755740375
238	0.5341841800905076
240	0.13552179542605475
241	0.5386825897984853
243	0.13555050776763225
245	0.11489425588805588
246	0.19466102206856012
247	0.12820420322172182
249	0.11481872606024912
251	0.11362148196438357
252	0.14472641826330612
253	0.1555651183475925
254	0.5355275246273331
256	0.13517469277427815
257	0.44511430939070135
258	0.6086844236593233
260	0.559232400409999
261	0.4874937100333638
264	0.13309928010534586
265	0.11364871538697946
267	0.11039190421133571
268	0.1611246002603763
270	0.11670039096264259
271	0.1439104207098115
272	0.11593196436630689
273	0.09641740531582672
274	0.49035902117487845
275	0.5129884225188731
276	0.1388436964691735
278	0.4896280983485456
281	0.08220463504593983
283	0.11825880786774301
285	0.10175830980182025
287	0.11465449871744617
289	0.5553525840756186
292	0.12147928973849814
293	0.11107589049827737
294	0.16305217003596695
296	0.13667244318704572
298	0.13123524783832766
299	0.17098371827580308
300	0.23439016644457583
301	0.5163878579001744
302	0.2241944592161996
304	0.1773094173756413
305	0.0838108086130695
306	0.5692053009547748
309	0.13515176086452826
310	0.5474725992339083
311	0.111771108062856
313	0.12265606161778185
314	0.14174844539680787
316	0.11714605274570196
317	0.13078499235812946
320	0.13699593044852548
322	0.12630889769067735
323	0.16876850971923996
325	0.1388139742623557
326	0.15838373202040837
328	0.16711519207092848
329	0.11675810463159646
330	0.4758546953695771
332	0.49281348309792894
333	0.14318312674967765
334	0.0909394732446005
335	0.07566817339010388
336	0.49296619481882226
337	0.12709563945940555
340	0.11232426078980759
341	0.09128024441660518
343	0.10799952129545957
345	0.1212703676480106
346	0.17998899486371864
347	0.13219840327273713
348	0.5230495107758786
349	0.11601454055632668
351	0.11065663380549644
352	0.19837974801939584
353	0.09750297034625603
356	0.13065499108952403
357	0.13853616549266073
359	0.13424164974881425
360	0.10785505048440898
361	0.12129581158873329
362	0.45655761305369763
363	0.1445889738916438
367	0.16137707969378112
368	0.4353682493275583
369	0.504999394699902
371	0.11196299146721599
372	0.12319703085247777
373	0.10335555800698493
374	0.11593536664354193
375	0.1431799126242685
376	0.14329097438827995
377	0.11355779193370032
378	0.13447590262443312
379	0.1266418293185285
383	0.11516342008487501
386	0.43406389037993726
387	0.13051745009461055
388	0.12218840715317665
389	0.1386814854874442
391	0.10617552029196883
393	0.5095530243011703
394	0.13719236584293962
395	0.12367784742401484
396	0.46292726027610653
397	0.13243478155252547
398	0.1335242454827799
399	0.13878499874636407
400	0.11659312300007754
403	0.5160391002965229
406	0.12942789190627912
409	0.12018491978881864
410	0.5620257191023711
411	0.15482800765318813
412	0.15044964093886548
413	0.13398985512551337
414	0.10662981334671143
416	0.11307481050879743
417	0.16642079292613404
419	0.12313368908816841
420	0.48777784424742504
421	0.5512690817136875
422	0.11434630474179652
423	0.13619688249832676
426	0.1363700527021049
427	0.1235275547379394
428	0.12290218372349945
429	0.16026214168657538
431	0.4994211974629165
432	0.14393557836435347
435	0.14531122962710202
436	0.10891405683807785
438	0.1350906258713201
439	0.08512314044956441
440	0.12067370150564821
441	0.4937480159600993
442	0.10432777248930042
443	0.14205500624303166
444	0.08961963210504154
446	0.10127270164529624
447	0.11705134986700864
448	0.10214255461352204
449	0.17986833736124974
450	0.14028251320430316
451	0.1084472269337739
452	0.10315677115235701
453	0.15839792897419883
454	0.48728600953518325
455	0.11708542767289726
456	0.13084189950359087
457	0.13265186729050255
459	0.12787228369048884
460	0.12415019200078524
466	0.1636885483576371
468	0.11783451007352876
469	0.1312412090048841
470	0.5200758006186674
471	0.13158934209209863
472	0.5041815890615272
473	0.17949444566441336
474	0.14525747889628493
476	0.4330378696383591
477	0.10295544621402887
479	0.1301733065082964
481	0.12299850735753196
482	0.5010452928428474
483	0.1385031687411925
484	0.14467430913723395
486	0.11907952972893605
487	0.1290343928391097
488	0.13744771984416865
489	0.10895149494561447
490	0.12613635989450248
491	0.11349541307347506
492	0.49152073377947164
493	0.11634765104960759
494	0.10753860673333165
495	0.13815710709461973
496	0.19055508044159902
497	0.15219960940340743
502	0.15823347158340262
503	0.12295819915508081
504	0.13075164811220424
505	0.16185205763225535
506	0.15177003988577836
507	0.13283371469989866
509	0.08080309973180147
510	0.14389272697238975
511	0.21529151318184306
512	0.48541380879750373
513	0.15503361125852952
514	0.11076621339484397
515	0.0954652121554576
517	0.5402497167359238
518	0.14199551937637317
519	0.14203310919037135
520	0.5952069482706479
521	0.12164884910810264
523	0.12681314214813705
524	0.11865660609132325
525	0.1548506814646719
527	0.10642649753183282
528	0.16833061958854373
531	0.14972392783852315
532	0.12822023952999848
533	0.5063301398454703
534	0.48005694305126706
536	0.13468189022598054
537	0.12922624404028762
538	0.1414025668496373
540	0.13080280841943154
541	0.12731042412786242
544	0.42263247799570924
545	0.128706314375646
546	0.4817171765793426
547	0.14355424552049267
548	0.11764007883466775
549	0.15670975286850644
550	0.5254483563013094
552	0.49842223904350913
553	0.12935509915715449
554	0.5350935407026525
556	0.14422995855014187
557	0.16224930592017842
559	0.47266612959831034
561	0.10235979877477544
563	0.5165894110895565
564	0.14554688877117156
565	0.4978666808975097
568	0.14702661504956285
569	0.13592873654160803
573	0.1244850492631471
574	0.10454525852880131
575	0.4762136793269145
576	0.49080385608528354
577	0.14297827278657765
578	0.5373800780113404
580	0.12140131381058326
582	0.1292611618559238
583	0.12132178584644868
584	0.13818631696771672
585	0.12443112136423537
586	0.12456108607851672
588	0.138684439561423
590	0.15750381128654403
592	0.13136658755277816
593	0.13502695128223322
594	0.4934189801403762
595	0.1020062369769084
596	0.5172857659903385
597	0.10748161017972419
598	0.13608668882720837
600	0.15258333815856387
601	0.1260833834856035
602	0.16424865463465274
604	0.12043148277666191
605	0.10659625982712699
606	0.1146837571276754
607	0.12383340639880057
610	0.12324318731817069
611	0.5077946694985975
612	0.10524363835668435
613	0.10914821490778587
614	0.09635475730411772
615	0.13224574085467228
616	0.12759462957364365
617	0.04584621329074847
618	0.511838303944417
619	0.5057461126225079
620	0.5196877519842191
621	0.12304132771429058
622	0.14262401859607363
623	0.4660357335684147
625	0.12904597774530585
626	0.11763291246940097
627	0.1698787096512498
629	0.11384392088087741
630	0.1164897317228195
632	0.15403769460402636
633	0.12182757453811584
634	0.15115858410145688
636	0.12592352601739648
637	0.1865668351854653
638	0.11200264512135208
639	0.11532667565304043
640	0.1311054738459278
642	0.5178973721920125
643	0.13705321670342763
644	0.5242798420491452
645	0.13610995389840108
646	0.4763534996802883
647	0.1307849923581294
648	0.4644286405866326
650	0.13958635827047816
651	0.5174834548614698
652	0.09096625005074757
653	0.5110234438006969
654	0.4842213086209281
655	0.1372043843452189
657	0.15908610214074548
660	0.15770182746193406
661	0.12482696201507903
662	0.08905297912789746
663	0.49441266976908105
666	0.13314717844679896
667	0.15767022611299114
668	0.09639795125721258
672	0.5256234087261142
673	0.5305551235537063
674	0.11529011819302087
675	0.06501685900795573
677	0.13840530767091336
678	0.39343463811015067
679	0.5094440022407929
680	0.1230344415787959
681	0.4899083188161588
682	0.14215120620849478
683	0.10291279631818241
684	0.16266730312214775
687	0.08954122808642226
688	0.13592873654160806
689	0.47944329680240144
690	0.12468681936145103
691	0.13084125862266188
694	0.4982178743495065
696	0.1336092898388597
697	0.11498666740239691
698	0.4686050398799555
700	0.13577882234743696
701	0.13114867349853207
702	0.08744773512963346
703	0.4671665595991975
705	0.5188139417458715
706	0.1025763531529031
708	0.49871932318577944
709	0.5085991765127462
712	0.4964005706805445
714	0.5139945430031663
715	0.15855657736517892
716	0.12536881222887453
718	0.12919181472072302
719	0.11589318454071379
720	0.1711698801354992
721	0.12901682486888372
722	0.13968673809627982
723	0.5243201139255805
725	0.4725848930447484
726	0.05424382301414192
727	0.1314780757963805
728	0.09515103125253821
729	0.13775881083204086
732	0.45728422411618175
733	0.14752496045450894
734	0.1340039373438902
735	0.13592873654160803
736	0.12719991598961727
737	0.14917509269942061
738	0.1280787245302911
739	0.13589776081597693
741	0.12794585968498234
746	0.16320751233716918
747	0.13985861884111297
749	0.14018025247680063
750	0.1367585258347651
751	0.18557744959361142
754	0.13682933558081187
755	0.1608351434063488
756	0.13274728080604997
757	0.13362247629044147
758	0.1079141770157353
762	0.5025102134556484
764	0.13260633085949175
765	0.10699569836804672
766	0.14732487841582828
768	0.11778954320247104
769	0.15765708675997595
772	0.12215710508801972
773	0.15680601453079754
774	0.3481244675869134
775	0.12317806961212466
776	0.48548501591941756
778	0.11339260603690858
779	0.12670307018991975
780	0.11491099184723488
781	0.4454503449063128
783	0.11406268336124906
784	0.13175611628246992
785	0.4950427097301382
786	0.12247848607997562
787	0.1200156098058191
788	0.17740072320401917
789	0.14637540051552345
790	0.10983028333377468
791	0.49437228331596805
792	0.17818250051242432
793	0.1003201895621808
796	0.12173336380288165
797	0.4682167751975185
798	0.5282433312253864
799	0.11742022882738351
801	0.11064409043964615
802	0.5117012122731932
803	0.1377604105092331
804	0.5304349744192931
807	0.15203862559515455
809	0.06814247865540278
810	0.478144771576777
811	0.49663124158663113
812	0.13034989984939138
813	0.11404395707234291
815	0.15172685734858374
816	0.12301113382075933
818	0.09734945697104383
819	0.46661624477707786
823	0.13326133875717436
825	0.5110130854137197
826	0.11797632916515022
827	0.1031271442365181
828	0.10643847050315443
829	0.13592873654160803
830	0.1413146393966965
831	0.47170202971329694
832	0.5216683335442104
834	0.5021461846642258
835	0.11598080682185934
836	0.10859137836025584
837	0.11918108421153441
839	0.47473484041539565
841	0.11331885875181344
844	0.12435829718226266
845	0.24747908828397047
846	0.10578252892477644
849	0.13592873654160803
850	0.13782518558204873
851	0.14850713989940797
852	0.16724914519670536
853	0.10146173856560108
855	0.15703519422995327
858	0.4808129622895987
860	0.12954635250017701
862	0.14960476609743845
863	0.49906134379091305
864	0.4870285323963248
867	0.11429576476849725
868	0.14206302354753098
869	0.4874918818011211
870	0.11357429337559163
871	0.1268202292741086
872	0.5118374290059179
873	0.1616128460704889
874	0.14913327334192847
875	0.11604061902303534
876	0.48479547103624254
877	0.14362342578617918
878	0.14202367714244202
879	0.121756280121214
880	0.1244545505787309
881	0.17174600321400732
882	0.1334559325818574
885	0.10639800453049791
886	0.1278852563298428
887	0.1144024645794445
888	0.4658883065047578
889	0.13657571698463178
891	0.12000027619062562
892	0.14191791144560034
893	0.16820918655688782
895	0.18739506083666987
896	0.12655907263455096
897	0.4911183012579205
900	0.11757481066780057
901	0.1275531166024088
902	0.1606673889091458
903	0.14685419606898642
906	0.13696263109552334
908	0.1336779622535919
909	0.12431125291017121
914	0.08269238800481321
915	0.4798348864481978
916	0.11525462548642128
918	0.10892483166673853
920	0.12706308701665703
921	0.47646786737102154
922	0.41785209494831344
923	0.13016738524526913
924	0.10915104657458805
925	0.1314407931065109
926	0.11091925533616019
927	0.49946115014437664
930	0.1260184241355098
932	0.13113952379154192
933	0.13399995203003823
935	0.5110040419648098
936	0.14284699318957433
939	0.17122444954408744
941	0.15669816267845038
942	0.13497479194022236
944	0.9999999999999999
0	0.0
0	0.0
0	0.0
0	0.0
0	0.0
0	0.0
0	0.0
0	0.0
0	0.0
0	0.0
0	0.0
0	0.0
0	0.0
0	0.0
0	0.0
0	0.0
0	0.0
0	0.0
0	0.0
0	0.0
0	0.0
0	0.0
0	0.0
0	0.0
0	0.0
0	0.0
0	0.0
0	0.0
0	0.0
0	0.0
0	0.0
0	0.0
0	0.0
0	0.0
0	0.0
0	0.0
0	0.0
0	0.0
0	0.0
0	0.0
0	0.0
0	0.0
0	0.0
0	0.0
0	0.0
0	0.0
0	0.0
0	0.0
0	0.0
0	0.0
0	0.0
0	0.0
0	0.0
0	0.0
0	0.0
0	0.0
0	0.0
0	0.0
0	0.0
0	0.0
0	0.0
0	0.0
0	0.0
0	0.0
0	0.0
0	0.0
0	0.0
0	0.0
0	0.0
0	0.0
0	0.0
0	0.0
0	0.0
0	0.0
0	0.0
0	0.0
0	0.0
0	0.0
0	0.0
0	0.0
0	0.0
0	0.0
0	0.0
0	0.0
0	0.0
0	0.0
0	0.0
0	0.0
0	0.0
0	0.0
0	0.0
0	0.0
0	0.0
0	0.0
0	0.0
0	0.0
0	0.0
0	0.0
0	0.0
0	0.0
0	0.0
0	0.0
0	0.0
0	0.0
0	0.0
0	0.0
0	0.0
0	0.0
0	0.0
0	0.0
0	0.0
0	0.0
0	0.0
0	0.0
0	0.0
0	0.0
0	0.0
0	0.0
0	0.0
0	0.0
0	0.0
0	0.0
0	0.0
0	0.0
0	0.0
0	0.0
0	0.0
0	0.0
0	0.0
0	0.0
0	0.0
0	0.0
0	0.0
0	0.0
0	0.0
0	0.0
0	0.0
0	0.0
0	0.0
0	0.0
0	0.0
0	0.0
0	0.0
0	0.0
0	0.0
0	0.0
0	0.0
0	0.0
0	0.0
0	0.0
0	0.0
0	0.0
0	0.0
0	0.0
0	0.0
0	0.0
0	0.0
0	0.0
0	0.0
0	0.0
0	0.0
0	0.0
0	0.0
0	0.0
0	0.0
0	0.0
0	0.0
0	0.0
0	0.0
0	0.0
0	0.0
0	0.0
0	0.0
0	0.0
0	0.0
0	0.0
0	0.0
0	0.0
0	0.0
0	0.0
0	0.0
0	0.0
0	0.0
0	0.0
0	0.0
0	0.0
0	0.0
0	0.0
0	0.0
0	0.0
0	0.0
0	0.0
0	0.0
0	0.0
0	0.0
0	0.0
0	0.0
0	0.0
0	0.0
0	0.0
0	0.0
0	0.0
0	0.0
0	0.0
0	0.0
0	0.0
0	0.0
0	0.0
0	0.0
0	0.0
0	0.0
0	0.0
0	0.0
0	0.0
0	0.0
0	0.0
0	0.0
0	0.0
0	0.0
0	0.0
0	0.0
0	0.0
0	0.0
0	0.0
0	0.0
0	0.0
0	0.0
0	0.0
0	0.0
0	0.0
0	0.0
0	0.0
0	0.0
0	0.0
0	0.0
0	0.0
0	0.0
0	0.0
0	0.0
0	0.0
0	0.0
0	0.0
0	0.0
0	0.0
0	0.0
0	0.0
0	0.0
0	0.0
0	0.0
0	0.0
0	0.0
0	0.0
0	0.0
0	0.0
0	0.0
0	0.0
0	0.0
0	0.0
0	0.0
0	0.0
0	0.0
0	0.0
0	0.0
0	0.0
0	0.0
0	0.0
0	0.0
0	0.0
0	0.0
0	0.0
0	0.0
0	0.0
0	0.0
0	0.0
0	0.0
0	0.0
0	0.0
0	0.0
0	0.0
0	0.0
0	0.0
