3	0.22919133111650816
4	0.08687465205973792
5	0.7639525920138371
7	0.48712128766211704
8	0.45122172214964784
13	0.004490844672954963
14	0.009525934993015295
15	0.22561706023365874
17	0.26341996969616555
18	0.3482593626668766
19	0.013204154735794282
20	0.22606534976308124
21	0.25608085558752003
22	0.3231061293944979
23	0.2900961609151401
24	0.31974163633148
25	0.21915113134326974
26	0.2628681577554084
27	0.16959562267949432
28	0.254280143661586
29	0.06844444685478746
30	0.0054455375653748445
31	0.26210767345497815
32	0.4680268551503437
33	0.27638206784581365
34	0.21084624323859177
37	0.029170241768557006
40	0.016701061974948812
41	0.4565907478332946
42	0.30614447512189125
43	0.5050606697775318
45	0.22875904664552407
46	0.5090873105623515
47	0.34185182142742765
49	0.01655189259939552
51	0.24433615403894673
52	0.4853081755116645
53	0.33734448657584704
54	0.4977397551403706
55	0.2594541113358684
56	0.5547651064653565
57	0.2782511767544708
58	0.05180856640624379
59	0.30153704205218756
60	0.24266513733527686
62	0.28145859195844
64	0.30769566567674556
66	0.3050311513082498
67	0.3194889551868315
68	0.7525495975041497
70	0.06149158766011785
71	0.2455937255052208
72	0.31035380286814374
73	0.33854636491039086
74	0.1057442878606064
75	0.7721815803721231
76	0.2546119602952301
77	0.021693577993556614
79	0.2539628020686976
80	0.45203122509611543
81	0.27542723867998303
82	0.07283245124986831
84	0.25630705387140856
86	0.32713029645201336
87	0.23221890694419095
88	0.3856586620598759
89	0.5226543784031912
92	0.5721248193323071
93	0.3129383544040391
94	0.06614949987019184
96	0.21991724904360355
98	0.29648214855029925
99	0.4737148331813773
100	0.2674685654248766
101	0.22024787449291575
102	0.2348946461619166
103	0.5843524722897384
104	0.15070885561228395
105	0.09644370076639867
106	0.21778377786157868
107	0.32061342880873317
108	0.30945342492191436
109	0.2009855665155073
112	0.10498813173922489
113	0.2563001584738531
114	0.020450001897891777
115	0.070306876459604
116	0.25550823289193847
117	0.5589864892567081
118	0.0014122457612990025
119	0.054100189356960704
120	0.5319469644441114
121	0.21104393193848434
122	0.005648992873986337
123	0.2763528587085771
124	0.23102071036928812
125	0.4664203386854139
126	0.014816570728623909
128	0.25231253074668464
129	0.10920557308468759
130	0.03367692911455582
132	0.10384884380623534
133	0.24581390303514966
134	0.26576088150013916
135	0.27622521844666376
136	0.33552871546527
138	0.293141052934467
139	0.35711886859823666
140	0.31326514966232893
142	0.5459338361690736
143	0.02718154311855561
144	0.00403026788732163
145	0.0775254648140275
146	0.24076692715527453
147	0.25287201380470903
149	0.33017526945648845
152	0.010127524341809701
153	0.21174885225338666
154	0.06838969420047017
155	0.13937924707079574
156	0.32862763845167176
157	0.2729302625610952
158	0.2629442300543551
159	0.23359908655959027
160	0.04926747212976333
162	0.31636427211097135
163	0.1067168256340642
164	0.2837895819259931
165	0.45533967267765635
167	0.06030821417007224
168	0.09904161597360225
169	0.42796274461158135
170	0.2105171772368724
171	0.5477562202636347
172	0.29934679895442184
173	0.0798256368129818
174	0.36110715446551656
175	0.18828982470189384
176	0.12213810932965852
177	0.27900500682529994
178	0.46433349880253105
180	0.2569779978463113
182	0.007466532757153428
183	0.06400188435680086
184	0.015672503733268308
188	0.22542651886080503
190	0.21279857991406903
191	0.20525162906649883
192	0.15633641977649856
193	0.30537149204586783
194	0.06636459785400572
195	0.10742764117291748
197	0.190790676883959
198	0.28465035687931844
199	0.24659440975784064
200	0.22099481315949118
204	0.38282624992505826
207	0.01584740169698655
208	0.34355428619359074
209	0.053472552576338934
210	0.07379162124321714
211	0.2399575597772824
212	0.06605469069819252
213	0.09797739092414819
214	0.3232982271978463
215	0.3110303226419031
216	0.34042951860085846
217	0.13614693254421914
219	0.022713618959853382
220	0.003973798241881352
221	0.33806487858041423
222	0.24426020794842485
225	0.08745147601598165
227	0.1317016352828474
228	0.3381643420782211
229	0.032724490041071294
231	0.4978384751601916
233	0.47821504620783084
234	0.24446776599681488
235	0.5658978789940904
236	0.03188138547777073
237	0.5287114539288673
238	0.24568444583769583
239	0.28014211147848217
240	0.3253094764603532
241	0.11414351281024175
242	0.23478616762983862
243	0.23331973680898027
244	0.3303608413956305
245	0.2305054507096006
246	0.46164782323674536
247	0.24041111389161413
248	0.2358904385055971
249	0.3079890154606222
250	0.23993931737608948
251	0.22431525992320397
252	0.26139299964652923
253	0.03512458828460917
254	0.2712780029382065
256	0.029243291634069468
257	0.24328740154126682
258	0.08500402769344717
259	0.06212987455702887
260	0.3561393937359403
261	0.023258892278163367
262	0.31389012450879805
263	0.08345337624036225
265	0.04684252831821949
266	0.36108311992182607
267	0.24203512504197625
268	0.2445794253062412
269	0.003837667844233922
270	0.3141681077936156
271	0.253884570172363
272	0.053687093790177984
273	0.020419915783253664
274	0.31891854332739905
275	0.22726059021819295
276	0.5322745510824423
277	0.3116462957196948
278	0.2080775675532177
279	0.20073359611397043
280	0.024969019460831333
281	0.21950652379290295
284	0.08385158849277399
285	0.019629722216140077
286	0.07197771151956481
287	0.3498517756498035
289	0.36191552076223293
291	0.5205760245869517
292	0.5380743339940102
294	0.46263244704345247
296	0.5312483999766209
298	0.2917214026069162
299	0.2379898967143631
301	0.5413137952427354
302	0.4955231015119233
303	0.27097955527615425
305	0.29403865848557736
306	0.25832962976419643
307	0.20592515886466567
308	0.03825933222342111
309	0.2638645640100572
310	0.1663210793375336
314	0.45156811466158764
315	0.09584171267253674
316	0.022714034015869175
317	0.04214287947574831
318	0.07459091888158148
319	0.10342291650288105
320	0.07405250378002923
322	0.006697704944384424
323	0.7450375991971385
324	0.2734750301317555
325	0.2662076348107969
326	0.21999946252202848
327	0.01201141609258672
328	0.03559679076168894
329	0.4523516457423786
332	0.2783350104420081
333	0.3070842327634014
334	0.010143581121648978
336	0.5044234532202235
337	0.44402166302124574
339	0.283956923533939
341	0.09276059011326901
342	0.06912902885895814
343	0.5226379474612202
344	0.2491858030609883
345	0.5097706072060421
346	0.3035861941852372
347	0.5371895556052504
348	0.4682516351574622
349	0.3350428028450157
351	0.11168717186630898
352	0.29064160534591843
353	0.3560773221833753
354	0.09647534557391627
356	0.045536382530458684
357	0.3606893001932593
358	0.2685995889175859
359	0.49030204690110757
360	0.285408071490179
361	0.2570853876053579
362	0.35408451593516055
363	0.4135241794115274
364	0.08957778210737097
365	0.21274317014405114
366	0.31654935807922313
367	0.4870225782943714
369	0.4820294216058151
371	0.008958123778227477
373	0.010860699498836657
374	0.2015280368481761
375	0.025035627577961114
376	0.7647065606206104
377	0.08753350494209222
378	0.2562049330285832
379	0.07886816983994833
380	0.26756723412275757
382	0.08560010680036045
386	0.3264879656811715
389	0.28561435871865254
392	0.07051640992566027
393	0.2464743977065641
394	0.23396930002120755
395	0.23342997218754127
396	0.20812094344639637
397	0.04372498633082171
398	0.22281407858287522
399	0.06175244102634788
400	0.24602303575315038
402	0.2540874850172295
403	0.302196482151437
406	0.29382336091728506
407	0.049590977103858166
409	0.23861617436521554
410	0.26374252775719376
411	0.30266310461524626
412	0.31122321502701333
413	0.46607282991441756
414	0.33055700889598216
415	0.3148621255511762
416	0.19794833218192964
417	0.3299622583530837
418	0.2859818402362739
419	0.5481238675451131
420	0.32455577102701993
421	0.3012669627680934
423	0.524213583939305
424	0.09517798442138156
425	0.07264246602825233
426	0.027433040854565063
427	0.06751235092049825
429	0.3045293400778352
430	0.06151689186719171
431	0.03911977361528381
432	0.51923866159274
433	0.013563525661991892
435	0.29558548381851324
436	0.09577441810044962
438	0.5445134022644507
439	0.022725379425078247
440	0.7719681621854422
441	0.2503594070269849
442	0.2858931401298162
443	0.3444745843894266
444	0.09357528597624384
447	0.24090783828667936
449	0.568932335309295
450	0.5571046680464291
451	0.034588840348613245
453	0.3171248311954315
455	0.17711752752015897
456	0.024822839825055103
457	0.24279595336212192
458	0.05991551346162173
459	0.4279146167235239
460	0.3135928814509617
461	0.5810823272750936
463	0.1973661100219315
464	0.0819302029888277
465	0.5266593137930571
466	0.5566704173867545
468	0.4624069841596205
469	0.2842177982246809
470	0.26107579668346576
472	0.3086574721914241
473	0.028448420836723172
474	0.5344790395132349
475	0.08419465440224434
476	0.2987169259250952
479	0.2830814874973904
480	0.2608386495417729
481	0.19429967308673374
482	0.27469966272335117
483	0.4695350188990411
484	0.2745021219738656
485	0.06273411696612893
486	0.2600951011947983
487	0.5489840568316939
488	0.4618484390404935
490	0.26236331813366515
491	0.07006717913320877
492	0.5324567701315668
494	0.26703007507120924
495	0.4548503536370088
496	0.32528052149332887
497	0.5722794198719294
500	0.052303463264450574
501	0.05197166869637938
502	0.0004031190323846856
503	0.021423183749970615
504	0.0356598789966688
505	0.005773060492599222
506	0.21629067371779684
507	0.05454617216084274
508	0.012684693797902345
509	0.1572472716034336
510	0.0718415028670671
511	0.07978974121323608
512	0.29081807770063217
513	0.20523932153189506
514	0.2231100723450579
515	0.020744132217666692
516	0.26790339083095216
517	0.48748503499220425
518	0.23298474313255702
519	0.2346759626808698
520	0.3503458888196494
521	0.5216115491632065
522	0.08959530446000843
523	0.2086181180275958
524	0.0691273526581147
525	0.30250853388950893
526	0.19755490700964473
527	0.009427395621788015
528	0.020439038894466632
531	0.30815320872974444
532	0.24540080737494466
533	0.2171728733617536
534	0.3157478074099309
536	0.4468226290344617
537	0.3086448818306492
538	0.06120828329763882
540	0.509811492402311
543	0.019805271953995902
544	0.24394771528311854
546	0.524932727790574
547	0.2553339334262293
549	0.5748568780129314
550	0.26813613567566524
551	0.5204794902617196
552	0.5659001726555904
553	0.05897714043312951
554	0.48987320916041477
555	0.24594213886162528
556	0.559149378932408
557	0.03810058536573449
558	0.09901941555201894
559	0.2313956257421856
561	0.3013611030971545
563	0.46598368490801073
565	0.25192808897578184
566	0.08931368358414445
568	0.279721035205583
569	0.30193814376572337
570	0.29816570718236524
571	0.4537294073125351
573	0.31564384395383493
574	0.04149302494702266
576	0.45378930642572607
578	0.2758072754783623
579	0.028494991317122048
580	0.1899897198602572
581	0.3149636590053327
584	0.21536642379140444
586	0.3078650176091159
587	0.3156486633833038
589	0.020816223692717347
590	0.319528918027802
591	0.09696228876889368
592	0.23645118147364066
593	0.2237507360968823
594	0.5492029123641207
595	0.24740362229433388
598	0.5844923738343915
599	0.02694996730419254
600	0.03819112795895615
601	0.2347786499973451
602	0.5502899852046415
603	0.49129989663078655
605	0.5134842323085823
607	0.10232443068681787
609	0.3731326872102987
610	0.0684049581227478
611	0.3234061536442894
612	0.2799146487187326
614	0.5028007347397164
615	0.0005100357551379442
616	0.46056305987122975
618	0.22936165968678257
619	0.22834360747534013
620	0.21303161069198054
621	0.22747187339557595
622	0.33386443437758667
623	0.19374013120386174
624	0.08488603311833799
625	0.23357528456202598
626	0.31145418980234574
627	0.30122355706124027
628	0.055673866234320094
630	0.07091584274652077
631	0.10773891341816429
632	0.22561666642908418
634	0.28402717198618943
635	0.320439974371592
636	0.27113311521125344
637	0.08036701279636774
639	0.05069964019369598
640	0.26508928789196406
642	0.010719842384891102
643	0.012236584113973756
644	0.23411479362975324
645	0.025417020923796423
646	0.22705867220939951
647	0.29133212121158847
649	0.2642425238117552
652	0.3272185628757027
653	0.5253833563298197
654	0.1996452655891105
655	0.024829758614684134
656	0.17910712440633167
657	0.026965426365514793
658	0.3180834994260488
660	0.24455768569755754
661	0.5333361473208272
662	0.17186267910691572
663	0.5665602533707
664	0.07881282920126279
666	0.532760124411939
667	0.3411513011803755
670	0.06584465401374423
672	0.5615767882938154
673	0.0827186931810025
674	0.5668405483643296
675	0.276515134956356
676	0.27724606153767933
677	0.06948984747977399
678	0.3160439069781409
679	0.2553211699170248
680	0.448362498276728
681	0.24013149205578857
682	0.5265481877170878
683	0.2712130772356519
684	0.6933764195113645
686	0.09461436082473385
688	0.010853370202575527
689	0.23241520083905784
691	0.5722789584179662
692	0.21664391491301208
693	0.004427792187434436
694	0.22071062122023744
695	0.30947719862611967
696	0.2957014735312608
697	0.21650523433589092
698	0.22064607814218049
699	0.32498004644569256
700	0.2260459920928698
701	0.6973457312038942
702	0.22898534449816338
703	0.5297902867599381
704	0.05374959653962242
705	0.323964602387705
706	0.20259486687456857
708	0.22510564713957465
709	0.5482339965331584
710	0.08709920990711416
712	0.2902646094580332
713	0.06485288563695446
714	0.21660528951831243
715	0.2850161912866268
716	0.2983855886171019
717	0.0903209255398989
719	0.01224052527230042
720	0.31942489068162044
721	0.19743009847252063
722	0.24247000115274894
723	0.23149375893411592
725	0.36468511026753897
726	0.18183474867725793
727	0.23800947721733026
728	0.5887055049750627
730	0.4688862726595853
732	0.33037291298786453
733	0.29060595831025376
734	0.007337267002475563
735	0.23098064007023422
736	0.5561488673961867
737	0.3609516136691815
738	0.23392323552663963
739	0.026996508586757846
740	0.06742503299796468
741	0.011554138040828985
742	0.3420682699729235
743	0.300341888838048
745	0.041962760040565296
746	0.020699337772164605
747	0.0036297693145461926
748	0.2725522613202666
749	0.0073808840857961105
750	0.20291226141130897
751	0.23918096408676084
752	0.03886887664191465
754	0.3168481851709687
755	0.28358802478865064
756	0.29216989389515124
757	0.25293463220528584
759	0.20284245418985383
760	0.2112896146736012
762	0.179076258925956
763	0.07117958294582787
764	0.011206111982899458
765	0.03632586535979674
766	0.2427658183586593
767	0.024744830843924613
768	0.13129875732240456
769	0.26782207198141766
770	0.07185266928492884
772	0.44118099830185764
773	0.2524833357260756
774	0.0713752405910722
776	0.5325705195555871
777	0.257885452120482
778	0.08707538955407107
780	0.2923706785162228
781	0.48419795834656365
783	0.2598331644109701
785	0.45913306780346697
786	0.010541036803730246
787	0.5356764079130618
788	0.04948467018072225
789	0.31503896450563645
791	0.5437974087448536
792	0.7758318922587555
793	0.17513736572168928
794	0.3066690275447524
795	0.29293093596508435
797	0.5357061311581544
798	0.2821530315149326
799	0.24919616478222617
800	0.2852422605432553
802	0.013982089198814322
803	0.5385342115152527
804	0.04543642304018755
805	0.04805738728671263
806	0.25052275221840925
807	0.3286104098407007
808	0.08262497796797225
809	0.05510412954772842
810	0.32752689589866285
811	0.2567834981724226
813	0.5203941121244116
814	0.12358759463466107
815	0.045522552717612665
816	0.10475038303698497
817	0.08523723144265082
818	0.22209497869011074
819	0.06762479069652402
820	0.2943849864574166
822	0.06959300603921528
823	0.014926592341732318
824	0.2644059687681012
825	0.20326103510757934
826	0.22112795639690055
828	0.5020213576769703
829	0.5165994994831693
830	0.011713858172848583
831	0.483037160131425
832	0.5422455496543335
833	0.02851142426480658
834	0.23262821890717117
835	0.2852286780106214
836	0.07057178147483244
837	0.20322581512264615
838	0.0076758050002156165
839	0.30135704713518474
841	0.06134975775811979
844	0.2937101377500189
845	0.06778910278278419
846	0.028430444343397265
847	0.23656289062895675
849	0.4456419957876801
850	0.22460953231703715
851	0.5458730098437273
852	0.3262918399863264
854	0.07821616944268944
856	0.01158281518779964
857	0.11419252110044201
858	0.29379441278365603
859	0.10469459961822358
860	0.5219895430833266
861	0.05036248321269118
862	0.48522803067481923
863	0.31803892332315487
864	0.05790257237873697
865	0.09858247774512988
867	0.2094103489396332
868	0.7467319763247011
869	0.30418400089757186
870	0.27198451086602066
871	0.24270604466310206
872	0.2653715480919349
873	0.06200845794192765
874	0.2937051677520248
875	0.1854562018620022
876	0.25383615297834183
877	0.4855424482633176
878	0.31504229400231487
879	0.5852763047459129
880	0.3059516460497438
881	0.24887666313923448
882	0.024393346354972895
883	0.046907490752366464
884	0.2870843629779312
886	0.2135559668236027
888	0.028208649067385985
889	0.5205657844889702
891	0.3260594572050536
892	0.30419222095968584
893	0.5303760174279871
894	0.019787794462635643
895	0.6918517127797688
897	0.0007506348373590641
898	0.2560059666586421
900	0.45657374646641036
902	0.03532566591004528
903	0.026408023111253842
905	0.2715339299072481
906	0.3074712370611291
908	0.027282133714437853
910	0.29683598248590903
913	0.07207280737432618
915	0.04423371942846832
916	0.2717832730529177
917	0.3173174004500373
919	0.0800220358950098
920	0.316518351259163
922	0.19003117069900397
923	0.3294334106372135
924	0.1908130960481127
925	0.08870203025922987
926	0.31079884894458454
927	0.28998912972374896
928	0.3191384220642709
929	0.2894930882571662
930	0.06251479194544536
931	0.09617403650382676
932	0.23509085903080834
933	0.5427305677658547
934	0.27793239452006785
935	0.0344501424411656
936	0.27720514274318614
937	0.23483517358990366
938	0.47681242760873543
939	0.5335147470315008
940	0.31164725073888766
941	0.24532010099047996
942	0.4643542363403537
943	0.11666735750563284
0	0.0
0	0.0
0	0.0
0	0.0
0	0.0
0	0.0
0	0.0
0	0.0
0	0.0
0	0.0
0	0.0
0	0.0
0	0.0
0	0.0
0	0.0
0	0.0
0	0.0
0	0.0
0	0.0
0	0.0
0	0.0
0	0.0
0	0.0
0	0.0
0	0.0
0	0.0
0	0.0
0	0.0
0	0.0
0	0.0
0	0.0
0	0.0
0	0.0
0	0.0
0	0.0
0	0.0
0	0.0
0	0.0
0	0.0
0	0.0
0	0.0
0	0.0
0	0.0
0	0.0
0	0.0
0	0.0
0	0.0
0	0.0
0	0.0
0	0.0
0	0.0
0	0.0
0	0.0
0	0.0
0	0.0
0	0.0
0	0.0
0	0.0
0	0.0
0	0.0
0	0.0
0	0.0
0	0.0
0	0.0
0	0.0
0	0.0
0	0.0
0	0.0
0	0.0
0	0.0
0	0.0
0	0.0
0	0.0
0	0.0
0	0.0
0	0.0
0	0.0
0	0.0
0	0.0
0	0.0
0	0.0
0	0.0
0	0.0
0	0.0
0	0.0
0	0.0
0	0.0
0	0.0
0	0.0
0	0.0
0	0.0
0	0.0
0	0.0
0	0.0
0	0.0
0	0.0
0	0.0
0	0.0
0	0.0
0	0.0
0	0.0
0	0.0
0	0.0
0	0.0
0	0.0
0	0.0
0	0.0
0	0.0
0	0.0
0	0.0
0	0.0
0	0.0
0	0.0
0	0.0
0	0.0
0	0.0
0	0.0
0	0.0
0	0.0
0	0.0
0	0.0
0	0.0
0	0.0
0	0.0
0	0.0
0	0.0
0	0.0
0	0.0
0	0.0
0	0.0
0	0.0
0	0.0
0	0.0
0	0.0
0	0.0
0	0.0
0	0.0
0	0.0
0	0.0
0	0.0
0	0.0
0	0.0
0	0.0
0	0.0
0	0.0
0	0.0
0	0.0
0	0.0
0	0.0
0	0.0
0	0.0
0	0.0
0	0.0
0	0.0
0	0.0
0	0.0
0	0.0
0	0.0
0	0.0
0	0.0
0	0.0
0	0.0
0	0.0
0	0.0
0	0.0
0	0.0
0	0.0
0	0.0
0	0.0
0	0.0
0	0.0
0	0.0
0	0.0
0	0.0
0	0.0
0	0.0
0	0.0
0	0.0
0	0.0
0	0.0
0	0.0
0	0.0
0	0.0
0	0.0
0	0.0
0	0.0
0	0.0
0	0.0
0	0.0
0	0.0
0	0.0
0	0.0
