3	0.1803552831817131
4	0.23787663469096298
5	0.33812175554821
10	0.03005543285197724
11	0.0011605428749636368
12	0.2644728012128459
14	0.07142033411328401
15	0.0033245689978782106
18	0.5232301329627286
19	0.33477910341784783
20	0.045676977093779006
21	0.18233012525584183
22	0.04819385739106072
23	0.05700808434591269
24	0.7472494663620847
25	0.049860983794003846
26	0.2413352687034991
27	0.08463596730525277
29	0.0002889656645194416
30	0.06733057678812088
32	0.008738463810015494
33	0.035971586335150726
34	0.20382780263053543
35	0.5042827222319257
36	0.46704681699859363
37	0.23995339552347042
40	0.024139393964552166
41	0.28408807458401836
42	0.5128699293936623
43	0.2604575886439372
44	0.02933534620690964
45	0.0575888923110863
46	0.0036633806836226523
47	0.23203580125722137
50	0.027183754772805636
51	0.06938254649635
52	0.25561282351226794
53	0.25276154304248843
55	0.02792840541393249
56	0.07644594152012157
57	0.07108313382149484
58	0.22910026253899846
59	0.29375134992593144
60	0.0670707046338263
61	0.19203054793650526
62	0.5403197079342605
65	0.01726889496403065
66	0.24909606303978246
68	0.025183179854812596
70	0.07396707052186846
71	0.03176994394596774
72	0.27788168184322076
73	0.3662536865547903
74	0.04173277853396756
75	0.02068079933477156
76	0.04473659156978632
77	0.004479614901780626
79	0.023941153014035335
80	0.3286510132373358
81	0.27363319745789644
82	0.3041021638034317
83	0.021387512873104034
86	0.23208339456642027
88	0.5516134865918686
89	0.5299203054955373
91	0.2733682978128624
92	0.06116066913112285
95	0.04089371213243044
97	0.022158458070641093
98	0.007520859349600943
99	0.28544113531489856
100	0.31651716085937587
101	0.05646146870436921
103	0.3267761395309461
105	0.2706533250575914
106	0.3156124087052681
107	0.33066172934951826
108	0.2074015568482851
109	0.05298572974005624
110	0.3097795766031305
112	0.2470414848351825
113	0.006804321908228619
115	0.037624519969992144
117	0.08398824266547124
118	0.026716916002640735
120	0.5232226227040574
121	0.34110648549718353
122	0.24929201528277004
123	0.48721447745603746
125	0.0010744066560697436
127	0.008629963396441703
128	0.0504612448365277
129	0.5745309028806062
131	0.4925188977643506
132	0.26475621092645385
134	0.3183741039150272
135	0.02111852633703746
136	0.5327710753289909
138	0.5046512414623833
139	0.28539099155520475
140	0.2676659117249726
141	0.05526003932496605
142	0.0822999152276813
143	0.25395037829917305
144	0.012431522279238452
145	0.26380296634991796
146	0.03267660542124015
147	0.31186666586681894
149	0.2636343203388147
151	0.2750885622859858
152	0.030360819398424686
153	0.30670081000554317
154	0.49369998481606847
156	0.4998319142250812
157	0.059385243263555064
159	0.267586983749728
160	0.030961434447699103
162	0.24524600835155386
164	0.02963939362304193
165	0.042889361285202376
166	0.21876582270994185
167	0.04692795582250638
170	0.3081531708550394
171	0.044195206603161105
172	0.07568467234617961
173	0.042338338366684394
174	0.3034960601749447
175	0.07291722525187648
176	0.2755258058054715
177	0.04492448684864861
179	0.0372419596437452
182	0.05036193567010854
183	0.03863962018277668
184	0.02668158642201458
185	0.2421090745023521
186	0.02990454376847851
187	0.24497284860504467
188	0.07067922050367309
189	0.03175171405071278
190	0.002188114457600459
191	0.2101133121969787
192	0.046776769350544756
193	0.07063002346897898
195	0.06080041820679333
197	0.03787461080875448
198	0.04008564194819286
201	0.02168849490044159
202	0.22613076447250355
204	0.5051628955153449
205	0.4494659598602927
206	0.35260725560654893
207	0.0282577299098671
208	0.060040203679087155
209	0.40809284182403005
210	0.03997692908486093
211	0.07121897466747826
212	0.275580479647264
214	0.03579052307700069
215	0.31635773410502077
216	0.06435363126466152
217	0.05687840363901281
218	0.09904294875826261
219	0.26823404958838404
220	0.2497010785086682
222	0.022232604040196016
224	0.23995074721450713
225	0.024903809739608283
227	0.029634058395915847
228	0.235924310860972
230	0.04614994152707297
231	0.03236240036663373
232	0.03111354113528387
233	0.04700897478025165
234	0.06710209548476141
235	0.30764461030893375
236	0.006659365372381425
237	0.014423281966750013
238	0.2900798806059665
239	0.014482997452721174
240	0.503580504780145
241	0.2508102227824013
243	0.5539071945016507
247	0.028452574450336835
249	0.03822041421573657
251	0.2642902485949449
252	0.3165530070602417
253	0.29999303659848997
254	0.3050481531259339
255	0.227795407700798
256	0.05025514238717006
257	0.2540618328542816
258	0.32917889450008125
259	0.013966479165949945
260	0.740102684036275
261	0.23841826168521013
262	0.01658166075345144
264	0.009976855968893451
265	0.27848008706833444
266	0.22260860099215687
267	0.014278573322320513
268	0.05309414287821742
270	0.31065353330381096
271	0.05033229974544085
272	0.2590954595540848
273	0.20980355475702084
274	0.26193638475886927
275	0.2509929524977859
276	0.04551843695863985
277	0.04002994448122961
278	0.017482793395506104
283	0.20938644537778855
284	0.21760891760085846
285	0.25583713189933316
286	0.25223338647859317
287	0.26906129637557813
289	0.10138567778495675
291	0.038003123234544495
292	0.31957308420751995
294	0.11227371262559283
296	0.30341144256635977
297	0.04121326280532564
298	0.5440183314008412
299	0.07236386478135684
300	0.11081619353542087
301	0.2774537892224027
302	0.10091571814791592
303	0.032736508831259205
304	0.2460521649647362
305	0.2002050508078642
306	0.29189803767562106
307	0.014250932762133014
308	0.013736018466350669
309	0.21323602001071734
310	0.06039500606724235
313	0.05568478571236885
314	0.05336523050849753
315	0.0025559628190782585
316	0.32524237354345703
319	0.03292078302827323
320	0.05400350713058603
322	0.2564808312302878
323	0.31640374175700986
324	0.2477480010382952
329	0.05190667409914411
330	0.008011176453744114
332	0.26755299133809773
333	0.24247675779486078
334	0.20840467663843268
335	0.4444662208574016
336	0.022647363699396603
337	0.30571237342272906
339	0.025166128763630526
341	0.14922407080324532
343	0.03625653317039726
345	0.3221317837764635
346	0.3194182234598923
347	0.2894833614698872
348	0.045156109685054235
349	0.2621834085850213
350	0.5165339493106055
351	0.2663250959624117
352	0.08246647196395107
353	0.25584768094662086
354	0.06255389292362742
357	0.30379740976461156
358	0.022965335245807152
359	0.048764069979434395
360	0.02181550562972471
361	0.03087989520859718
362	0.5054296646068585
363	0.06112012676813383
364	0.04995875967654083
366	0.02688493759887854
367	0.061760728808107644
368	0.25330769191806013
369	0.03314762488424976
370	0.2445473404452291
371	0.03097500598237278
372	0.012727060075287167
373	0.0034189928769794292
376	0.06268735606603923
377	0.2811358810329799
379	0.3090080000479826
380	0.023948247001310312
382	0.5256938540675341
383	0.043815750380036336
384	0.006314724133742396
386	0.4367278708035756
387	0.04535422091285665
389	0.2985567083793374
390	0.031844404932440534
391	0.20611963158570693
392	0.020483445523443375
393	0.2742859875227987
396	0.2180416259465363
397	0.2570513232449568
399	0.2853625795719795
400	0.22052584634152592
403	0.7671249995062943
404	0.5086904534255028
406	0.3002463487530953
407	0.024131902998777117
409	0.02848481125496892
410	0.3015075086589991
411	0.3277414459056246
412	0.00834042600190995
414	0.5070951930888188
415	0.2322790980196815
417	0.06571617790383363
419	0.07688961458642185
420	0.5070662622570985
421	0.2971306936256843
422	0.23453493456438934
423	0.30925346480130084
424	0.10724869740019831
425	0.2581675126803824
426	0.05141762316851679
427	0.23442767036254802
428	0.23706033583027955
429	0.30102522877714055
430	0.2925524924875723
431	0.5068395119547748
432	0.04276049285217587
434	0.004442451257170254
435	0.3078678835170825
436	0.24411002885279234
437	0.26300662298047633
438	0.23874068774087498
439	0.19298112900236564
440	0.29325106787169153
441	0.25348916989482306
442	0.026922364467088143
443	0.26773663174212736
444	0.5064280219726583
445	0.33457265023591987
447	0.021957317526780665
449	0.06818266242382814
450	0.294761264304543
451	0.24995228500716085
452	0.008926315908634797
453	0.0618467526418297
454	0.2368526186849394
456	0.04950189893699669
458	0.24529850131867204
460	0.29539583975663536
461	0.007775497060643774
463	0.04324072108189714
464	0.019238580869873158
465	0.04426536275907168
466	0.06386165542168928
467	0.017726679500653774
468	0.033943762518115886
469	0.2975860600503195
470	0.040512530971183666
471	0.2543644943548069
472	0.28739637946888646
473	0.022443963296067775
474	0.31356930105194275
475	0.4643457209190084
476	0.4945792691156291
479	0.035406317862630765
480	0.2907311777472525
481	0.04876288667444048
482	0.2527150599526966
483	0.03394732337005074
484	0.04886023723444022
485	0.24724483144514564
486	0.2604281453876791
487	0.044291204535103226
490	0.2750282198039973
491	0.23474741412723646
492	0.529440217872167
494	0.199101809736974
496	0.0905599519763991
497	0.07180269233180338
500	0.02222755310984327
501	0.27575084080968826
502	0.0837639889457794
503	0.03767950824115433
504	0.04733675865764353
505	0.07435166185367745
507	0.0055969480317573095
508	0.055175818754604186
510	0.0009888484966824665
511	0.30029928718893706
512	0.25611516621589203
516	0.0057378393271165055
517	0.05663566357167872
520	0.31008862716926056
521	0.03774443533067365
522	0.25181508579186046
524	0.04656884339206191
525	0.3265424676130607
529	0.000755140945752495
530	0.020826485516031765
531	0.2940241499950072
533	0.26898191170205166
534	0.27309550746888733
537	0.037098082404527444
538	0.5087639861793398
539	0.032799854085264105
540	0.05424933582000732
542	0.03149174061974437
544	0.19955077762143164
545	0.05851222812568038
546	0.2721321343493374
547	0.24304959942208407
549	0.2835347052115481
550	0.2901029216678786
551	0.020564953813314323
552	0.2830477431761946
553	0.2849387854265268
554	0.04996125192547554
556	0.07298973980973159
557	0.0651989100625365
558	0.051582213054762335
559	0.27752160502896706
560	0.031051560969513593
561	0.2680935916919591
562	0.04365615771041202
563	0.03835244938773019
564	0.03197845482553127
565	0.27606591496434607
566	0.025633691257078834
567	0.008342891017279176
568	0.04346414695600065
569	0.29847382928202737
570	0.07128758069975673
572	0.08057793264633167
573	0.297637516932231
574	0.020807610567458897
575	0.4947325998401564
576	0.01836088854739193
578	0.2880971430151952
579	0.24786118648526317
582	0.09904161597360225
583	0.28151093081974754
584	0.05566364938028484
586	0.3117538956280648
590	0.3056476887551099
591	0.04202579255247708
594	0.2907544714574426
595	0.006838404206412567
596	0.29818813741310835
597	0.2120294221075384
598	0.09094586248436985
599	0.02638365043313448
601	0.2455954615770286
602	0.11133388136833397
605	0.2653966079158891
607	0.5446266899916963
608	0.007836122439965086
610	0.04678273900807724
611	0.524699635612422
613	0.26081829400443374
614	0.501227910002884
615	0.010698108983172902
618	0.0323037389513076
619	0.029900487892959866
620	0.037581701573470516
621	0.04232949985980454
622	0.06109790877196919
623	0.235594779580778
624	0.013531341878020835
625	0.029474518411545345
626	0.24771288230839383
627	0.3131095463757692
628	0.031844404932440534
629	0.041182411793138265
630	0.21921967485901261
632	0.05915259157235624
633	0.23876024952880706
634	0.29366144475809375
635	0.29790024737483345
636	0.0035729719324910543
637	0.300455959688125
639	0.27078614619757524
640	0.049323825096155655
641	0.03179579499558245
642	0.2728652793014303
643	0.05568931585249816
644	0.2672588231897553
645	0.08082294387945332
646	0.01265035753342086
647	0.04529935420503511
648	0.2409862954696245
649	0.5062058932103879
650	0.07420708579540114
651	0.2699713583618872
652	0.24538072480610384
653	0.5083430569612658
654	0.25830431532434284
657	0.2757901955266548
658	0.26490984127612704
659	0.044754048169044554
660	0.0774866750846379
661	0.07704452970076076
662	0.27011250739417864
663	0.28587137761610504
664	0.260415229899445
666	0.2882902676226696
667	0.3031005727763084
669	0.025298418839202426
670	0.04858497668348447
672	0.5341089230410673
673	0.5008582255204445
674	0.3137896014445222
675	0.15003056145984908
676	0.02338537710860221
677	0.2390156426693222
678	0.4964415661625592
679	0.03161797353094602
680	0.27213528610720594
681	0.029742204655797033
682	0.04884155108945086
683	0.24325109038132264
686	0.27845434304683275
688	0.2386531251010304
689	0.25687117995257136
690	0.25294032155058543
691	0.0455002696582702
694	0.023513059885608936
695	0.011501891190277672
696	0.29907646931428794
697	0.03037195026962647
698	0.0034925999691969647
699	0.030814350675685335
700	0.040589570771785155
703	0.25576847281405946
705	0.28747204591850584
708	0.2534425612316644
709	0.26954204387391767
710	0.024345516620167602
712	0.2657961341652641
713	0.23279273874529177
714	0.27558557962423974
715	0.07319756922017812
716	0.2719329948908523
718	0.05912625182209319
719	0.0365205282883673
720	0.308114189493384
722	0.32514261355019053
723	0.038340513217852284
724	0.35260725560654893
725	0.5398206894067505
726	0.0010508290551490898
727	0.022481561790244325
728	0.30736276102638316
729	0.022025539807965226
730	0.008806713875954907
731	0.007627902046513771
732	0.5308144136929002
733	0.2743749438960428
734	0.04969275639038392
735	0.29847382928202737
736	0.4910081722891781
737	0.30283092070162015
739	0.4927117120571716
740	0.012030279493268882
741	0.06757401687568135
742	0.2891548107643558
743	0.024112810745770156
744	0.03268900116606026
745	0.07391967355572157
748	0.03016177399962751
749	0.06038669360350874
750	0.07027016066119374
751	0.07176420213702284
752	0.26647447122667384
753	0.0069498721195327545
754	0.2523595930892163
755	0.30250032992499815
756	0.30682173881984925
757	0.2790362362638801
758	0.23513878899642335
759	0.2699196951452239
762	0.28203222561003577
763	0.027262959605885286
764	0.0510306852139297
765	0.2699696445492526
766	0.05823906973836746
768	0.43876289305206917
769	0.30358432358867704
770	0.011511325849186224
771	0.2584811825284386
772	0.038218572944918164
774	0.10616882945746439
775	0.2176739558098151
776	0.2684904451311546
777	0.006139286970654346
778	0.2519829120764519
779	0.21301863374516314
780	0.29019795313654695
781	0.2314561593873037
783	0.00020051458390688004
784	0.007925142609019206
785	0.022483252250805975
786	0.04374144479108277
787	0.30809018073035255
788	0.06713200746463535
789	0.25269793639470356
791	0.4863139683806013
792	0.33511886238748434
793	0.2589682243488688
794	0.019434913607144177
795	0.01288323752892083
796	0.007408582504806742
797	0.3699831425236271
798	0.27879290429241965
799	0.2174043049664756
800	0.031844404932440534
801	0.22511766610785988
802	0.031176325938761053
803	0.006673862733610415
804	0.291171965650137
806	0.04099621921800418
807	0.056931242246974684
808	0.2452675590383109
809	0.2651538515580064
810	0.5138626915777977
811	0.025396480507205978
812	0.2290077233549009
813	0.04331451718013539
816	0.019976431538672564
817	0.2853137225897564
819	0.4879615670936505
820	0.07937424722655162
822	0.29581228876008275
824	0.09495776052306752
825	0.28876958351891757
828	0.2921266622326607
829	0.29847382928202737
830	0.08123591477991082
831	0.26324426146072705
832	0.2711411746110373
833	0.0031540990385033815
834	0.027112901203202984
835	0.021963037662834355
836	0.220219998968659
837	0.3085994115060737
838	0.021811102563271425
839	0.5037781004217072
840	0.027649119903655567
841	0.27850274634248373
842	0.010888832463367328
844	0.2904011307155561
845	0.3384673343708241
846	0.26548713876634905
848	0.020083031534968723
849	0.05235436065163949
851	0.06490500419460737
852	0.29704667265296647
853	0.452329806912669
854	0.04368130974736783
855	0.03375274829510775
858	0.7552638315567642
859	0.010242749391243752
860	0.03886666481506593
861	0.25318742175490505
863	0.5064766690750607
864	0.4791205053878914
865	0.04721806414423235
867	0.05253357871929251
868	0.05491309526808633
869	0.5313118763880759
870	0.27141671951785107
872	0.03478394719662961
873	0.2874060367806808
874	0.30858859201503624
876	0.018441039395883613
877	0.05747554816453371
878	0.3056571882886138
879	0.30265757734731846
880	0.296474274628659
881	0.08883716774734216
882	0.0437198601185378
883	0.23563021885437854
884	0.004380858501795856
887	0.051127143501752584
888	0.5148795667379353
889	0.05098431403528783
891	0.2636048700829833
892	0.28328896938984477
893	0.3050653827193206
895	0.09640556271724329
897	0.018184646860558252
900	0.24106767232719217
902	0.29742908250440336
903	0.28008856377220026
905	0.02220061347419971
906	0.2868806532370308
908	0.03962515074448388
909	0.26712113024561907
910	0.26316394808159604
911	0.014035379357748026
912	0.010361948430220185
913	0.004738285529767454
915	0.24273607940930791
916	0.020018318660027477
917	0.024771620921793042
919	0.01981493110565139
920	0.24521199229269458
921	0.25174632919871665
922	0.21547003294727293
923	0.3008716527551525
924	0.07938733805723909
925	0.26609595893337545
926	0.27723582497433275
927	0.5261570392821843
928	0.2633993746142882
930	0.2527110261198221
931	0.2963529024113916
932	0.06710630993142415
933	0.3158886071841854
934	0.03311613851567161
935	0.2729621890913422
936	0.04414611484828582
939	0.2964337289629653
940	0.2980977254178215
941	0.3151855881372587
943	0.048627682972866
0	0.0
0	0.0
0	0.0
0	0.0
0	0.0
0	0.0
0	0.0
0	0.0
0	0.0
0	0.0
0	0.0
0	0.0
0	0.0
0	0.0
0	0.0
0	0.0
0	0.0
0	0.0
0	0.0
0	0.0
0	0.0
0	0.0
0	0.0
0	0.0
0	0.0
0	0.0
0	0.0
0	0.0
0	0.0
0	0.0
0	0.0
0	0.0
0	0.0
0	0.0
0	0.0
0	0.0
0	0.0
0	0.0
0	0.0
0	0.0
0	0.0
0	0.0
0	0.0
0	0.0
0	0.0
0	0.0
0	0.0
0	0.0
0	0.0
0	0.0
0	0.0
0	0.0
0	0.0
0	0.0
0	0.0
0	0.0
0	0.0
0	0.0
0	0.0
0	0.0
0	0.0
0	0.0
0	0.0
0	0.0
0	0.0
0	0.0
0	0.0
0	0.0
0	0.0
0	0.0
0	0.0
0	0.0
0	0.0
0	0.0
0	0.0
0	0.0
0	0.0
0	0.0
0	0.0
0	0.0
0	0.0
0	0.0
0	0.0
0	0.0
0	0.0
0	0.0
0	0.0
0	0.0
0	0.0
0	0.0
0	0.0
0	0.0
0	0.0
0	0.0
0	0.0
0	0.0
0	0.0
0	0.0
0	0.0
0	0.0
0	0.0
0	0.0
0	0.0
0	0.0
0	0.0
0	0.0
0	0.0
0	0.0
0	0.0
0	0.0
0	0.0
0	0.0
0	0.0
0	0.0
0	0.0
0	0.0
0	0.0
0	0.0
0	0.0
0	0.0
0	0.0
0	0.0
0	0.0
0	0.0
0	0.0
0	0.0
0	0.0
0	0.0
0	0.0
0	0.0
0	0.0
0	0.0
0	0.0
0	0.0
0	0.0
0	0.0
0	0.0
0	0.0
0	0.0
0	0.0
0	0.0
0	0.0
0	0.0
0	0.0
0	0.0
0	0.0
0	0.0
0	0.0
0	0.0
0	0.0
0	0.0
0	0.0
0	0.0
0	0.0
0	0.0
0	0.0
0	0.0
0	0.0
0	0.0
0	0.0
0	0.0
0	0.0
0	0.0
0	0.0
0	0.0
0	0.0
0	0.0
0	0.0
0	0.0
0	0.0
0	0.0
0	0.0
0	0.0
0	0.0
0	0.0
0	0.0
0	0.0
0	0.0
0	0.0
0	0.0
0	0.0
0	0.0
0	0.0
0	0.0
0	0.0
0	0.0
0	0.0
0	0.0
0	0.0
0	0.0
0	0.0
0	0.0
0	0.0
0	0.0
0	0.0
0	0.0
0	0.0
0	0.0
0	0.0
0	0.0
0	0.0
0	0.0
0	0.0
0	0.0
0	0.0
0	0.0
0	0.0
0	0.0
0	0.0
0	0.0
0	0.0
0	0.0
0	0.0
0	0.0
0	0.0
0	0.0
0	0.0
0	0.0
0	0.0
0	0.0
0	0.0
