1	0.2561018671363823
3	0.5778410293857325
4	0.5548966011486637
5	0.026400661173016128
8	0.24912083187715447
9	0.1978754558079721
11	0.40120064770042496
12	0.011589237849721074
15	0.05573003877068616
17	0.5142028805047675
18	0.050682587647334125
22	0.2391752428656688
23	0.012179387465024304
24	0.020492676118916708
25	0.21359154287092103
26	0.20373867882974928
27	0.4743981299207769
28	0.23965988134668745
29	0.4766059289508704
31	0.5481681582314292
32	0.26980621064354277
33	0.02468829070529298
34	0.44236936095630985
37	0.03638469844421882
40	0.023400641388564236
43	0.007206960566709775
46	0.7330900076542421
47	0.5180462710416844
48	0.03309944486273226
49	0.09456284333750034
50	0.426743637772346
52	0.015494735174559758
53	0.07352809878508333
54	0.23997994231466
55	0.01886433477076599
56	0.24229902220421554
57	0.22963331869554354
58	0.4980412850291598
59	0.029290369765380665
62	0.29738460047435655
63	0.3738734761363518
64	0.26010549107346126
66	0.49990365367867184
67	0.2539580632435106
68	0.4544437128562467
69	0.2847103568248608
70	0.00752763326014445
71	0.51048930198162
72	0.030332398215646567
73	0.26013713224122914
74	0.2721924245771564
75	0.2690638719030137
76	0.43641688024184555
77	0.20407930385782558
78	0.016865228722708916
79	0.31148467276393055
80	0.4817744230918781
81	0.019090068924440567
82	0.018432988339726668
85	0.03496446964685755
86	0.2965512929419784
87	0.26175262330566473
88	0.48757026712910495
89	0.03560904577073574
92	0.25708392244216677
93	0.17506842562541897
94	0.3185709494089562
98	0.05988370799757067
100	0.23069741223407705
102	0.0008717733225161381
103	0.7418798714200989
105	0.23908019378103923
107	0.5240824002004789
108	0.2422529533457474
112	0.2883091228570809
113	0.4522350000863208
115	0.01719149896958562
116	0.19440290465965865
117	0.26868702318198534
118	0.26790723653062054
119	0.27576323970984923
120	0.25714811658868436
122	0.2461987704245217
124	0.27202594954430986
126	0.22347442909955986
127	0.2130583966228172
128	0.0035060537028036853
129	0.21579424181122775
131	0.25659974666344887
132	0.2695675172660497
133	0.0026790779801745754
135	0.5186181293625419
136	0.2407788122207045
138	0.024817837104838085
139	0.24150566708486298
140	0.04728537568667335
142	0.48891450424823835
144	0.2747708423027627
147	0.19514606651139477
148	0.22990893092712453
149	0.27300871591280523
152	0.004613316452023914
153	0.15105679963728513
154	0.24765805276783526
155	0.19857817725834048
156	0.26493945624397214
157	0.0029431824016731313
160	0.27897681166926375
161	0.4197139821473915
162	0.0174809203123001
163	0.5349113565961884
164	0.02826582031176684
166	0.18869284721925966
167	0.010386885119080723
168	0.019434913607144177
169	0.011338282012757973
171	0.5478546763137562
172	0.012734523779340375
173	0.2584945664488731
174	0.2988109858090259
176	0.49624912588680903
180	0.048775515733185976
183	0.46133124545175763
184	0.04193026908920207
187	0.25251077932936267
189	0.05073820446264796
190	0.1979036512887387
191	0.060569005325872116
192	0.5572820198146947
193	0.013488807790976408
194	0.003687931160302853
195	0.24827993986024394
196	0.7064535959007893
198	0.3429381560463114
199	0.28491410028773045
203	0.39787084880833
204	0.4931092365208487
208	0.4994836110459959
209	0.2583391483496866
210	0.020611872934957483
212	0.2546944455225628
213	0.26685369947422405
214	0.03995121274535529
215	0.24485198171159628
216	0.04053699990493037
217	0.07530856010383087
219	0.0007272145068761421
220	0.19874299233674408
221	0.541693998968957
222	0.3408480008245705
225	0.49198679826598474
226	0.2380505467546843
227	0.28641820123758743
229	0.010509107941563043
231	0.011617234810662323
233	0.248944014929506
235	0.2949204517741497
237	0.25698443281167194
239	0.508302663755268
240	0.24234700828599715
241	0.24239677519966724
242	0.014906231651742513
244	0.26839765480429506
246	0.19163958732901645
247	0.7480417020016702
249	0.2548987174547796
254	0.21277544944662094
255	0.16917455793008204
257	0.009385238772669835
258	0.21556848429920636
259	0.010351756429586592
260	0.24658798064136384
261	0.260638187267792
262	0.5180353434289915
263	0.25088897691734435
266	0.7249167352100347
269	0.10377696947063061
270	0.033334813412168485
271	0.03762364116971617
273	0.3185890972287335
274	0.03683529582324953
275	0.2216853690931535
276	0.2332940775302316
277	0.6958794871032229
278	0.017546915182546086
279	0.002841409490155343
281	0.07466767858501795
282	0.25068900244934733
283	0.21903246310535807
284	0.25437689367010363
286	0.32701723643240455
287	0.2859745633502105
288	0.28683404698831366
289	0.09136472313780258
291	0.26386524285907487
292	0.28549861284403977
294	0.1814813627100609
296	0.025877719612106803
297	0.060400650175786726
300	0.11389297420554849
301	0.2514701569541091
302	0.016536159062242994
303	0.010319473792291214
304	0.24801307578982637
305	0.2973257350427259
306	0.18016695011130987
308	0.0714861455049906
309	0.03635077385835273
310	0.21764711723278057
311	0.07514019714453023
315	0.5125935259442231
317	0.03288487993240055
318	0.2501219536773554
319	0.28764456407319383
320	0.01763896434953064
323	0.007842511722817563
324	0.24541890294457536
325	0.0015509937642144075
326	0.05182714687244139
327	0.026106327729525036
328	0.037470960274106034
330	0.0562223960476954
333	0.020094569489404555
334	0.05191006919734799
335	0.03854815956602583
336	0.03868451577594598
337	0.21999520011474216
338	0.20283982413019774
339	0.31055375137005065
341	0.4696706503425908
342	0.07367383294138594
343	0.026337264470694524
344	0.29152916477752083
345	0.2371678320043966
346	0.008675144650461493
347	0.03838307287316578
349	0.7688524050947456
350	0.2374955656630648
351	0.05442513270668682
352	0.2293657789286874
353	0.5442610300256914
354	0.03996468889935457
355	0.48065693320354397
356	0.30705760125494896
357	0.29005046358877545
358	0.0003307567263303099
359	0.46519311956160786
360	0.25618896850767814
361	0.04360905252470619
362	0.046176092617077294
364	0.23771459770511968
366	0.5153600631020184
367	0.2331315926158593
368	0.06302184381590875
369	0.2534899036538801
373	0.07126396784037892
374	0.10544735912194683
375	0.2527654288147185
376	0.2572327460861851
377	0.2987143049350662
380	0.0748992460176206
381	0.49833621796808186
382	0.24834277964082865
384	0.22855454024810398
386	0.054900802939001736
387	0.004358499269607175
389	0.26729689367682397
391	0.2717078178623394
392	0.23556826448775325
400	0.250918934430881
404	0.21206507775157707
406	0.05442282640182611
409	0.0056919829396776325
410	0.22993447594370842
412	0.2661178175826203
413	0.24376156489040582
414	0.2688526273954702
415	0.48896204290996165
416	0.07162148881269587
417	0.020132867647708566
418	0.10720469364067986
419	0.2947078109670818
420	0.029334997251533202
421	0.003897707568872418
422	0.00869632125977957
423	0.03104114787932459
424	0.25243924724706257
425	0.24424496287120265
426	0.0007557134901554595
427	0.029694679370737727
429	0.000467393105884277
430	0.010710325537506546
431	0.022234670660160372
432	0.2660682482553264
433	0.43458871054898784
435	0.23995489370793038
436	0.039756679426746315
437	0.2389464084122792
438	0.2758214669620255
439	0.28964561450684406
440	0.26745115827934585
441	0.011262605762495072
442	0.01606819111226896
443	0.2661415999458425
444	0.3094501507142873
447	0.3073782753889185
448	0.0421098935456367
449	0.4631139635274376
450	0.26284756314035307
451	0.0037425724252467055
452	0.07279411008164252
453	0.5087868678820529
454	0.07234582096138395
456	0.29042443654873956
457	0.07210395437429672
458	0.05485103889782685
460	0.02853675902979803
461	0.3142765867472863
463	0.4229217637087191
464	0.25200150852247827
465	0.2567223204167508
466	0.25660915366690873
467	0.08884477763047502
471	0.24927549868014817
472	0.262181359773845
473	0.2647349248692126
474	0.024755565592261036
475	0.010514054111027453
476	0.044075804803700346
477	0.25372949232947983
478	0.25261294363614556
479	0.268087495517336
482	0.018257136214219774
483	0.46570902678734954
484	0.2541340405221309
486	0.12881349954338678
487	0.26127785347364485
488	0.003478168708854888
489	0.06998510435401363
490	0.26180975988267596
492	0.05571376052223454
494	0.23772569747207042
496	0.22817106399549736
497	0.25438992463250026
498	0.04058669506244221
501	0.017578806332591707
504	0.06528212593994498
507	0.019228515916518432
510	0.2753940872814889
511	0.23216368030795728
514	0.01769333335037077
516	0.22279560832392503
517	0.0025519932713592083
518	0.3138283615752583
520	0.19576783732747305
521	0.559041833459644
522	0.26051164394016435
523	0.028652170032031618
526	0.23622571842629092
527	0.08199439656546491
529	0.0012363183627022295
530	0.24695082985999928
531	0.23473614741036125
533	0.03889330152872279
535	0.006249347818464375
537	0.5181471300567226
540	0.2504577149122942
542	0.09491281465911817
544	0.19911629990150834
546	0.0404331617580586
547	0.2122732201945983
549	0.005020740699676264
551	0.02732216447783397
552	0.49724543057454057
554	0.22236047235236728
555	0.21406497679625539
556	0.3137461970675888
557	0.011923001846707595
558	0.7366250834738006
560	0.28626598749891974
561	0.0314287825245536
563	0.2632505770554862
564	0.2144533427790497
565	0.003327226952819253
566	0.2506666174825094
567	0.06298258265266739
568	0.002664734447480766
570	0.2514520518840259
572	0.25363090026209695
573	0.030664850926419206
574	0.01116125027806647
577	0.06808279209644966
578	0.013685381370826293
581	0.24522070318578174
582	0.3066690275447524
585	0.23466482874321787
586	0.035392133514202444
587	0.2720770528767948
588	0.07360849971313155
590	0.5042297342569236
591	0.28811219841317204
592	0.08107232493876061
593	0.004557040910948659
594	0.05626960300454946
595	0.32172763054543907
598	0.299671262173459
599	0.02158700864710658
601	0.5414657561540129
602	0.05137403406135785
603	0.41975197624247607
604	0.3056155092941531
605	0.010679846033429634
607	0.3189279725147027
609	0.34797069291207433
610	0.024370253669868256
611	0.0332154360473864
614	0.17121856747413072
616	0.22583242773591594
622	0.2528104292728565
624	0.25729854690786147
626	0.2304482350371282
627	0.00892996187056861
628	0.020652450355817517
630	0.019111418925254864
631	0.2569619713832665
634	0.001763104542906676
635	0.031515135740473654
636	0.29115775290773005
642	0.002738966840861508
644	0.0008576439678803019
645	0.055529521406921314
646	0.32213351398521733
650	0.02607595203304551
652	0.03353861832387389
655	0.04174094901714928
656	0.4405648951991369
657	0.23097554149311839
658	0.007448250102616551
660	0.012454373689432481
662	0.5458066476075707
663	0.2754979569997793
664	0.025330440072869772
666	0.024568840155554526
667	0.03570981794357734
671	0.22577602124604187
672	0.2894024809077274
673	0.027312985788397245
674	0.30235382056081317
675	0.24346167301750532
676	0.0018018197617773873
679	0.010707911810630518
681	0.04048806067239211
682	0.014500787044875
684	0.2813141976908917
686	0.27350975748841844
687	0.25214634657081036
688	0.017441349236664166
689	0.006708650973321267
691	0.2551659746677773
693	0.2459024992691305
695	0.426078371626655
696	0.007008201643668832
697	0.2169367344382851
699	0.2775087599948177
700	0.26568722903115394
701	0.2585670076630317
702	0.0032702567851280936
703	0.027164457480360674
705	0.018420814507423194
706	0.023411218384818622
708	0.022296635161722762
709	0.013104340993411692
710	0.03281014726912401
711	0.2527770067250404
712	0.019921277485766258
713	0.013724606313900642
716	0.5534162678312784
717	0.2556591806328965
718	0.2002820297029912
720	0.006956029976251898
721	0.06935137855468894
722	0.21184136729577893
725	0.28258553891817556
728	0.09828217840435717
730	0.22306273940911275
731	0.2313999916411236
733	0.26783379722999856
735	0.038634616623075865
736	0.21531424114301673
737	0.5395354816247163
739	0.014014872122346353
740	0.014582972258897639
741	0.035768649959059005
742	0.2731562250739291
743	0.24561410394040395
748	0.2777693263456964
754	0.27538246608600503
756	0.008221043391970547
758	0.06783538245683723
760	0.16896908824960327
763	0.11813979853709172
765	0.5377388890254516
768	0.0018577288640057657
769	0.20329627752543855
770	0.5325307549624003
773	0.05103220765364104
774	0.2373385565370124
775	0.0027704036027465864
776	0.03492468240306494
777	0.008076624194090117
778	0.044521889343052394
781	0.020401209454702515
783	0.028576373241859767
787	0.2603855272363423
789	0.2700254563822528
791	0.2705168439513555
792	0.240530732536157
793	0.07970131361657622
795	0.017548875818696633
797	0.20477596680382115
799	0.25238983013880256
800	0.020652450355817503
801	0.23824893462083463
803	0.00849636557501994
805	0.29297873594762963
807	0.5275030327004342
808	0.4645451882778083
809	0.017748267752091835
810	0.03977839135104476
813	0.2511884608368379
814	0.28611345078431416
815	0.001833533796293224
816	0.2959941076484969
817	0.2769223245916568
818	0.17628733273683342
820	0.06408462981245408
821	0.0569704469194129
822	0.2544903487228879
823	0.0547398314483366
824	0.00761832775553202
826	0.2093623954411168
827	0.0026359607177021335
828	0.23681332555829565
831	0.00905102207118657
832	0.2647271100314391
833	0.03207876271725119
835	0.009541664695586406
836	0.2740465037815868
838	0.01368299414013497
839	0.06524885653959685
841	0.29307488279288896
842	0.43824194418848006
843	0.047802248580040674
844	0.28540934023673686
845	0.1442450633481898
846	0.07556444880693722
847	0.24186605450279478
848	0.21482460840064774
851	0.5241468527780498
852	0.014406457392927414
854	0.023940361065967225
856	0.2359156641568913
857	0.5379673039954226
858	0.28681887748272383
859	0.5133738712704248
860	0.4658287212868369
861	0.4292770786878367
862	0.23900716451923676
863	0.02931811031735096
864	0.08758147457122362
865	0.3884858956180614
866	0.38589683542922054
867	0.2663204831500885
868	0.23061318318293525
871	0.012067783132782423
872	0.007056836364413437
873	0.22486388719389186
875	0.052562486411573205
876	0.29511688712818474
877	0.007926069968997453
878	0.020705762313358023
879	0.7352332750064435
880	0.02270505754370427
884	0.45097038122631883
886	0.026821619078210828
887	0.03423690905978436
888	0.23426242635190375
889	0.32202185478092915
891	0.47438362213108715
892	0.011903256969675872
893	0.0005144473313526479
894	0.046696194692840275
895	0.0019474237633237447
896	0.035688116243905464
898	0.01511161681391806
900	0.1917083180122432
902	0.00035996893014576814
903	0.05047406177789255
904	0.21661395332530753
905	0.2260993763409757
906	0.259684958712539
907	0.286830691329083
908	0.05809421169754166
909	0.24957417500492324
910	0.4333877778644596
913	0.019753532875356396
914	0.16976901576894932
915	0.2324544950115624
916	0.5420739398860687
917	0.542343778273871
918	0.07095332210838441
919	0.3084830504399453
920	0.4932290637353811
923	0.26576307772445507
924	0.013990985372271645
925	0.03356649684344426
926	0.48454421939756837
927	0.01555936466297158
928	0.5363401367306779
929	0.2427129270038043
930	0.2499343666268486
931	0.2576158257409426
932	0.023828762661304185
933	0.04367058049130433
934	0.015070768138361425
935	0.012072781651278414
936	0.2858833064768572
937	0.018566186714229167
938	0.020851516705459216
939	0.7023263349599338
940	0.00996922697297109
943	0.05833736111945952
0	0.0
0	0.0
0	0.0
0	0.0
0	0.0
0	0.0
0	0.0
0	0.0
0	0.0
0	0.0
0	0.0
0	0.0
0	0.0
0	0.0
0	0.0
0	0.0
0	0.0
0	0.0
0	0.0
0	0.0
0	0.0
0	0.0
0	0.0
0	0.0
0	0.0
0	0.0
0	0.0
0	0.0
0	0.0
0	0.0
0	0.0
0	0.0
0	0.0
0	0.0
0	0.0
0	0.0
0	0.0
0	0.0
0	0.0
0	0.0
0	0.0
0	0.0
0	0.0
0	0.0
0	0.0
0	0.0
0	0.0
0	0.0
0	0.0
0	0.0
0	0.0
0	0.0
0	0.0
0	0.0
0	0.0
0	0.0
0	0.0
0	0.0
0	0.0
0	0.0
0	0.0
0	0.0
0	0.0
0	0.0
0	0.0
0	0.0
0	0.0
0	0.0
0	0.0
0	0.0
0	0.0
0	0.0
0	0.0
0	0.0
0	0.0
0	0.0
0	0.0
0	0.0
0	0.0
0	0.0
0	0.0
0	0.0
0	0.0
0	0.0
0	0.0
0	0.0
0	0.0
0	0.0
0	0.0
0	0.0
0	0.0
0	0.0
0	0.0
0	0.0
0	0.0
0	0.0
0	0.0
0	0.0
0	0.0
0	0.0
0	0.0
0	0.0
0	0.0
0	0.0
0	0.0
0	0.0
0	0.0
0	0.0
0	0.0
0	0.0
0	0.0
0	0.0
0	0.0
0	0.0
0	0.0
0	0.0
0	0.0
0	0.0
0	0.0
0	0.0
0	0.0
0	0.0
0	0.0
0	0.0
0	0.0
0	0.0
0	0.0
0	0.0
0	0.0
0	0.0
0	0.0
0	0.0
0	0.0
0	0.0
0	0.0
0	0.0
0	0.0
0	0.0
0	0.0
0	0.0
0	0.0
0	0.0
0	0.0
0	0.0
0	0.0
0	0.0
0	0.0
0	0.0
0	0.0
0	0.0
0	0.0
0	0.0
0	0.0
0	0.0
0	0.0
0	0.0
0	0.0
0	0.0
0	0.0
0	0.0
0	0.0
0	0.0
0	0.0
0	0.0
0	0.0
0	0.0
0	0.0
0	0.0
0	0.0
0	0.0
0	0.0
0	0.0
0	0.0
0	0.0
0	0.0
0	0.0
0	0.0
0	0.0
0	0.0
0	0.0
0	0.0
0	0.0
0	0.0
0	0.0
0	0.0
0	0.0
0	0.0
0	0.0
0	0.0
0	0.0
0	0.0
0	0.0
0	0.0
0	0.0
0	0.0
0	0.0
0	0.0
0	0.0
0	0.0
0	0.0
0	0.0
0	0.0
0	0.0
0	0.0
0	0.0
0	0.0
0	0.0
0	0.0
0	0.0
0	0.0
0	0.0
0	0.0
0	0.0
0	0.0
0	0.0
0	0.0
0	0.0
0	0.0
0	0.0
0	0.0
0	0.0
0	0.0
0	0.0
0	0.0
0	0.0
0	0.0
0	0.0
0	0.0
0	0.0
0	0.0
0	0.0
0	0.0
0	0.0
0	0.0
0	0.0
0	0.0
0	0.0
0	0.0
0	0.0
0	0.0
0	0.0
0	0.0
0	0.0
0	0.0
0	0.0
0	0.0
0	0.0
0	0.0
0	0.0
0	0.0
0	0.0
0	0.0
0	0.0
0	0.0
0	0.0
0	0.0
0	0.0
0	0.0
0	0.0
0	0.0
0	0.0
0	0.0
0	0.0
0	0.0
0	0.0
0	0.0
0	0.0
0	0.0
0	0.0
0	0.0
0	0.0
0	0.0
0	0.0
0	0.0
0	0.0
0	0.0
0	0.0
0	0.0
0	0.0
0	0.0
0	0.0
0	0.0
0	0.0
0	0.0
0	0.0
0	0.0
0	0.0
0	0.0
0	0.0
0	0.0
0	0.0
0	0.0
0	0.0
0	0.0
0	0.0
0	0.0
0	0.0
0	0.0
0	0.0
0	0.0
0	0.0
0	0.0
0	0.0
0	0.0
0	0.0
0	0.0
0	0.0
0	0.0
0	0.0
0	0.0
