4	0.018567314777447896
5	0.5746620962935363
7	0.5099695291091113
8	0.25583244453113646
10	0.014698128608650989
11	0.21386824995097728
14	0.049590950792664144
15	0.24672443491802565
16	0.018794867777442426
17	0.0269010747926555
18	0.31009523536000305
19	0.3210479131272492
20	0.030561635679212055
21	0.249350635156676
22	0.2882273700840368
23	0.2317890912608554
24	0.31418606877750344
25	0.20714911089789714
26	0.4499079493470105
27	0.17613864251015332
28	0.26824336203117893
29	0.0014268441555517763
30	0.2160813080042437
31	0.018948407409924116
32	0.27435136594423265
33	0.01805457324250069
34	0.14144049058102354
35	0.054460268876573056
36	0.025712574708371034
37	0.03431798427718978
38	0.003042451359389818
41	0.5300484407441561
42	0.549182509756182
43	0.29373741014026095
44	0.021186448553126753
45	0.06801856623855582
46	0.23736042448226674
47	0.27489207209946465
49	0.2058559445482921
51	0.07642456211048024
52	0.5062538078100679
53	0.29110116254986557
54	0.518246656892185
55	0.04944652516315018
56	0.531016313175621
57	0.29555512196593875
59	0.292662108889043
60	0.2558741796806142
61	0.2445849935074662
62	0.5054239766518139
64	0.2420755155089064
66	0.2400398871854352
67	0.013259766302445738
68	0.455902075653545
70	0.07425002631124783
71	0.2547893898374643
72	0.48992992985494754
73	0.30822042695732244
74	0.03473939433420316
75	0.49671934975605314
76	0.2690086173261771
77	0.23643522937989378
79	0.27090884756932004
80	0.4129552986448862
81	0.526740538637294
82	0.05149452967997803
84	0.06055872132554066
85	0.022861535176623655
86	0.551197907887867
87	0.05022195070582094
88	0.5691771539255478
89	0.7747696714823901
91	0.022260823220544138
92	0.5441937496233741
93	0.5138324117498527
95	0.043419675177159625
96	0.22983930383627824
97	0.2271958960675853
98	0.04423643136804893
99	0.5153538961986344
100	0.2579628694022703
101	0.05126373568219393
102	0.04561515143979795
103	0.5357238040677335
105	0.02564890586314218
106	0.034359497783657884
107	0.24962258159705608
108	0.4588119937861976
109	0.024145248760074768
110	0.046402361107607086
112	0.03359642911827969
113	0.002955006057629536
114	0.05538469347192096
115	0.0030954661852252187
116	0.20765502859804372
117	0.31449080508276406
118	0.036662706061929236
119	0.06387684773938887
120	0.7714756647140658
121	0.27793589647663364
123	0.5324285591877286
124	0.2170500656618735
125	0.2990862076365049
128	0.05736114873171725
129	0.10020893213438344
130	0.24974025906235142
132	0.03286830471042751
133	0.036209449790424744
134	0.554486876876962
135	0.02203552020970568
136	0.30019369632938087
138	0.28202863618493695
139	0.32501267625232666
140	0.27206982359626075
142	0.5157369219533143
144	0.23697970647160133
145	0.06815136773110887
146	0.24280209174926193
147	0.2966081834402837
149	0.29283940706790784
151	0.040730896065023836
152	0.04588906825476463
153	0.13460372996212658
154	0.05837955488813735
156	0.2905586885773116
157	0.07985689124524173
158	0.2792815726684958
159	0.02801499857322722
160	0.0375808318382026
162	0.520907068375194
163	0.08457245166452769
164	0.013616258042247857
165	0.2865278888431251
167	0.053869427019457634
168	0.33511886238748434
169	0.21583782837390458
170	0.012492893615205652
171	0.29960118934438906
173	0.011944740857597332
174	0.3219809182716674
175	0.28561452447852353
176	0.30749201123567693
177	0.05169717222844611
178	0.2684536837226609
179	0.03647679210265775
180	0.032294467914592555
182	0.2760991747026422
184	0.23968087375416
187	0.029391456224711485
188	0.03453805164862528
189	0.2487283419233095
190	0.22666271239546887
192	0.07721353696308994
193	0.55797474486277
194	0.0771121575234878
195	0.03421828002056483
197	0.040806999752651466
198	0.25259673412418643
199	0.23274674831823533
200	0.2087580263503713
201	0.004141185976633873
202	0.17958977461625983
203	0.17974967246901
204	0.3550689267257402
207	0.024506892546804736
208	0.0552379277955502
209	0.29999076070099806
210	0.00622625665412373
211	0.4931230365101786
212	0.2983106161540351
213	0.026961703417763237
214	0.5032791876915401
215	0.5359947120324147
216	0.3045894612075925
217	0.06001687084271351
219	0.029153142961000265
221	0.27418982888899335
222	0.23640518738276295
223	0.040691883253864705
224	0.02155221803652462
225	0.018145532789858747
227	0.057653553967560486
228	0.39650680007246414
229	0.03765488673481349
230	0.048525406263288114
231	0.3004396888565213
233	0.2832854349969718
234	0.262562587754592
235	0.7785164229601422
236	0.289771395570432
237	0.27250408052726627
238	0.29162380798207965
239	0.21853968837606993
240	0.28941700105187246
241	0.13206160634632333
242	0.1948202523371394
243	0.48116188787622366
244	0.26779158337589626
245	0.03909643952681191
246	0.4871300584811394
247	0.2524548393101285
249	0.270485977936073
250	0.26468201666011526
251	0.49495571656327925
252	0.5285396856726633
253	0.3190963618258531
254	0.2904395017986737
256	0.3093701147248093
257	0.016850003167570276
258	0.10054031574660388
260	0.3276217825130461
261	0.030703541663943307
262	0.2508845516032303
263	0.014516572546753113
265	0.29402370525150995
266	0.27001228463097404
267	0.2565358237607316
268	0.2600148334871849
269	0.1908807280863364
270	0.5321241663344323
271	0.27103897932321147
273	0.018288157307011107
274	0.31328039205867536
275	0.04346323190393411
276	0.5068319629414932
277	0.24294955012990985
278	0.22316732126629946
279	0.006804937410742586
280	0.24030572875663553
281	0.035635075367856595
284	0.016480675650151627
286	0.2276729150595289
287	0.05564918619264155
289	0.37565212196044634
290	0.003591160574355993
291	0.250159302676632
292	0.5087601153049749
293	0.0007151357747970516
294	0.768979990560493
296	0.3182250107211786
298	0.30502631210033365
299	0.25514214441998734
301	0.5122102234452051
302	0.3359633708293178
303	0.21210512179642707
305	0.28763492899318255
306	0.03880962940764533
307	0.26005288138322324
308	0.0017911894839046372
309	0.02954212209895757
313	0.01298883069616142
314	0.5347593551747905
315	0.02652566189657196
316	0.22452698476798666
318	0.007049980980128583
319	0.03211507727952325
320	0.060916180318822954
321	0.05572613496386108
323	0.7616264818195724
324	0.4848966863596436
325	0.2817881801945268
326	0.044471026804239144
327	0.2565451704965198
328	0.07673602535723478
329	0.26955970054661765
332	0.05986360036312536
333	0.005608744841812778
336	0.3059718940929352
337	0.5335350604231045
339	0.22528109496307994
340	0.023365798710856322
341	0.026850968505823476
342	0.25098185754537716
343	0.49204848188716027
344	0.4242938910984601
345	0.4796095634197522
346	0.08599836695609009
347	0.506529417332763
348	0.4929752117630082
349	0.2947760255867819
350	0.04515752029786962
351	0.039227361062797145
352	0.3074632464005588
353	0.3102294688761901
354	0.025421243271383013
356	0.028146015108560574
357	0.5575333439744349
358	0.5111125331267377
359	0.5110235650718604
360	0.24984106555473248
361	0.024039701120311455
362	0.31594867602543736
363	0.4995944108061173
364	0.019807086689378934
365	0.22618542186557156
366	0.027936893234021626
367	0.2837121090493572
369	0.2974747567117941
370	0.013765801739466024
371	0.2543983495022269
373	0.26346683262351905
374	0.2166239238616552
376	0.515927101822969
378	0.2725718875350611
379	0.06306473384304787
380	0.03831033325119121
382	0.26608595643419686
383	0.045888805635092365
386	0.2879140385030545
387	0.016870181535623363
389	0.2765292519117931
390	0.2467490910046526
392	0.24755797142474
393	0.04409866131054566
394	0.24978231575986132
395	0.24632316424512032
396	0.0370217413130948
397	0.034338530604401216
398	0.053190805290241824
399	0.050781982953964466
400	0.25715265302786655
402	0.452430964067714
403	0.3033254990831082
404	0.04619802561225353
406	0.538543846592076
407	0.012502713554855879
409	0.2502463965462886
410	0.28641803106722036
411	0.2978403929744746
412	0.2476150385846932
413	0.25917812876312785
414	0.2874161616285294
415	0.01340521428795182
416	0.007227452733449637
417	0.2988012215655688
418	0.09412437839480726
419	0.30207465417754953
420	0.28924562650593477
421	0.29784049696289855
422	0.020472845730415763
423	0.5497229796246498
424	0.024420319507398182
425	0.027003718684907845
426	0.03579932375353294
427	0.028622650123649323
428	0.004074345718609734
429	0.2752419747075566
430	0.2459888726769769
431	0.04634793953036746
432	0.28541754205582714
435	0.28766090177896164
436	0.025098666533277997
438	0.7251177909069962
440	0.5090834159960559
441	0.5242383559743221
442	0.24915565279756335
443	0.3082363675696277
444	0.02378446443446368
445	0.36135009110773303
447	0.23355933581142055
449	0.54324333827574
450	0.5296252827090593
452	0.0005562602940385637
453	0.2858055995895969
454	0.2392895006361438
455	0.2168445829237366
456	0.03260243689918301
457	0.258321039737924
458	0.2501254586586333
459	0.2536818156931274
460	0.2764467816728027
461	0.5066098000038587
463	0.14179823761674484
464	0.012681228122764083
465	0.4702830737138615
466	0.5297805112451073
468	0.7199948101116542
469	0.059296616656668064
470	0.059101487120823304
472	0.2982114602227525
474	0.28814315399608426
475	0.015723781088856987
476	0.2840994631223328
478	0.015840264578069394
479	0.2511292058555148
480	0.30990526254926953
481	0.019714632275745117
482	0.03569903714674436
483	0.26304329673503046
484	0.2868720468277213
485	0.21846272304897843
486	0.25434883200099145
487	0.520502318742531
488	0.26091190529683655
490	0.25682623180652703
491	0.034168045096950594
492	0.31864952840415506
493	0.02550613759757886
494	0.014845768937050134
495	0.2686162443296019
496	0.29774837107296437
497	0.5451718667546577
500	0.015642642957130436
501	0.2557295357409416
502	0.03725796787626398
503	0.29693219353221967
504	0.042445324286737904
506	0.2598411879586227
507	0.0126722497030137
508	0.2472151596663999
509	0.008441546514086535
510	0.005032498033051561
511	0.09519009454603275
512	0.05976490662661521
513	0.03896180345648538
514	0.2639815553099302
515	0.005353307072633207
516	0.23738444990568267
517	0.5135245931765641
519	0.0267841424870923
520	0.3282463806223288
521	0.4908866114986064
522	0.02018773435668062
523	0.003098694713987271
524	0.0533153943903981
525	0.5795341741148102
526	0.007358274520909612
531	0.27626253311821736
532	0.26056128158244846
533	0.03447441315141592
534	0.30652603381740157
536	0.2734759397781741
537	0.27402033648223106
538	0.2812277177370014
540	0.28730384539508286
543	0.0027982262760475884
544	0.21462849178204418
545	0.030339251439576526
546	0.2946033631125361
547	0.19555051592217254
549	0.5538187955827916
550	0.2864579897522229
551	0.2550178476403472
552	0.5332396155075455
553	0.04665857148970087
554	0.29353971247590244
555	0.024798547606389068
556	0.30990788927640234
557	0.2867343638178221
558	0.027400187978638753
559	0.02761846157595285
561	0.262421324766553
563	0.29883915914608933
564	0.033223789285620274
565	0.26657194523557093
566	0.02097218635672999
568	0.27531198354779485
569	0.5404182312471691
570	0.03703457676109466
571	0.2249191543527854
573	0.27865359018845987
574	0.027225560885553814
576	0.2824293630470715
577	0.0377165166451372
578	0.05166399806394778
579	0.234776596984182
580	0.03488862965411972
581	0.25475152402304935
582	0.7758318922587555
584	0.5033384211545182
586	0.298468815178184
587	0.2534170696393969
588	0.03388477523795283
589	0.07817564391225078
590	0.28901640769780024
591	0.02714147324411853
592	0.25166667819005095
593	0.04929505778159271
594	0.29962787117752765
595	0.21532996882307087
597	0.011332770216482515
598	0.5487387208566685
599	0.25594959296562353
600	0.048033132245971645
601	0.23015143542127534
602	0.3371194175835619
603	0.44225114874695143
605	0.7341577195407957
606	0.028706468428117464
607	0.0825446243688842
609	0.09574752900454664
610	0.0535548850237265
611	0.28653357426200887
612	0.0313238898459408
613	0.024052642481844355
614	0.7934696278922468
616	0.24910196015823732
618	0.06042978426617773
619	0.060320845700503355
620	0.04309627650840464
621	0.23868761197455063
622	0.29793205250369376
623	0.006958910039490035
624	0.01631972033592157
625	0.2760366268609788
626	0.27520944461147795
627	0.2982297784648105
628	0.014072772197120241
629	0.043253898237073235
630	0.029602491169065645
631	0.03795289805210784
632	0.05108135213377804
633	0.008175569858728048
634	0.2774919041475373
635	0.5041568374727788
636	0.011322326294712942
637	0.36678192289526046
639	0.03714139417328645
640	0.2816108693290371
641	0.012082814653101185
642	0.04796434044059544
643	0.29695729190542625
644	0.05813699905996633
645	0.03394548741057769
646	0.04079509339719553
647	0.2858843816207707
648	0.021067330151678075
649	0.29547705595130913
650	0.025501813338401593
652	0.2653937221880047
653	0.32046303751842087
654	0.03637678371053721
655	0.03355171210263211
656	0.15913671457834083
657	0.2652019967496512
658	0.5122991175028183
659	0.044839143265192935
660	0.0552326344588751
661	0.3162637229425701
662	0.09157194693399923
663	0.5326390301061014
664	0.03800780660728338
665	0.03196636990538888
666	0.5052413262355026
667	0.3074352234916148
668	0.018204349165814693
669	0.05673341113234624
672	0.3388234960076166
673	0.0927317634510165
674	0.5297409590444422
676	0.27372939221493886
677	0.03314934638788879
678	0.5804662228468487
679	0.046565519761116475
680	0.5256365202446396
681	0.08244997516254118
682	0.5280021512124082
683	0.49365858967822623
684	0.5081425752724755
686	0.024543141865588324
688	0.014688861302524121
689	0.046704356538536246
690	0.014939034445580049
691	0.5446238323232024
692	0.2554552452639748
694	0.03964044445365262
695	0.0016889591123476107
696	0.2622793823638792
697	0.22784322753206596
698	0.031929357841616414
699	0.25874067663190264
700	0.26871961662363364
701	0.5001173637110694
702	0.27196678431506605
703	0.28222105729567476
704	0.039315165039644336
705	0.3201182568964503
706	0.24122804386615104
708	0.05171695592331549
709	0.5245271337687847
710	0.017987165969838806
712	0.055723920138533264
713	0.22698646784434892
714	0.03903700799859426
715	0.5513323227564683
716	0.26391277898182075
717	0.02161115228907439
719	0.018961555770518945
720	0.2895778452203691
721	0.23873944509738007
722	0.5410196833485438
723	0.0364942855792886
725	0.32180123450198667
726	0.44908600276432104
727	0.23662568979533366
728	0.3218325115828937
730	0.5116956384831055
732	0.3456476606102746
733	0.2610383340091628
734	0.04531968617997226
735	0.5178282973823602
736	0.8022193244478321
737	0.3225058771986316
738	0.2493997887202767
740	0.0007468001589577104
741	0.02010787749226936
742	0.5176371243993471
743	0.23860868946494396
746	0.06108995149242143
747	0.04184488226397775
748	0.23963919115851784
749	0.045783709979629654
750	0.28348675453046746
751	0.308443878826617
752	0.042163190003918105
753	0.05779081903288318
754	0.03643992899855713
755	0.554828362051201
756	0.28704124530530484
757	0.5054148619946711
759	0.2697524892415852
760	0.4560432881539136
763	0.25849384463243985
764	0.29404960887962744
765	0.2790666472777722
766	0.25669901809336015
767	0.24478061315966165
768	0.3149129013845763
769	0.5455287232824214
770	0.2455783011588083
771	0.012891510439369293
772	0.2429141574685969
773	0.27098736902159354
774	0.11180617618710134
776	0.30564155840597773
777	0.21763411581434622
778	0.037714395625501405
779	0.014985446347615835
780	0.29493285807556263
781	0.2516965255978741
782	0.00758684310061649
783	0.021917068781869505
784	0.01743630752610687
785	0.24880920122054
786	0.2624157912743125
787	0.7580650032187242
788	0.061952731137531476
789	0.252178035288057
791	0.5166598932702157
793	0.2771992540054068
794	0.240530732536157
795	0.46383727171137507
797	0.2843593684966989
798	0.061424421597868234
799	0.2322475176507507
800	0.25126707777761437
802	0.049559480921719225
803	0.5174249859315264
804	0.056276255580452364
806	0.4803913685602625
807	0.29530536981611194
808	0.013941566486935165
809	0.03222229027545959
810	0.2893184342201212
811	0.06703651798282914
813	0.48847903957595407
814	0.05107985399949086
815	0.05453102004953422
816	0.03278568261492477
817	0.29053388214081727
818	0.2154978430677723
819	0.05239830182836297
820	0.22469762638831006
822	0.025881813856615116
823	0.023969137112138522
825	0.03128302810914019
826	0.23298173692851304
828	0.4680309154858239
829	0.2964469455072323
830	0.022262042037399746
831	0.758571930870939
832	0.3065277641856057
833	0.24480366762647846
834	0.05110457915873412
835	0.2511882491334686
837	0.25062565856722147
838	0.006839874913745735
839	0.5483609584305389
840	0.01479655014429308
841	0.045761340424118044
844	0.07252889972985188
845	0.34090129291068416
846	0.01642012280355805
847	0.0012909593436487843
849	0.5178282973823602
850	0.05057567555730641
851	0.5155911068449315
852	0.5476694173201523
853	0.022330374870713907
854	0.26054774195103314
857	0.2923320776846637
858	0.25587947424724833
859	0.03369876991318789
860	0.49225612668640134
861	0.2621410011539705
862	0.5068091034894707
863	0.3117269670586782
864	0.04810423084918351
865	0.035376530633535595
867	0.22083075241368857
868	0.7241655232658025
869	0.5514685043018791
870	0.5081503827836159
871	0.005633777544722704
872	0.2823264584113048
874	0.2632866923311923
875	0.011508799136446292
876	0.04968944192792976
877	0.7500307995209007
878	0.28153746552497055
879	0.5440510155182557
880	0.27057424933658697
881	0.26528354556070644
882	0.032607014764157276
883	0.23836859336439192
884	0.019532290193526335
886	0.2553830875372495
887	0.025361810011551737
888	0.03520881465843029
889	0.2800044999396407
891	0.28736690017952476
892	0.27239536155582544
893	0.5527211931954213
894	0.24798418503385122
895	0.7610528808669115
896	0.03371601244289482
897	0.038328695359347055
898	0.0009802412881845142
900	0.42858976264938586
902	0.2880394620360594
903	0.2629776301070966
905	0.2092109680511337
906	0.5187867124600272
908	0.26801040604363896
909	0.03899040547292729
910	0.5163987955793112
912	0.22773316772809687
913	0.005235505831534086
915	0.05686202249368369
916	0.2392251125636594
917	0.06552320759972019
919	0.2404562562592225
920	0.25352057035600895
921	0.008974057000624421
922	0.264131824164768
923	0.2919004955453741
924	0.5187491184095828
925	0.018972218449295968
926	0.2975982481107037
927	0.2804669915480708
928	0.5029719637371977
929	0.22529253615384287
930	0.06621029585116654
931	0.2650936627693045
932	0.25105537517356935
933	0.5121773957746117
934	0.0008346536236046656
935	0.04424629596231734
936	0.2928501203354254
937	0.040942034987477824
938	0.24251895630147494
939	0.5072056736339283
940	0.4984132008808441
941	0.4964566181640708
942	0.26583711639325536
943	0.04321258037183644
0	0.0
0	0.0
0	0.0
0	0.0
0	0.0
0	0.0
0	0.0
0	0.0
0	0.0
0	0.0
0	0.0
0	0.0
0	0.0
0	0.0
0	0.0
0	0.0
0	0.0
0	0.0
0	0.0
0	0.0
0	0.0
0	0.0
0	0.0
0	0.0
0	0.0
0	0.0
0	0.0
0	0.0
0	0.0
0	0.0
0	0.0
0	0.0
0	0.0
0	0.0
0	0.0
0	0.0
0	0.0
0	0.0
0	0.0
0	0.0
0	0.0
0	0.0
0	0.0
0	0.0
0	0.0
0	0.0
0	0.0
0	0.0
0	0.0
0	0.0
0	0.0
0	0.0
0	0.0
0	0.0
0	0.0
0	0.0
0	0.0
0	0.0
0	0.0
0	0.0
0	0.0
0	0.0
0	0.0
0	0.0
0	0.0
0	0.0
0	0.0
0	0.0
0	0.0
0	0.0
0	0.0
0	0.0
0	0.0
0	0.0
0	0.0
0	0.0
0	0.0
0	0.0
0	0.0
0	0.0
0	0.0
0	0.0
0	0.0
0	0.0
0	0.0
0	0.0
0	0.0
0	0.0
0	0.0
0	0.0
0	0.0
0	0.0
0	0.0
0	0.0
0	0.0
0	0.0
0	0.0
0	0.0
0	0.0
0	0.0
0	0.0
0	0.0
0	0.0
0	0.0
0	0.0
0	0.0
0	0.0
0	0.0
0	0.0
0	0.0
0	0.0
0	0.0
0	0.0
0	0.0
0	0.0
0	0.0
0	0.0
0	0.0
0	0.0
0	0.0
0	0.0
0	0.0
0	0.0
0	0.0
0	0.0
0	0.0
0	0.0
0	0.0
0	0.0
0	0.0
0	0.0
0	0.0
0	0.0
0	0.0
0	0.0
0	0.0
0	0.0
0	0.0
0	0.0
0	0.0
0	0.0
0	0.0
0	0.0
0	0.0
0	0.0
0	0.0
0	0.0
0	0.0
0	0.0
0	0.0
0	0.0
0	0.0
0	0.0
0	0.0
0	0.0
0	0.0
0	0.0
0	0.0
0	0.0
0	0.0
0	0.0
0	0.0
0	0.0
0	0.0
0	0.0
0	0.0
