1	0.22175193729526288
3	0.36420314160123235
4	0.20564743812513056
5	0.1247478483743309
6	0.07751412631805463
7	0.09854276433647433
8	0.06469516084475208
10	0.05889402665200236
12	0.07817012978356448
14	0.5538282191442871
15	0.06441550874289048
18	0.08080376335731487
19	0.07275130366362337
20	0.07908901881901295
21	0.018246510474019734
22	0.07844389092449527
24	0.08383302393377504
26	0.05189831431403629
27	0.025947665805175376
28	0.08773605473285163
31	0.23820348674367783
32	0.06674120626910623
35	0.09849492772770987
37	0.059807823022634286
41	0.10349348445845424
42	0.10626338645320199
43	0.07090481903445832
44	0.0709660430193732
45	0.11310591707657394
49	0.27798814083059276
51	0.11662573850312136
52	0.07666370637128353
54	0.0937160777393245
55	0.08126110544516703
56	0.11712497348909784
57	0.10552682920911871
58	0.20845927258262587
59	0.07552072349416139
60	0.07963038236086248
62	0.5082687474181011
63	0.6097992636673947
68	0.047935070003854
69	0.17397599662018048
70	0.11886767879289543
71	0.053113605224794275
73	0.49345357112155613
76	0.10153887279674642
79	0.573310382645295
80	0.14124559366005224
81	0.09415901489254236
82	0.039717406804871486
84	0.10288671329912502
85	0.1932845245382681
86	0.07752059172967203
87	0.4888508073394853
88	0.1169394770319459
89	0.07074821866927614
90	0.17080792894652994
91	0.06884465592832001
92	0.08423730579135696
94	0.24622058041794684
95	0.07872494251566926
99	0.08887641624713852
100	0.06441193695872001
101	0.11655894611442802
102	0.08571449743168064
103	0.050170597541568024
106	0.07694795455635442
109	0.07113530845689575
110	0.08131877987125129
114	0.07137813045791308
116	0.16545210173356925
117	0.09545043557967534
118	0.4979879194031578
119	0.5085140642677438
120	0.08796605404528954
121	0.4883550104900791
123	0.06286322231842975
125	0.055603687995279476
128	0.09892625510293922
129	0.11891723467633827
131	0.047346893506956256
133	0.06400028575964004
134	0.10600625371458855
136	0.08859518114694942
138	0.06876383891602653
139	0.11329498166141487
142	0.09439233463524682
144	0.21516252910360273
145	0.096227134203691
147	0.09810763392775249
149	0.08052223025446231
151	0.538366841699458
152	0.0802473852224955
154	0.08774139644805701
156	0.0705453494518249
157	0.11884289601689957
158	0.06422909852191347
159	0.053400864804942126
160	0.5204543510610076
165	0.08412071659882236
167	0.09783482864622242
168	0.10616882945746439
170	0.06686498314130265
174	0.08442692429236387
175	0.07824178849203553
177	0.06807576304811064
178	0.06978241191620706
182	0.09071495897698796
184	0.18698361693313742
188	0.08280881667419208
189	0.5091474427669046
190	0.08461032831150658
191	0.006487065512416177
192	0.19659869110861655
193	0.10789879808401992
194	0.11005889213622212
196	0.25753728843950396
197	0.09869909002567584
198	0.60694526027602
201	0.16844960861845945
204	0.14938955089353245
207	0.07276480445462113
209	0.2520383721866477
211	0.10510275883410514
212	0.11751886432778645
215	0.06484600131666765
216	0.08602173299719915
218	0.13952391582814266
219	0.06381411919287272
221	0.20049482320934336
222	0.6061922233459791
226	0.17625450100707676
228	0.17930983518095994
229	0.06023198345890974
230	0.07399366094983512
231	0.1144853735814762
232	0.19822834163879624
233	0.09492659116856123
234	0.08356771657160261
235	0.5118481283052735
236	0.047798091982888674
238	0.10772054824497435
239	0.19595145437151737
240	0.07638416180428612
241	0.1740224833686866
243	0.07668780443581047
246	0.1257642728485071
247	0.4824007160535807
249	0.0591418227045012
251	0.05830047772399671
252	0.08395213009525299
253	0.09303180500761771
254	0.12821877164130704
256	0.07611236962751274
257	0.05222377423371021
258	0.1462059195086049
260	0.12652402730981216
261	0.06971831019839153
267	0.05552853773957046
268	0.09765494052147587
269	0.32264517215907207
270	0.06071933329028036
271	0.5011635780650581
274	0.09089602537053627
275	0.08504702032252681
276	0.07912419230649209
278	0.06535845326898951
281	0.03243310411635027
286	0.25301283292526267
288	0.18426001570143544
289	0.1382074670667445
292	0.46897929151456363
293	0.5833603218281268
294	0.09937734506981849
296	0.0772610593165956
297	0.20380401480645707
298	0.07272427583430735
299	0.10585842126369846
301	0.08521623972609793
302	0.15037166453944206
305	0.5278803021760617
306	0.10420504645296536
308	0.22890745088858985
310	0.5400010535257291
311	0.2700812648051996
312	0.200887896799027
313	0.06565031261010763
314	0.08148716603686351
315	0.16100272294393686
316	0.06177974214569788
320	0.07754406997554539
322	0.06871931968674566
323	0.10395811118526385
325	0.07904684557855779
326	0.5505340509904253
327	0.16590379769222666
328	0.5334474020011951
329	0.06077202537214163
330	0.5062310863148425
332	0.07485085190932463
334	0.4880589658031839
336	0.09054785365646849
337	0.06949911171966827
339	0.23703718574625612
342	0.23847510198161234
343	0.053507237123782726
344	0.2528215951351377
345	0.06458015063347541
346	0.11328750575412108
347	0.07369937326476564
348	0.11504445794350018
349	0.4171784957834642
352	0.12867586633662614
353	0.04497071583281259
355	0.153515292643825
356	0.18517515406780494
357	0.07885511965381384
359	0.0752615944887555
360	0.4307376489940223
361	0.48354995242508947
362	0.0942199432215555
363	0.0839251698162092
367	0.09783451517869823
368	0.05576777110282411
369	0.1112101967997276
371	0.05682577374006531
373	0.5370990719085402
374	0.5988697348705174
376	0.08275561565525337
378	0.07544925828612914
379	0.06892017956170265
380	0.2022139053618724
381	0.1895538317300916
383	0.059401843039498976
385	0.15436133322334816
386	0.0543436798191603
387	0.4641696785666827
389	0.48061740936412883
391	0.17676487267325847
393	0.0855739371474501
394	0.07780464934296033
395	0.06661513778337026
396	0.07625274565995294
397	0.07384071564404125
398	0.07465143679044903
399	0.07902135484398701
403	0.09645717120519906
406	0.48276845869283364
409	0.06359104482491988
410	0.13534623121450434
411	0.09237396144605906
413	0.07502603698728788
414	0.05258729991697247
416	0.5370396521724975
417	0.10199634151652168
419	0.06611570147048883
420	0.08080246671940958
421	0.11008871197002264
422	0.05880804836904843
423	0.07688536034466173
426	0.07702258027673736
429	0.0968974641017313
431	0.07656186275882162
432	0.08332082628845133
435	0.08441580973864188
437	0.189462395068546
440	0.06400427942954079
441	0.08526768598065809
442	0.05050642282256286
443	0.08184244220362297
447	0.5669856334051319
448	0.20005789507698904
449	0.1132595830920213
450	0.080232651503572
452	0.5405585201819714
453	0.533471110826088
454	0.5632289141843757
455	0.061342584158356195
456	0.5229763421336969
457	0.5394782615748894
458	0.1983716153015584
459	0.06994927630491615
460	0.06686375987689341
463	0.18959013078167122
466	0.0997116417075003
467	0.2600757691683257
468	0.06170705774407236
469	0.07272412767403169
470	0.10436566166632
472	0.08218505291415881
473	0.17398969291448482
474	0.08437773713990823
476	0.05013934522191943
478	0.1668908689704811
479	0.4930954152492566
481	0.06598976220611612
482	0.06912530100173984
483	0.07879203395008424
484	0.0839022175555253
486	0.6007505541958691
487	0.0708918562776345
488	0.0778922216064579
489	0.25363433654803386
490	0.47805925537417326
492	0.07597267105943656
493	0.4415896539424068
495	0.07851837971952125
496	0.12223306205436821
497	0.0901624658156616
498	0.21670004479171245
502	0.09524949444288625
503	0.06594319756986389
504	0.5068714883958634
505	0.09817888123056875
506	0.08983854802087163
509	0.031880140883306436
511	0.14285589424277556
512	0.0843767853545305
513	0.09255551934466567
514	0.44789018218406296
517	0.12473323635697955
518	0.254712682628482
519	0.08172192863162253
520	0.1539111991665622
521	0.5497624647260914
523	0.18110662530066446
524	0.06231732563052098
525	0.09253432588558083
526	0.26168209814790494
527	0.25413122876933947
528	0.10357808311887423
531	0.08817114424297012
532	0.07026356220053612
533	0.5004588640246319
534	0.06844278650513899
535	0.160598926873576
536	0.0755808890521614
537	0.5045779071824562
538	0.08135913198186659
540	0.07236415042002187
541	0.4915148000026682
542	0.28295931044517886
544	0.06031233495872213
545	0.07064568985313502
546	0.06544108798227052
549	0.0940867451402905
550	0.12064817767385094
552	0.08574932249824171
553	0.07118056542806828
554	0.10713511663835473
556	0.498789453279598
557	0.09853259209634949
558	0.14228143762191617
559	0.07032812378292404
560	0.1885138741343117
561	0.04891510761624307
563	0.09846386788657441
564	0.08463993965292718
565	0.08429175258541743
567	0.20855021546949554
568	0.08588445120041258
569	0.07661352606202429
572	0.1997323251488159
573	0.06712057586950913
574	0.05065071384042177
575	0.04942868607951367
576	0.07628194050278503
577	0.5718913537688497
578	0.0720661916298791
580	0.06484205665975792
581	0.1310223087847601
582	0.0713752405910722
583	0.06454773988565742
584	0.07853436109675896
585	0.17815505626576034
586	0.06720230361288772
588	0.5822511502886901
590	0.5396169414168152
591	0.15429297394684224
592	0.5519095272397985
593	0.07589511547154609
594	0.06269751402103856
595	0.5758960754077489
596	0.08503769838573552
598	0.07690299493398142
600	0.09066683156009678
601	0.6223134414158084
602	0.1003367217679986
604	0.3184176005626342
605	0.05238025972202848
606	0.48205896570293433
607	0.4735465311121308
610	0.06612614978424106
611	0.07313742972346829
613	0.05442084689856583
614	0.044454086432471486
616	0.06971652755719998
617	0.514222076277758
618	0.0855202917425372
619	0.09111114648036422
620	0.0890790778911823
621	0.06610585493667195
622	0.08221751871835328
623	0.0612699564508437
625	0.07093353498978312
626	0.06189163470332443
627	0.10487723320920757
629	0.05833955044539161
632	0.09167326177842511
634	0.08931433629698832
636	0.19717544482235466
637	0.51614498269485
638	0.05697605619335334
639	0.059707337910164984
640	0.07264841541902095
642	0.09657794097408404
643	0.48732329703669497
644	0.09687722057117178
645	0.5159022525198065
646	0.5916411029059852
647	0.07236592370209612
648	0.057865851703629095
650	0.5030732508710367
651	0.06475492598048532
653	0.09280882677306035
654	0.07896124330026474
655	0.49771402655003105
657	0.09596304607355712
660	0.0947484895313603
661	0.06750156603205668
663	0.08187780906177546
666	0.07435677530106077
667	0.0947003850094057
672	0.08890291230264402
673	0.11418412705925726
674	0.059673127431673106
675	0.018734475779836245
678	0.02802962324355192
679	0.08974329533580974
680	0.06595399374828043
681	0.12676582437347803
682	0.08179563658877151
683	0.04934661736021324
684	0.5323861323854848
689	0.06771997486723486
691	0.07244527326538093
693	0.18741594903809833
694	0.08095824028430738
696	0.07478697140788085
697	0.05940356107807962
698	0.062909076109023
700	0.47739537706519564
701	0.07267804805763284
703	0.06653484918659786
705	0.09619646281017816
708	0.0839588593159317
709	0.0939966116922426
711	0.16989409393193786
712	0.07452491417522507
714	0.07374847848448521
715	0.0954795431052628
716	0.5595735118810965
719	0.06007683791472363
720	0.10602802061120234
721	0.5590957852129061
722	0.07995368392996088
723	0.07139193425538007
725	0.07266046647893609
727	0.0737021931216392
728	0.04319281480867136
732	0.07975769384021944
733	0.5110752505956555
734	0.07501832259114372
735	0.4979879194031578
736	0.06964313880650069
737	0.4902100375427073
738	0.07037232644138096
741	0.4914701194571092
746	0.09931972203938841
747	0.4901624833398882
748	0.1797446259178986
749	0.08015339778739389
750	0.07739413456702407
751	0.11798849672051681
755	0.09747793234796302
756	0.0739956357230643
757	0.07477052111619181
758	0.5330695639643377
762	0.06020068236388612
763	0.26321825498744295
764	0.07387828833639576
765	0.4663305459480731
766	0.08616201890593808
769	0.09476330804561567
770	0.2313736905285774
772	0.06527185340667196
773	0.5385844898563724
776	0.09409151114128299
780	0.059224146046109545
781	0.03995072556193885
785	0.07772037322400996
786	0.06557318770461582
787	0.06342971629612801
788	0.11116756707899819
791	0.06981770658845682
792	0.11180617618710134
793	0.5517808635306949
794	0.2373385565370124
797	0.0772239163355824
798	0.09063830255494265
802	0.07753891366035882
803	0.07840384452792992
804	0.1000145450005316
805	0.23381986398372606
807	0.49892989779022884
809	0.02068077383248204
810	0.06919099888434346
811	0.0951903026472222
813	0.058532771153559635
815	0.08977672635467049
818	0.04510643802133183
819	0.06384701348650298
821	0.2116751214662941
823	0.5254597236105583
825	0.07598396297148846
826	0.06186018255182408
828	0.052299104709669614
829	0.07661352606202429
830	0.08125951157362626
831	0.06468051218383511
832	0.09111343550804357
833	0.20024235363781373
834	0.08858729311391156
835	0.06014787257751156
836	0.16018161729792346
837	0.06283675548133755
839	0.508279257429028
841	0.513324901340005
843	0.17492144101308335
844	0.06708469505878967
845	0.16998172036358078
846	0.5270111555628803
849	0.07661352606202429
850	0.07819015005318528
851	0.5102685267958849
852	0.10269981934025166
858	0.049190095758523206
860	0.0713948829382863
862	0.08798367768004725
863	0.09744068657179758
864	0.5670962973466345
865	0.33398344309367434
867	0.5057051999139591
868	0.08182475478104187
869	0.08969016002127303
870	0.05810410851960954
872	0.09800580923433769
874	0.08779246623256234
875	0.5192292891020761
876	0.5621885635387711
877	0.0830076458840712
878	0.08171251913434821
879	0.06507779025322993
880	0.06712046023440663
881	0.1064731041898163
882	0.07462043263865054
886	0.4957471815553806
887	0.5034165413118377
888	0.06970584650952463
889	0.5439937722491668
891	0.06352343542625585
892	0.0817013363177434
893	0.10348175960105357
894	0.1939293775443967
895	0.11949831758294341
896	0.49984549900904657
897	0.07303589152491194
899	0.19580557164505605
900	0.062380073221861156
902	0.09723264468061124
903	0.5259677772134458
906	0.07750098222240112
907	0.20129161442801916
908	0.5133109368912581
915	0.10934478271629383
916	0.5916463330952116
918	0.22556245589720453
919	0.21189766415107578
921	0.06036169509756795
922	0.04042372692917525
923	0.07183268660820744
924	0.4528637262665251
926	0.055974908175116606
927	0.07707491387572926
928	0.1940347117899374
930	0.06851299582442379
932	0.4722674588615773
933	0.07506863229338326
935	0.08860510641517338
936	0.5115006627541049
937	0.17366650881366932
939	0.1060349320852636
941	0.09397442090803179
942	0.07585546991489812
0	0.0
0	0.0
0	0.0
0	0.0
0	0.0
0	0.0
0	0.0
0	0.0
0	0.0
0	0.0
0	0.0
0	0.0
0	0.0
0	0.0
0	0.0
0	0.0
0	0.0
0	0.0
0	0.0
0	0.0
0	0.0
0	0.0
0	0.0
0	0.0
0	0.0
0	0.0
0	0.0
0	0.0
0	0.0
0	0.0
0	0.0
0	0.0
0	0.0
0	0.0
0	0.0
0	0.0
0	0.0
0	0.0
0	0.0
0	0.0
0	0.0
0	0.0
0	0.0
0	0.0
0	0.0
0	0.0
0	0.0
0	0.0
0	0.0
0	0.0
0	0.0
0	0.0
0	0.0
0	0.0
0	0.0
0	0.0
0	0.0
0	0.0
0	0.0
0	0.0
0	0.0
0	0.0
0	0.0
0	0.0
0	0.0
0	0.0
0	0.0
0	0.0
0	0.0
0	0.0
0	0.0
0	0.0
0	0.0
0	0.0
0	0.0
0	0.0
0	0.0
0	0.0
0	0.0
0	0.0
0	0.0
0	0.0
0	0.0
0	0.0
0	0.0
0	0.0
0	0.0
0	0.0
0	0.0
0	0.0
0	0.0
0	0.0
0	0.0
0	0.0
0	0.0
0	0.0
0	0.0
0	0.0
0	0.0
0	0.0
0	0.0
0	0.0
0	0.0
0	0.0
0	0.0
0	0.0
0	0.0
0	0.0
0	0.0
0	0.0
0	0.0
0	0.0
0	0.0
0	0.0
0	0.0
0	0.0
0	0.0
0	0.0
0	0.0
0	0.0
0	0.0
0	0.0
0	0.0
0	0.0
0	0.0
0	0.0
0	0.0
0	0.0
0	0.0
0	0.0
0	0.0
0	0.0
0	0.0
0	0.0
0	0.0
0	0.0
0	0.0
0	0.0
0	0.0
0	0.0
0	0.0
0	0.0
0	0.0
0	0.0
0	0.0
0	0.0
0	0.0
0	0.0
0	0.0
0	0.0
0	0.0
0	0.0
0	0.0
0	0.0
0	0.0
0	0.0
0	0.0
0	0.0
0	0.0
0	0.0
0	0.0
0	0.0
0	0.0
0	0.0
0	0.0
0	0.0
0	0.0
0	0.0
0	0.0
0	0.0
0	0.0
0	0.0
0	0.0
0	0.0
0	0.0
0	0.0
0	0.0
0	0.0
0	0.0
0	0.0
0	0.0
0	0.0
0	0.0
0	0.0
0	0.0
0	0.0
0	0.0
0	0.0
0	0.0
0	0.0
0	0.0
0	0.0
0	0.0
0	0.0
0	0.0
0	0.0
0	0.0
0	0.0
0	0.0
0	0.0
0	0.0
0	0.0
0	0.0
0	0.0
0	0.0
0	0.0
0	0.0
0	0.0
0	0.0
0	0.0
0	0.0
0	0.0
0	0.0
0	0.0
0	0.0
0	0.0
0	0.0
0	0.0
0	0.0
0	0.0
0	0.0
0	0.0
0	0.0
0	0.0
0	0.0
0	0.0
0	0.0
0	0.0
0	0.0
0	0.0
0	0.0
0	0.0
0	0.0
0	0.0
0	0.0
0	0.0
0	0.0
0	0.0
0	0.0
0	0.0
0	0.0
0	0.0
0	0.0
0	0.0
0	0.0
0	0.0
0	0.0
0	0.0
0	0.0
0	0.0
0	0.0
0	0.0
0	0.0
0	0.0
0	0.0
0	0.0
0	0.0
0	0.0
0	0.0
0	0.0
0	0.0
0	0.0
0	0.0
0	0.0
0	0.0
0	0.0
0	0.0
0	0.0
0	0.0
0	0.0
0	0.0
0	0.0
0	0.0
0	0.0
0	0.0
0	0.0
0	0.0
0	0.0
0	0.0
0	0.0
0	0.0
0	0.0
0	0.0
0	0.0
0	0.0
0	0.0
0	0.0
0	0.0
0	0.0
0	0.0
0	0.0
0	0.0
0	0.0
0	0.0
0	0.0
0	0.0
0	0.0
0	0.0
0	0.0
0	0.0
0	0.0
0	0.0
0	0.0
0	0.0
0	0.0
0	0.0
0	0.0
0	0.0
0	0.0
0	0.0
0	0.0
0	0.0
0	0.0
0	0.0
0	0.0
0	0.0
0	0.0
0	0.0
0	0.0
0	0.0
0	0.0
0	0.0
0	0.0
0	0.0
0	0.0
0	0.0
0	0.0
0	0.0
0	0.0
0	0.0
0	0.0
0	0.0
0	0.0
0	0.0
0	0.0
0	0.0
0	0.0
