2	0.22734706844681396
5	0.2782583501423085
6	0.26280201031445477
7	0.043729458258560144
8	0.5055964701769324
9	0.7630046060433591
10	0.28468855886297234
12	0.5053008391621324
15	0.2629613171387107
16	0.029966829402608402
17	0.29834341175939805
18	0.021364693202095327
20	0.27997169379193404
22	0.005307648853221835
24	0.019750439565215737
27	0.4163626525631213
28	0.526321068976111
31	0.04029829834068248
32	0.7363894458637218
33	0.28756092557434054
35	0.2721900708414494
36	0.29073861434795323
37	0.2327245646702292
39	0.2254906839975176
41	0.5420213903640027
42	0.03737856692010105
43	0.025510368517615893
44	0.023100628128139247
45	0.7522323443492258
46	0.27214972001762344
48	0.517473447641923
50	0.00217552055300314
51	0.7730847905855542
52	0.5297187263498965
54	0.5148122042026554
55	0.5121482901428611
56	0.3205015747075713
57	0.5415133176494793
59	0.2933587167568312
60	0.033552777940516046
62	0.02320523340669352
64	0.02180800892674614
66	0.010505661371455484
67	0.2609627612407891
68	0.5251618275117511
69	0.5318027157025258
70	0.2986164120196153
71	0.26736615855320006
73	0.04782604065979031
75	0.22765852720044125
76	0.2657854347154841
77	0.03201201611435961
78	0.7489463449503772
79	0.24793897975014256
80	0.06266614043311416
81	0.29300111857439975
83	0.4713868720100538
84	0.2766572175871121
86	0.10336892142202384
87	0.5466718925627753
88	0.04698896991784185
89	0.25975414583595446
91	0.5117711051637198
92	0.01991375683908333
93	0.16641730448057537
95	0.021692172308207646
96	0.03329924331545475
97	0.044590998745983934
99	0.2906484851936529
100	0.2443525881902294
101	0.9948222135179429
102	0.25430385273891953
103	0.1880376512928647
104	0.17724356820934198
106	0.22768730416230135
109	0.269997372712232
110	0.0164094386019994
111	0.23595500081370868
112	0.006176664838865954
113	0.24277934881045685
114	0.47179241709699093
117	0.2784868914116167
118	0.5041660903596992
119	0.2819760614787612
120	0.06295492472428461
121	0.0393999212261569
122	0.2511311928903424
123	0.0026001684407029532
124	0.011956300194066294
125	0.49278368814003054
126	0.7421688438695386
127	0.7330682892574141
128	0.5125262933539506
129	0.014021354988371454
131	0.23977762524227164
133	0.4606943244196039
134	0.24884627460762085
137	0.49757739290597314
138	0.24767397201408223
139	0.06882826480585243
141	0.2023315191383496
142	0.28803067126699894
143	0.2778037748517288
145	0.24892582854683332
147	0.28984394388809714
148	0.2544369412524584
149	0.23117111088578804
150	0.2753935846954455
151	0.02662733564292278
152	0.5144851560233512
154	0.5158668970518191
155	0.5095077793781263
156	0.017586401500097895
157	0.5137236076781257
158	0.2303581206305781
159	0.23524359738962072
160	0.26473783340464446
163	0.26964567178542304
164	0.05212934985779655
165	0.015938580269381292
166	0.050005871205091534
167	0.05668321053903327
168	0.027112901203202984
169	0.25897077742907626
170	0.24768592035002832
171	0.02519389839495702
174	0.04129448779960829
175	0.5211562626576716
177	0.2766608648676321
178	0.030581595764171306
180	0.25894510874829946
182	0.030657337434894114
185	0.19348300118848427
187	0.23843452451787966
188	0.028548074052816987
189	0.009056795637327586
190	0.7565293382442836
191	0.19522387414123302
193	0.045878167405352555
194	0.03794726664987915
197	0.6825863890933173
198	0.011593056400137133
199	0.2830449994643904
200	0.030027213687864866
202	0.04783638404738603
203	0.3178680756487356
204	0.25497397631423213
207	0.06043461119164574
208	0.0050149262606092315
211	0.056979698984625904
212	0.08988366205956644
213	0.014662618196215862
215	0.0029374713211899155
218	0.05489177927273085
219	0.48973118077187566
222	0.008504289772238265
224	0.2507928854807279
228	0.3904116250085354
229	0.5024126931036308
230	0.03225991324861512
231	0.5197359203135128
233	0.29160353013657403
238	0.287186648594559
241	0.33200416472750105
242	0.049393536338303526
244	0.013121516183181997
245	0.25798576496212783
246	0.5634213857113856
247	0.2849584959365944
248	0.2722066580220119
249	0.006084455296494602
251	0.06782075908561189
252	0.020196055786355978
253	0.011531923866281192
254	0.5131640069865215
255	0.1785650604471304
256	0.01735628007829733
257	0.486319616025624
258	0.3054562609922418
260	0.06324094864055044
261	0.27521191720980065
263	0.0070383586683566285
264	0.2750258668815834
268	0.04084800461875473
270	0.013536370716393353
273	0.22088714762635686
274	0.528469770847829
275	0.766413817109995
276	0.01713046024102141
278	0.5466802271511833
279	0.027055240544539064
281	0.7892150735396462
282	0.2600337121229388
283	0.24649598525664532
287	0.22955395536247497
288	0.020234459705451457
289	0.3407249220530091
290	0.013034711943285923
291	0.018794729764739358
293	0.0008636048226876129
294	0.2527876853843561
296	0.2565523787001882
298	0.03298175637529626
299	0.044309633111484774
300	0.14038499083575012
301	0.2782010507358913
302	0.33228525105188694
304	0.024763928355864086
306	0.5420336768571179
307	0.016053994545048418
309	0.28357284400979865
310	0.7189609574624901
312	0.028086666571298255
313	0.2652037936933091
314	0.2755422509069358
317	0.5043457795957886
319	0.03106217502347689
320	0.02128260268759679
322	0.05338608542444864
323	0.299968220769309
325	0.016012988798713573
326	0.5194454855184426
328	0.038092258586346205
329	0.007125072521140686
330	0.48025179294261716
331	0.2360267179774768
332	0.25292725151608325
333	0.046321100317273475
335	0.030482546421606586
336	0.5380630770861428
337	0.24330635627348765
345	0.02676886433785004
346	0.2900322920393649
348	0.5578012866832445
349	0.05411076841196606
352	0.2930325880590716
353	0.02100318503293997
355	0.021570122844701667
356	0.3164179191075228
357	0.022907904794022757
359	0.25406864661923667
361	0.05935716496254893
363	0.2656360262932162
365	0.06176627803452628
366	0.2522818878734337
367	0.510199681871799
368	0.47617651187766025
369	0.7454245624943516
372	0.2443923387316494
375	0.539472670736139
376	0.3017530000483174
377	0.4396747233375252
381	0.019625375993576166
383	0.5063827963868642
387	0.018212263364675567
388	0.2512826444358242
389	0.026033226467198436
393	0.2717328702270425
394	0.016640480476591293
395	0.03560024045793982
396	0.48366368760579115
398	0.2758053603063716
400	0.2904528468247076
401	0.02726463117918846
403	0.27899958734798364
409	0.029701793647484313
410	0.30258762355240143
411	0.03631709718646048
412	0.2739968059608056
413	0.5357687413165346
415	0.05159195772747759
416	0.006985802411267103
418	0.47599625701350734
419	0.26208680035735027
420	0.014065977647598572
421	0.29457285547832707
422	0.03032819496898955
423	0.0255933945391117
426	0.02049672543584574
427	0.012503580903422549
431	0.020699571354350497
432	0.5278549598251322
434	0.0187865039943112
435	0.2665622567294447
438	0.026685798917183534
439	0.25956297037251425
440	0.2910022950673225
441	0.5112270180733405
443	0.28505141846696663
446	0.06432014585191623
447	0.005798414749139683
448	0.19027670334026825
449	0.27556980124464836
450	0.029208284849440797
451	0.23183181024430194
452	0.003482066459574912
453	0.02652048549733883
454	0.2476671055978542
455	0.22984767700874664
456	0.016999101918000793
459	0.536944708907831
461	0.04561010056328769
462	0.020003370783604653
466	0.06383152082483824
467	0.008221978071639977
468	0.011339872735310182
469	0.03164858688761752
470	0.7600227499615557
471	0.4785119518105718
472	0.7369650760467278
473	0.26433396187831326
474	0.042855562735252005
476	0.4948206052013747
479	0.0424589506975007
481	0.4792110461711831
482	0.5319035797577876
483	0.5432270707551362
484	0.2822331894921584
487	0.020044565045151612
488	0.28598014372175834
489	0.4671347814345297
490	0.03328646266143521
492	0.4989522052356778
493	0.022132946054678443
494	0.5356106516924417
495	0.026395225782855226
496	0.2837728156595819
497	0.02827819441533813
502	0.5249349859941896
503	0.016169910456389096
505	0.27751733408135165
506	0.2778225776273075
507	0.26254901302877176
509	0.6429554998265231
510	0.03635903862490046
511	0.31719277968849574
512	0.5198550325908643
513	0.5178500197636461
514	0.01928807732380737
515	0.5574951783466955
516	0.009177585185396003
517	0.304881611863248
518	0.2535144567620701
519	0.04774443807692601
520	0.28265084141843305
521	0.03026177080834152
523	0.5161272353311107
524	0.02132082257916164
525	0.016278485763001126
527	0.22421208377922203
528	0.5353848797223963
529	0.2812558440867364
530	0.02074108410163938
531	0.030639123374146645
533	0.5218368564358843
534	0.2565617617895732
535	0.030639929521993944
536	0.5209999371341327
537	0.008561307317624358
540	0.7614063150830478
541	0.033833491561593626
544	0.20558973172708642
545	0.2592935824149076
546	0.512935323871723
547	0.010114960122402452
549	0.0393999212261569
550	0.5353046296714651
552	0.4918542257640344
554	0.7580269873675421
555	0.013303140354092493
556	0.04166106772193126
557	0.05545915284936659
559	0.2480533559745451
563	0.7568601806978302
564	0.2728533107292766
565	0.27401569782739427
568	0.04636014832761381
571	0.040114560383831516
574	0.2493674336954898
575	0.23398849193796178
576	0.5199801573698772
577	0.014155707217330463
578	0.5170941480473946
580	0.7225807984534478
582	0.23262821890717117
583	0.2923757520669081
584	0.2658302173306916
586	0.015588574569949429
587	0.044846410928017916
588	0.23313146469698096
590	0.012442586572444191
592	0.030644413731802697
593	0.7592906976650343
594	0.25624020342385334
596	0.5060925803402867
597	0.24012965770547187
598	0.02077131496834256
600	0.05323629728747552
601	0.22926747554862892
602	0.26976315938149675
604	0.2036601143482377
605	0.05220701519382577
609	0.36512506159747793
610	0.2546811661392404
611	0.02578338730399262
612	0.2277731287854331
613	0.028671169330948557
615	0.008110123852411132
616	0.5162885533224373
618	0.5182642391948341
619	0.5214337358112444
620	0.7465451378404488
621	0.013954868205594897
622	0.01558769133829728
623	0.4820735189645915
625	0.03498646482864291
627	0.06451168385514239
628	0.033871623641736875
629	0.24865892271479062
630	0.03025873939286764
632	0.2967308894802955
633	0.004868430194271842
634	0.034421725981848006
636	0.25647132370408743
637	0.03117961052326686
638	0.24730634408309815
640	0.027626622588571514
642	0.5176856915577694
644	0.5352404176390109
646	0.4537086803775798
648	0.24604417813122947
650	0.026625711948730296
651	0.2420183324241052
653	0.2649724424182197
654	0.24465865861102554
655	0.03588861559127869
657	0.055314377015884195
660	0.2727500496328578
661	0.021139244012672528
663	0.26024871299141367
668	0.19377950287131257
671	0.2374386570542496
672	0.24948173178489547
673	0.04392884917745927
674	0.018559493315500383
675	0.3378538090578002
677	0.010604747267324435
679	0.5188059058454084
680	0.2720419394687506
681	0.48285294989049293
682	0.045829409073564545
684	0.28653061665173
687	0.23673866148338965
688	0.018639414193381817
689	0.751207547211013
690	0.011777042210546991
691	0.014264350209777989
692	0.29136751320381254
694	0.516706346769839
695	0.2738366723764843
696	0.03656512241737399
697	0.24463934246691588
698	0.9986773840556833
699	0.03166710784774439
700	0.5416615148839165
701	0.5301905224809464
702	0.4657976889325842
703	0.7588285894892134
705	0.26110609347713615
706	0.5004143505502039
708	0.7671679035980672
709	0.028068959148730886
712	0.5075728184468675
714	0.5276814677936423
715	0.03131855820379244
716	0.012262094839469932
718	0.20898322932306376
719	0.05927905320022853
721	0.02066545004826246
722	0.27090790355815375
723	0.7648092796167293
725	0.22013969649289933
727	0.0043442125241411125
728	0.01696953446032944
729	0.014444130206409073
730	0.040418778278163286
731	0.041904234578592714
732	0.4761875352567779
734	0.03671490088714234
735	0.039311698444720905
738	0.01222954146503965
739	0.00997323935997194
746	0.2931212774265354
747	0.027035442439764773
749	0.022735266743325086
750	0.7489448643714705
751	0.2950972894553897
754	0.23958495661446058
756	0.013868214457433168
759	0.009890091162061337
761	0.49566083322884774
762	0.48967571445010133
764	0.028922086744812836
765	0.0008394100350737968
766	0.2703203096031588
769	0.029965433143752947
772	0.2682123239954605
774	0.08858729311391156
775	0.512265223196543
776	0.23673413945995278
777	0.06765543563286876
778	0.24342977741949204
779	0.015776962779935625
780	0.02426945880202771
781	0.4862679104107247
782	0.036164304876635946
783	0.47078252649758745
784	0.02024581062733481
785	0.7764404398178738
786	0.02514355565299296
787	0.017860507985509023
788	0.045298502901031795
789	0.04747062889258295
790	0.22112417916075483
791	0.3020536468375747
792	0.05110457915873412
796	0.24310501698940254
797	0.6162149977170933
798	0.28314043417078644
799	0.28837495807357727
801	0.012963843190169386
802	0.28921019927964464
803	0.05937765918845144
804	0.042027685267158874
807	0.04485988728223475
809	0.23922321682605907
810	0.007022947645248048
811	0.7807940391219735
812	0.25668410733665714
813	0.2846944567697501
815	0.024174660983666107
816	0.25429321220718787
818	0.49401062375004545
824	0.01839602310305856
825	0.5088891469564297
826	0.49010053771790274
827	0.23346316605602263
828	2.9455347515066482e-05
829	0.03931169844472088
830	0.02075114443100559
831	0.2566225838398996
832	0.49852983721523436
836	0.012233389177091977
837	0.017129052731896407
838	0.020193150094860356
839	0.005203111751949242
843	0.04546490959937456
844	0.26666796461217046
845	0.07818732378601698
847	0.26699398649979844
848	0.010164558117216563
849	0.28683510198049045
850	0.5170087058107504
851	0.04064256679257236
852	0.2868053814599549
856	0.29116814095953414
857	0.1160673311244963
858	0.008003689011108279
859	0.011583702275471897
860	0.2559298178594467
862	0.28439178247601316
863	0.5315146816614408
864	0.014455034244875022
867	0.006160178111194712
868	0.018251239419630486
869	0.014837729141428915
871	0.24833074148608406
872	0.5428123782602997
873	0.2368380993138846
875	0.4865837224246894
876	0.4849146352907187
877	0.04414596648840769
879	0.24370450483003642
880	0.0242666704013145
881	0.045962939456438194
884	0.2647891558149059
885	0.19128556573734687
886	0.01731829418627353
888	0.2232183913228255
889	0.27013875481978245
893	0.2831421629658952
895	0.30857300925002323
896	0.008566668911803445
897	0.278389818334683
904	0.00940350660897344
906	0.038784163787963816
911	0.02779132995135143
915	0.25278736580913636
920	0.25436632273573007
921	0.47056140261105867
922	0.20193054972784363
923	0.26520490268179087
924	0.00915752685578353
925	0.004870360154535951
926	0.24476084468189704
927	0.2569826871602216
929	0.066832873661888
930	0.006850586384702189
935	0.2704889557545837
936	0.023996526724491617
937	0.01398821177462373
938	0.29315026404925015
939	0.28443986622127604
941	0.05214989512294311
942	0.03958651945608677
0	0.0
0	0.0
0	0.0
0	0.0
0	0.0
0	0.0
0	0.0
0	0.0
0	0.0
0	0.0
0	0.0
0	0.0
0	0.0
0	0.0
0	0.0
0	0.0
0	0.0
0	0.0
0	0.0
0	0.0
0	0.0
0	0.0
0	0.0
0	0.0
0	0.0
0	0.0
0	0.0
0	0.0
0	0.0
0	0.0
0	0.0
0	0.0
0	0.0
0	0.0
0	0.0
0	0.0
0	0.0
0	0.0
0	0.0
0	0.0
0	0.0
0	0.0
0	0.0
0	0.0
0	0.0
0	0.0
0	0.0
0	0.0
0	0.0
0	0.0
0	0.0
0	0.0
0	0.0
0	0.0
0	0.0
0	0.0
0	0.0
0	0.0
0	0.0
0	0.0
0	0.0
0	0.0
0	0.0
0	0.0
0	0.0
0	0.0
0	0.0
0	0.0
0	0.0
0	0.0
0	0.0
0	0.0
0	0.0
0	0.0
0	0.0
0	0.0
0	0.0
0	0.0
0	0.0
0	0.0
0	0.0
0	0.0
0	0.0
0	0.0
0	0.0
0	0.0
0	0.0
0	0.0
0	0.0
0	0.0
0	0.0
0	0.0
0	0.0
0	0.0
0	0.0
0	0.0
0	0.0
0	0.0
0	0.0
0	0.0
0	0.0
0	0.0
0	0.0
0	0.0
0	0.0
0	0.0
0	0.0
0	0.0
0	0.0
0	0.0
0	0.0
0	0.0
0	0.0
0	0.0
0	0.0
0	0.0
0	0.0
0	0.0
0	0.0
0	0.0
0	0.0
0	0.0
0	0.0
0	0.0
0	0.0
0	0.0
0	0.0
0	0.0
0	0.0
0	0.0
0	0.0
0	0.0
0	0.0
0	0.0
0	0.0
0	0.0
0	0.0
0	0.0
0	0.0
0	0.0
0	0.0
0	0.0
0	0.0
0	0.0
0	0.0
0	0.0
0	0.0
0	0.0
0	0.0
0	0.0
0	0.0
0	0.0
0	0.0
0	0.0
0	0.0
0	0.0
0	0.0
0	0.0
0	0.0
0	0.0
0	0.0
0	0.0
0	0.0
0	0.0
0	0.0
0	0.0
0	0.0
0	0.0
0	0.0
0	0.0
0	0.0
0	0.0
0	0.0
0	0.0
0	0.0
0	0.0
0	0.0
0	0.0
0	0.0
0	0.0
0	0.0
0	0.0
0	0.0
0	0.0
0	0.0
0	0.0
0	0.0
0	0.0
0	0.0
0	0.0
0	0.0
0	0.0
0	0.0
0	0.0
0	0.0
0	0.0
0	0.0
0	0.0
0	0.0
0	0.0
0	0.0
0	0.0
0	0.0
0	0.0
0	0.0
0	0.0
0	0.0
0	0.0
0	0.0
0	0.0
0	0.0
0	0.0
0	0.0
0	0.0
0	0.0
0	0.0
0	0.0
0	0.0
0	0.0
0	0.0
0	0.0
0	0.0
0	0.0
0	0.0
0	0.0
0	0.0
0	0.0
0	0.0
0	0.0
0	0.0
0	0.0
0	0.0
0	0.0
0	0.0
0	0.0
0	0.0
0	0.0
0	0.0
0	0.0
0	0.0
0	0.0
0	0.0
0	0.0
0	0.0
0	0.0
0	0.0
0	0.0
0	0.0
0	0.0
0	0.0
0	0.0
0	0.0
0	0.0
0	0.0
0	0.0
0	0.0
0	0.0
0	0.0
0	0.0
0	0.0
0	0.0
0	0.0
0	0.0
0	0.0
0	0.0
0	0.0
0	0.0
0	0.0
0	0.0
0	0.0
0	0.0
0	0.0
0	0.0
0	0.0
0	0.0
0	0.0
0	0.0
0	0.0
0	0.0
0	0.0
0	0.0
0	0.0
0	0.0
0	0.0
0	0.0
0	0.0
0	0.0
0	0.0
0	0.0
0	0.0
0	0.0
0	0.0
0	0.0
0	0.0
0	0.0
0	0.0
0	0.0
0	0.0
0	0.0
0	0.0
0	0.0
0	0.0
0	0.0
0	0.0
0	0.0
0	0.0
0	0.0
0	0.0
0	0.0
0	0.0
0	0.0
0	0.0
0	0.0
0	0.0
0	0.0
0	0.0
0	0.0
0	0.0
0	0.0
0	0.0
0	0.0
0	0.0
0	0.0
0	0.0
0	0.0
0	0.0
0	0.0
