1	0.28424169813481037
2	0.19977583512708819
4	0.017009506620115022
8	0.28523333356939995
10	0.09261104466861295
12	0.20640813661200394
13	0.5089347215942193
14	0.021740228720991114
15	0.023384130649226606
17	0.16876351372016235
18	0.25743925482731717
20	0.23806278265844022
23	0.2844098621733844
24	0.0440388575059716
25	0.28560874413702664
28	0.20618851371608515
29	0.3040570328748673
30	0.08869369369021186
32	0.2267025917162528
33	0.033500418082750505
34	0.4994913114491138
35	0.4904569366034067
36	0.03672906215768984
37	0.49099649267496065
39	0.20120120033696065
40	0.25336752015741254
46	0.008198291822108059
47	0.011575333930073331
48	0.4522537047669596
51	0.23971338968161843
53	0.21606789684807354
55	0.4284788665719147
57	0.22209319696303925
58	0.34988086058812146
59	0.08802144358714323
60	0.2630517099999566
61	0.36496526066278906
63	0.22057521337145203
65	0.48225701672814225
66	0.20739780871399857
67	0.412432266973316
70	0.4521140685723486
71	0.2065708184113296
72	0.2718487654936341
73	0.054861378323723065
74	0.4713629002588396
76	0.28514910000376625
78	0.009166039118376074
79	0.185390165817155
80	0.1609657943648439
82	0.3332687281505349
83	0.5027258161010884
84	0.17358226057257004
90	0.10278237335793128
91	0.2802338377987741
93	0.14913745417593738
94	0.03739662743914418
98	0.28765004291716445
100	0.289368487946819
102	0.27325555735707824
105	0.21706351658496553
106	0.5200155101473709
107	0.01077029268746825
109	0.08813709887153928
110	0.25210060336719303
112	0.6973606715104621
114	0.20712650142374975
115	0.22608790015025415
116	0.044206743873151294
122	0.4868172286218822
123	0.06106205186991896
124	0.21725908889942389
128	0.4285326182557443
131	0.505893180205331
132	0.26235992761153093
133	0.18452938605824815
134	0.14567698125447756
135	0.29045469410884067
136	0.0391536308656143
137	0.1938620210444274
138	0.3339254487007846
140	0.04918183725455094
141	0.7356818776633957
143	0.27499998214370114
145	0.29635550764991814
149	0.15860846525675598
152	0.20860254720104904
153	0.5674582331159332
155	0.16472500927116276
156	0.2805623011277306
157	0.19894393289606915
159	0.5167223351857922
161	0.43203778002915455
162	0.1932681348742446
163	0.3811527009402169
164	0.24477619181862478
166	0.4993732759800073
167	0.29861376451929555
168	0.02990454376847851
169	0.24787697579984236
170	0.512837066533689
172	0.2030799925730044
173	0.4857822327501444
174	0.2460136957477423
176	0.19467041004051333
178	0.0551935931344231
179	0.2650884165186099
180	0.22196356231126005
183	0.47572164933602
184	0.02829803147859318
187	0.21513505461306975
188	0.3189715107184262
190	0.16897779454817172
191	0.2231103588714003
193	0.22844253363147055
194	0.46330715530856403
195	0.18544946894140163
197	0.3089851079810886
199	0.4338693644272271
202	0.08160098834051156
204	0.1552357984661425
205	0.4403038519897563
206	0.4133171962388283
207	0.0011288089801007178
208	0.2243115709384903
210	0.2624568932058248
212	0.011374792113453075
213	0.18376796618923674
217	0.2492040388956881
218	0.49463282326508284
219	0.4842716055723617
220	0.25144455238408747
221	0.18004962942090427
224	0.021439549391089344
225	0.2542464862308204
227	0.4273391515016759
229	0.38195021631791226
232	0.034070353890772884
234	0.02743756746558347
238	0.03742163778135284
239	0.022003243570958925
240	0.037750867100894495
241	0.3907429315766061
242	0.23080887746617235
243	0.08131502828531761
244	0.2520776538792165
249	0.28201370977976925
252	0.24165976831982017
254	0.4554388760335871
255	0.25482512637758736
257	0.48825518055864214
258	0.38306788156382254
259	0.28379942126014235
260	0.25692625777301376
261	0.447887443699705
262	0.0017875524112465901
263	0.24170363400894432
264	0.05207525518701131
266	0.12163889779243156
267	0.3070075337679273
268	0.29351736829134123
269	0.014102684351910491
271	0.0176724050179064
272	0.262194412243788
273	0.2347381221050075
277	0.20335915051708114
278	0.21801334773067355
283	0.2723377375404616
284	0.03260244088720782
285	0.27293123207353587
286	0.016022431118985284
287	0.43660398057310273
288	0.27566048348678407
289	0.3102130617921352
291	0.2642282620030159
292	0.056380295452363144
296	0.02316955188127119
297	0.05108693938752351
298	0.09945160651562293
299	0.298061140757923
300	0.29314621751306846
301	0.273823591854367
302	0.005617944350485293
303	0.32021126619419416
304	0.44951073844915335
306	0.18125361698335848
309	0.26572908587131633
310	0.02323830286796233
311	0.019865071790094696
312	0.0351620753730216
313	0.04696306120611865
316	0.5916834840029578
317	0.003391086882508998
318	0.19794533755573368
319	0.465034417284004
320	0.2767349376259418
321	0.059792535223531784
322	0.01149592522287593
327	0.055984960729687144
329	0.04521825900972194
331	0.2595928269338823
332	0.042209342863266885
333	0.2587269852924459
335	0.21095625929391212
336	0.18186318076982805
338	0.48474808866910574
339	0.03416929225193077
341	0.21875986362847583
343	0.04195528946704058
345	0.061694416751877604
346	0.24096377086249843
347	0.3318034730746012
349	0.031596343842299535
350	0.32023441749927084
351	0.4707817930303958
352	0.24141263476909142
353	0.22645230475949335
354	0.25168973815598006
356	0.16781247668978008
357	0.19924049595531074
360	0.07132226201812915
361	0.018663755543426863
362	0.1646151799516608
364	0.4647979171693204
369	0.20340480571320618
372	0.7087105927529033
374	0.23236086441791007
375	0.025901695309117123
378	0.030267672723905417
379	0.04389250990794699
382	0.31389178970524034
384	0.22156218488339213
385	0.3106358060879315
386	0.5801275044782669
391	0.0667049578585967
393	0.5473515618621365
395	0.05711280214379842
397	0.07506015931522071
401	0.7331823780353853
403	0.05170399041425959
404	0.022777338857090337
409	0.3174797061388841
410	0.1915693906772894
412	0.006945705015628426
415	0.24975857070606255
416	0.003135739465117887
417	0.027673504391449888
419	0.19117577429386695
420	0.24102036950665323
424	0.519916836314347
426	0.45986808700943527
428	0.26727722994885883
429	0.30840400614011265
430	0.2713201653678792
431	0.4927256720110962
433	0.2459303293344576
435	0.3166047719791908
436	0.23666728838747686
437	0.0450473613208129
438	0.003487191018289995
439	0.4615445274818412
440	0.01675239821125403
442	0.019353561813360398
443	0.2313387462526752
444	0.44748332147556635
445	0.008514358594035196
446	0.22511906808820262
450	0.25426646420828175
451	0.3117859131938821
456	0.24822211978785053
457	0.041269674621186817
460	0.02246010879508735
462	0.4649752167244556
463	0.05193921826346262
465	0.04399127031674467
467	0.04406947552442772
469	0.04097513761229776
470	0.18367166552382372
471	0.25789107863192295
473	0.2425897971575951
474	0.03868247912419609
475	0.02523948545697717
476	0.027939110661277425
477	0.39252947369097707
481	0.3460613999862068
482	0.22051092225726862
484	0.25367733214488597
487	0.27042145698796044
488	0.05203624954807548
491	0.2435912059701234
492	0.028462324764516836
495	0.06441155723236952
497	0.18131725017832084
498	0.1388457670260551
499	0.48155862805391214
500	0.0998070996240254
501	0.0998991490970646
502	0.2500098322110558
504	0.536013588080268
505	0.5290106096289114
508	0.03161551192284856
510	0.4527208823822919
511	0.2384092170566493
512	0.04345794803268743
513	0.27942115619066715
516	0.2690188854307414
520	0.17796222849530177
522	0.33371254856353855
527	0.062228675220875704
528	0.030165021669530043
529	0.03917573581223115
530	0.4782977932725667
531	0.2251929864525289
532	0.039398473055117345
533	0.04397013097160268
538	0.13592292501390738
539	0.06212344463451418
541	0.04769518966903517
542	0.09652469600438338
543	0.2715624767664655
544	0.14372917168542668
545	0.25654549201345406
547	0.2522190236202249
548	0.5516343920273049
549	0.008664878485369149
550	0.2333137252113742
551	0.33079089311355714
552	0.19741537109875099
553	0.3166678672407329
554	0.18661585934410027
558	0.19912856900149453
559	0.5028129721640789
560	0.2784467740437645
561	0.29042848826491396
562	0.09517594081335481
563	0.2060813777411436
565	0.481286395273552
566	0.4759111317558302
567	0.09335115081048427
570	0.19903455831609307
571	0.02735901426137756
572	0.2931592090859648
573	0.32066557238305526
575	0.33413664587045755
576	0.04528786678387697
577	0.03053552748345728
578	0.2251117880072069
579	0.35509846342931806
581	0.2687339808238386
583	0.0470148172214233
585	0.5275897110634219
586	0.25785630588187386
590	0.2525092929782929
591	0.5657720742883624
592	0.034492902700323264
594	0.2091469929865144
595	0.022257201003046678
596	0.49744687175201474
597	0.017926589874466256
600	0.2130585399400574
601	0.004938695822642211
607	0.024614166766011067
608	0.02337408934512393
609	0.2832679995193241
611	0.4872247307847781
612	0.39839936094718464
613	0.11527179444813687
615	0.5701832384270198
617	0.2984266492709257
621	0.5724406975678811
623	0.3551427481439752
624	0.23688144674200745
625	0.08651493487127421
626	0.20847568604696456
627	0.09972942606462576
628	0.04058687451424918
631	0.19156224474912936
633	0.24685992203573098
635	0.005240411069235909
639	0.02108301041959519
640	0.027789667051866168
642	0.2579813722313088
645	0.263155158696329
646	0.1761620756561805
648	0.24046913174529844
651	0.4476013326438698
652	0.24130629568989376
653	0.03507055314366994
654	0.031110492804732576
657	0.27450303870516257
658	0.017803826599967917
660	0.5393653613150571
662	0.37445868326363063
663	0.20056848060309154
666	0.032446789795630315
667	0.25654988454748734
669	0.04747646555213285
670	0.013685724567457341
672	0.003967666455946275
673	0.46659557962294895
674	0.23584235667403247
675	0.23495832999745153
677	0.2708711465599545
679	0.2046968656212657
681	0.1937279208543463
686	0.04895548719168345
687	0.19662300814888373
689	0.24861345093930082
690	0.5441962189527906
691	0.18925123845276642
693	0.26921254033309344
694	0.039147510331835444
696	0.0189964532368955
697	0.23807324700405405
699	0.0376018911302301
704	0.2176009419279612
705	0.19437960661726406
707	0.5590931169125126
708	0.25292651706258323
709	0.26984841962057377
710	0.5357985658414762
711	0.2718101553868343
712	0.2106956070512492
713	0.016593538599011387
714	0.27018941585509604
715	0.17319977235520517
716	0.22694854565995615
718	0.7338438877027263
719	0.5218361015004138
720	0.2174432163876716
722	0.20062168631073007
723	0.19841473876170246
724	0.4133171962388283
725	0.4516848779237499
728	0.2111006299621529
729	0.6723744627449428
731	0.2576680507801497
733	0.007753862045423984
738	0.21983113216432218
739	0.07081346819678161
740	0.19813328803131938
741	0.32707891182588067
742	0.24532587183399757
743	0.21921439284581504
744	0.06838690218958413
745	0.5212081601816283
749	0.3236853424552877
754	0.48588842198297766
755	0.20528746440749726
756	0.04452137389096704
757	0.02268552046621887
758	0.09667771434874076
761	0.2856651870103689
762	0.07404769523382414
766	0.027576711539683912
767	0.2534819151402059
768	0.21133438737708776
772	0.02315198567978924
775	0.2589841769353229
776	0.28533347722724856
778	0.23019218469088937
782	0.021409237881012178
784	0.2055413385407231
788	0.2213600109317791
789	0.46781986383457147
790	0.44929173651476073
791	0.255064008050777
796	0.48505079839704196
798	0.002300163125419169
800	0.040586874514249194
801	0.7257574815533916
802	0.2781606710626402
804	0.7533581179087376
805	0.07019110718607224
808	0.23347797121574781
809	0.006303665074329612
810	0.253123129879138
812	0.49820244747253617
814	0.2274468009082013
815	0.2693251822868716
816	0.4221528048381151
819	0.24955317597617416
821	0.01495882117355711
822	0.2805278703792556
823	0.0490950249796728
824	0.29326178842519546
825	0.28678691204172124
827	0.1706242102737457
828	0.034516694977491186
830	0.5097421775783723
832	0.226454949438208
835	0.07067092043860054
837	0.04154465067079707
838	0.25462562841395847
841	0.008061417655133796
842	0.2162053960120615
846	0.03332816464853336
847	0.4766271335789872
848	0.05118407329908849
853	0.22757490245571596
854	0.038595486521067424
855	0.9942728083610627
856	0.4546565920783284
858	0.25957039603572296
859	0.23397505750500058
863	0.013893892822245194
864	0.29939909743876447
865	0.021927314088949282
866	0.07883867895511075
867	0.04226067310961691
871	0.025347643739395076
872	0.18416686763942586
873	0.5208634382321825
874	0.021396888195607144
876	0.17168301423200444
877	0.040581133766104865
878	0.5500148798389709
880	0.048092617778309046
881	0.24769421210307582
882	0.3018247598929338
883	0.10216865081350106
884	0.029006107818152438
885	0.31374143909251934
887	0.032609844384321005
888	0.4997089484865972
890	0.5306487263492577
892	0.24329745221498225
894	0.03938454899628881
900	0.37276594397866586
901	0.7710111018648736
903	0.014998675262194991
904	0.26020134856232335
905	0.19738644196732363
907	0.03916096954221458
909	0.20176324913973492
911	0.34326285057229944
913	0.520432017317102
914	0.4605040231685355
915	0.16755102419963086
917	0.018505673669127393
918	0.4507259516997657
920	0.477711416629496
921	0.2594481377041662
923	0.25420835219269244
925	0.4956646728449189
927	0.27713357130760163
929	0.016365593974426093
930	0.4996796486372147
931	0.2610444457119216
932	0.04443428040199317
933	0.05673117987516704
934	0.3165408651402507
935	0.6999119978802172
936	0.2409034091959009
937	0.02053735977877047
940	0.020460544578847606
941	0.25946648601940625
942	0.027822770824923154
943	0.24867311297864064
0	0.0
0	0.0
0	0.0
0	0.0
0	0.0
0	0.0
0	0.0
0	0.0
0	0.0
0	0.0
0	0.0
0	0.0
0	0.0
0	0.0
0	0.0
0	0.0
0	0.0
0	0.0
0	0.0
0	0.0
0	0.0
0	0.0
0	0.0
0	0.0
0	0.0
0	0.0
0	0.0
0	0.0
0	0.0
0	0.0
0	0.0
0	0.0
0	0.0
0	0.0
0	0.0
0	0.0
0	0.0
0	0.0
0	0.0
0	0.0
0	0.0
0	0.0
0	0.0
0	0.0
0	0.0
0	0.0
0	0.0
0	0.0
0	0.0
0	0.0
0	0.0
0	0.0
0	0.0
0	0.0
0	0.0
0	0.0
0	0.0
0	0.0
0	0.0
0	0.0
0	0.0
0	0.0
0	0.0
0	0.0
0	0.0
0	0.0
0	0.0
0	0.0
0	0.0
0	0.0
0	0.0
0	0.0
0	0.0
0	0.0
0	0.0
0	0.0
0	0.0
0	0.0
0	0.0
0	0.0
0	0.0
0	0.0
0	0.0
0	0.0
0	0.0
0	0.0
0	0.0
0	0.0
0	0.0
0	0.0
0	0.0
0	0.0
0	0.0
0	0.0
0	0.0
0	0.0
0	0.0
0	0.0
0	0.0
0	0.0
0	0.0
0	0.0
0	0.0
0	0.0
0	0.0
0	0.0
0	0.0
0	0.0
0	0.0
0	0.0
0	0.0
0	0.0
0	0.0
0	0.0
0	0.0
0	0.0
0	0.0
0	0.0
0	0.0
0	0.0
0	0.0
0	0.0
0	0.0
0	0.0
0	0.0
0	0.0
0	0.0
0	0.0
0	0.0
0	0.0
0	0.0
0	0.0
0	0.0
0	0.0
0	0.0
0	0.0
0	0.0
0	0.0
0	0.0
0	0.0
0	0.0
0	0.0
0	0.0
0	0.0
0	0.0
0	0.0
0	0.0
0	0.0
0	0.0
0	0.0
0	0.0
0	0.0
0	0.0
0	0.0
0	0.0
0	0.0
0	0.0
0	0.0
0	0.0
0	0.0
0	0.0
0	0.0
0	0.0
0	0.0
0	0.0
0	0.0
0	0.0
0	0.0
0	0.0
0	0.0
0	0.0
0	0.0
0	0.0
0	0.0
0	0.0
0	0.0
0	0.0
0	0.0
0	0.0
0	0.0
0	0.0
0	0.0
0	0.0
0	0.0
0	0.0
0	0.0
0	0.0
0	0.0
0	0.0
0	0.0
0	0.0
0	0.0
0	0.0
0	0.0
0	0.0
0	0.0
0	0.0
0	0.0
0	0.0
0	0.0
0	0.0
0	0.0
0	0.0
0	0.0
0	0.0
0	0.0
0	0.0
0	0.0
0	0.0
0	0.0
0	0.0
0	0.0
0	0.0
0	0.0
0	0.0
0	0.0
0	0.0
0	0.0
0	0.0
0	0.0
0	0.0
0	0.0
0	0.0
0	0.0
0	0.0
0	0.0
0	0.0
0	0.0
0	0.0
0	0.0
0	0.0
0	0.0
0	0.0
0	0.0
0	0.0
0	0.0
0	0.0
0	0.0
0	0.0
0	0.0
0	0.0
0	0.0
0	0.0
0	0.0
0	0.0
0	0.0
0	0.0
0	0.0
0	0.0
0	0.0
0	0.0
0	0.0
0	0.0
0	0.0
0	0.0
0	0.0
0	0.0
0	0.0
0	0.0
0	0.0
0	0.0
0	0.0
0	0.0
0	0.0
0	0.0
0	0.0
0	0.0
0	0.0
0	0.0
0	0.0
0	0.0
0	0.0
0	0.0
0	0.0
0	0.0
0	0.0
0	0.0
0	0.0
0	0.0
0	0.0
0	0.0
0	0.0
0	0.0
0	0.0
0	0.0
0	0.0
0	0.0
0	0.0
0	0.0
0	0.0
0	0.0
0	0.0
0	0.0
0	0.0
0	0.0
0	0.0
0	0.0
0	0.0
0	0.0
0	0.0
0	0.0
0	0.0
0	0.0
0	0.0
0	0.0
0	0.0
0	0.0
0	0.0
0	0.0
0	0.0
0	0.0
0	0.0
0	0.0
0	0.0
0	0.0
0	0.0
0	0.0
0	0.0
0	0.0
0	0.0
0	0.0
0	0.0
0	0.0
0	0.0
0	0.0
0	0.0
0	0.0
0	0.0
0	0.0
0	0.0
0	0.0
0	0.0
0	0.0
0	0.0
0	0.0
0	0.0
0	0.0
0	0.0
0	0.0
0	0.0
0	0.0
0	0.0
0	0.0
0	0.0
0	0.0
0	0.0
0	0.0
0	0.0
0	0.0
0	0.0
0	0.0
0	0.0
0	0.0
0	0.0
0	0.0
0	0.0
0	0.0
0	0.0
0	0.0
0	0.0
0	0.0
0	0.0
0	0.0
0	0.0
0	0.0
0	0.0
0	0.0
0	0.0
0	0.0
0	0.0
0	0.0
0	0.0
0	0.0
0	0.0
0	0.0
0	0.0
0	0.0
0	0.0
0	0.0
0	0.0
0	0.0
0	0.0
0	0.0
