2	0.2636002228097777
6	0.02318297757593329
8	0.259118472399436
10	0.03834303438985991
11	0.16874687090746632
12	0.5187394735581243
15	0.03563150273127488
16	0.045952899285421525
17	0.5232908655562167
20	0.05810572085490321
27	0.5142774448455636
28	0.26093128192017295
29	0.003357044456245184
31	0.24281580073044498
32	0.5098489756697888
33	0.28589497791213314
35	0.02947416600696715
36	0.5135490462117421
37	0.021176166611289696
39	0.23674808796233604
40	0.025333442090378896
41	0.2794966634793583
45	0.488097064667988
46	0.4867786981742624
48	0.5324628377408329
50	0.28807182668127373
51	0.5069485059540079
52	0.2896246879696715
53	0.02949135065540307
54	0.24431193583284752
55	0.29237513750769945
56	0.025051105295831943
57	0.25962769326624324
59	0.031477167311765045
64	0.01273090138642731
65	0.02224750009158119
66	0.24748912782251473
67	0.2973159921483652
68	0.29730638171262036
69	0.5355917166943772
70	0.025127908083176918
71	0.2601398107265058
75	0.24163103604508093
76	0.19184016123753006
77	0.2705519133529206
78	0.7761278162446249
79	0.007292203862161936
81	0.029870046890147408
83	0.4892460350602178
84	0.016137117385917187
86	0.03145827079699054
87	0.2778243182420489
89	0.01661710982188119
91	0.2798088475047546
93	0.17638811321427444
96	0.024329156180694932
97	0.03569741764475583
99	0.05952512392239723
101	0.7383718546722442
102	0.007433131911986884
103	0.1659969292880572
104	0.18818438319867964
106	0.004821732176460158
107	0.22373113926279342
109	0.013012835161879885
111	0.23243965380011106
112	0.03489228871070386
113	0.45457092140817157
114	0.23119693210568354
117	0.024040819973577026
118	0.2627277820425546
119	0.024979025593312058
120	0.0017275131474773359
122	0.5185923301292447
124	0.2544437489681042
125	0.2701717564129803
126	0.9908959803802184
127	0.9946960037814686
128	0.2783839613245631
131	0.2672379727762314
133	0.2537473322663642
134	0.0013448240559690815
135	0.24117792344612232
137	0.5174009732407465
138	0.006656618359535869
141	0.23651011815255435
142	0.010610656070715797
143	0.3174947569554446
145	0.009693298347236215
147	0.249807141346365
148	0.47381217423021404
149	0.0019833764093503126
150	0.2973790158455713
152	0.2696761753435089
154	0.5140116517261176
155	0.5347036049068858
156	0.00837334094419235
157	0.26242662755989
158	0.0018033839898749585
159	0.03186398015736218
160	0.034102849816635174
161	0.12391996196994098
163	0.4827016318788169
164	0.06877231751557869
166	0.2708862561233839
169	0.27287114254389766
170	0.03427452418242073
171	0.23167141465324603
175	0.26696499418771763
177	0.04680784568066494
180	0.2711125851038425
185	0.4425366179665778
187	0.49668815868530225
190	0.5203958845112122
191	0.288164420204797
196	0.15037906263773776
197	0.4316278991838913
199	0.291145034827504
200	0.021231004556689158
202	0.256785139158592
203	0.5214713799577269
204	0.18825054522020676
205	0.19862760222981704
208	0.22423692143641966
212	0.014289907281990605
213	0.02859518294063037
219	0.2839583381552863
220	0.09858398940252645
223	0.006668351251785103
224	0.26282617047780954
228	0.09618517024984126
229	0.30013054742391365
231	0.24689776066926514
233	0.2548918774929796
237	0.014599661046535796
238	0.01453316229213339
241	0.20401003145565264
242	0.06429360892281188
244	0.026987696154501813
245	0.26841682924881327
246	0.2698778145565104
247	0.24675710595633568
248	0.2726399000938095
251	0.04694763181395138
254	0.22869707069277118
255	0.1937820839178761
257	0.2899064331193839
258	0.24619549309174718
260	0.001593510789742264
261	0.2728217629828138
262	0.009730789726508642
263	0.020748515303335782
264	0.2882101893425288
265	0.019848415243517006
266	0.10107810053616122
272	0.0283501045100479
273	0.49875286460705326
274	0.27402517930199644
275	0.7367954778404681
277	0.185249789665843
278	0.34244833272979536
279	0.2352533954762344
281	0.5766437197098163
282	0.5138449206544705
283	0.49132727572598467
284	0.02406018961067176
285	0.003666438358871829
287	0.26498865245600034
288	0.03428468034006422
289	0.06510504325388174
290	0.002829710819197584
291	0.03279943841751753
296	0.016799550906159554
300	0.4186454922131876
301	0.024168044969963866
302	0.008763142280252254
304	0.29260895413333793
306	0.5198406961439422
307	0.2207472355007801
309	0.2937687943659893
310	0.4805752878876517
312	0.044010106324322125
313	0.01341105187999771
314	0.008863084985657067
317	0.5490023202795884
319	0.04539962334182615
322	0.03483053098538641
323	0.01678028978736164
326	0.249869605857983
330	0.27266671675269455
331	0.23332235923091826
332	0.0320408425839676
333	0.07880585480656524
335	0.24493088276038816
336	0.28403778966688625
337	0.1992907025496577
340	0.02633869953453786
341	0.19407754247545486
346	0.020897670595194543
348	0.28759622753435976
349	0.02947868869501962
353	0.0025681710045716045
355	0.26493393574560065
356	0.32538459609983783
359	0.22566028327125245
365	0.07871071791154967
366	0.5020995740466531
367	0.23681480867231444
368	0.5366410931128913
369	0.48157619308920113
372	0.28068983110356066
375	0.5605680406361275
376	0.03424791052521911
377	0.718130566046524
381	0.22903910593729512
383	0.28974549359100016
388	0.28928962169233935
393	0.042302904416400784
396	0.24391454533336063
398	0.0404529261842009
400	0.515677033553346
401	0.04165209042480068
403	0.04045504964697626
410	0.2531266077634795
412	0.2878873429482634
413	0.2808950442853666
415	0.27824948351222906
418	0.4679556610780596
419	0.032385485615864865
421	0.02121323565848138
422	0.008556551294913249
425	0.18784631259947185
427	0.26925141127136326
431	0.01564167687513697
432	0.2914602380682837
433	0.010573791473483057
434	0.24034079188039734
438	0.031838275804180416
439	0.5257971690970001
440	0.03997251720352869
441	0.26120065051421115
443	0.04288612823635872
444	0.02333870377861462
446	0.06321266394168412
448	0.20036618965313815
451	0.2424565873584657
454	0.005156535733951952
459	0.2890811743201079
461	0.03601980375827285
462	0.03399345450660089
464	0.016292033350631334
467	0.021830060981416353
470	0.5281606883689657
471	0.7422266469790061
472	0.49860197132140494
473	0.3036258456865638
475	0.05192682254390835
476	0.2759034816051118
477	0.2485525276858116
478	0.003997794639483687
481	0.2319576851108342
482	0.32373312111079644
483	0.5024931488567761
484	0.011590226307091271
488	0.022709444442604983
489	0.48685501696333655
492	0.25900943195667875
494	0.7625950900310459
496	0.007636648250330308
499	0.01208867095565011
502	0.2550470393627684
505	0.02062545966667627
506	0.005479617602433685
507	0.2761876305749955
509	0.4333253854152529
510	0.06676453087316687
511	0.22862834703537643
512	0.2983962998100822
513	0.24923517908078657
515	0.5760199528862152
517	0.017191669412325725
518	0.26659870189378165
522	0.004298107447113869
523	0.5375425017912078
527	0.26060024111167285
528	0.2820651566616307
529	0.5161636684289276
530	0.2580422310962342
533	0.28333023189996764
534	0.04093924720495869
535	0.02262132279022593
536	0.26489603184882554
539	0.20060251024945258
540	0.5159992845025098
546	0.28213151436691875
547	0.017404951161745803
548	0.001424590928316996
550	0.25907337662326035
552	0.24213066790803747
554	0.49829732010482003
555	0.23397598496619
559	0.030382736640387032
563	0.5027029318743265
564	0.21414820301876933
565	0.01926557735524895
571	0.030576436566705393
574	0.032381280152374195
575	0.21369690718157935
576	0.279366944057562
578	0.3074176819691954
580	0.4832669436223945
583	0.2818054868722299
584	0.001859602731637329
585	0.2193899868028773
587	0.033983740172545775
589	0.011332135838594458
593	0.5094896047373617
594	0.04657523461788571
596	0.28346662917248316
597	0.2502427610286859
599	0.027482510942711195
602	0.011652388752311806
604	0.41016336393072494
609	0.3635371302021518
610	0.024406425410754825
612	0.2628594018269526
615	0.014295507487031768
616	0.2661226557847386
618	0.296699299797445
619	0.26820947176704035
620	0.5027197391225376
623	0.2568026825245069
628	0.02445437589417574
629	0.025013622929493728
630	0.26448979027319713
632	0.021820645250373555
633	0.01016887490957099
636	0.27001552113640576
638	0.025637019827209544
642	0.26011560472808015
644	0.4967735632762502
646	0.23231576773387685
648	0.014281462388731871
651	0.030920537192443778
653	0.029182189313962742
654	0.02011647716706804
656	0.17890243690403468
657	0.009575382158728024
660	0.01865330211928199
662	0.20160019546606542
663	0.008302906148301738
668	0.22718845126046094
671	0.4518132670557668
672	0.22426906085813905
675	0.3411212310199238
676	0.002620125795175822
677	0.04177404880519298
679	0.29178162171812205
680	0.23260882920988002
681	0.22297648030054593
684	0.006473350981923958
686	0.01103154673435923
687	0.48685993754845397
688	0.27464145234997356
689	0.5227987326606673
690	0.04241645104097349
692	0.28829261874100953
694	0.2732340439159216
695	0.4786929334826492
698	0.783211920220789
699	0.02215810669862098
700	0.28591526043633114
701	0.2762387288950036
702	0.4824211632306666
703	0.534989172002645
705	0.020690543251399397
706	0.5183372947935062
708	0.526363197039398
712	0.293320410917785
714	0.2910604998086946
718	0.22098288754644674
722	0.003644322444839275
723	0.5373185032704939
729	0.04383034076998517
730	0.22855605736402432
731	0.26834888799281104
732	0.25737081854952076
739	0.26546548762356476
746	0.03571891415848382
750	0.5010913803293189
751	0.023957557161185295
752	0.010439218607668804
754	0.2763391772050161
759	0.22223347852100536
761	0.49903397271789907
762	0.2690738402185612
765	0.008534659514540334
766	0.0010251909374767824
768	0.0023483158312524732
772	0.015901896804332693
775	0.773706160095975
777	0.3084514642589303
778	0.2575813090206038
779	0.26162319146629776
781	0.27720088293466894
782	0.027151467101152918
783	0.48973999113007843
784	0.05145619555560703
785	0.5461691402893615
789	0.052353834472830166
790	0.25605681924322726
791	0.058473913248973844
794	0.1978754558079721
796	0.2537841026261537
797	0.5480519315092294
798	0.05032289794542992
799	0.5265162571536242
801	0.2499359851358149
802	0.04088376831361287
809	0.048947112977698076
811	0.5315322852647679
812	0.49997627719196897
813	0.037500889112244105
814	0.001913321319803013
816	0.2906903633941858
817	0.23389624369474896
818	0.26767934769493806
824	0.03382579810775417
825	0.2706843169523747
826	0.2469430307391316
827	0.4921500110067201
831	0.017948133199483244
832	0.27042458419256804
834	0.7630046060433591
836	0.25434060487794874
838	0.03425838415641938
842	0.2055819255894652
843	0.034249895382092735
844	0.25330210924458624
847	0.26286030467189886
848	0.21420446353901562
849	0.02445437589417573
850	0.2844736588264006
852	0.026532187925762597
855	0.017121329502612144
856	0.288804559256117
857	0.28913858132729775
858	0.05352048166772384
859	0.2344762849352136
862	0.010669620877192598
863	0.27311340226383646
866	0.1484702612102111
871	0.26032828355475474
872	0.2838651917652294
873	0.2745233451438441
875	0.24630586703831148
876	0.2523292712444242
879	0.19368421066369113
884	0.47927319321103196
885	0.22502259271980882
888	0.22535316089923313
889	0.03259369445136506
893	0.022060016810064583
895	0.011412002837289485
897	0.0597730197358886
901	0.014008585847631483
904	0.22460124243667845
909	0.257247072658716
911	0.2570031266441774
914	0.1572133029578882
915	0.2161429362072242
917	0.21269295399614574
920	0.26393971378208547
921	0.243688776751453
922	0.009059930922330466
923	0.030202922839017845
925	0.03557169187506397
926	0.21514220679480486
927	0.009978841008635993
929	0.059810357813940104
935	0.03673813250275315
937	0.005022833898209275
938	0.2910862580347844
939	0.2210825165319481
0	0.0
0	0.0
0	0.0
0	0.0
0	0.0
0	0.0
0	0.0
0	0.0
0	0.0
0	0.0
0	0.0
0	0.0
0	0.0
0	0.0
0	0.0
0	0.0
0	0.0
0	0.0
0	0.0
0	0.0
0	0.0
0	0.0
0	0.0
0	0.0
0	0.0
0	0.0
0	0.0
0	0.0
0	0.0
0	0.0
0	0.0
0	0.0
0	0.0
0	0.0
0	0.0
0	0.0
0	0.0
0	0.0
0	0.0
0	0.0
0	0.0
0	0.0
0	0.0
0	0.0
0	0.0
0	0.0
0	0.0
0	0.0
0	0.0
0	0.0
0	0.0
0	0.0
0	0.0
0	0.0
0	0.0
0	0.0
0	0.0
0	0.0
0	0.0
0	0.0
0	0.0
0	0.0
0	0.0
0	0.0
0	0.0
0	0.0
0	0.0
0	0.0
0	0.0
0	0.0
0	0.0
0	0.0
0	0.0
0	0.0
0	0.0
0	0.0
0	0.0
0	0.0
0	0.0
0	0.0
0	0.0
0	0.0
0	0.0
0	0.0
0	0.0
0	0.0
0	0.0
0	0.0
0	0.0
0	0.0
0	0.0
0	0.0
0	0.0
0	0.0
0	0.0
0	0.0
0	0.0
0	0.0
0	0.0
0	0.0
0	0.0
0	0.0
0	0.0
0	0.0
0	0.0
0	0.0
0	0.0
0	0.0
0	0.0
0	0.0
0	0.0
0	0.0
0	0.0
0	0.0
0	0.0
0	0.0
0	0.0
0	0.0
0	0.0
0	0.0
0	0.0
0	0.0
0	0.0
0	0.0
0	0.0
0	0.0
0	0.0
0	0.0
0	0.0
0	0.0
0	0.0
0	0.0
0	0.0
0	0.0
0	0.0
0	0.0
0	0.0
0	0.0
0	0.0
0	0.0
0	0.0
0	0.0
0	0.0
0	0.0
0	0.0
0	0.0
0	0.0
0	0.0
0	0.0
0	0.0
0	0.0
0	0.0
0	0.0
0	0.0
0	0.0
0	0.0
0	0.0
0	0.0
0	0.0
0	0.0
0	0.0
0	0.0
0	0.0
0	0.0
0	0.0
0	0.0
0	0.0
0	0.0
0	0.0
0	0.0
0	0.0
0	0.0
0	0.0
0	0.0
0	0.0
0	0.0
0	0.0
0	0.0
0	0.0
0	0.0
0	0.0
0	0.0
0	0.0
0	0.0
0	0.0
0	0.0
0	0.0
0	0.0
0	0.0
0	0.0
0	0.0
0	0.0
0	0.0
0	0.0
0	0.0
0	0.0
0	0.0
0	0.0
0	0.0
0	0.0
0	0.0
0	0.0
0	0.0
0	0.0
0	0.0
0	0.0
0	0.0
0	0.0
0	0.0
0	0.0
0	0.0
0	0.0
0	0.0
0	0.0
0	0.0
0	0.0
0	0.0
0	0.0
0	0.0
0	0.0
0	0.0
0	0.0
0	0.0
0	0.0
0	0.0
0	0.0
0	0.0
0	0.0
0	0.0
0	0.0
0	0.0
0	0.0
0	0.0
0	0.0
0	0.0
0	0.0
0	0.0
0	0.0
0	0.0
0	0.0
0	0.0
0	0.0
0	0.0
0	0.0
0	0.0
0	0.0
0	0.0
0	0.0
0	0.0
0	0.0
0	0.0
0	0.0
0	0.0
0	0.0
0	0.0
0	0.0
0	0.0
0	0.0
0	0.0
0	0.0
0	0.0
0	0.0
0	0.0
0	0.0
0	0.0
0	0.0
0	0.0
0	0.0
0	0.0
0	0.0
0	0.0
0	0.0
0	0.0
0	0.0
0	0.0
0	0.0
0	0.0
0	0.0
0	0.0
0	0.0
0	0.0
0	0.0
0	0.0
0	0.0
0	0.0
0	0.0
0	0.0
0	0.0
0	0.0
0	0.0
0	0.0
0	0.0
0	0.0
0	0.0
0	0.0
0	0.0
0	0.0
0	0.0
0	0.0
0	0.0
0	0.0
0	0.0
0	0.0
0	0.0
0	0.0
0	0.0
0	0.0
0	0.0
0	0.0
0	0.0
0	0.0
0	0.0
0	0.0
0	0.0
0	0.0
0	0.0
0	0.0
0	0.0
0	0.0
0	0.0
0	0.0
0	0.0
0	0.0
0	0.0
0	0.0
0	0.0
0	0.0
0	0.0
0	0.0
0	0.0
0	0.0
0	0.0
0	0.0
0	0.0
0	0.0
0	0.0
0	0.0
0	0.0
0	0.0
0	0.0
0	0.0
0	0.0
0	0.0
0	0.0
0	0.0
0	0.0
0	0.0
0	0.0
0	0.0
0	0.0
0	0.0
0	0.0
0	0.0
0	0.0
0	0.0
0	0.0
0	0.0
0	0.0
0	0.0
0	0.0
0	0.0
0	0.0
0	0.0
0	0.0
0	0.0
0	0.0
0	0.0
0	0.0
0	0.0
0	0.0
0	0.0
0	0.0
0	0.0
0	0.0
0	0.0
0	0.0
0	0.0
0	0.0
0	0.0
0	0.0
0	0.0
0	0.0
0	0.0
0	0.0
0	0.0
0	0.0
0	0.0
0	0.0
0	0.0
0	0.0
0	0.0
0	0.0
0	0.0
0	0.0
0	0.0
0	0.0
0	0.0
0	0.0
0	0.0
0	0.0
0	0.0
0	0.0
0	0.0
0	0.0
0	0.0
0	0.0
0	0.0
0	0.0
0	0.0
0	0.0
0	0.0
0	0.0
0	0.0
0	0.0
0	0.0
0	0.0
0	0.0
0	0.0
0	0.0
0	0.0
0	0.0
0	0.0
0	0.0
0	0.0
0	0.0
0	0.0
0	0.0
0	0.0
0	0.0
0	0.0
0	0.0
0	0.0
0	0.0
0	0.0
0	0.0
0	0.0
0	0.0
0	0.0
0	0.0
0	0.0
0	0.0
0	0.0
0	0.0
0	0.0
0	0.0
0	0.0
0	0.0
0	0.0
0	0.0
0	0.0
0	0.0
0	0.0
0	0.0
0	0.0
0	0.0
0	0.0
0	0.0
0	0.0
