2	0.04104004094870181
4	0.0005201963461779133
6	0.02852882636322038
7	0.026489853499949728
9	0.2705519133529206
11	0.4051227566790776
12	0.03419784903362514
13	0.22134207987720086
15	0.2161764255497987
16	0.3076808982712026
17	0.23975054999359355
19	0.24658190898539561
21	0.07812357609099617
23	0.015410868078561853
24	0.06320115317956305
25	0.24963644742664637
26	0.1500202151323672
27	0.5469986093366525
28	0.23691770248279426
29	0.20954405898434691
32	0.007951139252640689
34	0.1634728687412247
35	0.00915133225258865
36	0.0031626403722812765
37	0.007551003084531698
38	0.03761055654470289
41	0.028253061759499973
42	0.05575412494276192
43	0.06232602614790142
46	0.24651169918623547
48	0.04807687070160861
49	0.24036991535206534
50	0.4665781968547451
54	0.5108388054070903
57	0.2046727225194299
61	0.18832133081190017
69	0.05107032897670362
70	0.22565465455281303
71	0.25953810707851266
72	0.2452809628582338
75	0.03826167728609672
76	0.2089437584317128
78	0.0577415885099978
79	0.23496534571989128
80	0.15571689731686214
85	0.29074146107262305
86	0.17362020720917226
88	0.38837870877352293
89	0.048898061305152264
92	0.26441675970905276
93	0.5521249168863965
97	0.30043555672429667
99	0.23666191849812068
101	0.0421337162762503
103	0.20551388144282798
107	0.21992171857050066
108	0.43641686842215965
113	0.005363717841039846
115	0.0053712251549939
116	0.031227297706990856
119	0.23264936277978504
120	0.2775771611407009
121	0.022462029102558935
122	0.22558194277307236
123	0.08398721246194296
124	0.2544074011316652
126	0.2721511418552363
127	0.2669800596985194
130	0.49293721983430416
131	0.24202466892087085
134	0.47791854406761186
135	0.2526946844082799
139	0.21111990780895168
144	0.46854372737989675
147	0.4203393860298166
148	0.026824612227742135
150	0.27502620043519693
154	0.29379797315086587
155	0.4552004592569848
158	0.5078328408477594
160	0.039342714143519295
161	0.3899810194220587
162	0.29021040676679577
163	0.2232012078370498
164	0.02699462635488991
165	0.2742888226303591
166	0.35556182044962975
168	0.004479614901780626
169	0.0040580741146661325
175	0.06162760803592194
176	0.44556196531300907
178	0.02414984197514794
179	0.3176712801790943
182	0.25795104995764967
183	0.18877151335100137
184	0.24105105896775939
185	0.26074400031372363
187	0.47163849586333667
190	0.3025909085986157
191	0.02879989420123951
193	0.4984326402633016
195	0.16871502705517236
196	0.17514421508362382
199	0.2377895659103414
200	0.26591302265485467
201	0.03480729356571245
202	0.2119093127818636
203	0.7280412618382062
204	0.22504341238751704
207	0.010260332298030663
208	0.1722129645609606
209	0.3311489876223752
212	0.4399954460093231
213	0.22754154136666183
214	0.24991273855906673
215	0.2016351932224041
219	0.24348294636099627
221	0.2590650124949294
223	0.30041957129807073
225	0.21687541172477237
226	0.04109870957595413
228	0.20243231477972035
229	0.2988917836390284
233	0.49509061136694377
234	0.006040777287012404
235	0.24329124047627423
236	0.08760696045521159
237	0.32217739927053923
241	0.22272367619898675
242	0.4363675929516899
243	0.43445157628185405
244	0.5196059657317025
246	0.48996973150737594
247	0.24147630005240878
250	0.27358108936557396
251	0.7612351583673107
252	0.4844404443403568
253	0.2811402920151353
255	0.19889650342530532
256	0.307244978225317
258	0.19474326891707536
261	0.24238280513830146
262	0.5090976456385127
263	0.21805713308326627
265	0.3145894944271198
266	0.3215495465656221
267	0.02599648726757394
269	0.20138250542769937
270	0.2111301993247799
271	0.013396839314484318
273	0.4962022300792436
275	0.015275591076191582
276	0.2447931097982642
277	0.18566592131941095
278	0.5276028577714122
279	0.0615620663624578
280	0.46835988735145245
281	0.06179996879804446
282	0.4970425492406527
283	0.27123920727053286
284	0.2562164257028315
288	0.039826946730299434
290	0.09234238915896367
291	0.2672366650955275
292	0.014931134359531441
294	0.4906454905672445
295	0.1837874823266783
296	0.07308922423642937
300	0.35373025906011396
304	0.4275731694168009
305	0.08671988303948953
306	0.1633096404938538
307	0.3077940672217095
308	0.05221639793529108
314	0.06887957172757588
316	0.14272985982202874
317	0.051420049794146695
319	0.25120663485234485
321	0.09179098875941752
323	0.036608606084409176
324	0.2774296740995539
325	0.2567478263005121
327	0.2565572316016192
328	0.06552916200816095
329	0.034304782403195844
335	0.05177993591153807
337	0.24649774367792707
339	0.006390356766362647
340	0.05746403344902541
341	0.2309535935740525
342	0.314785749685475
343	0.008064467755142364
344	0.20698943679010895
348	0.27104082704271104
349	0.2593718728125059
350	0.23324998427107196
353	0.24539745806932622
355	0.4707287841505271
357	0.21526454564517472
358	0.2873174504896333
359	0.5116531435572669
363	0.038313831286500996
365	0.5145097101791596
366	0.4701213835000923
368	0.08756489926986862
369	0.001114431916540419
370	0.00764686105291789
372	0.22979310271268572
373	0.28284761150438814
375	0.08185444771352186
377	0.2650600811132038
378	0.022976884706855785
381	0.02406281668848697
382	0.18334493173442276
383	0.2659421807874556
384	0.2093498434950013
388	0.0842388802199235
390	0.05262070765639187
392	0.19438277510665625
394	0.22477455691985773
398	0.0876371308080897
400	0.19028221681290222
401	0.23990669872435744
402	0.06269212088312066
404	0.2330809710847973
406	0.054950508428168815
410	0.4656942452377095
411	0.04591231612595341
415	0.22251021078753944
418	0.07924655541432374
422	0.240321630504351
427	0.3292444330405873
428	0.03478271626425813
432	0.2623685607742745
433	0.21308520999602512
434	0.24379653792945155
437	0.21272067161583955
438	0.2483276065628825
439	0.2705721079893622
441	0.29534053190479853
443	0.2645550426568857
444	0.02136639299901054
445	0.3959604746906614
450	0.27078126018891113
455	0.027019826076795664
457	0.007030365676057755
458	0.04729625797571268
459	0.08817153996721115
462	0.224650132519719
464	0.2214854456215607
465	0.012673164245700481
467	0.23787059446392014
468	0.2585134109361475
470	0.23028305296573442
471	0.04579959881808096
472	0.030384835683962823
477	0.23514713420470246
478	0.43558439531718424
480	0.10869805540321778
483	0.2091372354360134
485	0.18256402580483494
487	0.268494101266853
493	0.0666394010519491
494	0.061475271495499875
495	0.012628210974097269
496	0.18593799941506756
497	0.26005255789934767
498	0.009776243910942908
499	0.21512792227209349
500	0.057019564722240935
502	0.04761533364710883
503	0.31157980993548656
506	0.055092460205461984
508	0.47746781214269185
510	0.0083761077509018
511	0.4444445636854667
515	0.024644142830290656
516	0.09146278960688385
522	0.22270206388207664
523	0.09678009009420162
525	0.31684524839850675
526	0.2269844417408752
528	0.027145584994202616
529	0.28137392824855745
530	0.48508746639594336
532	0.013143775082423273
534	0.0832960177990412
535	0.019316576861141965
536	0.060039765852860666
539	0.24829441135608402
540	0.038499089259288424
543	0.26806428033402246
549	0.302467264297411
551	0.03136602157458833
555	0.5187302957884595
557	0.20713121694196812
558	0.20493522935112418
562	0.03821821796509851
564	0.01829449901019994
569	0.05262070765639186
571	0.016676454798731144
572	0.0014937754056044208
574	0.037840171421015346
577	0.03177698663092494
579	0.25421584342983083
580	0.027082893571504042
581	0.01587323210576625
582	0.021693577993556614
583	0.04820577649561025
584	0.3103608137758581
586	0.059670821533995624
588	0.2593298225383442
589	0.34453161038681335
592	0.2489249997145077
593	0.022234989007399952
598	0.24211942728456554
599	0.7638392940938655
602	0.036568616599578954
603	0.2974986686994907
605	0.5441485046519227
609	0.09036167020396757
610	0.029880211685954054
612	0.2683034100842853
614	0.35847223163887126
618	0.08804128461308058
629	0.0014853844305730418
630	0.31357571914038257
631	0.20709200700838032
635	0.23659117457236714
637	0.3080913165733488
638	0.030884830387331613
640	0.2831917541572683
641	0.043273619974679656
643	0.0570443857993823
649	0.3070144182932555
652	0.02842610195793208
656	0.13340577964741765
657	0.42540121178415913
658	0.285767679066781
662	0.2111885281064256
664	0.054636842611529055
665	0.2943812678404225
666	0.010549704314275724
668	0.5090815496195861
669	0.08928704485663715
671	0.022058445819771868
674	0.2475215160998821
675	0.22351982144435958
676	0.28599324285801975
677	0.09186075857077936
678	0.1271318916404395
680	0.3116173232178277
681	0.014954716397514802
683	0.05018712826174351
684	0.01712684045886549
686	0.23197272254116336
687	0.4966828581331508
688	0.21211004380752033
690	0.22504127666511478
691	0.28846201955079304
692	0.29715389242571755
693	0.2337946574264926
698	0.04534853725145793
699	0.0015127803832589923
700	0.01074644538729538
701	0.25300543879806714
702	0.33921611606778124
704	0.2910657071632178
705	0.0646680376768475
706	0.31755860007755377
709	0.01852261910751493
713	0.18975521301653328
715	0.49972288509656776
719	0.024826114432470243
722	0.21094069710558258
726	0.2793999563988984
727	0.01708602127280914
730	0.49111343519063205
731	0.2146911360136907
732	0.009505294402835991
734	0.07817967781167115
735	0.05262070765639186
736	0.5202312496425829
738	0.23443546998818263
742	0.47753791241788734
743	0.22862497729515202
744	0.24222411572735716
746	0.3161750458828157
747	0.05444991036015595
749	0.05572268392993827
750	0.27842383464394216
751	0.27898284204071294
752	0.016405077267871555
753	0.31912057888273365
755	0.2752270493158679
756	0.054751112248222114
757	0.23674370643382395
759	0.32877646154071916
760	0.47264551918214487
761	0.029626259796903226
763	0.03231690797096932
764	0.3045705692459723
765	0.4719403978300451
767	0.4773672272747645
768	0.3354255092488988
769	0.7255668100529724
770	0.19728521028206608
771	0.2647874028021886
773	0.0035005421094446744
775	0.28788343976715425
777	0.7013963092816228
779	0.28091233997531434
782	0.09574938436838663
784	0.23119972905753375
785	0.051515553600079284
786	0.20713152235832602
790	0.21668862209027862
792	0.23643522937989378
793	0.28259376660663554
794	0.20407930385782558
795	0.22374200177096976
799	0.1929840885315866
801	0.22149389957580962
803	0.33795504608263216
806	0.06996219586296205
808	0.18999928148017695
809	0.05405063411679379
812	0.271117731336131
814	0.22985482018416542
816	0.24313816757569567
817	0.7738184490650584
818	0.055526979039771746
820	0.15999857794437633
821	0.0030761043661956047
822	0.2522947627556965
826	0.21972706157644126
827	0.28421063684319137
831	0.26992564536965447
833	0.06368552637016142
834	0.03201201611435961
838	0.206297210785114
839	0.06939173101114807
840	0.28982704991641034
842	0.20118890876154044
844	0.03508866481415783
845	0.3624993191323216
848	0.018137305098994003
849	0.05262070765639189
850	0.32230532731883904
852	0.5328335005271244
854	0.2189077954540291
856	0.26871268765464873
857	0.3891024160617409
858	0.0062410476143620885
859	0.46282567337552705
861	0.438349913245023
862	0.26126536975570597
866	0.3673801331054437
868	0.02003638870333093
869	0.03772094864294202
870	0.045861151673361675
873	0.20038766171114455
877	0.24894689078944374
879	0.19323218973029485
883	0.040480358462744254
885	0.05438546335122191
887	0.037466737028917896
888	0.213501277324651
891	0.19469304772992266
893	0.2833284668047218
894	0.24978166002248056
895	0.2273547538859771
896	0.04814284409012885
897	0.08930408611676142
901	0.056446494414694015
902	0.19515353818686024
904	0.4516656632289139
906	0.22169461925748576
909	0.4833519579483628
910	0.7679637527873395
911	0.031003380702712947
912	0.45326726690235386
914	0.1493131778211468
915	0.21501150249371584
917	0.25485900828882957
922	0.060083188847460056
923	0.2357407534201341
924	0.0809429044180069
928	0.49323382388083103
929	0.03266251056392114
930	0.22258182501405435
931	0.19200999633576984
932	0.0017317815777508974
933	0.0020853409547575905
936	0.27049081356486515
938	0.09047252947712021
939	0.2370009627965297
940	0.25142349231767186
941	0.46920454598454586
942	0.01575140160350634
0	0.0
0	0.0
0	0.0
0	0.0
0	0.0
0	0.0
0	0.0
0	0.0
0	0.0
0	0.0
0	0.0
0	0.0
0	0.0
0	0.0
0	0.0
0	0.0
0	0.0
0	0.0
0	0.0
0	0.0
0	0.0
0	0.0
0	0.0
0	0.0
0	0.0
0	0.0
0	0.0
0	0.0
0	0.0
0	0.0
0	0.0
0	0.0
0	0.0
0	0.0
0	0.0
0	0.0
0	0.0
0	0.0
0	0.0
0	0.0
0	0.0
0	0.0
0	0.0
0	0.0
0	0.0
0	0.0
0	0.0
0	0.0
0	0.0
0	0.0
0	0.0
0	0.0
0	0.0
0	0.0
0	0.0
0	0.0
0	0.0
0	0.0
0	0.0
0	0.0
0	0.0
0	0.0
0	0.0
0	0.0
0	0.0
0	0.0
0	0.0
0	0.0
0	0.0
0	0.0
0	0.0
0	0.0
0	0.0
0	0.0
0	0.0
0	0.0
0	0.0
0	0.0
0	0.0
0	0.0
0	0.0
0	0.0
0	0.0
0	0.0
0	0.0
0	0.0
0	0.0
0	0.0
0	0.0
0	0.0
0	0.0
0	0.0
0	0.0
0	0.0
0	0.0
0	0.0
0	0.0
0	0.0
0	0.0
0	0.0
0	0.0
0	0.0
0	0.0
0	0.0
0	0.0
0	0.0
0	0.0
0	0.0
0	0.0
0	0.0
0	0.0
0	0.0
0	0.0
0	0.0
0	0.0
0	0.0
0	0.0
0	0.0
0	0.0
0	0.0
0	0.0
0	0.0
0	0.0
0	0.0
0	0.0
0	0.0
0	0.0
0	0.0
0	0.0
0	0.0
0	0.0
0	0.0
0	0.0
0	0.0
0	0.0
0	0.0
0	0.0
0	0.0
0	0.0
0	0.0
0	0.0
0	0.0
0	0.0
0	0.0
0	0.0
0	0.0
0	0.0
0	0.0
0	0.0
0	0.0
0	0.0
0	0.0
0	0.0
0	0.0
0	0.0
0	0.0
0	0.0
0	0.0
0	0.0
0	0.0
0	0.0
0	0.0
0	0.0
0	0.0
0	0.0
0	0.0
0	0.0
0	0.0
0	0.0
0	0.0
0	0.0
0	0.0
0	0.0
0	0.0
0	0.0
0	0.0
0	0.0
0	0.0
0	0.0
0	0.0
0	0.0
0	0.0
0	0.0
0	0.0
0	0.0
0	0.0
0	0.0
0	0.0
0	0.0
0	0.0
0	0.0
0	0.0
0	0.0
0	0.0
0	0.0
0	0.0
0	0.0
0	0.0
0	0.0
0	0.0
0	0.0
0	0.0
0	0.0
0	0.0
0	0.0
0	0.0
0	0.0
0	0.0
0	0.0
0	0.0
0	0.0
0	0.0
0	0.0
0	0.0
0	0.0
0	0.0
0	0.0
0	0.0
0	0.0
0	0.0
0	0.0
0	0.0
0	0.0
0	0.0
0	0.0
0	0.0
0	0.0
0	0.0
0	0.0
0	0.0
0	0.0
0	0.0
0	0.0
0	0.0
0	0.0
0	0.0
0	0.0
0	0.0
0	0.0
0	0.0
0	0.0
0	0.0
0	0.0
0	0.0
0	0.0
0	0.0
0	0.0
0	0.0
0	0.0
0	0.0
0	0.0
0	0.0
0	0.0
0	0.0
0	0.0
0	0.0
0	0.0
0	0.0
0	0.0
0	0.0
0	0.0
0	0.0
0	0.0
0	0.0
0	0.0
0	0.0
0	0.0
0	0.0
0	0.0
0	0.0
0	0.0
0	0.0
0	0.0
0	0.0
0	0.0
0	0.0
0	0.0
0	0.0
0	0.0
0	0.0
0	0.0
0	0.0
0	0.0
0	0.0
0	0.0
0	0.0
0	0.0
0	0.0
0	0.0
0	0.0
0	0.0
0	0.0
0	0.0
0	0.0
0	0.0
0	0.0
0	0.0
0	0.0
0	0.0
0	0.0
0	0.0
0	0.0
0	0.0
0	0.0
0	0.0
0	0.0
0	0.0
0	0.0
0	0.0
0	0.0
0	0.0
0	0.0
0	0.0
0	0.0
0	0.0
0	0.0
0	0.0
0	0.0
0	0.0
0	0.0
0	0.0
0	0.0
0	0.0
0	0.0
0	0.0
0	0.0
0	0.0
0	0.0
0	0.0
0	0.0
0	0.0
0	0.0
0	0.0
0	0.0
0	0.0
0	0.0
0	0.0
0	0.0
0	0.0
0	0.0
0	0.0
0	0.0
0	0.0
0	0.0
0	0.0
0	0.0
0	0.0
0	0.0
0	0.0
0	0.0
0	0.0
0	0.0
0	0.0
0	0.0
0	0.0
0	0.0
0	0.0
0	0.0
0	0.0
0	0.0
0	0.0
0	0.0
0	0.0
0	0.0
0	0.0
0	0.0
0	0.0
0	0.0
0	0.0
0	0.0
0	0.0
0	0.0
0	0.0
0	0.0
0	0.0
0	0.0
0	0.0
0	0.0
0	0.0
0	0.0
0	0.0
0	0.0
0	0.0
0	0.0
0	0.0
0	0.0
0	0.0
0	0.0
0	0.0
0	0.0
0	0.0
0	0.0
0	0.0
0	0.0
0	0.0
0	0.0
0	0.0
0	0.0
0	0.0
0	0.0
0	0.0
0	0.0
0	0.0
0	0.0
0	0.0
0	0.0
0	0.0
0	0.0
0	0.0
0	0.0
0	0.0
0	0.0
0	0.0
0	0.0
0	0.0
0	0.0
0	0.0
0	0.0
0	0.0
0	0.0
0	0.0
0	0.0
0	0.0
0	0.0
0	0.0
0	0.0
0	0.0
0	0.0
0	0.0
0	0.0
0	0.0
0	0.0
0	0.0
0	0.0
0	0.0
0	0.0
0	0.0
0	0.0
0	0.0
0	0.0
0	0.0
0	0.0
