1	0.04765384643416318
2	0.297920397638626
4	0.03314623739606217
5	0.07472660722026489
6	0.5114757674041128
7	0.5086142895244449
8	0.2623990473031569
10	0.03720145451626049
12	0.01918367172526778
13	0.5072854694583808
14	0.2888626694097575
15	0.2932553362436041
16	0.01501921415684683
17	0.02266967535506548
18	0.2872560063304811
19	0.23726747082933497
20	0.23566432582081615
21	0.5640505501657175
22	0.76135988573963
23	0.27169651751982815
24	0.039962951086849996
25	0.011598322148044397
26	0.5471411213139257
27	0.17162613867883436
28	0.27234209507444224
29	0.252907579939914
30	0.004238657462462051
32	0.27869382941563575
34	0.19581631795810836
35	0.051147017991960496
37	0.5389890225195769
38	0.2891652553880859
39	0.3002696677325461
40	0.049043237103706214
41	0.03834652027667104
42	0.29391813716243276
43	0.03139845255941088
44	0.3186923319253025
45	0.29533962578187206
46	0.04332113458051391
47	0.03739116362314099
49	0.025357227950195304
50	0.230070296450809
51	0.03458640279868971
52	0.02648230257335342
54	0.5164326510665179
55	0.2711216784760384
56	0.0492058435107022
57	0.2541350351020963
60	0.2900413476003177
63	0.42348229117217695
64	0.010638518918122005
67	0.008983312819608874
68	0.2249496219910198
69	0.043360766050180244
70	0.28933034243528016
71	0.2613778286782283
72	0.022799729427435925
73	0.03916928882933951
74	0.28411179729214725
75	0.0376626800452079
76	0.2798036092823309
77	0.2567478263005121
79	0.4898322662103708
80	0.30899254782029567
81	0.2629675969882411
82	0.2129363637368456
84	0.521840795934126
85	0.5083583164283803
86	0.04554087710783039
87	0.28447914167930255
88	0.2715440902090996
89	0.010560846046869438
90	0.034194834178257374
92	0.7623526310853571
93	0.3304565679771056
94	0.2546727172712784
95	0.2606250263767456
96	0.035880005376432496
98	0.041688571688645835
99	0.26281627478151176
100	0.004536449698240092
101	0.020336102821763173
102	0.493811187649723
103	0.22801271235014395
104	0.3566948551392896
105	0.08060677277299179
106	0.01993286091755433
108	0.31087249450365273
110	0.2618826485668096
111	0.07409409852840848
112	0.028708380134564282
113	0.05802280758639661
114	0.29457468386296826
116	0.2600585144632803
117	0.26504814761699624
118	0.016731949632126583
119	0.5071481933305663
120	0.031684601799464265
121	0.028262503865934718
122	0.009183775740849276
123	0.03252137696378404
124	0.0013421807637723528
125	0.05186568393929902
128	0.2696687844999806
129	0.2675429206928243
130	0.5108014138591616
131	0.24297729507800403
132	0.057100628837068824
133	0.24014326390436144
134	0.4803229090487851
135	0.033676477310728634
136	0.29693569919378987
137	0.03428746608814644
139	0.06144279001465813
140	0.05584534095585049
142	0.49027935755379703
144	0.005078247310320968
147	0.23410453404426546
148	0.054586619978154796
149	0.5327208753446362
150	0.01841638530002961
151	0.016524417085128532
152	0.020000712572469763
154	0.029535285564924265
155	0.2030486981253167
156	0.017092395462196742
157	0.5086902789159231
158	0.7424279943634968
159	0.016300555634693847
160	0.2525101614228818
161	0.1851842544976967
162	0.04312667837069054
163	0.033533848695694105
165	0.5344930290433078
167	0.2820263735506553
169	0.00738826471195499
172	0.02190929968590343
173	0.2798705427413148
174	0.5180993366998708
175	0.013010694453189742
176	0.017124739894797257
177	0.04743131981789764
178	0.2614896480255243
179	0.26584261802476195
180	0.04254670864706671
182	0.4970207565227865
184	0.29546373837235657
187	0.02353275820907729
188	0.29289729340644727
189	0.014339168890011852
190	0.2561867241365911
192	0.011648629029921545
193	0.5418806081919137
194	0.5065208345424549
195	0.23071411102947503
197	0.01124028548069983
198	0.22429895974420788
199	0.2358836993255419
200	0.5259309369967385
201	0.0073703567249429995
204	0.3195566016265002
207	0.29488012864021496
210	0.04464954694407411
211	0.22000429635438468
212	0.32294218608869873
213	0.24575374321762422
214	0.5171903101879816
215	0.4653092091019891
216	0.312089149769767
218	0.29575043975404935
219	0.23858833220148434
220	0.006566225152111804
221	0.24997839037853897
222	0.010717246692934137
223	0.2663543726701415
225	0.23911396387783407
226	0.08877992226925177
227	0.28006974345565827
228	0.24561586397468513
229	0.24347933152862858
230	0.0163833758138184
231	0.29163531746885657
233	0.514636446080917
234	0.7577684562625082
235	0.2893322816358739
236	0.5489977542994534
237	0.3028459437280692
238	0.2775276152757392
239	0.06529997405269872
240	0.3160914777601817
241	0.381281361695896
242	0.23303491600633233
243	0.24264633778935601
244	0.26066390574079584
245	0.02331125530937565
246	0.47363016277557757
247	0.27354501091721733
249	0.4941292364961361
250	0.2992237162700956
251	0.23158440919484088
252	0.4926494867507264
253	0.5065050835975037
254	0.2814409068176158
256	0.3308187744131148
257	0.23781704334397505
258	0.28822688306756206
259	0.29916674703560897
260	0.07964354857801695
261	0.27868581433981526
262	0.49389709183101166
264	0.0178205336044981
266	0.15697866435848454
267	0.5313892087745798
268	0.3168853486719224
269	0.2325615329980589
270	0.2472122546507111
271	0.5423508415396334
273	0.06710697023335227
275	0.027354713437952198
276	0.7742610101415043
278	0.47246944514126277
280	0.7629758486911947
281	0.020674903752035154
282	0.2532229691366789
284	0.07444224876810802
286	0.004801696696195429
289	0.13761397731039016
290	0.2596282269098161
291	0.25843656167153245
292	0.24887185376742232
293	0.27090212828333154
294	0.47922781590398134
295	0.5014498610103197
296	0.265996732879677
299	0.30792526040094625
301	0.02755494986334143
302	0.28802405772028783
303	0.2856830029743639
304	0.004009882742769907
305	0.04001020507409804
306	0.2259619623575142
307	0.039071875568183166
308	0.05647983130774835
310	0.049938255039492174
313	0.05353697158271743
314	0.2805909721799043
315	0.30622792006458777
316	0.22206128207033782
317	0.04407807557433488
318	0.2427981010585558
319	0.02701934153774417
320	0.26412455745349916
321	0.2584736948748411
322	0.059943756055596834
323	0.042697865400666835
326	0.05299984184620016
327	0.23902674153184963
328	0.7480878458041412
329	0.5375389614719575
330	0.012723488796012865
331	0.08031593144531138
332	0.0660712937090924
333	0.0031913660515392878
334	0.03471651621841311
336	0.04052509710301985
337	0.03592029233237096
338	0.2546489906115004
339	0.26619187936124566
340	0.03665017684663674
341	0.36365724124689397
342	0.05731409090800238
343	0.23417635708553075
344	0.2889342876465021
345	0.22907864873036757
346	0.03995557558570306
347	0.2379557166612932
348	0.26170662233374636
349	0.29891705627904536
351	0.022473231999427242
352	0.5475719472145596
353	0.28282653926997053
354	0.027721951717527726
355	0.26496254481957726
357	0.2774446109109269
358	0.0436652392974398
359	0.49117904139844315
360	0.2923426573183814
361	0.2695380788603585
362	0.31268906007196223
363	0.31372402758238
364	0.2494498198856885
365	0.0015338989445309245
366	0.023547602400148457
367	0.31558628530364424
368	0.2621458563174973
369	0.30526061496378004
370	0.05942714383016404
371	0.2576111693937935
373	0.47799472419931777
374	0.20894025316421838
375	0.038972494244164935
376	0.016933992512361128
378	0.7706453477186156
379	0.26666304082720954
380	0.07341949711050802
381	0.273230451022695
383	0.2319359634498744
384	0.5222212156692263
385	0.07955097762446772
386	0.04914140233130192
387	0.07902690754952546
388	0.07243476753996918
389	0.07369010302322967
390	0.2776992908938738
392	0.5191945934146008
393	0.02900112296843703
394	0.9978672937125121
395	0.2886077173485252
397	0.06607426343681819
398	0.28248359309407434
399	0.29920963341929196
402	0.05753618645459682
404	0.035015820700960563
405	0.32781734383006406
406	0.2881956390416787
407	0.2779871630750031
408	0.33161651884064614
409	0.2829645322959181
410	0.5090446868249274
411	0.26216479695710804
412	0.015044339859671685
413	0.48670460092343804
414	0.2880846197111674
415	0.02451167655569396
416	0.2898750016834901
417	0.5415757255349422
419	0.24906098285491685
420	0.30528389906316156
421	0.062414650759655174
422	0.023161955107089533
423	0.29053500825207207
424	0.20830761077198148
426	0.5315253515630151
427	0.020547357775536613
428	0.05712731514476055
429	0.298484385192529
430	0.04530171058443793
431	0.03255691277322603
432	0.2843522160273308
433	0.3207270101993351
435	0.017410511496263922
436	0.027708304864107584
438	0.031402800106672145
439	0.05114733989868215
440	0.0068408377122026985
441	0.28110906645837885
442	0.5331535445507836
443	0.27295932147597585
445	0.013736223442069843
446	0.011005620722735147
447	0.039572240377035765
448	0.10140570757705965
449	0.27816667480386653
450	0.5109708326826302
453	0.2470030972591854
456	0.5021822735267774
457	0.4999486675890822
458	0.07229872816439506
459	0.25397055312034866
460	0.5165867716947619
461	0.05220810061793989
462	0.2579863226738671
463	0.07245989663030596
464	0.27052739521401487
465	0.24775361269292584
466	0.2999916593855192
467	0.020135452521693995
468	0.5243419725060131
469	0.04516559241535788
470	0.2633862995306961
472	0.025344079146359572
474	0.2823553536496799
477	0.27901185434924247
478	0.2748328146047506
479	0.2945472298334459
480	0.04217058319760503
482	0.02585035040387941
483	0.24857227404726615
484	0.5249170691494053
485	0.1076786245992503
486	0.23663488946116784
487	0.5013872996199309
488	0.27702678161176353
490	0.06772704886954173
491	0.08593392037144768
493	0.25431253406535054
495	0.26089238702843437
496	0.5437280511816001
497	0.5055929939057138
499	0.2725700952679914
500	0.07749565136654316
502	0.025591218052416858
503	0.26098804038620876
504	0.02900259372076184
505	0.028852844795964158
506	0.28940962073346854
508	0.015605759377312439
509	0.31110452097628183
510	0.28720006665286196
511	0.3190307451649916
513	0.041794921597263335
514	0.2962296012613875
516	0.03727129584732396
517	0.5094744335136726
519	0.5138046798946823
520	0.5172672138411967
521	0.2278550806704721
524	0.0523723214101803
525	0.4788631327639074
526	0.32482947057612743
528	0.2870716823259542
529	0.017959624159709243
530	0.016641472453589316
531	0.535003281512991
532	0.7652995038627811
534	0.022920952602868208
536	0.5159198672967152
537	0.5247033242831344
540	0.007814908518940154
541	0.01672218832437801
543	0.2811084136768287
544	0.5695610080347163
545	0.005693320936402034
547	0.06618399558704331
549	0.313180217925173
550	0.04899650006090428
551	0.030978350219573784
552	0.263152308875864
553	0.05660340315884351
554	0.2609836501689195
555	0.5180529572249091
556	0.2545799060106588
557	0.7592213199543298
559	0.01365074467660974
560	0.037643190134052214
561	0.30191204340045014
563	0.27936016723771123
564	0.26963146709631275
565	0.01976720874103887
566	0.2907489598447536
567	0.03753747150390938
568	0.04102940110402441
569	0.5230379178714794
570	0.2642183782544427
571	0.2776725672600228
573	0.2770817874346088
574	0.5177894549356136
576	0.027859898416553522
577	0.4507904667499579
578	0.009818006173125303
580	0.24645249303873198
581	0.0071262982689246565
582	0.2662076348107969
584	0.2769275863835559
586	0.2469170481664222
587	0.06462409650433792
588	0.4629889348613573
589	0.05332662755085967
590	0.25347260119579507
592	0.24394238238499882
593	0.009037646073815079
594	0.011467762874619359
595	0.21299448975115448
596	0.03005751826300622
598	0.4825745382127354
599	0.027912024619281318
600	0.3337524710748381
602	0.4676671267546289
603	0.576941949627009
605	0.24948936902508956
606	0.521001706289711
609	0.13133380312128404
610	0.00853026092079177
611	0.016510026407989434
612	0.25906922006021177
613	0.03492540243231484
614	0.05697666759207211
615	0.024908138303451302
616	0.5160102408121787
617	0.012071563897117762
618	0.2708977088854772
619	0.06868850431743315
620	0.026055521574483518
621	0.016059779071885938
622	0.7523234796073278
624	0.2834932166995825
625	0.03115209316722241
626	0.554252342190107
627	0.05344865680745525
629	0.21957143824639358
631	0.295041162708613
632	0.03343718894529535
634	0.065700235901478
635	0.26576071187697103
637	0.3037203196289001
638	0.5113209955694411
639	0.3078363864092581
640	0.5133334361930777
641	0.25441055473638524
642	0.2749645542507359
643	0.2841430687980665
645	0.2706327140572456
646	0.24609212639036576
647	0.25259105891124944
648	0.0769333722415073
650	0.2732484471513916
651	0.2959647387419399
652	0.26894113608771497
653	0.06429171831534834
654	0.32117298345995826
655	0.24913974012696014
656	0.2125934473623332
657	0.26860844247590115
658	0.29758510306900293
659	0.0071032000576972815
660	0.2753114019637463
661	0.5006083967831676
662	0.004845423420221949
663	0.030284285207746234
664	0.28292982233437775
665	0.5274583438415869
666	0.5407978568820396
667	0.27840588069662786
668	0.32540871979249886
669	0.29973833394792443
670	0.051843375934866126
672	0.043329998106842085
673	0.07650950636262391
674	0.4699702093754332
675	0.24635237734384963
676	0.2984284079957555
678	0.02577389096666421
679	0.5221595591228175
680	0.03761141096582572
681	0.5759516545317426
682	0.30087336763493894
683	0.5503468115581148
684	0.28239231337088383
686	0.03522588508721116
687	0.275170992956117
688	0.04277318387453951
691	0.5191711288695523
693	0.4882008011255639
695	0.006213747966653881
696	0.2875622320359464
697	0.5411556162714594
699	0.020080856440023505
700	0.027770988169221533
701	0.4909765883928733
702	0.057982262458483626
704	0.3285822161670578
705	0.27392128241863883
706	0.04094180407836108
707	0.2572446608345759
708	0.038385600374627016
709	0.275531404399921
710	0.0459065111627454
711	0.4961666817293535
712	0.016058481711000938
713	0.10272440765067495
715	0.5181484236413197
716	0.2354966667326783
717	0.5255036426913947
719	0.005881893007019592
720	0.31199987410090085
721	0.007397843094007421
722	0.22205174364452918
725	0.23553896529255264
726	0.015517693741172938
727	0.7743313413882615
729	0.2304098253255607
730	0.030579291089805546
731	0.25283854448749743
733	0.31749094287381824
734	0.26618712041263726
735	0.028355135312552446
736	0.30187689787182864
737	0.2894179968235035
738	0.7821736342876725
740	0.0876195742962624
741	0.2661650536969363
742	0.24792222141327752
743	0.5276453613117995
744	0.06038439632054504
745	0.02211496953288273
746	0.7610809935671495
747	0.3033541090974072
748	0.05047196287388487
749	0.48554801986528084
751	0.30263841066116004
753	0.08141370168321839
754	0.0210265016765602
755	0.2950333685744318
756	0.48439856125445296
757	0.5502095428848885
758	0.026247727057917065
760	0.4976459873489334
762	0.04520514245055661
764	0.5286002432218642
765	0.25677071885801905
766	0.3152722862926603
767	0.49009810387629293
768	0.06968249498681486
769	0.5005645910916742
770	0.24581912152348426
771	0.0005133155164602776
772	0.302301751538792
773	0.752293578447691
774	0.07904684557855779
776	0.038383585692943825
777	0.004710542452922042
779	0.04004061919329928
781	0.04820161437126977
784	0.04571664461095106
785	0.016253086089523354
786	0.22869113288312287
787	0.27719179379218256
788	0.5431353295872676
790	0.3053621408968666
791	0.015713440906049477
792	0.2817881801945268
794	0.0015509937642144075
795	0.5404063678806706
796	0.040265870243934965
798	0.026603877682452332
800	0.017339931652333447
801	0.023357949786850338
802	0.02991263860634588
803	0.5317385316946032
804	0.039936931970508065
805	0.01988627074529932
806	0.2930595703599653
807	0.5333856960823589
808	0.2959226674404787
809	0.21779413440195158
810	0.2608062837681954
814	0.28146871259609263
815	0.740450328918694
816	0.026660703881571848
817	0.021466475863004326
818	0.2684899174024202
819	0.06206610053764687
820	0.2540406597057844
821	0.26792699170986606
823	0.2600476228096012
826	0.5273939629482074
827	0.0734995046682782
828	0.29230923591162505
829	0.26267855862993883
830	0.515652557853763
831	0.2651140326981778
832	0.28758097571464836
833	0.06170563901149249
834	0.016012988798713573
835	0.5073014636568688
837	0.24818212693045802
838	0.26055765234144296
839	0.03390996866651129
840	0.03131646111582227
841	0.26097935835332087
842	0.29525267022565915
844	0.2486413075864022
845	0.2693778891486718
846	0.04354182064925692
847	0.01154926855470825
848	0.05164164397357626
849	0.26267855862993883
850	0.4964571249923253
851	0.29079187853964855
852	0.28718681206664115
856	0.015337965509229043
857	0.03163213287176485
859	0.03922636332615144
860	0.5346745043345811
861	0.25709449660178735
862	0.763758948901814
865	0.1353186774901528
866	0.4371074292953952
867	0.2753816442837402
868	0.5595897740580561
869	0.017748116848400854
870	0.2885636020623259
872	0.02417860384620193
874	0.5210269431074241
876	0.2574796141473015
877	0.2731710058978427
878	0.026477183474273497
879	0.23983063631052529
880	0.28933607879908385
881	0.3100337212821923
882	0.5319263168358753
883	0.0740233476584723
885	0.21420084678262105
886	0.5370928837243636
887	0.4934954583411384
888	0.24467584676331783
889	0.019401621902976115
890	0.015732061031115255
891	0.5018170129874955
892	0.3212258662707633
893	0.2776810562752778
894	0.020910754028442148
895	0.2770270558368296
896	0.7499045356811539
897	0.24757321648899272
898	0.33130955330439893
899	0.27969212599072557
901	0.005351646117151082
902	0.030094907156500247
903	0.27475866192672393
904	0.26568954722750054
905	0.10679746703695707
906	0.5055298697716687
908	0.2785275484431403
909	0.22068416809069247
910	0.257325473333717
912	0.22692996488447434
913	0.0701855001696273
914	0.21478100940348813
915	0.5662199871672281
916	0.46670417979185386
917	0.2815252642980442
918	0.06085277605825761
919	0.04433609706515321
920	0.0061666590646737365
921	0.2701147091830631
922	0.3283954021695459
923	0.2529009574857115
924	0.23890715556435332
926	0.25132792156540396
928	0.026139964092286052
930	0.275244471469454
931	0.2567538345133347
932	0.5263539293094524
933	0.5124658954069645
934	0.046929157854819555
935	0.27020675643138126
936	0.5127719151255531
938	0.03827169936696828
939	0.2953887938415957
940	0.264406733350918
941	0.4999648447185122
942	0.5341349975145806
943	0.010136610847935924
0	0.0
0	0.0
0	0.0
0	0.0
0	0.0
0	0.0
0	0.0
0	0.0
0	0.0
0	0.0
0	0.0
0	0.0
0	0.0
0	0.0
0	0.0
0	0.0
0	0.0
0	0.0
0	0.0
0	0.0
0	0.0
0	0.0
0	0.0
0	0.0
0	0.0
0	0.0
0	0.0
0	0.0
0	0.0
0	0.0
0	0.0
0	0.0
0	0.0
0	0.0
0	0.0
0	0.0
0	0.0
0	0.0
0	0.0
0	0.0
0	0.0
0	0.0
0	0.0
0	0.0
0	0.0
0	0.0
0	0.0
0	0.0
0	0.0
0	0.0
0	0.0
0	0.0
0	0.0
0	0.0
0	0.0
0	0.0
0	0.0
0	0.0
0	0.0
0	0.0
0	0.0
0	0.0
0	0.0
0	0.0
0	0.0
0	0.0
0	0.0
0	0.0
0	0.0
0	0.0
0	0.0
0	0.0
0	0.0
0	0.0
0	0.0
0	0.0
0	0.0
0	0.0
0	0.0
0	0.0
0	0.0
0	0.0
0	0.0
0	0.0
0	0.0
0	0.0
0	0.0
0	0.0
0	0.0
0	0.0
0	0.0
0	0.0
0	0.0
0	0.0
0	0.0
0	0.0
0	0.0
0	0.0
0	0.0
0	0.0
0	0.0
0	0.0
0	0.0
0	0.0
0	0.0
0	0.0
0	0.0
0	0.0
0	0.0
0	0.0
0	0.0
0	0.0
0	0.0
0	0.0
0	0.0
0	0.0
0	0.0
0	0.0
0	0.0
0	0.0
0	0.0
0	0.0
0	0.0
0	0.0
0	0.0
0	0.0
0	0.0
0	0.0
0	0.0
0	0.0
0	0.0
0	0.0
0	0.0
0	0.0
0	0.0
0	0.0
0	0.0
0	0.0
0	0.0
0	0.0
0	0.0
0	0.0
0	0.0
0	0.0
0	0.0
0	0.0
0	0.0
0	0.0
0	0.0
0	0.0
0	0.0
0	0.0
0	0.0
0	0.0
0	0.0
0	0.0
0	0.0
0	0.0
0	0.0
0	0.0
0	0.0
0	0.0
0	0.0
0	0.0
0	0.0
0	0.0
0	0.0
0	0.0
0	0.0
0	0.0
0	0.0
0	0.0
0	0.0
0	0.0
0	0.0
0	0.0
0	0.0
0	0.0
0	0.0
0	0.0
0	0.0
0	0.0
0	0.0
0	0.0
0	0.0
0	0.0
0	0.0
