1	0.0086975019359649
2	0.2339854817001375
3	0.41082067691182644
4	0.25583542337931825
5	0.23519467322024407
8	0.27161961302793064
9	0.2763391772050161
11	0.005286820412753239
12	0.2571922969120522
13	0.19629696553766945
15	0.2845191874190783
17	0.2781853031979197
18	0.5281611431325284
20	0.2681834999662398
22	0.25589038136131115
23	0.29405392617426557
24	0.2698127991682746
25	0.052217508898211196
26	0.21891889023183259
28	0.03473722360705119
29	0.27769413966553413
30	0.07497883682931475
31	0.002665753310229911
32	0.5175997327209423
33	0.268552216059608
34	0.7578936325443124
35	0.25917834798930506
36	0.2572410093471775
37	0.5164834539483717
39	0.009770858470554186
40	0.2777884250791583
41	0.008822169066552983
42	0.0012630542820222627
43	0.01190157624140114
45	0.230480852904675
46	0.5317397548278336
47	0.2708020485670579
48	0.23416072668342733
50	0.1555374090373962
51	0.2432931143450893
52	0.27829973064656627
53	0.5446218357612697
54	0.03687183435085441
55	0.5206942950780162
56	0.020288950940082952
57	0.23211681458881114
58	0.2471611840572965
59	0.021750018079631922
60	0.035608112042299134
61	0.16837040407273857
62	0.038854248358101334
63	0.23351580871747632
64	0.04618287859832921
65	0.4961485896435962
66	0.28118975910618726
67	0.7626762846791726
68	0.5559475001934787
69	0.035875373675695266
70	0.24900512064626734
71	0.05249883807259587
72	0.2833414214576705
73	0.29236467284198364
74	0.5315375665861574
75	0.537781168608491
76	0.031774070038648655
78	0.2714320589424332
79	0.24655437471346958
80	0.3303349018674284
81	0.02475026898448557
82	0.2716619281567622
83	0.4888494307854249
84	0.24687848273121066
87	0.02868419114252989
88	0.29173152787101775
89	0.03523839024557349
91	0.02746293665598743
92	0.2740702590017153
93	0.20568904767983648
94	0.02313487007421803
96	0.02371565959741571
98	0.49867179404344525
99	0.26510632410240487
100	0.28733670394981736
101	0.21468871966225833
102	0.23954136440919555
103	0.34424451560088903
104	0.17437192317243583
105	0.29667076138111115
106	0.5166591493501217
107	0.2992793707268132
108	0.03949386488189471
109	0.015230310804435543
110	0.02098340011733488
112	0.770162030037542
113	0.2462737686325455
115	0.2685984216028037
117	0.5159504308179947
118	0.02014162690664216
119	0.033194300595867754
121	0.041038940425198324
122	0.7448153033092582
124	0.023484631150849145
125	0.006707342105156479
126	0.2122093263209313
127	0.22719076645095806
128	0.49871873747021334
129	0.2210010291544498
130	0.01898694761587134
131	0.5245297290196056
132	0.3015255635668354
133	0.4842722017099393
134	0.20039266600428282
135	0.4980702007629418
136	0.2882488487367121
137	0.2597033698429478
138	0.2613615001630505
139	0.0467533823782315
140	0.5252209106986186
141	0.7305288366231966
142	0.28751065246965846
143	0.4975577757868962
145	0.005065683974535787
146	0.22229998547171587
147	0.24048086905176985
148	0.005947547243747693
149	0.4899319175055271
150	0.02634662908293113
152	0.021016070042968467
153	0.5988823603327857
154	0.25175249598908744
155	0.4821075908903232
156	0.29090525361249947
157	0.48808927367355043
159	0.5278381542990654
161	0.2045240036646986
162	0.25663875263770314
163	0.25990753718035237
164	0.4959995586887137
166	0.3162985284158074
167	0.015689148810767807
168	0.2523595930892163
169	0.2668598083359345
170	0.5218348213018037
171	0.2700563864553086
172	0.5309764731696849
173	0.5290796579097509
174	0.5322762566625684
176	0.2981651133411768
177	0.023744703528278906
178	0.016745425838954178
179	0.01859242277247434
180	0.28810057269615597
183	0.2349377230174685
184	0.021288764599723765
185	0.19929346181709437
186	0.48588842198297766
187	0.5014701902443633
188	0.25144829564663324
190	0.2278790025659723
191	0.262047330272333
192	0.10031729926821775
193	0.03343483632613758
194	0.023312793426304206
195	0.48341733463659137
196	0.00588267446087333
197	0.19291885554007748
198	0.008952650326447334
199	0.27586068676677217
203	0.0004637110180543483
204	0.45936519906680495
205	0.15929086144410426
206	0.333972163900655
208	0.5330051575887383
210	0.27747184729143376
212	0.06339266799004138
213	0.2834203750925734
214	0.049146291111941215
215	0.260735854676435
216	0.04985457226557666
217	0.302792223423493
219	0.5060674815840793
220	0.27852474278468364
221	0.28293151173430114
224	0.23291052667618667
225	0.2703854570968434
227	0.5185479794590421
228	0.247389831481712
229	0.2335930526315528
231	0.2441621564324301
233	0.27599960182890154
234	0.01661078315208206
235	0.04150211434598581
237	0.24073854154366103
238	0.010301373896535189
239	0.25274593417978186
240	0.27984621885712757
241	0.27043569338819445
242	0.29587591111385453
243	0.06165554958702503
244	0.2853320124252009
247	0.05043406368043331
248	0.01956954834053777
249	0.271722002371685
250	0.0006447759605843692
252	0.2504346294917191
254	0.4766855035142173
255	0.483368880928838
257	0.7656876024002018
258	0.2628755705124557
259	0.24619468395121064
260	0.4991075697373812
261	0.29442016046995656
262	0.30025190122816153
263	0.2673509255674929
264	0.26579302942376476
265	0.014642989381314447
266	0.5517847225606934
268	0.0020979470551931653
269	0.0020090928903534686
270	0.041664547556904144
271	0.010727165821480332
272	0.5043308288171311
273	0.512970423294295
274	0.007045870117449636
275	0.26601577683810373
276	0.2497235769634216
277	0.27838540674185075
278	0.2802795098855996
280	0.013152361799390624
281	0.05581836884492392
282	0.24181353583541995
283	0.23649625934891794
284	0.2622112003945355
285	0.483567108123429
286	0.25754295923232223
287	0.9952712851439169
288	0.02663227061970059
289	0.11067800293921522
291	0.755814091560661
292	0.2979263021301771
295	0.012707473082276322
296	0.48896042091844066
297	0.033860877765734446
298	0.2662371103088503
299	0.003803857971293484
300	0.16285193165405673
301	0.27717199769746076
302	0.2004411300870175
303	0.2664554534973763
304	0.29107406264014746
306	0.4966676150241918
308	0.00713590063315437
309	0.4483769326200921
310	0.30319042360826404
315	0.05167328791793443
316	0.32552786914179965
317	0.5125267002296899
318	0.2670323396447487
319	0.5314333508024722
320	0.022064970453254944
322	0.018504944795959648
323	0.034394187933199864
325	0.0210265016765602
329	0.25408453071933845
330	0.24303266874510682
331	0.2493294873242519
332	0.254337399913138
333	0.766956017461273
335	0.26628398240813506
336	0.2568045990067564
337	0.0363044989229168
338	0.25356229612390985
339	0.2624639629845725
341	0.4925441927040781
343	0.034891510535071814
345	0.2922363723458096
346	0.47684546181312687
347	0.2652022592229356
348	0.004525368397544426
349	0.3438783407232246
350	0.26319200816476285
351	0.5374807144873344
352	0.2569043264274357
353	0.35389021598487896
354	0.29764587327534786
355	0.014815149981776549
356	0.011636482962140371
357	0.30805924459790696
359	0.007610989023817478
360	0.02356658149682825
361	0.2784019145439504
362	0.4585013334818434
364	0.4990215801521814
365	0.005405371422753928
366	0.5352436263235115
367	0.23942747291951783
368	0.24711737501150285
369	0.4880143805505632
370	0.01643442205313675
372	0.5019548114453638
375	0.2823368169254997
376	0.27378327088302146
377	0.5053539089073938
379	0.04245679715286782
380	0.22773348563640322
382	0.2811340435728598
383	0.008040276535218677
384	0.2338356901084904
386	0.49988873069978823
388	0.002557360301838202
389	0.023921023971136806
391	0.009133830908985327
392	0.25231599576236063
393	0.4966319346046765
394	0.01103516624007932
396	0.19413829915941502
399	0.010251599551354431
400	0.24655980440126526
401	0.22241143541378694
403	0.5076852342870308
404	0.2405538713362307
407	0.017343257780625097
409	0.01201100970406184
410	0.25172079236793177
411	0.0407206686571136
412	0.2951087895172376
413	0.2763552040550334
414	0.27871601157729453
415	0.7667010940609156
417	0.02918323196132059
419	0.5371323697478776
420	0.49926874123633036
421	0.02786605805432015
423	0.26423245476983015
424	0.5534577737080139
425	0.043843120370237104
426	0.25585388338429543
427	0.02548435305788358
428	0.012889240179801115
429	0.24665663376805763
430	0.2830277745871068
431	0.28182530598998934
432	0.5062751225704071
433	0.22069806158024535
434	0.013624066081757355
435	0.2594061374165033
436	0.5053092620390518
437	0.018028768166546427
438	0.29212510372231837
439	0.7365020279103793
440	0.5279960195961131
441	0.012958377370886572
442	0.024506434712488423
443	0.4926799516708049
444	0.5031406868378825
449	0.25283180377062114
450	0.5137020067552154
451	0.26349838704616524
453	0.24442670262961758
456	0.25929351632055
458	0.01008318789102753
460	0.27165313157414034
461	0.3337100389124461
462	0.2770638006739286
463	0.24926775344800406
464	0.03502900446121688
465	0.28440512115165206
466	0.03173741510500049
467	0.02185725012908281
469	0.26083638117626445
470	0.48016858276274266
471	0.4749610780494295
472	0.28289851142355454
473	0.5107854061628293
474	0.5132613389943305
475	0.2875376000859322
476	0.26631680304381194
477	0.25103681285338497
478	0.018611166872399696
479	0.006680930450937324
480	0.21867609318354475
481	0.23365469831967467
482	0.5232622066806845
483	0.26177234964858964
484	0.26883210232268034
485	0.040296064516045345
486	0.0019251567779276224
487	0.2786310607529036
488	0.02357311361871569
490	0.008880784553624201
491	0.2498670247935766
492	0.5021293364851047
494	0.24303239060197765
495	0.014336652878367419
496	0.24368905561054421
497	0.27082440654682716
499	0.2742952136055964
500	0.015473717032881841
501	0.022215488216616328
502	0.021607357646897155
504	0.03515563167589259
505	0.24175636684824153
507	0.031213888957601115
508	0.0187627673185071
510	0.5424584072296189
511	0.25404479902874405
512	0.24995881599822975
513	0.013334311985731241
515	0.016963901318232395
516	0.24033076627494535
517	0.007801799689291709
518	0.23481122499709636
519	0.013867254411952617
520	0.45458949326658876
521	0.028497524435554672
522	0.275434576066468
523	0.014929286159348625
527	0.21089905899923714
528	0.015465430682949706
529	0.2580005139893174
530	0.27465322759874305
531	0.47910606469878697
533	0.2579440094102504
534	0.038784347756814455
536	0.011833564936222719
537	0.2576084405587907
538	0.0004874179084309038
540	0.26030312081121393
542	0.023750143382812804
543	0.048442724387202575
544	0.4178491587002085
545	0.017851263559318063
546	0.2819614449464215
547	0.49010583136329633
549	0.2356561151383867
550	0.23753179781913608
551	0.49495310793595443
552	0.5215537479186676
553	0.016510315544762837
554	0.48245528538842597
555	0.2444165250260144
556	0.2908140199469369
557	0.031533561327217255
558	0.2733879614863417
559	0.507587697717234
560	0.24318821666024523
561	0.2665184563553029
563	0.4707243099912503
565	0.255985788204388
566	0.5100320249048019
567	0.0021440599621998582
570	0.7036484771312719
571	0.25850919221593144
572	0.061241673979055916
573	0.2803241468649719
574	0.01580860656424468
575	0.057539696833948994
576	0.0109515630197339
578	0.520926157976872
579	0.21679122601972334
581	0.022420529783119675
582	0.3168481851709687
583	0.028592960665816052
585	0.00018786213850620348
586	0.28290076049246693
587	0.036759955158538235
590	0.4868450984472711
591	0.29913380193627426
593	0.0009582048791128978
594	0.5424173594118367
596	0.5063884319694649
597	0.20677715656469148
598	0.3164472437085549
601	0.20234747874105494
602	0.27961139682378283
603	0.23599248265810083
605	0.0196843234621721
607	0.04976929806346732
608	0.0014076200343783804
609	0.4291510778819842
610	0.02890615025558658
611	0.5252889833642539
612	0.4913370834630967
615	0.2697305021768876
616	0.2685001615930616
618	0.010691525547229155
620	0.2476487211636484
621	0.02677903370567107
622	0.26950869025709023
623	0.23970658697836406
624	0.497038626491379
626	0.45835129953943443
627	0.01534957055979009
628	0.025226889145447948
629	0.005156681679782921
630	0.03341309850469401
631	0.27478117008400565
632	0.0038092722504683083
633	0.003156309685172949
634	0.009992593018897728
635	0.26900552552198986
636	0.2692247238211914
639	0.01349516259874331
640	0.019728767661705917
642	0.2512057424744292
644	0.01593647912173501
645	0.04955563739168857
646	0.4517654727290096
648	0.004744692131742001
649	0.24962127376125445
651	0.24391432775336777
652	0.502445757279134
653	0.46979953068637226
654	0.22558455144741685
657	0.024200170128262276
658	0.24586832793283042
660	0.4985026364907539
661	0.04784992829758086
662	0.5408624338304233
663	0.29321387696059154
664	0.03553071690602409
666	0.2687319083309771
667	0.27722998892029643
670	0.2690549395773359
672	0.5320398214267591
673	0.266469556132165
674	0.5418591655005222
675	0.5695484293174133
676	0.23029157489491725
677	0.256216636621423
678	0.017623620182962926
679	0.5086649860271221
681	0.4449397004352469
684	0.024766524953496374
686	0.2955114714903164
687	0.26004833872671373
688	0.2756012711384112
689	0.48187502073568206
690	0.26063288559854003
691	0.2723258732708405
694	0.014804773761874411
695	0.3036586108612079
696	0.2555250652359584
697	0.24987659317940006
698	0.24218465262298214
699	0.2883621393120024
700	0.03592278020836957
701	0.2779752898654184
702	0.22919666136396008
703	0.28444501631579455
705	0.2605002055078107
706	0.2610581419070181
707	0.029120400942625697
708	0.4789814977412198
709	0.25450625058135246
710	0.2708222445853105
711	0.278780003943993
712	0.5095685034319483
713	0.2441089343183879
714	0.2613742828434865
715	0.01539157133893266
716	0.4803904494233559
717	0.27316751438117814
718	0.5373257548625945
719	0.020824782557247387
720	0.23973883608422147
722	0.2106122622537019
723	0.27099147250933586
724	0.333972163900655
725	0.7626183294213431
728	0.5548418298668518
729	0.46854943104295976
730	0.009296689168685625
731	0.5110581727765786
732	0.27610192279950335
733	0.2289656432608157
736	0.02942522056587108
737	0.06655231395875688
738	0.010252085757533898
739	0.5051975437885338
740	0.23837290050350673
741	0.03403780712598928
742	0.5242956250073759
743	0.4848835851198185
745	0.2739154834614365
748	0.023279981010362084
749	0.013489968578438816
752	0.22457159576564592
756	0.2640413892762474
757	0.017617170998063873
761	0.0021461359752544193
762	0.29389616804910956
765	0.048465514507697136
766	0.020434927492990244
767	0.008815615385912384
768	0.4491153598943297
770	0.25480004374551174
772	0.24845006149572493
775	0.4952186203164273
776	0.474307029563483
777	0.06562946194842345
778	0.2690376419256126
779	0.016869800286779056
780	0.04145082683827309
781	0.26583081430992783
783	0.24052671288868344
784	0.033989827933745824
785	0.057087597455529646
787	0.05020023899010331
788	0.2338077688972633
789	0.5091910780571051
790	0.23872687542900417
791	0.4906213525377948
792	0.03643992899855713
794	0.27538246608600503
795	0.026273509598591097
796	0.25840205727528
797	0.2362825756356508
798	0.25936419834289554
799	0.26676472327198353
800	0.025226889145447948
801	0.5199894266722702
803	0.01936325570689915
804	0.2664823799774174
805	0.005474809909664591
807	0.2834389422128867
808	0.4966291709097145
809	0.25176878122294527
810	0.5189395460553201
811	0.015157600209353975
812	0.2621639079519384
813	0.02418925925517355
814	0.3044104731141608
815	0.021333460632467542
816	0.5483664598252508
817	0.04390743719568543
819	0.2488639652473013
820	0.28885608982621364
821	0.00954861782161661
822	0.3024194195760785
824	0.5455295925370406
825	0.26563546773933366
826	0.00795739766490016
828	0.27974184432620547
829	0.26253912695638093
830	0.25737253841183155
831	0.016942632810827474
832	0.7501059259470952
834	0.23958495661446058
835	0.018499057777256342
836	0.2713537201801089
837	0.2543658834585541
838	0.502790757162997
839	0.010188969924956558
841	0.23614918461637155
842	0.22714098711945363
844	0.2876621912646682
846	0.014358855097595925
847	0.5059678963370892
848	0.027159237925569745
850	0.008467912591256701
851	0.039676614653298484
852	0.018901396683109792
853	0.22069139757259346
854	0.032334507624899714
855	0.48067462432338154
856	0.2569452057702598
857	0.0485508710319425
858	0.5149593050416764
859	0.3125943529195312
860	0.25763359033006344
861	0.23333114704597027
862	0.029152748033454117
863	0.23765855623849458
864	0.2250244843005526
865	0.25517194977180496
866	0.12745795574155871
867	0.03148784709060705
868	0.03453223879837933
869	0.02155614199400609
871	0.23159999909300427
872	0.004614274823577187
873	0.7723847132407199
874	0.24948885971273732
876	0.4686703841498383
878	0.2772433416504413
879	0.3194275387810154
880	0.2813864826934974
881	0.02852622750711513
882	0.016519144196803087
883	0.0001341422173196244
884	0.23316100367088902
885	0.19691361911179245
887	0.006462074093990938
888	0.5179358777899005
889	0.2596175229903892
890	0.021212764504709908
891	0.27261146920035734
892	0.25642749380869273
893	0.2414412768733106
895	0.014060722604673156
898	0.2327952638310501
900	0.20621951377037998
901	0.22232999959236144
903	0.007965570421179277
904	0.02561133901805092
905	0.2477145757352398
906	0.27735752639988
907	0.01515240466869696
909	0.263919066121078
910	0.21469988879596083
911	0.01224954305848977
913	0.24797489357253555
914	0.20553365198953588
915	0.22681170835877143
916	0.21724199178874645
917	0.5279565760451133
918	0.2413665203600804
919	0.03451967917309409
920	0.7448482288939818
921	0.25057071152656074
923	0.5210270472955398
925	0.528359676049567
926	0.015413349323457514
927	0.2757045661623811
928	0.04295369337788461
929	0.034773202666973056
930	0.2854266752692193
931	0.5264304683466345
932	0.03320593511953602
933	0.30317299348794113
934	0.5009491015113055
935	0.5023710079943937
936	0.25550362769384904
938	0.00406065863195184
939	0.2800806748743882
940	0.26411649458134584
941	0.26682379905637704
942	0.01654368483416698
943	0.294877600261837
0	0.0
0	0.0
0	0.0
0	0.0
0	0.0
0	0.0
0	0.0
0	0.0
0	0.0
0	0.0
0	0.0
0	0.0
0	0.0
0	0.0
0	0.0
0	0.0
0	0.0
0	0.0
0	0.0
0	0.0
0	0.0
0	0.0
0	0.0
0	0.0
0	0.0
0	0.0
0	0.0
0	0.0
0	0.0
0	0.0
0	0.0
0	0.0
0	0.0
0	0.0
0	0.0
0	0.0
0	0.0
0	0.0
0	0.0
0	0.0
0	0.0
0	0.0
0	0.0
0	0.0
0	0.0
0	0.0
0	0.0
0	0.0
0	0.0
0	0.0
0	0.0
0	0.0
0	0.0
0	0.0
0	0.0
0	0.0
0	0.0
0	0.0
0	0.0
0	0.0
0	0.0
0	0.0
0	0.0
0	0.0
0	0.0
0	0.0
0	0.0
0	0.0
0	0.0
0	0.0
0	0.0
0	0.0
0	0.0
0	0.0
0	0.0
0	0.0
0	0.0
0	0.0
0	0.0
0	0.0
0	0.0
0	0.0
0	0.0
0	0.0
0	0.0
0	0.0
0	0.0
0	0.0
0	0.0
0	0.0
0	0.0
0	0.0
0	0.0
0	0.0
0	0.0
0	0.0
0	0.0
0	0.0
0	0.0
0	0.0
0	0.0
0	0.0
0	0.0
0	0.0
0	0.0
0	0.0
0	0.0
0	0.0
0	0.0
0	0.0
0	0.0
0	0.0
0	0.0
0	0.0
0	0.0
0	0.0
0	0.0
0	0.0
0	0.0
0	0.0
0	0.0
0	0.0
0	0.0
0	0.0
0	0.0
0	0.0
0	0.0
0	0.0
0	0.0
0	0.0
0	0.0
0	0.0
0	0.0
0	0.0
0	0.0
0	0.0
0	0.0
0	0.0
0	0.0
0	0.0
0	0.0
0	0.0
0	0.0
0	0.0
0	0.0
0	0.0
0	0.0
0	0.0
0	0.0
0	0.0
0	0.0
0	0.0
0	0.0
0	0.0
0	0.0
0	0.0
0	0.0
0	0.0
0	0.0
0	0.0
0	0.0
0	0.0
0	0.0
0	0.0
0	0.0
0	0.0
0	0.0
0	0.0
0	0.0
0	0.0
0	0.0
0	0.0
0	0.0
0	0.0
0	0.0
0	0.0
0	0.0
0	0.0
0	0.0
0	0.0
0	0.0
0	0.0
0	0.0
0	0.0
0	0.0
0	0.0
0	0.0
0	0.0
0	0.0
0	0.0
0	0.0
0	0.0
0	0.0
0	0.0
0	0.0
0	0.0
0	0.0
0	0.0
0	0.0
0	0.0
0	0.0
0	0.0
