1	0.24203743862375116
5	0.5195194568564134
7	0.017208340283304625
8	0.2747378087942866
9	0.006656618359535869
10	0.48820283873061493
12	0.006751494501489867
13	0.05395853951175911
14	0.03023035863099624
18	0.5021730880698215
20	0.027648025366217056
22	0.024693920823687224
23	0.05254650317775639
24	0.504553515043205
25	0.03701077595603848
28	0.017413933752632872
29	0.09543145686006467
30	0.04758623538851936
31	0.03454965293933575
32	0.23014284913601546
33	0.2722239233450323
34	0.1989603104220446
35	0.24784045624617584
36	0.24450559472532923
37	0.21231961136795308
41	0.2783834605749969
42	0.2530505857104836
43	0.310526672466255
44	0.21604270188506294
45	0.270801006360514
46	0.014244813431213067
47	0.25574149308544514
48	0.24977059221550713
51	0.5254948037084929
52	0.24185863131800234
53	0.03472255554067655
54	0.020626831123388367
55	0.008662644073967683
56	0.28764328067815215
57	0.28439231653116814
58	0.3151397069186594
59	0.7655017164814073
60	0.2563019946466814
62	0.5011949785235118
64	0.031792347191260076
65	0.017462613133418695
66	0.2604044903736906
67	0.0064019387794613455
68	0.21807074894890452
70	0.03150309177546888
72	0.03211907798229211
73	0.32934466178420774
74	0.038959402053813465
75	0.25144871311702943
76	0.2937722031952674
79	0.002494066833243873
80	0.13479963365218844
81	0.2650407608381971
82	0.5637160269987231
83	0.25927958681656454
86	0.07494529294463625
87	0.025142700218298418
88	0.09422377256781966
89	0.4990209528925308
90	0.04431606509745181
91	0.4753422717955416
92	0.03725213438348406
94	0.045278375097744794
97	0.007013303712860797
98	0.30081311512857356
99	0.020165584052031817
100	0.5069201292581744
101	0.247078488547948
102	0.06643142362971759
103	0.2814278165908887
105	0.07092437322191207
106	0.28488373270384376
107	0.28742702984627283
109	0.49084317822261064
110	0.036933422476203445
112	0.25585176118682956
113	0.017471083971650814
114	0.48457264420443136
115	0.034622215876127446
116	0.06571976794225984
117	0.059373194856330046
118	0.24511180556775605
120	0.28244651872595716
121	0.06868653602396807
122	0.014499567649015901
123	0.4937877947345253
124	0.0010367690193164997
125	0.22607211740746844
127	0.018336436777478933
128	0.02986493478624573
129	0.30427812303807855
131	0.23045754553919584
132	0.04306108028444767
134	0.028692371435575743
135	0.05934630419876662
136	0.29438704354525036
137	0.005861894607834053
139	0.056733444768213764
140	0.022387020696625085
141	0.05395345622306542
142	0.28310534348222016
143	0.2620931241824511
145	0.5552803296452359
149	0.2501872412363151
151	0.00027558099508293715
152	0.25467626441325686
153	0.31468727093782256
154	0.2484449900820982
156	0.5413312064613744
157	0.03645466397945839
159	0.24057825510058795
160	0.008289725546909814
163	0.0396027136780929
164	0.026926453226880045
167	0.3163267304537055
168	0.5046512414623833
169	0.01932163092772187
170	0.27926149689728774
171	0.08885413276940526
172	0.07278067542602375
173	0.03882236846131525
174	0.27188275727442857
177	0.02251173536392674
178	0.054325867431700384
180	0.015593282004357854
183	0.1443753422064189
186	0.3339254487007846
188	0.2920427710843069
190	0.18168578714988054
193	0.0313154855306986
194	0.05280121590452258
195	0.05980564241801998
197	0.5610348978084179
198	0.01716799165546106
199	0.029410771962442316
202	0.03788254374293675
204	0.25539020903639476
205	0.1471351143307985
206	0.33361905766186806
208	0.1148251004269771
210	0.036738701749174124
211	0.030006531882751993
215	0.029920199360319304
216	0.04033038255707092
217	0.05599030070021106
218	0.3073689608585436
219	0.24072164566499546
220	0.03310790918014595
222	0.21859647878866303
224	0.219383682792329
225	0.06270754636563713
226	0.022708932932153605
227	0.028266975499641217
231	0.24484021844306655
234	0.02711703679308059
235	0.041995947884280814
236	0.005719567046864507
238	0.4912195167686303
239	0.24206767853868283
240	0.26538786684862137
241	0.04021226652097104
243	0.07335674302889386
244	0.05909925024850149
245	0.013627988096562758
246	0.03917569814230843
247	0.0036273628912521574
249	0.3061172355891732
252	0.02475371037774729
253	0.014100420481802864
254	0.4989796491742096
255	0.22272602287068216
257	0.22711069620199123
258	0.0781777782608575
259	0.26366961223513474
260	0.49892839805401723
263	0.05483866312877511
264	0.25354265855632097
265	0.007198711892683861
266	0.044618306863950435
267	0.2620167171324412
268	0.5019738915415333
270	0.03049662563887641
271	0.010970402048064813
272	0.26697895386740966
274	0.5056242168266512
275	0.2496875331984476
276	0.02182636869247117
277	0.04160998486558319
281	0.019229019110527143
283	0.29910266078137604
285	0.26189276111643794
286	0.024586379181905454
287	0.2786891640177743
288	0.04662376255548084
289	0.312638000907735
291	0.035040506591717896
292	0.28763976382783657
294	0.014948880250593821
296	0.27160870640271945
297	0.037596904738136705
298	0.5368811039028365
299	0.5164034443531194
301	0.7683068658585124
302	0.3111857132637025
303	0.29304102278862276
305	0.23130111239981171
306	0.05097467726462054
308	0.010813497323747256
309	0.49393201371728146
310	0.19041732659637586
311	0.2029522932835064
313	0.239226600303164
314	0.01731866630503679
316	0.33414045307012363
317	0.017194507249188154
319	0.030941988018077612
320	0.315804603395901
323	0.27368004256029815
324	0.027404859119252854
326	0.01863488709106797
329	0.01397185124812897
331	0.004168658891300872
332	0.5131267267215516
333	0.2513477160866067
334	0.18018141671505505
335	0.26068750029575477
336	0.2645408046668163
338	0.01778097560491463
339	0.02193730817660322
343	0.2862554776283817
345	0.5231936430388187
346	0.2836662759695226
347	0.5614588729401035
348	0.25232416680320846
349	0.027698719533774813
350	0.312182624829958
351	0.2742605389289029
352	0.260259298771754
353	0.0293038768450595
354	0.05984753938267134
356	0.060936255705249305
357	0.04231242067859824
358	0.004852972626904373
359	0.013842666307336528
360	0.2953746760206609
362	0.4832585316641454
363	0.006595054725019436
364	0.04714996446370643
367	0.261730938155533
369	0.24150366148187258
370	0.020390201960534086
372	0.01365584916960301
374	0.03700394914861632
375	0.23762843401737235
376	0.2806933358285438
377	0.054514668109674376
378	0.03507466811893979
379	0.2775118391234514
380	0.02193699422756823
382	0.3246605779958312
385	0.05088439860616885
386	0.7199580470561439
387	0.2262859859715078
389	0.48831493476586263
390	0.013309238311371312
391	0.29370607174162694
393	0.5184278191799918
395	0.29850575988368633
396	0.4254155791800755
397	0.48281317432030657
398	0.02563149918724457
399	0.2527415416652771
400	0.028868432694235814
401	0.05745819000107888
402	0.2659993701218465
403	0.515905399208403
404	0.02649297257531992
406	0.024489911681958784
407	0.021086551202728614
409	0.5101619891732823
410	0.04707862492388848
411	0.2935934242623522
412	0.26836221272619837
413	0.013300814070392727
414	0.2663229332796618
415	0.010909355877313807
416	0.0035709888042065457
417	0.291746739636381
419	0.055641320771571696
420	0.4853505128974004
421	0.5103228541647468
423	0.0207605658803686
424	0.32515460243550953
425	0.2723029266061024
426	0.012418250105285793
427	0.017761337270959347
428	0.0012315647139881716
429	0.5340734961835433
430	0.03639487683632441
431	0.2464086834433973
432	0.018473759780627937
433	0.0096565819215019
435	0.7725708458856918
436	0.25246254197963475
438	0.2617791883684571
440	0.4984543908241003
441	0.24512057057177858
442	0.25839955668009806
443	0.23594769235959204
444	0.2456357256788983
446	0.2748915687858967
447	0.4680737142953032
449	0.27630925813120066
450	0.26219267569515564
451	0.4978606974992159
452	0.19446076091073072
453	0.036641143286130114
454	0.22206533514586646
455	0.2708652682176108
456	0.01085697917630523
457	0.04247839499234375
458	0.013810066376871911
459	0.0004224458407909998
460	0.2643838846235749
461	0.040763718766569305
463	0.23288118444420453
465	0.2786670746999489
466	0.2801788740074428
469	0.26580378871367905
470	0.018645629738541232
471	0.2368290356238398
472	0.5057692009424712
473	0.04111314814210083
474	0.28023406060800254
475	0.013056629307156911
476	0.7153348974832349
479	0.012314550493108638
480	0.0002918691332463169
481	0.5373294082673497
482	0.24125071382943453
483	0.02554719894165316
484	0.2507063064158912
485	0.04452952563040657
486	0.23002793625539963
487	0.29122528209154797
488	0.28984025191253904
490	0.4797812890811768
491	0.24205156604516026
492	0.750551201561508
493	0.06273877989092869
494	0.24332041696129006
495	0.06283100854507694
496	0.06298346950584402
497	0.04748026277630858
498	0.07805507277921929
500	0.2826137052083113
501	0.528006974781867
502	0.2620423402550556
504	0.26343126301038966
505	0.28763724214421627
506	0.29529982236103935
507	0.2574564599907523
510	0.018560507444652596
511	0.0450503310277758
512	0.5122725071032452
513	0.28999858776130594
515	0.006240800758031337
516	0.22596274074022576
517	0.27572643615920794
518	0.24771864433529556
520	0.29005634457167495
521	0.2522627911760947
522	0.3116938945808243
524	0.29248491324661996
525	0.02197399004490038
527	0.27261695735463465
528	0.05199548169808389
531	0.26086987040694604
532	0.03686319736554604
533	0.4768335480235952
534	0.26196531483050334
536	0.01623746597628102
537	0.014124925509916224
538	0.5547547585602743
540	0.2689259050693852
541	0.03457015073483341
542	0.26111038583884993
544	0.1871296043719353
545	0.2553958689746327
546	0.5031044141527515
547	0.4739954232641865
548	0.5109624463864771
549	0.24983997805885286
550	0.4871925477059073
551	0.29950482826208424
552	0.5029812752804546
553	0.5094229064580431
554	0.26986394004025427
556	0.04949544722069945
559	0.24880526492915173
560	0.29048873997900315
561	0.49309816037337034
562	0.03494861363455849
563	0.2748924948159966
564	0.008472159605652028
565	0.4897462557437575
566	0.02241184054728841
567	0.27979284268863447
568	0.25499978357700204
569	0.02911395880612485
570	0.06994086208848507
571	0.01929973501713697
573	0.5335745595684414
575	0.4784468962240327
576	0.5089748833443943
577	0.04739388819446526
578	0.27771322478372623
579	0.327977924729441
580	0.013376983778173562
581	0.0927015493848319
582	0.293141052934467
583	0.020102946192460953
585	0.083476491203076
586	0.2805872768906642
587	0.03180451802738342
590	0.2705603117251784
591	0.31307442332020197
592	0.03531003945019519
593	0.02668868723633413
594	0.2811087091058828
595	0.24943768597915525
596	0.2691718816274822
597	0.228917017094546
598	0.06879739257747233
600	0.032641861917043075
601	0.42873885572487175
602	0.08694303789679378
606	0.027805844195036636
607	0.28305202028945176
608	0.005061254272396981
610	0.02467245410753919
611	0.5045973059316042
613	0.5187566578706893
614	0.1989882195088234
615	0.5269034833763384
616	0.002711994212436397
617	0.2440121909166358
618	0.012660479819283296
619	0.2573446843988711
620	0.24983000801342808
621	0.5348491156106695
622	0.0374413874179615
623	0.7392217900684785
624	0.01127090824375819
625	0.49985732361177726
626	0.2177458582766673
627	0.7768504766087524
628	0.2661847662274273
630	0.026119616948855603
632	0.2569899085391804
633	0.22338506951039291
634	0.482448193591111
635	0.047230560216628546
636	0.2515943682513041
637	0.014049882387595247
639	0.24023967260751994
640	0.010682229634382978
642	0.47337486239732646
643	0.04922959089195632
644	0.26140952629524644
645	0.04081698769629394
647	0.3036481657661259
648	0.4515845853982893
649	0.03516019498716106
650	0.2563465457870137
651	0.2448404370020721
652	0.2524834798692529
653	0.4852902328020795
654	0.2299002951890768
657	0.07152111296057714
658	0.008894964537115517
659	0.07572123679188365
660	0.29122972679208897
661	0.055624947768153965
662	0.05786592721237529
663	0.5053134660080477
664	0.03960165270575886
666	0.25616596762409577
667	0.2691371532777442
670	0.04664267789407709
672	0.3088266789844261
673	0.24654144620601434
674	0.2849854266702205
677	0.24759600427996137
678	0.20881947878134616
679	0.011347047030297937
681	0.004286269903055154
682	0.5203578215153208
684	0.021079632578407344
686	0.04412792713018229
689	0.48507873112899313
690	0.27221597644542295
691	0.02259779477132471
694	0.496338680621987
695	0.015612521521414839
696	0.26684481818961003
697	0.216260294762608
698	0.2299146106595291
699	0.26572311929426756
700	0.013294559710015634
701	0.021077720750352066
703	0.48028936283471335
705	0.27347429773804843
707	0.0659954486749129
708	0.4708375816714302
709	0.5344689070947763
710	0.2910101516136828
712	0.2538520213342616
713	0.0006227060096034437
714	0.49075065234779913
716	0.2408279144763626
718	0.27575386588215955
719	0.2602738877233105
720	0.27344389981575695
721	0.23973066663196083
722	0.24851813876824697
723	0.2620200954684884
724	0.33361905766186806
725	0.5195306382744928
728	0.28140153281994496
729	0.02342991682951527
732	0.25264281008960865
733	0.24117163985758888
734	0.010851481610131296
735	0.2503800457326738
736	0.0011428783325138567
737	0.05700987611177814
738	0.014082058044385226
739	0.2679681084417151
740	0.010071495036107866
741	0.2918901976514707
742	0.04409171511406599
743	0.022051264196027466
745	0.29987446621087605
747	0.04997237689252816
748	0.2660441223618031
749	0.28947270926065605
752	0.032882318165153426
754	0.2613615001630505
755	0.009579458830026456
756	0.2741428186385222
757	0.0012567111606585288
758	0.2579919224438951
761	0.06982663865464167
762	0.4548073520476048
766	0.24323401564525257
768	0.2261777946004468
772	0.23279823757120818
774	0.06876383891602653
776	0.552576981303081
778	0.4766656870408331
780	0.2857190614966546
781	0.4591524360102631
783	0.2545587946544809
785	0.2265499427695539
787	0.25417499130485527
788	0.025410793198136022
789	0.5197776748417081
790	0.009921977633466209
791	0.7376297754706865
792	0.28202863618493695
794	0.024817837104838085
796	0.24520609035830598
797	0.47691664983202203
798	0.26545053624371934
799	0.012969357980133989
800	0.26618476622742726
801	0.009564801843749825
802	0.5261646375913879
804	0.5164963114127559
805	0.08709377824410561
807	0.03221444313989516
808	0.02888337631354481
809	0.2392852533326527
810	0.49336167339086995
811	0.25499596365587424
812	0.016745369096230263
813	0.26488849846754736
815	0.06513820883409008
816	0.03776431446763035
818	0.19921367913145432
819	0.46807409809582734
820	0.07891045008713626
822	0.07883527638135579
823	0.05711794387455685
824	0.08944734862842432
825	0.49273773855223785
828	0.47954431899909133
829	0.2661847662274273
830	0.2815428154034844
831	0.23052328259437155
832	0.2574496298915228
833	0.026143499370720996
834	0.24767397201408223
835	0.29442268106016123
836	0.017684989103799245
837	0.024633592943452305
839	0.23727305635129153
841	0.24839578598892248
844	0.04387918777699426
846	0.23477303778060055
847	0.02110184287044007
848	0.014271365009617745
849	0.01330923831137134
851	0.2707335063886698
852	0.04609101402300998
853	0.21330012205407817
854	0.06790556974845652
855	0.313336228445732
858	0.4776519593156598
860	0.24854799962483065
862	0.022457908379762657
863	0.7269457488171549
864	0.720310380520111
865	0.045709196908778116
867	0.23339120122525006
868	0.24311385845464883
869	0.26134074960548437
870	0.005445692551012168
871	0.48543782223011156
872	0.2667188763642338
873	0.2950287027003352
874	0.2748142729109348
877	0.2807497887546324
878	0.547020300658753
879	0.2987993818263853
880	0.26446805320648353
881	0.26567404035355485
882	0.2665422320831297
883	0.2795073118863448
884	0.3150564026190155
885	0.0927899901367091
887	0.013358580018781395
888	0.2564267439786365
889	0.027662966755442386
890	0.052740284496585715
891	0.02578564671258162
892	0.2501497953885227
893	0.03988890225934995
895	0.04411108919020756
900	0.7828243188975664
901	0.29406732387359585
903	0.012018607468814113
905	0.23637665763092283
906	0.01652561091186014
907	0.061756093299557266
911	0.06495533712808191
913	0.2804748580499951
920	0.5061354222858462
921	0.44774951508609834
923	0.2691687217866248
925	0.2744676297415654
926	0.2819935263251359
927	0.7311054031217017
929	0.27236448513756695
930	0.0011563433057303549
931	0.0518960397181747
932	0.02785377952288355
933	0.2834342984056811
934	0.29329033826408424
935	0.2440445461395772
936	0.005049843788646931
938	0.029513462937941493
939	0.25347796202665285
940	0.04721727218656531
941	0.04048740680191556
942	0.036630989427440225
943	0.04697290527060758
0	0.0
0	0.0
0	0.0
0	0.0
0	0.0
0	0.0
0	0.0
0	0.0
0	0.0
0	0.0
0	0.0
0	0.0
0	0.0
0	0.0
0	0.0
0	0.0
0	0.0
0	0.0
0	0.0
0	0.0
0	0.0
0	0.0
0	0.0
0	0.0
0	0.0
0	0.0
0	0.0
0	0.0
0	0.0
0	0.0
0	0.0
0	0.0
0	0.0
0	0.0
0	0.0
0	0.0
0	0.0
0	0.0
0	0.0
0	0.0
0	0.0
0	0.0
0	0.0
0	0.0
0	0.0
0	0.0
0	0.0
0	0.0
0	0.0
0	0.0
0	0.0
0	0.0
0	0.0
0	0.0
0	0.0
0	0.0
0	0.0
0	0.0
0	0.0
0	0.0
0	0.0
0	0.0
0	0.0
0	0.0
0	0.0
0	0.0
0	0.0
0	0.0
0	0.0
0	0.0
0	0.0
0	0.0
0	0.0
0	0.0
0	0.0
0	0.0
0	0.0
0	0.0
0	0.0
0	0.0
0	0.0
0	0.0
0	0.0
0	0.0
0	0.0
0	0.0
0	0.0
0	0.0
0	0.0
0	0.0
0	0.0
0	0.0
0	0.0
0	0.0
0	0.0
0	0.0
0	0.0
0	0.0
0	0.0
0	0.0
0	0.0
0	0.0
0	0.0
0	0.0
0	0.0
0	0.0
0	0.0
0	0.0
0	0.0
0	0.0
0	0.0
0	0.0
0	0.0
0	0.0
0	0.0
0	0.0
0	0.0
0	0.0
0	0.0
0	0.0
0	0.0
0	0.0
0	0.0
0	0.0
0	0.0
0	0.0
0	0.0
0	0.0
0	0.0
0	0.0
0	0.0
0	0.0
0	0.0
0	0.0
0	0.0
0	0.0
0	0.0
0	0.0
0	0.0
0	0.0
0	0.0
0	0.0
0	0.0
0	0.0
0	0.0
0	0.0
0	0.0
0	0.0
0	0.0
0	0.0
0	0.0
0	0.0
0	0.0
0	0.0
0	0.0
0	0.0
0	0.0
0	0.0
0	0.0
0	0.0
0	0.0
0	0.0
0	0.0
0	0.0
0	0.0
0	0.0
0	0.0
0	0.0
0	0.0
0	0.0
0	0.0
0	0.0
0	0.0
0	0.0
0	0.0
0	0.0
0	0.0
0	0.0
0	0.0
0	0.0
0	0.0
0	0.0
0	0.0
0	0.0
0	0.0
0	0.0
0	0.0
0	0.0
0	0.0
0	0.0
0	0.0
0	0.0
0	0.0
0	0.0
0	0.0
0	0.0
0	0.0
0	0.0
0	0.0
0	0.0
0	0.0
0	0.0
0	0.0
0	0.0
0	0.0
0	0.0
0	0.0
0	0.0
0	0.0
0	0.0
0	0.0
0	0.0
0	0.0
0	0.0
0	0.0
0	0.0
0	0.0
0	0.0
0	0.0
0	0.0
0	0.0
0	0.0
0	0.0
0	0.0
0	0.0
0	0.0
0	0.0
0	0.0
0	0.0
0	0.0
0	0.0
0	0.0
0	0.0
0	0.0
0	0.0
0	0.0
0	0.0
0	0.0
0	0.0
0	0.0
0	0.0
0	0.0
0	0.0
0	0.0
0	0.0
0	0.0
0	0.0
0	0.0
0	0.0
0	0.0
0	0.0
0	0.0
0	0.0
0	0.0
0	0.0
0	0.0
0	0.0
0	0.0
0	0.0
