1	0.5645133340063525
3	0.32028259799186387
4	0.25193553098529775
6	0.015881232425514827
10	0.5351513821838614
13	0.3283765837716561
14	0.28066631246073825
21	0.03614118658677713
23	0.03880046663469315
25	0.03475231253177084
27	0.10680890890741422
29	0.2699790541198777
31	0.24888742841825318
33	0.019509798175270474
37	0.01854133157698122
38	0.05408028637961329
40	0.23357079962623045
43	0.05627004219588469
44	0.03169123363971975
48	0.015741014470612463
49	0.06446192733928006
50	0.047175343951066054
57	0.0030057191367221098
58	0.5768820021798065
59	0.2859022401444158
60	0.021580121457207085
62	0.0631664926234049
63	0.30705899371907813
69	0.22375102882688486
73	0.2550345749771705
74	0.013238576319053064
76	0.048816837765519816
77	0.009776243910942908
82	0.31841655959833753
85	0.021998964645794122
90	0.5398704016392747
91	0.026655000191242742
94	0.3340219189379756
97	0.02252258877326517
105	0.25760657011343674
107	0.23014726666533789
109	0.05047233776753854
113	0.006886386503890035
114	0.0660093287229591
115	0.041412615324368185
116	0.11162654801634653
119	0.01887426894189062
121	0.06671798892708154
122	0.002052736649351586
126	0.017634236027365066
127	0.01816992319120496
129	0.23310485817677418
131	0.039215304590203906
132	0.22546899470347664
135	0.06068130377249861
136	0.2173436019379858
138	0.07805507277921929
143	0.0421074793792202
144	0.023005711301184062
145	0.080721428439478
148	0.00029467067625429944
151	0.05965249876987393
154	0.003201533761171216
156	0.04456726213740844
160	0.29229862293500564
164	0.04503176163798177
167	0.05496573631276616
172	0.04545479829096745
173	0.023027478355952813
177	0.0026193186079576936
183	0.13345780543043695
184	0.2718933541010876
186	0.1388457670260551
188	0.3049958407555694
189	0.031466548126944494
196	0.04109296691717142
198	0.07997893877677595
200	0.026588107280180406
201	0.024262540205406774
203	0.059131538748226214
205	0.21140938771938672
206	0.343129916710762
207	0.26040232890792886
208	0.022686199410573066
209	0.02469494885652515
210	0.25193454543700206
218	0.25636094562607
219	0.04634478460960441
222	0.08379396723343224
225	0.04803232099460025
226	0.5285200778975438
232	0.29801472486227076
234	0.02381431682428281
236	0.01873344547206285
239	0.2849081762309846
240	0.22452586835172167
243	0.04268865048384661
244	0.0413709160345031
247	0.00976451014877873
248	0.036127242316181224
249	0.06726571269459411
251	0.019553127135341727
255	0.21934024206165037
259	0.2544211886888851
263	0.04335783786931344
267	0.30312698054926746
268	0.2912701492493114
269	0.32018276477788826
271	0.2682680074167882
272	0.021690302074183
282	0.011740296443641954
283	0.3093868670890638
284	0.4579039743851073
285	0.0667184426103526
286	0.0718139453461018
288	0.29725153442124896
292	0.05606917181160603
293	0.3282223545256378
297	0.5126928555046367
298	0.06261173324300351
299	0.2977478832514062
300	0.08989926699724403
303	0.32328387528041275
305	0.2979131046986787
308	0.5166094816484219
311	0.07665482600931628
312	0.5075908434378077
313	0.2674352810488073
315	0.19453244500666428
316	0.13418286928885667
319	0.005078870835124857
320	0.05654463353192821
321	0.047345322111338226
322	0.22263760214272066
326	0.25153749745726883
327	0.08231223813926936
328	0.012726234294491517
329	0.0289243729164142
331	0.04704098216791437
332	0.054996209888374364
334	0.26769578079733686
335	0.23457159933113592
338	0.02560398430710152
339	0.2933948333203668
341	0.007442353680315941
342	0.2703492535595041
344	0.09137340193673635
347	0.08577509651092194
350	0.28356416785334215
354	0.014368907522884083
355	0.23166928727335406
356	0.025981098596997987
360	0.33428521980446396
361	0.24837538005034704
362	0.015934439949171958
364	0.021005981613930386
368	0.005803013841257115
370	0.2229460026834022
372	0.03349579572546346
374	0.16130467449340508
378	0.05422060009337647
379	0.01183440936072401
380	0.2734250091622682
381	0.2462579723263575
382	0.28206027218010943
384	0.23989922051802376
385	0.5539034342205444
386	0.08812600266640566
387	0.2723437170516255
388	0.02358231634567795
389	0.2673539375326639
390	0.0039050221947962843
391	0.30938129133950176
393	0.0684925890825594
395	0.0913119594181919
397	0.28127106718134676
398	0.03832558261835507
399	0.015872341337947973
401	0.34139486182952394
404	0.22923936530004052
406	0.02036079773519782
407	0.012699345237392232
408	0.011916458428040608
409	0.30004359063873176
411	0.012891659782801101
414	0.22176238489256
416	0.3429207455775436
417	0.03851759968364207
420	0.017715793266280352
424	0.0711322090502924
425	0.44268722061713073
426	0.021460003231415253
428	0.024185346613019867
429	0.298749816433785
430	0.036796209905056304
431	0.008227961989467542
433	0.30863023115611543
435	0.06595411214330814
437	0.264865223741116
442	0.0522773221629
443	0.0071616669193882015
444	0.045806225518195076
447	0.3472134234045835
448	0.05677352051908201
451	0.031015302907628356
452	0.06471290792218416
455	0.058182403483172634
456	0.27572768654130164
457	0.32191712680870166
458	0.2777542641216124
460	0.008765025263874543
462	0.0345590212955057
463	0.35349848891457547
464	0.21873712598775502
467	0.506628800719165
469	0.006102611449752521
471	0.0209979558428717
474	0.010066623389699797
476	0.037702644971259996
479	0.2880290545847936
481	0.10436604998001886
485	0.26746998604253136
486	0.30150339521246344
488	0.05142415931760394
489	0.05663655368518471
490	0.28418760482965194
491	0.030056285009651032
493	0.31949354893001836
494	0.014873379786647156
499	0.2590339950004813
500	0.5220875233287613
501	0.06266692999651524
502	0.044702400480593374
504	0.3161594474800775
505	0.055037945139245606
506	0.29270822110849404
508	0.0040764756174472006
509	0.0774425924774523
511	0.1762146876737577
512	0.06613032731579413
514	0.013417466510591475
522	0.5183655423462685
523	0.035807263605272505
524	0.2896292961183573
526	0.2757728173080979
527	0.37095700534891796
528	0.25057585824359285
529	0.22235758719318416
530	0.24327558873817523
531	0.020219332447926244
532	0.06477659101209651
533	0.036990719681784315
535	0.24292982576413663
537	0.04562539108345315
538	0.10028949943796084
539	0.060192530015186124
541	0.31181122767824176
542	0.5831660976781256
543	0.2545996459686735
547	0.04441311358570729
548	0.3244975639221842
550	0.02082530741175935
551	0.07493996799256555
553	0.2883839401473977
560	0.5398677618769545
561	0.3010464282323061
562	0.3116193392937778
566	0.0233160311583782
567	0.5540239202165265
570	0.03942552176307071
571	0.009760713742360871
572	0.32566204033366364
573	0.29401963512174867
575	0.01574330253106683
577	0.12272692925144787
579	0.1171373584066955
581	0.06090226505228591
583	0.25984756052314356
585	0.3322637627793361
587	0.0024230272954948034
588	0.06427196355869638
590	0.06941517360626526
591	0.31757667293261793
592	0.3385149975432041
595	0.14739438220789397
599	0.0032285937659415204
600	0.2922479480392155
601	0.10830983884428874
604	0.07169046650847713
606	0.3277167786332445
607	0.24398889447935518
608	0.2654554246602703
613	0.5148637234082251
615	0.30568696104802706
617	0.6425831832382948
621	0.11138384987561908
623	0.10140083740874334
625	0.051801954181692006
626	0.04011311869377393
627	0.27172301097264445
628	0.2372183362188286
634	0.002326460710665501
635	0.00022795579967757607
639	0.042402736465190535
640	0.007948953893933547
643	0.29511756677062
645	0.2926543855412871
648	0.039131756495934034
650	0.2791545044483011
651	0.039893798635876554
654	0.040263236166780875
655	0.026890330192847728
656	0.16650728245362026
657	0.05084555392411684
659	0.05918385707546342
660	0.06149019941710132
664	0.22212401403013182
666	0.023406207345521277
668	0.02903952317310643
669	0.2560593854458114
670	0.01867252147265358
677	0.001507619816350933
682	0.03455155882109538
686	0.45394487707131376
690	0.3028423282475917
693	0.33728612259657775
696	0.26264906920718634
697	0.036871647700835924
699	0.006561536105586185
704	0.20081347318848575
707	0.3044966566885878
710	0.2851095313958323
711	0.28889388326742593
713	0.26379108904787907
716	0.07220142759586429
719	0.32205444623941526
720	0.013615143369237359
721	0.09980007891093572
724	0.343129916710762
733	0.2862260055884974
734	0.013065270344393975
735	0.03966185193028017
737	0.21065725051601092
738	0.06889713535018568
739	0.023731922154933513
740	0.27099465867966865
741	0.5612059508642842
743	0.03073710827869948
744	0.26948009933702766
745	0.30920593684203757
747	0.5373997141349467
748	0.2709179432472839
749	0.07156337485145717
752	0.26110758381209037
757	0.018165412340460207
758	0.7816148290762559
761	0.07682101481191961
762	0.028143505496430507
765	0.025254332494160855
766	0.24736508945041913
771	0.006365594944775843
772	0.029211011401780007
773	0.04750872552654431
774	0.21670004479171245
775	0.23084969361906504
778	0.0008489368588969204
782	0.008569752406160466
783	0.020326666049959335
784	0.003610351550313348
788	0.0016233882794167015
790	0.30324702426668165
793	0.05369649135498451
794	0.04058669506244221
796	0.019664765081864544
801	0.006017600566631101
802	0.029143391380187997
804	0.052280586831517026
805	0.5725116617973908
807	0.006160184437980304
808	0.23742216309695208
809	0.2808334292201778
812	0.24290134396257734
815	0.052422914510820706
818	0.08521634526422026
819	0.017498342459245045
820	0.2559589067108727
821	0.5148845683736333
822	0.011508483280462
823	0.32942981776999236
824	0.07786785498583075
826	0.035227779836987314
827	0.2584148475805322
828	0.04620505374763925
830	0.30519941205021983
833	0.3209722878760707
835	0.07706820588213054
836	0.23500296970052398
840	0.21825686728350782
841	0.2949483474859239
842	0.2595907365759741
843	0.025169011559270954
846	0.3205819316428049
848	0.2420519783922669
851	0.022236053101363368
853	0.03756778682898336
854	0.06166164620337314
855	0.09155059778415604
856	0.031088678850739793
858	0.02563944891129112
863	0.009402251894669422
864	0.3450571387481531
865	0.4127357740405174
867	0.3064617225375683
871	0.0635362263694712
873	0.03609350353016168
874	0.046870553450458916
875	0.04302795105690943
878	0.08393572567887905
880	0.2546763947255135
881	0.023573717857571813
882	0.2969390565246067
883	0.311189570870022
884	0.05567486782243514
886	0.054647955800943226
887	0.3022575398242457
888	0.037501871280798765
889	0.05306781634503081
890	0.28252867966197986
892	0.031485182690087585
894	0.08027580421950221
896	0.034887358876107125
899	0.25855969235900633
900	0.15017480937547342
901	0.09188178195726962
903	0.04304415790635879
904	0.25859168853299147
905	0.0641329628480895
907	0.08971352405557739
908	0.02831892390229762
911	0.5330393892286823
913	0.30844336119014026
915	0.0015294719621140734
916	0.09513374265147487
918	0.28715752415638973
919	0.043407660893630615
923	0.017295185171690847
925	0.01328158048448752
928	0.017455389501391777
929	0.0816970402051817
931	0.015156123869814603
932	0.28574990484154406
933	0.01850908457437618
934	0.30458358503885685
936	0.03154294172724084
937	0.019595316618425493
938	0.017245616877579237
940	0.006099329590999569
942	0.05242431348638199
0	0.0
0	0.0
0	0.0
0	0.0
0	0.0
0	0.0
0	0.0
0	0.0
0	0.0
0	0.0
0	0.0
0	0.0
0	0.0
0	0.0
0	0.0
0	0.0
0	0.0
0	0.0
0	0.0
0	0.0
0	0.0
0	0.0
0	0.0
0	0.0
0	0.0
0	0.0
0	0.0
0	0.0
0	0.0
0	0.0
0	0.0
0	0.0
0	0.0
0	0.0
0	0.0
0	0.0
0	0.0
0	0.0
0	0.0
0	0.0
0	0.0
0	0.0
0	0.0
0	0.0
0	0.0
0	0.0
0	0.0
0	0.0
0	0.0
0	0.0
0	0.0
0	0.0
0	0.0
0	0.0
0	0.0
0	0.0
0	0.0
0	0.0
0	0.0
0	0.0
0	0.0
0	0.0
0	0.0
0	0.0
0	0.0
0	0.0
0	0.0
0	0.0
0	0.0
0	0.0
0	0.0
0	0.0
0	0.0
0	0.0
0	0.0
0	0.0
0	0.0
0	0.0
0	0.0
0	0.0
0	0.0
0	0.0
0	0.0
0	0.0
0	0.0
0	0.0
0	0.0
0	0.0
0	0.0
0	0.0
0	0.0
0	0.0
0	0.0
0	0.0
0	0.0
0	0.0
0	0.0
0	0.0
0	0.0
0	0.0
0	0.0
0	0.0
0	0.0
0	0.0
0	0.0
0	0.0
0	0.0
0	0.0
0	0.0
0	0.0
0	0.0
0	0.0
0	0.0
0	0.0
0	0.0
0	0.0
0	0.0
0	0.0
0	0.0
0	0.0
0	0.0
0	0.0
0	0.0
0	0.0
0	0.0
0	0.0
0	0.0
0	0.0
0	0.0
0	0.0
0	0.0
0	0.0
0	0.0
0	0.0
0	0.0
0	0.0
0	0.0
0	0.0
0	0.0
0	0.0
0	0.0
0	0.0
0	0.0
0	0.0
0	0.0
0	0.0
0	0.0
0	0.0
0	0.0
0	0.0
0	0.0
0	0.0
0	0.0
0	0.0
0	0.0
0	0.0
0	0.0
0	0.0
0	0.0
0	0.0
0	0.0
0	0.0
0	0.0
0	0.0
0	0.0
0	0.0
0	0.0
0	0.0
0	0.0
0	0.0
0	0.0
0	0.0
0	0.0
0	0.0
0	0.0
0	0.0
0	0.0
0	0.0
0	0.0
0	0.0
0	0.0
0	0.0
0	0.0
0	0.0
0	0.0
0	0.0
0	0.0
0	0.0
0	0.0
0	0.0
0	0.0
0	0.0
0	0.0
0	0.0
0	0.0
0	0.0
0	0.0
0	0.0
0	0.0
0	0.0
0	0.0
0	0.0
0	0.0
0	0.0
0	0.0
0	0.0
0	0.0
0	0.0
0	0.0
0	0.0
0	0.0
0	0.0
0	0.0
0	0.0
0	0.0
0	0.0
0	0.0
0	0.0
0	0.0
0	0.0
0	0.0
0	0.0
0	0.0
0	0.0
0	0.0
0	0.0
0	0.0
0	0.0
0	0.0
0	0.0
0	0.0
0	0.0
0	0.0
0	0.0
0	0.0
0	0.0
0	0.0
0	0.0
0	0.0
0	0.0
0	0.0
0	0.0
0	0.0
0	0.0
0	0.0
0	0.0
0	0.0
0	0.0
0	0.0
0	0.0
0	0.0
0	0.0
0	0.0
0	0.0
0	0.0
0	0.0
0	0.0
0	0.0
0	0.0
0	0.0
0	0.0
0	0.0
0	0.0
0	0.0
0	0.0
0	0.0
0	0.0
0	0.0
0	0.0
0	0.0
0	0.0
0	0.0
0	0.0
0	0.0
0	0.0
0	0.0
0	0.0
0	0.0
0	0.0
0	0.0
0	0.0
0	0.0
0	0.0
0	0.0
0	0.0
0	0.0
0	0.0
0	0.0
0	0.0
0	0.0
0	0.0
0	0.0
0	0.0
0	0.0
0	0.0
0	0.0
0	0.0
0	0.0
0	0.0
0	0.0
0	0.0
0	0.0
0	0.0
0	0.0
0	0.0
0	0.0
0	0.0
0	0.0
0	0.0
0	0.0
0	0.0
0	0.0
0	0.0
0	0.0
0	0.0
0	0.0
0	0.0
0	0.0
0	0.0
0	0.0
0	0.0
0	0.0
0	0.0
0	0.0
0	0.0
0	0.0
0	0.0
0	0.0
0	0.0
0	0.0
0	0.0
0	0.0
0	0.0
0	0.0
0	0.0
0	0.0
0	0.0
0	0.0
0	0.0
0	0.0
0	0.0
0	0.0
0	0.0
0	0.0
0	0.0
0	0.0
0	0.0
0	0.0
0	0.0
0	0.0
0	0.0
0	0.0
0	0.0
0	0.0
0	0.0
0	0.0
0	0.0
0	0.0
0	0.0
0	0.0
0	0.0
0	0.0
0	0.0
0	0.0
0	0.0
0	0.0
0	0.0
0	0.0
0	0.0
0	0.0
0	0.0
0	0.0
0	0.0
0	0.0
0	0.0
0	0.0
0	0.0
0	0.0
0	0.0
0	0.0
0	0.0
0	0.0
0	0.0
0	0.0
0	0.0
0	0.0
0	0.0
0	0.0
0	0.0
0	0.0
0	0.0
0	0.0
0	0.0
0	0.0
0	0.0
0	0.0
0	0.0
0	0.0
0	0.0
0	0.0
0	0.0
0	0.0
0	0.0
0	0.0
0	0.0
0	0.0
0	0.0
0	0.0
0	0.0
0	0.0
0	0.0
0	0.0
0	0.0
0	0.0
0	0.0
0	0.0
0	0.0
0	0.0
0	0.0
0	0.0
0	0.0
0	0.0
0	0.0
0	0.0
0	0.0
0	0.0
0	0.0
0	0.0
0	0.0
0	0.0
0	0.0
0	0.0
0	0.0
0	0.0
0	0.0
0	0.0
0	0.0
0	0.0
0	0.0
0	0.0
0	0.0
0	0.0
0	0.0
0	0.0
0	0.0
0	0.0
0	0.0
0	0.0
0	0.0
0	0.0
0	0.0
0	0.0
0	0.0
0	0.0
0	0.0
0	0.0
0	0.0
0	0.0
0	0.0
0	0.0
0	0.0
0	0.0
0	0.0
0	0.0
0	0.0
0	0.0
0	0.0
0	0.0
0	0.0
0	0.0
0	0.0
0	0.0
0	0.0
0	0.0
0	0.0
0	0.0
0	0.0
0	0.0
0	0.0
0	0.0
0	0.0
0	0.0
0	0.0
0	0.0
