1	0.35931811361635435
2	0.06064141194636047
3	0.31608365225403706
4	0.2584191660999966
5	0.03169848301283104
6	0.2751009146860724
10	0.2972462919603083
13	0.05343352617007034
14	0.5345377804536917
18	0.2843224574878383
21	0.08976955492112262
22	0.059236558260052405
23	0.5314031984412022
24	0.04667501483264373
25	0.06916261985024143
26	0.10660713254706422
29	0.005189980124886973
31	0.2797546435836463
33	0.49363825187275134
34	0.21067371832962334
35	0.037494960729267446
37	0.06660138004972299
39	0.06306198570765043
40	0.2751911262847581
44	0.08254439828674247
47	0.011065506756385957
48	0.2473063469138183
49	0.2623066724149262
53	0.016383342653018995
57	0.01672748745552242
58	0.2785399305211003
59	0.2610985321379394
60	0.2974614072043711
62	0.31155453429600766
63	0.3371101553408737
64	0.007502434885344113
65	0.04898211506326558
66	0.01655645441355437
67	0.0011767131840482725
69	0.23941236864078747
70	0.231786898775179
72	0.2752763565565674
73	0.5027008844208798
74	0.5151971366903599
80	0.015824791916471872
82	0.3171199660296799
83	0.061580103191072016
85	0.04223440936609167
87	0.011370232304538552
90	0.29239882197708533
91	0.2751051604782237
92	0.02113913894445446
94	0.29771760951234105
97	0.03611580952549943
100	0.29591471218975257
105	0.567965762921981
106	0.08772747149921763
107	0.2823308809967737
110	0.03596380097113533
111	0.06301741200724531
112	0.2610969457107429
113	0.058176916457242496
115	0.4919220268405867
119	0.006814359999512572
121	0.08140723917119196
129	0.29378109518323364
132	0.5257124947684939
136	0.31430708628476917
137	0.02458862954205416
138	0.037596904738136705
139	0.2332483052619917
140	0.274982797583398
141	0.10909630225004502
143	0.5035351272823673
145	0.1981836223285737
148	0.0362820184759782
149	0.07587022477449275
151	0.06905901471462356
153	0.3966671257730521
154	0.0018617904049109887
159	0.06318283016168479
160	0.5294498058536022
164	0.5132693900077622
167	0.1934049008689931
168	0.04121326280532564
170	0.08077138909888862
171	0.020843538329543845
172	0.5373617317297732
173	0.5179287409134443
174	0.25932396657431367
176	0.009636968995444889
177	0.495475172055008
179	0.25835490906879904
184	0.31349473464756983
186	0.05108693938752351
188	0.07732367865166512
189	0.049652856285070074
192	0.2967267298056624
195	0.2748396101924297
198	0.2894785848504676
200	0.053488458211762575
201	0.035396832467756725
205	0.2038618959084853
206	0.38324823829842
207	0.3039921375352798
209	0.026441657765027042
210	0.759200667862082
213	0.23934549229042107
214	0.028161490896126476
216	0.26297230990522213
217	0.5121670672221849
218	0.2612856607604902
219	0.06152891961111943
221	0.2663441656178789
222	0.5327369074974553
226	0.08330884356204218
227	0.23219286139339232
229	0.05015873318924725
232	0.561966584518375
234	0.07258322943664261
235	0.012728120683777731
239	0.5512752950468202
240	0.31228537344942664
244	0.007360547954141379
248	0.4852555799167789
249	0.023060584118354183
255	0.4837527803474845
256	0.23494341937275925
259	0.25683789454110334
260	0.0012266634596507682
263	0.0033917241723913152
264	0.03614288335348995
265	0.22189677641072764
266	0.017268699850621953
267	0.049796614899793715
268	0.055212463220823876
269	0.35413002360526136
270	0.004462421264440894
271	0.3095136394871774
272	0.5392567405032371
274	0.22336996853624808
276	0.04649975255871538
277	0.06660533059795838
283	0.024153141419447154
284	0.5093586671522083
285	0.5627395188280802
286	0.316162631330307
287	0.062239517082705975
288	0.4849384960273005
291	0.041461622734748405
292	0.3085224855609343
293	0.34693290435924556
296	0.03858393175844409
298	0.04094422841351904
299	0.06234190413632938
300	0.034294554451344564
303	0.3191018598672658
305	0.059465922071721175
308	0.7755839286484785
309	0.24623040236994154
311	0.08525649761468612
312	0.7742605766681058
313	0.5375529925721624
315	0.23551643950849602
317	0.24412407513452167
318	0.0024570230359902204
319	0.4834746030878412
320	0.24013276106684128
322	0.27488289496442186
326	0.2668867698126341
328	0.030913538702952555
329	0.07810345830715759
331	0.3124805860729154
332	0.04845985703686204
333	0.020843013205759098
334	0.5118933496073552
335	0.5614698614188539
338	0.32259962590671154
339	0.5557961154008118
341	0.03806612844209042
342	0.5012630357444874
344	0.322206029539621
345	0.07221112844349736
346	0.2500646016069888
347	0.02774677323111975
350	0.04801934606147937
351	0.2786556206339883
352	0.018607751968813032
353	0.00598464575469726
354	0.53306151979787
356	0.21928631787084607
360	0.2698474895736939
361	0.28703020922249095
362	0.3376449340240283
364	0.553301653652111
365	0.02767725611596132
367	0.0332462764490313
370	0.5023891875544207
372	0.2864115516483812
374	0.07534921853349363
375	0.2185400275909052
376	0.00792904663971394
377	0.03136206854479431
379	0.5321984825192091
380	0.554624902091799
381	0.05032180364245032
382	0.05939653808030467
384	0.0659952350825824
385	0.5224212012050354
387	0.31626852530571326
388	0.27041360324153174
389	0.5476735153614182
390	0.050577380469807906
391	0.012813265410694788
392	0.013673269735716448
397	0.2689699172778994
399	0.28882898011988667
401	0.2589861310951376
403	0.04664713017608722
404	0.3035968819956079
406	0.2757846562357344
407	0.2862049609481181
408	0.2529816167853731
409	0.049320568714288235
411	0.2657565951302836
414	0.33708009583178944
415	0.01573017957271102
416	0.1123628037320506
417	0.026111228356295944
418	0.09606815944004084
419	0.026832948379478857
420	0.3041170381838469
421	0.2343872422947616
423	0.01355980325951544
424	0.11240077605160917
425	0.5474008183556306
426	0.29483210275018495
427	0.00672999953871245
428	0.30910222012599325
429	0.28281489655323655
430	0.5180793819551841
431	0.03237403896094948
433	0.04365097773178979
435	0.03760702107403349
436	0.2861225460348366
437	0.07291598942811708
440	0.039661535623830686
442	0.046331790614780446
443	0.24729215544805316
444	0.26185210232234746
446	0.24696266141810996
447	0.31554818078018537
448	0.08049521468753515
450	0.027969514278792573
451	0.5089939661068
452	0.2727283071131493
453	0.028340096411497862
456	0.31441540502838783
457	0.05664106962920716
458	0.5434757164787692
460	0.2984715581849722
462	0.2535110037687492
463	0.6053464578287524
464	0.27541252702399016
465	0.04802465701849973
466	0.23672167606382016
467	0.539794888921743
469	0.5255805921715216
472	0.006012076322499459
473	0.24161980652527043
474	0.29186500312688585
475	0.24987722352331285
476	0.3043177073577603
479	0.5296017237259949
480	0.24008704847440385
484	0.030087115783579574
485	0.5761005636340807
486	0.558560956530191
489	0.2835800666058085
490	0.5418363848341302
491	0.512816464856564
492	0.05192904400679718
494	0.03494714816613429
496	0.24963625549121304
497	0.005745105469865286
498	0.5126928555046367
499	0.5293000588444537
500	0.5142572588498281
501	0.0321960647550048
502	0.2717144598218625
504	0.29025657632916957
505	0.03618055583614783
506	0.01737723076444827
507	0.25766701833271455
508	0.019977485800715657
509	0.11231785759321146
510	0.22715530262307154
512	0.0034765460469965426
514	0.0353994442336136
515	0.0059337508135939784
516	0.258202191511567
518	0.26932332217839866
521	0.05882571332778401
522	0.2552177836420463
523	0.023468562253081658
524	0.27272713113680747
526	0.12792298948293332
527	0.2693709600706239
528	0.003673332803430046
529	0.026611692140741557
530	0.26287347202394995
531	0.2985962978738668
533	0.047485770048446785
534	0.2508430621464904
535	0.2594610486135726
537	0.292330283044214
538	0.009663519638885495
540	0.014159281868577643
541	0.25340568910212447
542	0.5831117729084807
543	0.5204029239575925
544	0.10645276178085593
545	0.03547675835948009
547	0.31647054219138626
548	0.2676054859576385
549	0.22055722579093168
550	0.034688817613047665
551	0.02354498052930923
553	0.528982142906785
556	0.0349648374446799
558	0.2767732495347887
559	0.0669796606632723
560	0.5537695986251647
561	0.3211113625373125
562	0.08195598522941563
565	0.0455035984701889
566	0.5205471172006526
567	0.5291777185344027
568	0.2347802423704658
569	0.02448674653935746
570	0.3640090551592918
571	0.057017128380688314
572	0.33526060901376364
573	0.2966681348883091
574	0.24429098997022547
575	0.09230478257263366
579	0.005943822755302128
581	0.254469879828577
583	0.2827402322968253
585	0.008603819767466783
586	0.2815273404359574
587	0.46364210567183783
588	0.0509106841823153
590	0.29356490695247595
591	0.49897381849511735
592	0.04893346243414704
594	0.025610262820066034
595	0.06942330555920538
596	0.03180434495336453
600	0.26479445983397826
601	0.3210342403834697
603	0.02920083727973126
605	0.018773309789175997
606	0.07118148439957919
607	0.5236234988878732
608	0.7496737417945329
610	0.22392922646747435
611	0.27366385136736876
613	0.06629881070647017
615	0.04907341699329956
617	0.5599528217540862
619	0.02127594673897226
621	0.016515710060867647
622	0.044547362338243426
624	0.276815027950883
626	0.31325670082210516
627	0.2628458365259968
628	0.747927844162887
630	0.2784146802741238
631	0.18798421605604942
633	0.017978434443027366
634	0.2794656577332101
635	0.30384254523579013
636	0.031036380164325056
637	0.002350505966225113
638	0.23489242062853294
639	0.5374882806092067
640	0.022270456982082167
641	0.041595535475160185
643	0.02649373340241084
645	0.543555189066957
648	0.307673347319414
649	0.044041469461034086
650	0.3199901271105798
651	0.29508540997178545
652	0.05538149228794527
653	0.018856709596080747
654	0.09155353958918966
655	0.014635170239414592
658	0.25747128246840184
659	0.008156697423355598
661	0.060355908751720436
662	0.04614917652957838
663	0.019867857088856276
664	0.3085541752760163
666	0.30146882020037313
667	0.25147288380242444
668	0.05949104600732472
669	0.04256980964885189
670	0.532152463304974
673	0.004370084745242166
674	0.06322969151578306
676	0.04747214394942638
677	0.47752297139970146
678	0.005047204720880816
682	0.01737002779146287
683	0.020298306926523166
686	0.5164813487968756
690	0.030062153302256506
693	0.042951703893232746
695	0.033510196000242236
696	0.5417857469333913
697	0.0879273532434137
699	0.260465503901154
703	0.0027627271537691116
704	0.2682256204801499
705	0.0004424272176754493
707	0.27658292320991273
710	0.5149331367138106
711	0.33288898706488274
712	0.0037851470301383493
713	0.5317702275876816
714	0.02402084713906388
716	0.30853777934108984
717	0.040247223610195025
718	0.08183078129293554
719	0.28341950029082785
720	0.5169913627311011
724	0.38324823829842
725	0.07472231773960798
727	0.09145161579276473
728	0.28583776144788514
729	0.04582747509575439
733	0.5443155341671476
734	0.027160738115245504
735	0.05057738046980789
737	0.2708342668155578
739	0.04506633004269205
740	0.7612184890072257
741	0.32359498843865037
742	0.048340190373706016
743	0.32044146560502396
744	0.5540501180480104
745	0.5871849541165488
746	0.005117720186677367
747	0.269993077383417
748	0.5408777028682537
752	0.5606978261967565
754	0.033860877765734446
756	0.04676418220043421
757	0.06712928403296875
758	0.3206688081543181
762	0.0771284809186394
763	0.29257023508856167
764	0.003452971832465422
766	0.2933273744338896
768	0.011470948525063085
770	0.03226972539602209
772	0.07925081286646282
773	0.0688567497820915
774	0.20380401480645707
775	0.030982960532454758
778	0.5247022168464359
781	0.05551990533450857
782	0.2488470955154751
783	0.2881579691251851
784	0.2524405019950447
787	0.03363974224890369
788	0.04859743415389448
789	0.25392519092405186
790	0.06353109019428382
791	0.010794609833971971
794	0.060400650175786726
795	0.05124452289129551
796	0.29289613262042974
800	0.2678601798425991
801	0.056929557119533444
802	0.003789582430570898
804	0.029743305095303305
805	0.4854802023005924
806	0.0344648721907063
807	0.2535309671101306
808	0.3221016542633424
809	0.5773985737097586
810	0.04662178595548981
812	0.28897733464764197
813	0.26670010964479157
814	0.4680699517075576
816	0.23183614833301544
818	0.3166395707720635
819	0.5413122858438766
820	0.5920118211541451
821	0.5505811091725759
822	0.3194575769670407
823	0.04952953113099915
824	0.5238332108489608
825	0.04349552089427243
826	0.063267797776517
827	0.2752241613485154
828	0.33800844669847224
829	0.03492300011153762
830	0.10180605229560193
833	0.2598195293330429
835	0.011328967093912158
836	0.2938060445640236
839	0.028342396696170523
840	0.2602855902499614
841	0.5727125664842116
842	0.08735143555796802
843	0.27097735557181046
846	0.7877426007843233
847	0.03261449950594073
848	0.08016046740782928
851	0.28048942389640075
853	0.5356925208089907
854	0.008644162857162213
855	0.06206220940696737
856	0.2647147625013795
858	0.03015682887681313
859	0.22757143657411097
860	0.046851917514627896
863	0.2583515798662555
864	0.2943585159010055
865	0.6803630667281082
867	0.34866965634083746
868	0.05272086656696934
870	0.03461643374306628
871	0.06236725677183575
872	4.179396522338216e-05
873	0.2724320051449262
874	0.3246046759538531
875	0.03026945467323431
878	0.25974001664540236
880	0.5285951251732665
881	0.29055646910301797
882	0.06924217696038559
883	0.2866725736350126
886	0.07865626019723332
887	0.3442328773290528
889	0.2726120206479336
890	0.2547191482974357
892	0.5186082963961376
896	0.05599862781173318
898	0.22377297898538634
899	0.29783227884956265
901	0.007157826845893778
903	0.05290428498851993
905	0.5485548478572544
907	0.03048905739284432
908	0.04785619458540966
911	0.2664610322266963
913	0.5075908925702276
916	0.3285874533516021
918	0.5537583046623012
919	0.30180536043908557
920	0.03374378735517633
923	0.2717253416478861
925	0.5096501134416154
926	0.056628356143311
927	0.282262192072733
928	0.027378102136927623
929	0.05253999884468899
930	0.03539388320721978
931	0.30428529887316097
932	0.32971602301828773
933	0.30598965425399216
934	0.303056927861079
935	0.02742978807250607
936	0.041268527037334454
937	0.25227148408923483
938	0.26869201863489517
940	0.29381074222133324
943	0.5022331593371523
0	0.0
0	0.0
0	0.0
0	0.0
0	0.0
0	0.0
0	0.0
0	0.0
0	0.0
0	0.0
0	0.0
0	0.0
0	0.0
0	0.0
0	0.0
0	0.0
0	0.0
0	0.0
0	0.0
0	0.0
0	0.0
0	0.0
0	0.0
0	0.0
0	0.0
0	0.0
0	0.0
0	0.0
0	0.0
0	0.0
0	0.0
0	0.0
0	0.0
0	0.0
0	0.0
0	0.0
0	0.0
0	0.0
0	0.0
0	0.0
0	0.0
0	0.0
0	0.0
0	0.0
0	0.0
0	0.0
0	0.0
0	0.0
0	0.0
0	0.0
0	0.0
0	0.0
0	0.0
0	0.0
0	0.0
0	0.0
0	0.0
0	0.0
0	0.0
0	0.0
0	0.0
0	0.0
0	0.0
0	0.0
0	0.0
0	0.0
0	0.0
0	0.0
0	0.0
0	0.0
0	0.0
0	0.0
0	0.0
0	0.0
0	0.0
0	0.0
0	0.0
0	0.0
0	0.0
0	0.0
0	0.0
0	0.0
0	0.0
0	0.0
0	0.0
0	0.0
0	0.0
0	0.0
0	0.0
0	0.0
0	0.0
0	0.0
0	0.0
0	0.0
0	0.0
0	0.0
0	0.0
0	0.0
0	0.0
0	0.0
0	0.0
0	0.0
0	0.0
0	0.0
0	0.0
0	0.0
0	0.0
0	0.0
0	0.0
0	0.0
0	0.0
0	0.0
0	0.0
0	0.0
0	0.0
0	0.0
0	0.0
0	0.0
0	0.0
0	0.0
0	0.0
0	0.0
0	0.0
0	0.0
0	0.0
0	0.0
0	0.0
0	0.0
0	0.0
0	0.0
0	0.0
0	0.0
0	0.0
0	0.0
0	0.0
0	0.0
0	0.0
0	0.0
0	0.0
0	0.0
0	0.0
0	0.0
0	0.0
0	0.0
0	0.0
0	0.0
0	0.0
0	0.0
0	0.0
0	0.0
0	0.0
0	0.0
0	0.0
0	0.0
0	0.0
0	0.0
0	0.0
0	0.0
0	0.0
0	0.0
0	0.0
0	0.0
0	0.0
0	0.0
0	0.0
0	0.0
0	0.0
0	0.0
0	0.0
0	0.0
0	0.0
0	0.0
0	0.0
0	0.0
0	0.0
0	0.0
0	0.0
0	0.0
0	0.0
0	0.0
0	0.0
0	0.0
0	0.0
0	0.0
0	0.0
0	0.0
0	0.0
0	0.0
0	0.0
0	0.0
0	0.0
0	0.0
0	0.0
0	0.0
0	0.0
0	0.0
0	0.0
0	0.0
0	0.0
0	0.0
0	0.0
0	0.0
0	0.0
0	0.0
0	0.0
0	0.0
0	0.0
0	0.0
0	0.0
0	0.0
0	0.0
0	0.0
0	0.0
0	0.0
0	0.0
0	0.0
0	0.0
0	0.0
0	0.0
0	0.0
0	0.0
0	0.0
0	0.0
0	0.0
0	0.0
0	0.0
0	0.0
0	0.0
0	0.0
0	0.0
0	0.0
0	0.0
0	0.0
0	0.0
0	0.0
0	0.0
0	0.0
0	0.0
0	0.0
0	0.0
0	0.0
0	0.0
0	0.0
0	0.0
0	0.0
0	0.0
0	0.0
0	0.0
0	0.0
0	0.0
0	0.0
0	0.0
0	0.0
0	0.0
0	0.0
0	0.0
0	0.0
0	0.0
0	0.0
0	0.0
0	0.0
0	0.0
0	0.0
0	0.0
0	0.0
0	0.0
0	0.0
0	0.0
0	0.0
0	0.0
0	0.0
0	0.0
0	0.0
0	0.0
0	0.0
0	0.0
0	0.0
0	0.0
0	0.0
0	0.0
0	0.0
0	0.0
0	0.0
0	0.0
0	0.0
0	0.0
0	0.0
0	0.0
0	0.0
0	0.0
0	0.0
0	0.0
0	0.0
0	0.0
0	0.0
0	0.0
0	0.0
0	0.0
0	0.0
0	0.0
0	0.0
0	0.0
0	0.0
0	0.0
0	0.0
0	0.0
0	0.0
0	0.0
0	0.0
0	0.0
0	0.0
0	0.0
0	0.0
0	0.0
0	0.0
0	0.0
0	0.0
0	0.0
0	0.0
0	0.0
0	0.0
0	0.0
0	0.0
0	0.0
0	0.0
0	0.0
0	0.0
0	0.0
0	0.0
0	0.0
0	0.0
0	0.0
0	0.0
0	0.0
0	0.0
0	0.0
0	0.0
0	0.0
0	0.0
0	0.0
0	0.0
0	0.0
0	0.0
0	0.0
0	0.0
0	0.0
0	0.0
0	0.0
0	0.0
0	0.0
0	0.0
0	0.0
0	0.0
0	0.0
0	0.0
0	0.0
0	0.0
0	0.0
0	0.0
