1	0.00971168158053403
2	0.00252083457767404
5	0.5261763884961621
6	0.033805551292483485
7	0.5188558640878154
8	0.031553863116984965
9	0.01453316229213339
10	0.2545336189079883
12	0.04424764432436623
14	0.28257253848556646
16	0.01352764920829578
18	0.27451730268416863
19	0.039852208066862474
20	0.2894862053054497
21	0.23588416367494996
22	0.03050370955726154
23	0.04987897960344146
24	0.528645491001081
25	0.2766358225815969
28	0.05065062784931143
30	0.27607231079656286
32	0.2674401946774365
33	0.019673981960352322
35	0.2880678160310103
36	0.25349082354180064
37	0.24842264965816413
38	0.02076288364904446
39	0.2099382427730712
41	0.5461256352540894
42	0.5432616537895072
43	0.047872367226845215
44	0.47712850585235433
45	0.3129791444046915
47	0.2427906751814576
48	0.25809096524319297
49	0.024737923357115887
51	0.3306460292294624
52	0.2802311496007412
54	0.28649911252611016
55	0.0464523229490412
56	0.08319351897878477
57	0.32063394952329294
59	0.2829887983791893
60	0.28994065806611624
62	0.2784794518368277
64	0.008970999011400655
65	0.024780516502086583
66	0.007598306053235873
70	0.06777165349489439
71	0.0267828444488606
72	0.018915635853902348
73	0.11018612963625196
75	0.22593159156357065
76	0.04407237775762252
78	0.005940973553085514
79	0.2572229094732493
81	0.5359556626865354
82	0.027475991801193207
83	0.26796834139754594
84	0.08910978145470376
85	0.017667397203034115
86	0.10716914288805468
87	0.058831710940493886
89	0.49638712929091516
90	0.0030817653856757624
91	0.5143672253431616
92	0.05809169413521256
93	0.30536630156489
95	0.060023145943298765
97	0.23433898689712412
98	0.015601234557786302
99	0.2965724300821658
100	0.2896148421139071
101	0.28922482927624266
102	0.05707310532301036
104	0.1979550948943879
106	0.32299561918979885
108	0.07082410121809109
109	0.2755608903170385
110	0.32701396111097797
114	0.2748235045700584
116	0.0726104493246946
118	0.28371300006733874
119	0.05838541887317911
120	0.30152850452593105
121	0.32559469303063954
122	0.02245051386666878
123	0.2752362440336145
124	0.21940331100432686
125	0.5385689410057974
126	0.00416391178721414
127	0.02609903216857169
128	0.06963092707123358
129	0.08594366610953079
130	0.04567990571553633
131	0.26542221122639703
133	0.015860266715966284
134	0.3283310187652435
136	0.06546543728996033
137	0.01350757981937398
138	0.4912195167686303
141	0.06137153454558131
142	0.27633011267792185
143	0.028294610503258384
145	0.04494552884361905
149	0.008959022008059186
151	0.27211735554144845
152	0.29368254330574
153	0.03207400198601404
154	0.04492547750876141
156	0.03861145531323988
157	0.3057602091915263
158	0.3272382239084349
159	0.2765478848564623
162	0.02123462031992706
163	0.046590955893334174
165	0.33617253926010926
168	0.2900798806059665
169	0.2476536820571285
170	0.31672131285043414
174	0.03152915583436926
175	0.2617991442620053
178	0.04590352624497231
179	0.02092322062866502
180	0.2586328264580139
182	0.29291787193417995
184	0.010688929056979428
186	0.03742163778135284
188	0.06340923302147625
189	0.014484245639990213
190	0.21951227892624406
193	0.08497724812348145
194	0.06900982316891445
195	0.04388546902493904
197	0.27451264965528477
198	0.033548935963989085
199	0.2394115389074128
200	0.23310390302931605
201	0.24195772899795004
202	0.25641816810682927
204	0.05001791682895795
205	0.15486851742302699
206	0.3360848491834879
207	0.022035041295464564
209	0.015410473105312166
211	0.26569909547392967
214	0.012916483243807217
215	0.0444864130409092
218	0.09274344923751032
219	0.27778841624898504
220	0.09054916750710193
222	0.014336782845130808
223	0.2818378893030101
224	0.22769137711235374
227	0.023112307345818504
230	0.04303254518178774
231	0.5237024947698192
233	0.047666582061660606
234	0.5312250721967975
235	0.06115960563970973
236	0.3202148969305473
239	0.003357979406620748
240	0.045320691292459525
241	0.08534164864958474
243	0.3419493880092173
245	0.5015552382692978
246	0.28197667688801265
247	0.035070908394020744
250	0.0701708085329407
251	0.01568369703977263
252	0.30145890866459113
253	0.5487516826569796
254	0.5432935525459851
256	0.06553903911917981
257	0.2627376782900303
258	0.12270700005568663
259	0.05552005348145349
260	0.30781864815197263
261	0.034263068111272665
264	0.5055818650615111
267	0.2544679437624804
268	0.26907868451650874
269	0.03632982089018944
270	0.044427978225368536
271	0.2800031601817024
272	0.011995792240028925
274	0.2974477220848826
275	0.2890857786366435
276	0.04552306742723885
278	0.2470426250499878
279	0.019925448772792332
280	0.04141696564380373
281	0.0468115221188905
285	0.026449238793540924
286	0.014888625746941577
289	0.35427093082037
290	0.24066798523418112
291	0.02061481540812139
292	0.2984935743516252
293	0.0025637639226093085
294	0.2878874738109308
296	0.28852016695767196
298	0.03987715733973971
299	0.28471204767703573
301	0.29079903809659335
302	0.5717520704160362
303	0.0062692829905576924
305	0.052699235569758945
306	0.09157491827531855
307	0.26668890188374783
308	0.0012192379319783155
309	0.270702131130453
310	0.23052720583381694
311	0.43669108672511237
313	0.2713967783329609
314	0.5397178960237174
316	0.11821291115973057
321	0.025937459659363372
322	0.024050186725194406
323	0.2841427682655109
324	0.014521594525285193
325	0.2775276152757392
326	0.05257530802519878
327	0.0041476679113333775
328	0.3024021570295259
329	0.295124209546478
330	0.025954030232472988
331	0.006476140494741739
332	0.037875976855675994
333	0.24488319266510558
336	0.30410198354738655
337	0.013816873054390298
338	0.020163702610253197
339	0.01131092905289239
340	0.2577292742891228
343	0.01864454767286392
345	0.5409767796380085
346	0.07291936313226699
347	0.24131840923001002
348	0.5077561030512971
351	0.25230588387102654
352	0.29857241088603187
356	0.06870664170095145
358	0.2809538901173752
359	0.2952616316029642
361	0.024295385253483324
362	0.22807501507161418
363	0.2631167659632987
367	0.05295552037910692
368	0.0005387126202988334
369	0.28275679249611896
370	0.0335315508719195
371	0.05007828795031001
372	0.021129613111580646
373	0.276774307783012
374	0.009861277237384829
375	0.016799320761621193
376	0.05566433172965384
378	0.2792644685542125
379	0.2759302216518863
380	0.008079917360933359
381	0.008125031805045844
383	0.036641107853191544
384	0.0043327797708873975
385	0.02645969047115703
386	0.219544315708809
387	0.25898124245836596
388	0.0070882785041588015
389	0.265637183811779
390	0.4921871934869855
391	0.011633085068774328
393	0.28499967714032315
394	0.2671475324060606
395	0.041076214316673104
396	0.4640286893564432
397	0.027709774221095905
398	0.3034290103741166
399	0.280599985993711
400	0.036309153168237504
402	0.2677882321965099
403	0.3029345508355215
405	0.33608484918348797
406	0.03731064695682823
407	0.24737616694966758
408	0.03371185746165756
409	0.2609000227798671
410	0.3020609612184509
411	0.5349709634178026
412	0.2620529623487862
413	0.27500828951665973
414	0.006455462067125887
417	0.061744819670511146
420	0.2678905408261083
421	0.30874668903654384
424	0.06015559647606651
426	0.044572243823194524
427	0.2490928749192276
428	0.23827563680409514
429	0.06413998706555728
431	0.2849291638292053
435	0.28597573091326883
438	0.255211282223175
440	0.2613618407274725
441	0.5289966908032453
442	0.04609327008970759
443	0.022191843511748136
445	0.2646779098660675
446	0.5082501854113263
447	0.011952665370471162
448	0.2601907257423905
449	0.07677665521129316
450	0.28436783581673386
451	0.2784176860140187
452	0.22462024623083196
454	0.25984311702696394
455	0.22569902194007252
456	0.042565409337182836
457	0.03352074079201651
458	0.019968408955202372
459	0.5049973705749843
460	0.2804246573936023
462	0.06028944184508475
463	0.01720729281618657
465	0.4989781418854863
466	0.07090699545547012
468	0.5369389697636244
469	0.041159323814371894
470	0.05850529519517858
471	0.24553690737739473
472	0.2776128373167184
474	0.06039304697517665
476	0.47979664029192853
477	0.027892215077424693
480	0.015583079339867328
481	0.2710848386804358
482	0.04284028052740663
483	0.057940389238666096
484	0.28473259014282176
486	0.23723291904872307
487	0.04109709995300824
488	0.04538253082643529
490	0.28156725751770706
491	0.2663099341203074
492	0.5070480068472752
493	0.2745262042327326
494	0.003206943268028249
495	0.03826338838920066
497	0.06472991628206394
500	0.017246463954983603
501	0.01709661995880086
502	0.2971704570146309
503	0.280456589603873
504	0.04046307140866239
505	0.06745691555753164
506	0.2688999950858645
507	0.010885272444705746
508	0.04847769419129416
509	0.017973167173637568
511	0.08357517953957513
512	0.0339640986210208
513	0.0469293514260779
514	0.27393114099073973
515	0.01324527288452947
516	0.24863756168566414
517	0.7765552043428786
518	0.023311278192012952
519	0.053981409110674644
520	0.35183808223577606
521	0.25855605399416676
523	0.24812763089444057
525	0.2906414719470596
529	0.01315827034629884
531	0.04714756000929327
532	0.26548115490119056
533	0.51656638496717
534	0.2679853067125536
536	0.28352193914862217
538	0.03767736245043901
540	0.042080063420200986
541	0.04311989127131257
543	0.04322666714432607
545	0.28815275377562527
546	0.27257990430106227
547	0.24546043006516605
548	0.21645989979516853
549	0.32559469303063954
550	0.5307214365926517
551	0.01562531762439017
552	0.2764730629698728
553	0.03983606710751529
554	0.31141177643285683
555	0.05563878035329843
556	0.03957561332564491
557	0.05861308624543629
559	0.2864096421785371
561	0.011549206512151675
562	0.05779070836030765
563	0.31544379596698147
564	0.28566214595010153
565	0.5300608062368052
568	0.052981740484795155
569	0.28371300006733874
571	0.26282484902225806
572	0.057686043100792075
573	0.040792165758578
574	0.05224196439193074
575	0.515479187538753
576	0.5222212052500624
577	0.2563974345259945
578	0.06649696108426628
580	0.31893151699355604
582	0.24568444583769583
583	0.05106643476288966
584	0.2668708899833656
586	0.2762985010879998
588	0.27308661231089787
589	0.05037762668019449
590	0.07563558367801448
592	0.027011375960361725
593	0.05881252289216314
594	0.03727800832822911
595	0.024427718112672248
596	0.3086998936325316
597	0.5195827159861096
598	0.028004015456116152
601	0.23935769362791973
602	0.26775042935036286
603	0.021723704323746654
605	0.02902474332671367
606	0.2501568971522083
607	0.029215370764708537
611	0.28259339824987406
612	0.015075400565506807
613	0.27871095864291856
614	0.2704063715945869
615	0.24968352646649275
616	0.03411902317894716
618	0.5282492469022338
619	0.29713757787899386
620	0.2896518637142923
621	0.2562344305536964
622	0.04134404876603739
623	0.46549433494436754
625	0.5066217951479316
626	0.00972536924542415
627	0.31323027233210193
628	0.01567475138493585
629	0.025409413896080656
632	0.5327579447176193
633	0.23188299949679547
634	0.2689892957760632
635	0.012283467948614728
636	0.2442067666219424
637	0.324506117052041
638	0.07489733307769948
639	0.2564060230506233
640	0.5404394352392058
641	0.2492180324973741
642	0.7497309912397403
643	0.0480819343998992
644	0.3019695060067999
645	0.0730491314236334
646	0.029778201325698087
647	0.2733263326526658
648	0.48901483889205477
649	0.05708457006832396
650	0.5225248998323181
651	0.28245887311174545
652	0.4916352484431818
653	0.5452703280314155
654	0.4914292267813408
655	0.042472021844521646
658	0.04045155051753399
660	0.07038422037473074
661	0.256155771454292
663	0.2725380781742744
664	0.2420735201616131
665	0.03810612903278743
666	0.26917575183678577
667	0.2887838013263536
669	0.2224990056482149
670	0.006076337949852583
671	0.0009567711242720392
672	0.061754390922086545
673	0.28842812153633995
674	0.24201124001885665
677	0.2681149318658495
678	0.2426776716502926
679	0.04987765283519035
680	0.28320320765004686
681	0.2984827290290939
682	0.2976551698503408
683	0.2994401190329377
684	0.2852005632428048
689	0.5237717443531328
690	0.008625854757218124
691	0.06478024407869631
692	0.028710208281462295
694	0.2789286497548094
696	0.047914737512889355
697	0.24762469221508965
698	0.26678098251690313
699	0.2427072851745645
700	0.0454066452729332
701	0.27405764828628293
702	0.2495952235863656
703	0.25797931070854496
704	0.04927859877113176
705	0.2978765741462277
706	0.22867259718920224
707	0.01424469106722899
708	0.5110271534643295
709	0.2905590736111337
711	0.025915450654238618
712	0.03982960821001935
714	0.5304740537154101
715	0.07678422377662922
716	0.02686367392724798
718	0.28458361718499525
719	0.02961544574423025
720	0.05964877217320094
721	0.24781576088252566
722	0.2820179171071024
723	0.3005012815049085
724	0.3360848491834879
725	0.26448332924128826
726	0.15643631480051637
727	0.2338174557647112
729	0.30287365462765276
730	0.047364850009351936
731	0.023793728176888473
732	0.016993261618090234
733	0.04245781606669552
734	0.5242324657464414
735	0.5219692211183635
736	0.06763211501205577
738	0.029968811254443353
739	0.2737198930908765
741	0.059988834729806206
742	0.010028316953750817
744	0.0165842256144626
746	0.289264882874597
747	0.03927322405907224
748	0.25423840295097466
749	0.5220602571914512
750	0.031056455142755283
751	0.3269223261106642
753	0.07950727578048838
754	0.010301373896535189
755	0.310570507289064
756	0.5338805333110117
757	0.26485213254820417
758	0.011823868195337421
759	0.2504648860134826
760	0.2872721802055669
762	0.49299901202604723
764	0.2979340784729469
766	0.27740303796679056
767	0.03491272104726221
768	0.2903408529861365
769	0.07566998078078196
771	0.2587618718224901
772	0.264875067559437
773	0.2734546669533904
774	0.10772054824497435
775	0.00237988462291628
776	0.03616506789636284
778	0.18947089349682725
779	0.2706821637470531
781	0.24232954513472155
782	0.24649485988228687
783	0.002968075317937604
785	0.4890658151281976
786	0.026371728120065684
787	0.023751367402794796
788	0.060904344657659676
789	0.2741866151701178
791	0.544693615832217
792	0.29162380798207965
793	0.012121478569322167
795	0.013266079016974599
796	0.2538186155141131
797	0.3304974959370852
798	0.29689846242289336
799	0.020350462632623505
800	0.4921871934869855
801	0.016822192805728033
802	0.30096230351846187
803	0.2873396832958506
804	0.30205477513685397
806	0.22552970968542957
810	0.5156109706700662
811	0.2949447147116078
812	0.024334257323704304
813	0.036140640499833517
815	0.04868029560441334
818	0.008679163533897357
819	0.24808911570322567
822	0.015082592396291998
825	0.5326011289889809
826	0.024203646412302007
828	0.25146193706600634
829	0.5219692211183635
830	0.07360271042466746
831	0.517131405424973
832	0.05823216456535532
834	0.287186648594559
835	0.0362436843029751
837	0.31470538238651835
838	0.021948254639518397
839	0.2718469717562998
840	0.007882315910997043
841	0.02348918396470719
844	0.026942385172196853
846	0.03412999365775542
847	0.023505999037936515
848	0.01663822118627554
849	0.5219692211183635
850	0.28753972426240565
851	0.0475751752994347
852	0.07697737699836167
855	0.043757573573860946
858	0.2611699750718056
860	0.03701976235314433
862	0.2903269864875978
863	0.5140909784837485
864	0.259568510319629
867	0.26482983344609895
868	0.26273574816591305
869	0.2532322978113769
870	0.02480390144656081
871	0.01630646264972773
872	0.3071797947967166
873	0.0672504381716191
874	0.28298231941438884
875	0.019847817518571263
876	0.035275046945015376
877	0.28843088692203595
878	0.06041676896845257
879	0.026926230884258655
880	0.049793391928994166
881	0.3019111054158501
882	0.2673918310681012
883	0.009777988761391312
885	0.2203505342050412
886	0.4825684124683761
887	0.27439237347949985
888	0.29388276730225293
891	0.06745622591174706
892	0.04874512891363411
893	0.07474267704831429
895	0.29722930220144633
896	0.277271945836953
897	0.5005734073120756
899	0.24620117959136248
900	0.20937718596009375
901	0.23525155246953713
903	0.3031041642319797
906	0.046987078354883194
915	0.034490980060308075
920	0.26823448988931126
921	0.7556637033669436
922	0.23155353651234833
923	0.04216700285985009
924	0.48381952772215636
925	0.02086126176502022
926	0.04331010591231739
927	0.5126555258387034
930	0.0323668883634382
932	0.28743877983319
933	0.2726308815661567
935	0.2836710337452462
936	0.28033761662891993
937	0.28088439766772605
938	0.014526169885583657
939	0.04868936970455115
940	0.04566163743743426
941	0.30885030088976073
942	0.04680763723034574
943	0.0025038015336870077
0	0.0
0	0.0
0	0.0
0	0.0
0	0.0
0	0.0
0	0.0
0	0.0
0	0.0
0	0.0
0	0.0
0	0.0
0	0.0
0	0.0
0	0.0
0	0.0
0	0.0
0	0.0
0	0.0
0	0.0
0	0.0
0	0.0
0	0.0
0	0.0
0	0.0
0	0.0
0	0.0
0	0.0
0	0.0
0	0.0
0	0.0
0	0.0
0	0.0
0	0.0
0	0.0
0	0.0
0	0.0
0	0.0
0	0.0
0	0.0
0	0.0
0	0.0
0	0.0
0	0.0
0	0.0
0	0.0
0	0.0
0	0.0
0	0.0
0	0.0
0	0.0
0	0.0
0	0.0
0	0.0
0	0.0
0	0.0
0	0.0
0	0.0
0	0.0
0	0.0
0	0.0
0	0.0
0	0.0
0	0.0
0	0.0
0	0.0
0	0.0
0	0.0
0	0.0
0	0.0
0	0.0
0	0.0
0	0.0
0	0.0
0	0.0
0	0.0
0	0.0
0	0.0
0	0.0
0	0.0
0	0.0
0	0.0
0	0.0
0	0.0
0	0.0
0	0.0
0	0.0
0	0.0
0	0.0
0	0.0
0	0.0
0	0.0
0	0.0
0	0.0
0	0.0
0	0.0
0	0.0
0	0.0
0	0.0
0	0.0
0	0.0
0	0.0
0	0.0
0	0.0
0	0.0
0	0.0
0	0.0
0	0.0
0	0.0
0	0.0
0	0.0
0	0.0
0	0.0
0	0.0
0	0.0
0	0.0
0	0.0
0	0.0
0	0.0
0	0.0
0	0.0
0	0.0
0	0.0
0	0.0
0	0.0
0	0.0
0	0.0
0	0.0
0	0.0
0	0.0
0	0.0
0	0.0
0	0.0
0	0.0
0	0.0
0	0.0
0	0.0
0	0.0
0	0.0
0	0.0
0	0.0
0	0.0
0	0.0
0	0.0
0	0.0
0	0.0
0	0.0
0	0.0
0	0.0
0	0.0
0	0.0
0	0.0
0	0.0
0	0.0
0	0.0
0	0.0
0	0.0
0	0.0
0	0.0
0	0.0
0	0.0
0	0.0
0	0.0
0	0.0
0	0.0
0	0.0
0	0.0
0	0.0
0	0.0
0	0.0
0	0.0
0	0.0
0	0.0
0	0.0
0	0.0
0	0.0
0	0.0
0	0.0
0	0.0
0	0.0
0	0.0
0	0.0
0	0.0
0	0.0
0	0.0
0	0.0
0	0.0
0	0.0
0	0.0
0	0.0
0	0.0
0	0.0
0	0.0
0	0.0
0	0.0
0	0.0
0	0.0
0	0.0
0	0.0
0	0.0
0	0.0
0	0.0
0	0.0
0	0.0
0	0.0
0	0.0
0	0.0
0	0.0
0	0.0
0	0.0
0	0.0
0	0.0
0	0.0
0	0.0
0	0.0
0	0.0
0	0.0
0	0.0
0	0.0
0	0.0
0	0.0
0	0.0
0	0.0
0	0.0
0	0.0
0	0.0
0	0.0
0	0.0
0	0.0
0	0.0
0	0.0
0	0.0
0	0.0
0	0.0
0	0.0
0	0.0
0	0.0
0	0.0
0	0.0
0	0.0
0	0.0
0	0.0
0	0.0
0	0.0
0	0.0
0	0.0
0	0.0
0	0.0
0	0.0
0	0.0
0	0.0
0	0.0
0	0.0
0	0.0
0	0.0
0	0.0
0	0.0
0	0.0
0	0.0
0	0.0
0	0.0
0	0.0
