1	0.1177738556913848
2	0.07083203230870813
3	0.18556714329129373
4	0.250630748995476
5	0.26225840025741304
6	0.09439386587072232
10	0.3102333576700104
13	0.4501963933665328
14	0.23688356945764172
18	0.580389843336403
21	0.4192087854425449
22	0.394479738215797
23	0.759152618719401
24	0.2684104090708468
25	0.17919243911425942
26	0.42286085469412593
29	0.3116638977108109
30	0.020543409855039805
31	0.11940153596069608
33	0.29790276567801327
34	0.4506028509057165
37	0.2996974347081107
38	0.04012465443666198
40	0.2864600986123395
42	0.008400203765725946
43	0.028130803042808676
44	0.11729109742855284
46	0.050721576485175765
47	0.2693439551760168
49	0.1818255950531414
50	0.16406710767197497
53	0.09368285326424527
54	0.1521073693224987
56	0.2475877918116321
57	0.17269537631905343
58	0.24334308181286976
59	0.289871144661834
60	0.29015071125265196
62	0.08626613112019113
63	0.19164741931234802
64	0.2737813103629693
66	0.05496051821057123
67	0.047334826027937205
68	0.04333646820408092
69	0.046604014011144425
70	0.1713940380882393
72	0.4558354109838889
73	0.4888545608123328
74	0.6012568352466819
75	0.2730893852393097
77	0.15999857794437633
80	0.13231439097967254
82	0.405661943630364
85	0.030053024156317585
88	0.08576757943201273
89	0.0336537625322028
90	0.07889368334158561
91	0.0036185023741174653
92	0.5335249133358313
93	0.012471428780525921
94	0.33197688714108303
96	0.04909937911721571
97	0.16900997961944128
98	0.07975348869236691
100	0.0984602360150583
103	0.15308633185385268
104	0.133999169342696
105	0.6639309000301195
106	0.02856067348962313
107	0.5072114655956744
108	0.2257632591885567
112	0.28580343715797946
113	0.1870787776701095
115	0.5041542937206418
116	0.17288121979174803
117	0.06539356021651072
120	0.016708638368044135
123	0.010061914043498314
129	0.3801723273118397
132	0.6046384763644345
135	0.054066036854406585
136	0.598329516764747
138	0.07891045008713626
139	0.27326757641841676
140	0.5784340772334884
141	0.016044332642750347
142	0.054204035256214644
143	0.3032853288734184
145	0.039299026737794465
146	0.0036968975827559244
149	0.3901714253166871
153	0.3919670072988125
154	0.06291533778731766
155	0.10208565068139606
156	0.06234376271686489
158	0.15274211967035012
159	0.009476609885962994
160	0.368121864405419
162	0.22757679627441532
164	0.5175532180066224
167	0.08843835476552359
168	0.07937424722655162
170	0.007842430506718526
171	0.08819996602695931
172	0.6061893228623411
173	0.5858403222471511
174	0.5576880709206029
176	0.08484163695404638
177	0.37596466397515743
179	0.2262993759573642
183	0.03706164076699403
184	0.46737517023353453
188	0.2931720691563577
190	0.024486116418915318
192	0.12564415278035876
195	0.4926911078535349
198	0.21647336684895319
200	0.47535623579311037
203	0.030819326893889592
204	0.05581234077849598
206	0.3100874735504515
207	0.513825418111606
208	0.10416251007525804
209	0.009522653633284528
210	0.7998385254865261
213	0.2836568972257487
214	0.5352598965841405
215	0.05150554124060902
216	0.3747200294777091
217	0.5116520071764006
218	0.055061805935821495
219	0.22516540409141197
221	0.2531788341846655
222	0.10495490932250678
225	0.05379564012872457
226	0.08361393108407779
227	0.2963042763790123
229	0.04061332688513452
232	0.11535812365153397
234	0.459635075781596
235	0.22431826170204996
236	0.04890436684601996
237	0.5145052499952897
239	0.5844714986753347
240	0.6074007531643114
243	0.18984928770769688
244	0.45886613779590596
246	0.15147034160651762
248	0.38722125303182114
249	0.3455447902387909
251	0.17175364101200385
252	0.1569632987460505
255	0.49880423299965365
256	0.2679837963709939
259	0.5307777705410943
260	0.2506420144467769
262	0.22921664382822765
263	0.26529240843796914
264	0.05371345956075219
265	0.21893466103179038
266	0.32733472203722924
267	0.45743042396875583
268	0.2787300623131917
269	0.4022984072325589
270	0.2647683841537968
271	0.459680910829326
272	0.40247766325481765
274	0.05832017983416368
276	0.5447159219062531
277	0.07927469574467208
278	0.14065027330404226
280	0.23522651128255612
283	0.08644826912911527
284	0.8019379215855573
285	0.4296141472645903
286	0.2584479509081039
287	0.3100051477213203
288	0.059002688568509834
291	0.4568643552910617
292	0.47542321588709
293	0.08936714966787551
295	0.06879370805500659
296	0.26706931982249754
297	0.5920118211541451
298	0.0814700529978212
299	0.2748587824316194
300	0.06488697558896378
301	0.04333983210067452
303	0.7625714775409824
305	0.04662265029835262
308	0.7516596421581676
309	0.03246248584803878
312	0.30060098742669117
313	0.32598969097418484
315	0.33505394466487587
316	0.05925641959722902
317	0.354959426594489
318	0.0412556577406108
319	0.5015169062313097
320	0.13731374273816271
321	0.014538430010386183
322	0.08371693649932015
323	0.025140651693606016
324	0.01153339614192355
325	0.2540406597057844
326	0.04433923480777313
328	0.014189281928954824
329	0.4866571369057506
331	0.1266891756743495
332	0.17604246499170265
333	0.25654446794249436
334	0.33080993130590874
335	0.38010962178571983
338	0.2896181732185459
339	0.7280088437197306
341	0.40148059806121184
342	0.5267868865111084
343	0.2220466764849826
344	0.5115967054087609
345	0.2906740959445583
346	0.061438116193398735
347	0.4301967461613098
348	0.14924661193062852
349	0.07490570875629361
350	0.08659904003079237
351	0.3103193554437277
352	0.2514606700097732
353	0.10477118955962561
354	0.5951458024580065
357	0.08315244712608186
358	0.15094398002467319
360	0.36748150263504226
361	0.2595659900563281
362	0.6207316453233016
363	0.05657295642209583
364	0.5974831919172353
365	0.15787418423867666
366	0.26143238921574996
367	0.15694437775675577
370	0.5795712242020745
372	0.20442628657632345
375	0.3196120528387027
376	0.046392559506814604
377	0.10703241590353173
378	0.24978675552579882
379	0.3917626983560837
380	0.575504675230365
382	0.28587102022559047
384	0.2925189118434073
385	0.29541252304536114
386	0.27087708623694684
387	0.11295480900490767
388	0.28262037337042223
389	0.4014413306871341
390	0.25194718954273837
392	0.3344790030110003
394	0.2524165361326769
395	0.06942412282920246
397	0.3556090243467496
399	0.37620584523748885
401	0.20421798016368037
402	0.016598851500759744
403	0.08316717014674824
404	0.3911153601259368
406	0.33181191796731874
407	0.5474526453106057
408	0.28345895849538044
409	0.2742732182988097
411	0.4597315570891807
412	0.2624186104487223
414	0.6295188839101166
415	0.25785756075573
416	0.08030337253034511
417	0.3487182489413036
418	0.0439438251062258
419	0.08353274656328649
420	0.5931961383941257
421	0.1264223480803898
423	0.3427197503127172
424	0.33467073882892595
425	0.6383897274657697
426	0.29573117253169684
427	0.25160525925054694
428	0.2721441256022984
429	0.5560928072305455
430	0.5810809926459816
432	0.2628287285880872
433	0.3487785947629697
435	0.0756138779881248
436	0.5720523684521929
438	0.22955917523434047
440	0.27840945072609885
442	0.36400117813461175
443	0.49784259351614074
444	0.2891964454973428
445	0.18231098132331944
446	0.048553978878512406
447	0.1338882367032937
449	0.04586978393665558
450	0.45099943549939525
451	0.2766061287738593
453	0.03308155641945007
456	0.2674702412754098
457	0.20558117436205495
458	0.5620695417063466
460	0.5812316545180829
461	0.35537305840296424
462	0.20044148798440692
463	0.6129044948637168
464	0.5804007141809628
465	0.4571680464399046
466	0.3348825702437985
467	0.2579046864164257
469	0.37883909692293954
472	0.07436416146450822
474	0.5727662813075161
475	0.05685740340482502
476	0.3350495250211963
479	0.578882656163329
480	0.5097154650020661
484	0.26421665281933027
485	0.8262386400537474
486	0.4832251815137793
487	0.23001517594368898
488	0.042010843406759986
490	0.3834256917672772
491	0.582313172592514
492	0.0990977416269044
494	0.09612081745599554
496	0.542711543091016
497	0.23944673866063457
498	0.2559589067108727
499	0.5182951359052436
500	0.7728008392415328
501	0.06904516784737794
502	0.020510819883190694
506	0.2349307311361783
507	0.3704665810169161
508	0.35340504424256125
509	0.1799850190430629
510	0.32323903550586874
511	0.15416304281049387
512	0.06574444184416023
514	0.05133430901775123
516	0.23525218382943242
519	0.041312860964615554
520	0.019336360547642803
521	0.039859170013063744
522	0.4870186717472641
524	0.39039031994461837
525	0.014287438201997842
526	0.2743569527147471
527	0.04155994725406601
528	0.050983684364934535
530	0.2087425004430845
531	0.577488497011606
532	0.2505343431355231
534	0.2682862379747613
535	0.07568767770484328
536	0.02779530603354357
537	0.36260330376995886
538	0.04601762296599947
540	0.07959369057401947
542	0.35368716231535646
543	0.6859755554537126
544	0.4107947087186562
547	0.5910517061860443
548	0.07825132261283155
549	0.6477117204734879
550	0.19029179167281937
551	0.4474697140501958
552	0.06925035704820631
553	0.37958552795153333
556	0.07037004642397231
557	0.03544892367743357
558	0.06897951889916984
560	0.4023337856611814
561	0.614924855172089
562	0.040632066243728615
566	0.5970564871674959
567	0.3559652080960554
568	0.11399471620865523
569	0.32657742608880563
570	0.6483343480953824
571	0.45230688987151835
573	0.5822161061267868
574	0.35389663134146415
579	0.2052209405634412
581	0.23470401298906152
582	0.2943849864574166
583	0.023206905366683298
586	0.27232237185511493
587	0.5703963233095142
590	0.26822993529239003
591	0.2935740204513211
592	0.12887359543562585
594	0.08163944376978098
595	0.0038263370278454334
598	0.2666316813582893
599	0.15646439939888793
600	0.3158889946695449
601	0.024938270863407254
602	0.06095816652375316
603	0.5457394887917509
605	0.4573048448396897
606	0.06034237582744846
607	0.10405365643584193
608	0.5935653411093951
610	0.06463546360282567
611	0.2767312016755906
613	0.08886523846783405
614	0.060954708470728244
615	0.2654760030314829
616	0.059907552459239566
617	0.10396347296845035
622	0.3751550934342509
624	0.5710169915790405
626	0.6244139814034222
627	0.342185157067733
628	0.5902709285515765
630	0.27662624231732585
631	0.2612246995215134
634	0.36781718895417864
635	0.7597559319097018
638	0.06269837775453484
639	0.41431878263754984
640	0.372888456088109
641	0.2361173966985915
643	0.02126811270612796
645	0.28547108991326314
647	0.021498819371405645
648	0.12199867748761645
649	0.2685253112491958
650	0.08720327874456968
651	0.12437768314769944
652	0.4752041275190736
653	0.24977301624301665
654	0.29039883865696187
656	0.2269292571913041
658	0.7346494925294876
659	0.12724087269228757
661	0.3676371182608441
662	0.1367862234495158
663	0.07452376515008888
664	0.5796562506696997
665	0.04860142815088679
666	0.7632613166064584
667	0.27178013366619663
668	0.29662805790688557
669	0.2617107688354604
670	0.41846275699935154
672	0.09850311181106165
674	0.47546243801143306
676	0.3631656990067539
677	0.45881216711782685
678	0.07542998636279602
679	0.03865860158356203
682	0.3228957217201681
683	0.32663112401871963
686	0.7951245493217631
688	0.05364398957747392
690	0.1920640809075612
691	0.24746598318651797
693	0.22086333322586876
695	0.15778719068975366
696	0.8034579988804168
697	0.31351416106033525
699	0.5017252981882946
703	0.06899286716356948
704	0.4740594882688927
705	0.034478380590181594
707	0.2682804464927846
709	0.21383386581135738
710	0.5737969196415648
711	0.3195553239491092
713	0.8156162222291541
716	0.24801242354598643
717	0.37855440223006986
718	0.02730739056546733
719	0.218335029424124
720	0.5679449101147923
724	0.3100874735504515
725	0.3225573274917584
727	0.3794455788497183
728	0.3282635388998093
732	0.06358593193710048
733	0.5701956099570593
734	0.16910264065047217
736	0.23226353935784866
737	0.3649035507601285
738	0.27958144230601983
739	0.0766748887499917
740	0.8275485714893237
741	0.28253943231503936
742	0.4777228628504988
743	0.7818160412088373
744	0.49755840337817775
745	0.598339636584166
746	0.2261494855929429
747	0.2512678775548763
748	0.5574714192370065
752	0.6526184941401661
754	0.28885608982621364
755	0.14142749131315246
756	0.2582281381208132
757	0.4724921855895388
758	0.05987698345469136
762	0.09985941021145099
763	0.0367889016055406
764	0.23253188783972942
766	0.5082784725258386
768	0.28210521678497474
770	0.036051023765479806
772	0.3035585613429824
773	0.2300015890246758
776	0.05571453702428041
777	0.12458143557955886
778	0.32855319024744645
781	0.18394721619386062
782	0.1716358093638764
783	0.40886033688256307
784	0.2800560442973818
787	0.3621720525144271
788	0.27066691778877106
789	0.2594504255037389
790	0.31730521938902434
791	0.24262706980595902
792	0.22469762638831006
794	0.06408462981245408
795	0.5476897931525306
796	0.09005510424864346
800	0.25194718954273837
803	0.4399320627109771
805	0.5037902249442934
806	0.3366348122797724
807	0.33511835039938875
808	0.6125069289898443
809	0.6589922724444938
810	0.2868645489140087
812	0.015830759131422095
813	0.2651404484277364
814	0.5686537317208712
815	0.047573543740611735
816	0.2831986603774196
817	0.24267271134531243
818	0.4270381044550114
819	0.3982833970678695
821	0.5012772830126132
822	0.28531006055727787
823	0.029029297466368377
824	0.523304113111325
826	0.31197836123873146
827	0.12224153830124959
828	0.6227009080273771
829	0.25194718954273837
830	0.30773722972409
832	0.05247862846012648
833	0.3033377159671137
835	0.3275748499347492
836	0.19309793324137275
839	0.028369216508663374
840	0.44657402023791504
841	0.3934005803910659
842	0.314892175838561
846	0.3752867294271539
848	0.103851020398292
851	0.3518668059302224
852	0.24632417459633005
853	0.4051760921138795
854	0.26593464234512887
856	0.21139418281654077
858	0.264160125571608
859	0.2656062538835632
860	0.3725248515037065
861	0.01749344060948619
862	0.221253609250754
863	0.28766519198489804
864	0.0415116846587787
865	0.6354351297482795
867	0.29792489005354006
868	0.5575675167363231
869	0.02539059227253231
870	0.3340961049082647
871	0.19072248434117955
873	0.48827852332879373
874	0.592799785972357
878	0.27305559325955847
879	0.11275257544404779
880	0.8035152801484565
881	0.28850634796788194
882	0.2952467175070441
883	0.5551881560164551
886	0.07235819516472457
887	0.2762168957747908
888	0.012254842545707707
889	0.25590989197867997
890	0.25079045721100646
891	0.06394191565321063
892	0.5871022605467463
893	0.020466463173958917
896	0.03433940622966575
898	0.5279389478572741
899	0.23839292342122304
900	0.20854163852555413
905	0.6387762277323618
906	0.03473614602247172
908	0.04608743098061163
910	0.2069798676354394
911	0.0021186668326157176
913	0.5798378034797316
915	0.07320886815749343
916	0.31892319465368596
917	0.09768516673974133
918	0.28675928895672576
919	0.3603977535972701
920	0.27331342672865105
922	0.10632339420751293
923	0.5050462813287125
925	0.49632439997302974
926	0.1865732068540955
927	0.0839013843169083
928	0.2340652188573007
929	0.30753270632180046
930	0.001270096839527536
931	0.5925022282599953
932	0.4789070887574736
933	0.7610080944693649
934	0.5832098297834803
936	0.15327398080886867
938	0.5512742756521588
939	0.03872216794913215
940	0.7484713080140982
941	0.14541097507527145
942	0.23971912323324546
943	0.5067963058447873
0	0.0
0	0.0
0	0.0
0	0.0
0	0.0
0	0.0
0	0.0
0	0.0
0	0.0
0	0.0
0	0.0
0	0.0
0	0.0
0	0.0
0	0.0
0	0.0
0	0.0
0	0.0
0	0.0
0	0.0
0	0.0
0	0.0
0	0.0
0	0.0
0	0.0
0	0.0
0	0.0
0	0.0
0	0.0
0	0.0
0	0.0
0	0.0
0	0.0
0	0.0
0	0.0
0	0.0
0	0.0
0	0.0
0	0.0
0	0.0
0	0.0
0	0.0
0	0.0
0	0.0
0	0.0
0	0.0
0	0.0
0	0.0
0	0.0
0	0.0
0	0.0
0	0.0
0	0.0
0	0.0
0	0.0
0	0.0
0	0.0
0	0.0
0	0.0
0	0.0
0	0.0
0	0.0
0	0.0
0	0.0
0	0.0
0	0.0
0	0.0
0	0.0
0	0.0
0	0.0
0	0.0
0	0.0
0	0.0
0	0.0
0	0.0
0	0.0
0	0.0
0	0.0
0	0.0
0	0.0
0	0.0
0	0.0
0	0.0
0	0.0
0	0.0
0	0.0
0	0.0
0	0.0
0	0.0
0	0.0
0	0.0
0	0.0
0	0.0
0	0.0
0	0.0
0	0.0
0	0.0
0	0.0
0	0.0
0	0.0
0	0.0
0	0.0
0	0.0
0	0.0
0	0.0
0	0.0
0	0.0
0	0.0
0	0.0
0	0.0
0	0.0
0	0.0
0	0.0
0	0.0
0	0.0
0	0.0
0	0.0
0	0.0
0	0.0
0	0.0
0	0.0
0	0.0
0	0.0
0	0.0
0	0.0
0	0.0
0	0.0
0	0.0
0	0.0
0	0.0
0	0.0
0	0.0
0	0.0
0	0.0
0	0.0
0	0.0
0	0.0
0	0.0
0	0.0
0	0.0
0	0.0
0	0.0
0	0.0
0	0.0
0	0.0
0	0.0
0	0.0
0	0.0
0	0.0
0	0.0
0	0.0
0	0.0
0	0.0
0	0.0
0	0.0
0	0.0
0	0.0
0	0.0
0	0.0
0	0.0
0	0.0
0	0.0
0	0.0
0	0.0
0	0.0
0	0.0
0	0.0
0	0.0
0	0.0
0	0.0
0	0.0
0	0.0
0	0.0
0	0.0
0	0.0
0	0.0
0	0.0
0	0.0
0	0.0
0	0.0
0	0.0
0	0.0
0	0.0
0	0.0
0	0.0
0	0.0
0	0.0
0	0.0
0	0.0
0	0.0
0	0.0
0	0.0
0	0.0
0	0.0
0	0.0
0	0.0
0	0.0
0	0.0
0	0.0
0	0.0
0	0.0
0	0.0
0	0.0
0	0.0
0	0.0
0	0.0
0	0.0
0	0.0
0	0.0
0	0.0
0	0.0
0	0.0
0	0.0
0	0.0
0	0.0
0	0.0
0	0.0
0	0.0
0	0.0
0	0.0
0	0.0
0	0.0
0	0.0
0	0.0
0	0.0
0	0.0
0	0.0
0	0.0
0	0.0
0	0.0
0	0.0
0	0.0
0	0.0
0	0.0
0	0.0
0	0.0
0	0.0
0	0.0
0	0.0
0	0.0
0	0.0
0	0.0
0	0.0
0	0.0
0	0.0
0	0.0
0	0.0
0	0.0
0	0.0
0	0.0
0	0.0
0	0.0
0	0.0
0	0.0
0	0.0
0	0.0
0	0.0
0	0.0
0	0.0
0	0.0
0	0.0
0	0.0
0	0.0
0	0.0
0	0.0
0	0.0
0	0.0
0	0.0
0	0.0
0	0.0
0	0.0
0	0.0
0	0.0
0	0.0
0	0.0
0	0.0
0	0.0
0	0.0
0	0.0
0	0.0
0	0.0
0	0.0
0	0.0
0	0.0
0	0.0
0	0.0
0	0.0
0	0.0
0	0.0
0	0.0
0	0.0
0	0.0
0	0.0
0	0.0
0	0.0
0	0.0
0	0.0
0	0.0
0	0.0
0	0.0
0	0.0
0	0.0
0	0.0
0	0.0
0	0.0
0	0.0
0	0.0
