1	0.36131378512740425
2	0.015155278165302013
3	0.37353729562789334
4	0.29171975309261516
5	0.49488063358100187
6	0.016800831941208197
7	0.01808457336126636
10	0.20903913266263235
13	0.2118340933217283
14	0.7780257659645209
18	0.458261417562575
21	0.4825642153084687
22	0.25919879691395736
23	0.46301970815942345
24	0.47601636764760497
25	0.02694088342848768
26	0.2781961472936403
31	0.3214918026880514
33	0.006024920871940592
34	0.16827994349221093
35	0.022632686844504854
37	0.2242631361941819
41	0.006564622201348142
42	0.23640739116094006
43	0.2263032299587141
44	0.24688497668689705
45	0.023383342672902454
49	0.3298451928781184
54	0.00410766463020093
56	0.026371745607023017
57	0.017165956380969852
58	0.30867465862069304
59	0.2285017546622925
60	0.24232979160538706
62	0.5638002684826027
63	0.5611926489005733
69	0.05512842574244321
70	0.019185302188363028
72	0.22411751905767366
73	0.5724217369131945
74	0.2376382499627098
75	0.03204568441384317
79	0.34413791733878235
80	0.10648765641357669
82	0.4562497072883152
85	0.3021868047359288
87	0.288435598543367
88	0.06782940152649695
89	0.22356718049592678
90	0.2915426856038707
91	0.0006893072899696942
92	0.45865612188818083
94	0.33915615765651064
99	0.005756939707480372
100	0.249972710324134
103	0.057645117640211296
105	0.3104722844192425
106	0.05908794827414344
107	0.04447168377828654
109	0.0021281905079437585
110	0.02387135621119252
112	0.0048329078133997755
113	0.0274689981932232
114	0.03337588275158266
115	0.007586586094079126
116	0.29330785984498553
117	0.034848013118365447
118	0.08556877900795891
119	0.09390510009673171
120	0.22593797350518463
121	0.552974018468492
123	0.20867576136090144
125	0.01778392762417897
129	0.49324133415467075
131	0.00929099301328824
132	0.24333460349940098
134	0.04116605517649492
136	0.48975592017820074
138	0.23002793625539963
139	0.03327063832280265
140	0.21473351851081415
142	0.033370748803810316
143	0.0004532062146890732
144	0.08917537642056121
145	0.013413947228822665
149	0.2780666089301604
151	0.33365679811695687
153	0.08948850730566339
154	0.00469868506056088
156	0.012338524725648024
158	0.013625645808321683
159	0.008653418944280244
160	0.5439114806748253
162	0.0024312737997625525
164	0.00020313356387135703
165	0.02464695366370235
167	0.19907437311658027
168	0.2604281453876791
170	0.041961993056812044
172	0.282621600337125
173	0.23616756879222547
174	0.43944330638133694
177	0.23003541677135633
179	0.1978296695316774
184	0.5331399334598599
188	0.2511429829819364
189	0.30552213448898585
192	0.15340848124536266
193	0.031780800837451696
195	0.030035753794374495
198	0.3895313388823391
200	0.01055912646101076
201	0.2768861176283488
204	0.06084378510994601
206	0.3132688542975125
207	0.2222580199082274
209	0.34893423995183986
210	0.24175506766553204
214	0.22222409817507918
215	0.006547166241471565
216	0.25080668312609306
217	0.026256860485034842
218	0.2545997808373486
219	0.0063814890913746515
221	0.33560831605294916
222	0.5856017794040216
226	0.32525643130740994
227	0.0007368847914813494
232	0.34071352946160366
234	0.4680933639264197
235	0.5385514445959129
236	0.22860922151775792
237	0.2268964773059588
238	0.23723291904872307
239	0.5486491199752813
240	0.47798654851812705
243	0.2789862041256988
244	0.012376584481756117
246	0.006539117867651198
247	0.07440700806563666
248	0.019554322593769713
249	0.2137283010008714
252	0.23943483517596037
253	0.23563153357006686
254	0.045758447149157805
255	0.19052104496058184
256	0.25595237450213854
257	0.0018809318332465436
259	0.19839338139373988
260	0.2384014298505783
266	0.01595695985484369
267	0.43635638713526886
268	0.24312571453326293
269	0.6090453058683389
270	0.006893137920337109
271	0.7660150363703971
272	0.25006913705470646
274	0.012936883619806924
276	0.46790495064835336
284	0.20575475763958873
285	0.27570536214138175
286	0.3533801015946069
287	0.030998413417110227
288	0.07725457282311149
291	0.22876101372237068
292	0.7723423532607622
293	0.4028224472524404
294	0.016159030059850567
296	0.4691170034929497
297	0.558560956530191
298	0.23599259892743502
299	0.25533225405031224
301	0.009406893607115142
302	0.04285732545355711
303	0.4550455607425424
305	0.5883703179085694
308	0.7765484932239106
310	0.1219857079869788
311	0.339156441026676
312	0.3126489739074595
313	0.24156889517993527
314	0.015610793559899548
315	0.2667561125798805
316	0.07228735320669741
319	0.003456451675778755
320	0.2214027708158779
322	0.22141612023170415
323	0.2437380806563598
325	0.23663488946116784
326	0.3410769554598727
327	0.05488921415557124
328	0.5477367045604002
329	0.46868611504259644
330	0.09180918112709531
331	0.03533881946566517
332	0.24822440260321876
334	0.7185230682430993
335	0.03879615057715357
338	0.01348884097609285
339	0.7740000505824067
341	0.006532741731830612
342	0.56032724473804
343	0.20800873407218118
344	0.570499316013431
345	0.2551773043594911
346	0.2502027983989994
347	0.4265653476528462
348	0.004481426943863109
349	0.2676587706954382
350	0.014308285987137397
351	0.02969712381143978
352	0.23371739878568776
353	0.0052365034102769895
354	0.2503626357970923
357	0.018509474707933005
358	0.010032712286002683
359	0.0065450512696782655
360	0.5060058824285614
361	0.5119742729308876
362	0.5167762976863709
363	0.23992434445654115
364	0.2488001835254302
367	0.250818905610525
370	0.2107725477312658
373	0.357321728062359
374	0.3622890346997806
376	0.015619063690634042
378	0.23930833241565186
379	0.46614832976769377
380	0.782000900313081
381	0.08563611900447446
382	0.025489422331052933
384	0.00674400617378846
385	0.5330050489463996
386	0.18212262421332584
387	0.5376543920092389
388	0.013116220591720976
389	0.7738086539035817
390	0.21468084107002916
391	0.07269013718270717
393	0.0054727638211138005
394	0.23390507397878163
395	0.01174103270222774
397	0.43578953608563353
398	0.0018492002516191583
399	0.4585584935836467
403	0.2577156145985478
404	0.23977241259462523
406	0.7523769122444643
407	0.4427057939382451
409	0.2123726908446844
410	0.018437317246318106
411	0.4662805005626947
414	0.4851971451716427
416	0.3687355004194378
417	0.2477713408461754
419	0.030187838444488184
420	0.4747101568853827
421	0.237375430624824
423	0.2178160223500976
424	0.07231994632193545
425	0.27852879136356
426	0.2410003855327501
427	0.0007812838431089722
428	0.2268946833561235
429	0.4659437554583896
430	0.2372133710604881
431	0.005675006796624943
433	0.011011667999335985
435	0.2410375689768752
436	0.2263746150888976
437	0.10041481916853
440	0.2289356754028825
441	0.009680721717406113
442	0.22717435632784663
443	0.20423459482420211
444	0.01606503964793716
445	0.234777485199413
447	0.578589937623742
448	0.11458475042127768
449	0.018898805460259623
450	0.4523542354285756
451	0.015626418881798335
452	0.32503569274400174
453	0.33722032371267924
454	0.13513504742801083
456	0.5487797698310302
457	0.5418429246714622
458	0.7720935691291999
460	0.4596956935121823
463	0.5922372912645689
464	0.013047639923176358
465	0.2303193851200056
466	0.23430225738874516
467	0.34068267187843027
468	0.003438341317025105
469	0.45728641478913823
472	0.023779575387962625
473	0.06434826298536558
474	0.4661082150061543
476	0.2340129379006133
479	0.5510514764815099
480	0.41682124172452195
484	0.21065175983329057
485	0.5010140806561312
487	0.22166132171746913
490	0.7598477524406668
491	0.4786911055039355
492	0.24998818075161575
493	0.25825067899343634
496	0.2784586747107284
497	0.25241886272348973
498	0.30150339521246344
499	0.021898077222520827
500	0.46501413638907485
502	0.02933447526335165
503	0.008061104369806778
504	0.31734747789041584
505	0.02044189300440425
506	0.2194928753255657
507	1.6595675875176463e-05
508	0.02364971747937704
509	0.05726146845531156
511	0.03251955807032009
512	0.006244582028480938
514	0.5137149814570218
516	0.21529951924705942
517	0.011562599966565078
518	0.11543906234859536
519	0.004427664114095994
520	0.037914987042815
521	0.3511159768460446
523	0.07275390716346725
524	0.23988692546526258
525	0.23319016867978895
526	0.4257442839811044
527	0.11506115169256691
528	0.009933970426407812
531	0.4744429614498541
532	0.2300071018468685
533	0.3095775832022621
534	0.23831271305109966
535	0.05338667659512922
536	0.21667426523278568
537	0.5517101347573999
538	0.21218532676491242
540	0.008348999721837839
541	0.08071725636036375
542	0.5931075535231974
543	0.24063906314433292
544	0.2824171274110471
545	0.007192742896306708
546	0.011824251506750112
547	0.2505991344775835
549	0.47774385947788073
550	0.032883646175630755
551	0.218682602653822
552	0.025101552854051176
553	0.45617486198406226
556	0.3315707847011434
557	0.007710900437361754
558	0.07497661062138147
559	0.019407683993955885
560	0.5520456187446654
561	0.4655170238733153
565	0.01275979444109281
566	0.23232612821833948
567	0.5320991398183074
568	0.20963171185142762
569	0.45031279409260583
570	0.29848513593799114
571	0.22303757409568095
572	0.1513382116373661
573	0.45783973830260843
574	0.19958427853206082
575	0.01270065854923487
577	0.3478180735883775
579	0.17809817644250153
581	0.29571946534506116
582	0.2600951011947983
583	0.007553236387063757
586	0.46288437145044137
588	0.35480229002559244
590	0.5663639135982624
591	0.29466069630748287
592	0.333243197101824
594	0.021103242078733736
595	0.35450432455301106
596	0.022912507601502735
598	0.24719016788522616
600	0.043908349513167425
601	0.5926519308240995
602	0.26464577380772997
603	0.25058875820353016
605	0.19876431514448525
606	0.5398396461326302
607	0.5476167402827663
608	0.19230278626002884
610	0.001780472013365602
611	0.23443948849835955
613	0.2201390229878454
614	0.24498692471091857
616	0.00111779468075357
617	0.5663198857425883
618	0.0077747672417226125
619	0.01836749387631429
622	0.25048294293283657
624	0.21661150905624788
625	0.2089095430530636
626	0.46590969362845824
627	0.454463005141215
628	0.224195902333107
630	0.0017240081234629959
632	0.006752811337954384
634	0.4586425847214958
635	0.46756248488592866
636	0.09384880673502449
637	0.5512529570424118
639	0.4719218607957011
640	0.2366500345165432
641	0.20234215292460944
642	0.006347828972908712
643	0.5173232648706794
645	0.5655469492762337
646	0.156967087392566
647	0.21877339723960867
648	0.24386714498551335
649	0.24872091951807018
650	0.5530482948771744
651	0.24945025573801924
652	0.2517545175623984
653	0.4716840429394808
654	0.46877127385173334
655	0.0856408742635481
658	0.4492331348220279
660	0.023511917035304877
661	0.4731843794809825
663	0.027651607196250313
664	0.4678341753197148
665	0.009164100748741768
666	0.6786275204279406
667	0.2360372129155725
668	0.040769116985755194
669	0.2195051417505931
670	0.2590446818444669
672	0.047253634494223914
673	0.01475371289128559
674	0.45759370041040126
676	0.2519776964826758
677	0.22670973607676198
678	0.2389651359729686
679	8.57628611819275e-05
680	0.004966588106150343
682	0.453843891967958
683	0.43231405685570523
684	0.32576175139870067
686	0.23181506164178087
691	0.24320291141376837
693	0.2980892638864931
695	0.007033771317236138
696	0.4781627298273178
697	0.24290308757919388
699	0.0013585339512014044
700	0.07068952388077722
703	0.005296106979939163
704	0.25437953808438724
705	0.24899539361502665
709	0.23588085937226622
710	0.2220754852767573
711	0.32664462132609084
712	0.0031463712736455735
713	0.251936013962177
715	0.02485094990144354
716	0.5713688552866882
717	0.011051276114448717
720	0.4829481881355536
721	0.33772215829584873
724	0.3132688542975125
725	0.26814765818253516
727	0.47400266293206234
728	0.24437819902439406
732	0.028386238462320842
733	0.7788267061663738
734	0.21968014081912735
735	0.53404533320769
736	0.22703853516528325
737	0.5413649179794542
738	0.2533039492359083
739	0.009644804026244735
740	0.25938936707074345
741	0.548504951758365
742	0.23494047630101367
743	0.46496107867750275
744	0.24676328609488513
745	0.28002587887873787
746	0.22258363878738502
747	0.5336185021031593
748	0.7519433187290829
749	0.22542800454347142
751	0.025547047881927992
752	0.26694194560479234
754	0.0019251567779276224
755	0.24673973201934785
756	0.459728275398565
757	0.45242381375039775
758	0.5460622032245612
759	0.0008717377963065251
762	0.2335887084452265
763	0.365597489359618
764	0.21272489470832784
765	0.06240144483463826
766	0.25186752076597557
768	0.2674055012761831
769	0.023892278197977776
770	0.10018612783862055
771	0.013633938485917305
772	0.23986420158172983
773	0.565420892759197
774	0.6007505541958691
776	0.023835080617859078
778	0.016274837607234274
780	0.00906272096330607
781	0.2275849925474271
783	0.035460936000551266
787	0.2271390328282098
788	0.2474052724347614
791	0.20396037796359248
792	0.25434883200099145
793	0.3399809423496907
794	0.12881349954338678
795	0.23638956455020124
796	0.007854964305670002
798	0.007316944394561972
800	0.224195902333107
803	0.2003525540173725
804	0.018401315296188096
805	0.3276073600427124
806	0.22681191337695294
807	0.5268031968311702
808	0.2573231973362617
809	0.4367820955756444
810	0.23843722784841348
815	0.001564820367823773
817	0.015169268520081568
818	0.21812876389807548
819	0.4626044777885373
820	0.4832251815137793
821	0.31614922280417324
822	0.24667391623422188
823	0.3202699426223189
824	0.06044947332946758
825	0.01211356526240438
826	0.022759261214204057
828	0.48286888452061594
829	0.4547531560153754
830	0.27106700701844777
832	0.004121840254724649
833	0.5199367495035994
835	0.20228889804489497
836	0.31957363028342123
837	0.011881369288165848
839	0.5494900826070305
840	0.2010673055259886
841	0.7912793842327531
842	0.025786242925890178
843	0.08004949297681552
844	0.019429547644164477
846	0.790661345612101
848	0.018730736197309226
851	0.5525495831851329
852	0.25267062116845657
853	0.24607463297083618
858	0.2075489598422981
860	0.24300047222170817
862	0.22056201683026777
863	0.23729769985956772
864	0.5668544355381915
865	0.6927754670351671
867	0.5675441388705917
868	0.47755029567969925
869	0.22844936613029573
870	0.43970759109408886
871	0.030163552155439435
873	0.02075184704939317
874	0.4961778144443544
875	0.10189233706978175
876	0.1342361265860137
877	0.0011770885777422288
878	0.23897541828356117
879	0.04501499590491225
880	0.46480352974940065
881	0.2642468401755082
882	0.23819797402463558
883	0.4478268778503545
886	0.5615125782751879
887	0.7781987797102717
888	0.030275275373506796
889	0.34933399514444247
891	0.0027445913729906186
892	0.4684793447308925
893	0.24439984127721076
894	0.08007878265157159
895	0.01003874247512617
896	0.532652938528782
899	0.5118504812586486
900	0.18146536911760786
903	0.3248274881029187
905	0.28331270672039904
907	0.09392446015506817
908	0.3165639100038331
913	0.22614703996137714
915	0.045917916273916726
916	0.5938233246254427
918	0.3343684445046915
919	0.3368905741027527
920	0.0005216226792903317
922	0.2508592589980481
923	0.23529353090082378
924	0.26347209086627227
925	0.017608086427769117
926	0.24225925117271793
927	0.24273663244732507
928	0.313101634308889
931	0.2413858584972537
932	0.7635434824501727
933	0.6724493900577088
934	0.23910078731687445
935	0.005321944270239326
936	0.5360340630408637
937	0.3245087323396649
938	0.20820454045105036
939	0.017185769665322113
940	0.47196890209585834
941	0.24592028701070612
942	0.23354419730216047
943	0.018213611952095247
0	0.0
0	0.0
0	0.0
0	0.0
0	0.0
0	0.0
0	0.0
0	0.0
0	0.0
0	0.0
0	0.0
0	0.0
0	0.0
0	0.0
0	0.0
0	0.0
0	0.0
0	0.0
0	0.0
0	0.0
0	0.0
0	0.0
0	0.0
0	0.0
0	0.0
0	0.0
0	0.0
0	0.0
0	0.0
0	0.0
0	0.0
0	0.0
0	0.0
0	0.0
0	0.0
0	0.0
0	0.0
0	0.0
0	0.0
0	0.0
0	0.0
0	0.0
0	0.0
0	0.0
0	0.0
0	0.0
0	0.0
0	0.0
0	0.0
0	0.0
0	0.0
0	0.0
0	0.0
0	0.0
0	0.0
0	0.0
0	0.0
0	0.0
0	0.0
0	0.0
0	0.0
0	0.0
0	0.0
0	0.0
0	0.0
0	0.0
0	0.0
0	0.0
0	0.0
0	0.0
0	0.0
0	0.0
0	0.0
0	0.0
0	0.0
0	0.0
0	0.0
0	0.0
0	0.0
0	0.0
0	0.0
0	0.0
0	0.0
0	0.0
0	0.0
0	0.0
0	0.0
0	0.0
0	0.0
0	0.0
0	0.0
0	0.0
0	0.0
0	0.0
0	0.0
0	0.0
0	0.0
0	0.0
0	0.0
0	0.0
0	0.0
0	0.0
0	0.0
0	0.0
0	0.0
0	0.0
0	0.0
0	0.0
0	0.0
0	0.0
0	0.0
0	0.0
0	0.0
0	0.0
0	0.0
0	0.0
0	0.0
0	0.0
0	0.0
0	0.0
0	0.0
0	0.0
0	0.0
0	0.0
0	0.0
0	0.0
0	0.0
0	0.0
0	0.0
0	0.0
0	0.0
0	0.0
0	0.0
0	0.0
0	0.0
0	0.0
0	0.0
0	0.0
0	0.0
0	0.0
0	0.0
0	0.0
0	0.0
0	0.0
0	0.0
0	0.0
0	0.0
0	0.0
0	0.0
0	0.0
0	0.0
0	0.0
0	0.0
0	0.0
0	0.0
0	0.0
0	0.0
0	0.0
0	0.0
0	0.0
0	0.0
0	0.0
0	0.0
0	0.0
0	0.0
0	0.0
0	0.0
0	0.0
0	0.0
0	0.0
0	0.0
0	0.0
0	0.0
0	0.0
0	0.0
0	0.0
0	0.0
0	0.0
0	0.0
0	0.0
0	0.0
0	0.0
0	0.0
0	0.0
0	0.0
0	0.0
0	0.0
0	0.0
0	0.0
0	0.0
0	0.0
0	0.0
0	0.0
0	0.0
0	0.0
0	0.0
0	0.0
0	0.0
0	0.0
0	0.0
0	0.0
0	0.0
0	0.0
0	0.0
0	0.0
0	0.0
0	0.0
0	0.0
0	0.0
0	0.0
0	0.0
0	0.0
0	0.0
0	0.0
0	0.0
0	0.0
0	0.0
0	0.0
0	0.0
0	0.0
0	0.0
0	0.0
0	0.0
0	0.0
0	0.0
0	0.0
0	0.0
0	0.0
0	0.0
0	0.0
0	0.0
0	0.0
0	0.0
0	0.0
0	0.0
0	0.0
0	0.0
0	0.0
0	0.0
0	0.0
0	0.0
0	0.0
0	0.0
0	0.0
0	0.0
0	0.0
0	0.0
0	0.0
0	0.0
0	0.0
0	0.0
0	0.0
0	0.0
0	0.0
0	0.0
0	0.0
0	0.0
0	0.0
0	0.0
0	0.0
0	0.0
0	0.0
0	0.0
0	0.0
0	0.0
0	0.0
0	0.0
0	0.0
0	0.0
0	0.0
0	0.0
0	0.0
0	0.0
0	0.0
0	0.0
0	0.0
0	0.0
0	0.0
0	0.0
0	0.0
0	0.0
0	0.0
0	0.0
0	0.0
0	0.0
0	0.0
0	0.0
0	0.0
0	0.0
0	0.0
0	0.0
0	0.0
0	0.0
0	0.0
0	0.0
0	0.0
0	0.0
0	0.0
0	0.0
0	0.0
0	0.0
0	0.0
0	0.0
0	0.0
0	0.0
0	0.0
