3	0.5598318795226103
4	0.29308392159204544
5	0.2919937454611479
6	0.02073584416661986
7	0.028661518678085664
8	0.23443728322035973
9	0.03259369445136506
10	0.023981324607686087
12	0.019156379947464677
14	0.09321325826591123
15	0.22429194311534378
16	0.005440641607322688
17	0.014860081233990914
18	0.2775952006406441
20	0.2285888431979592
22	0.2566174027890896
24	0.035789919941221764
26	0.20047134031179026
27	0.2288605958623685
28	0.25167899977979297
31	0.2914588426064923
32	0.24437249318207374
33	0.25621420665816746
34	0.13727056302881085
37	0.011461669363322963
40	0.013042531165910021
41	0.027077005569642758
42	0.029709562411289716
43	0.23996510647756347
45	0.030302098499532703
46	0.24074837796917745
47	0.035337500837683306
49	0.29728232398977544
50	0.1470408950298839
51	0.04180336312539925
52	0.26258812742890464
53	0.2764603254870422
54	0.27129181802426783
55	0.2616839025582118
56	0.5025451327718731
57	0.2547221739772031
58	0.2633892236882737
59	0.26281276526844943
60	0.012813674166563399
62	0.3016893121823262
63	0.33298749152223023
64	0.24891821685247767
66	0.013312400677448329
67	0.26796054804207364
68	0.510258474723788
69	0.2575319990830908
70	0.27305830120411606
71	0.005403073070440186
72	0.011134031544584734
73	0.7266396838031538
74	0.030316762307732656
75	0.27510284891736525
76	0.0392773276409752
79	0.33554549200336137
80	0.37468574234715796
81	0.025742042841785804
82	0.01927380375804271
84	0.2587012592502671
86	0.034567569672438736
87	0.2881043701974825
88	0.3130203464665702
89	0.03200721136292764
91	0.018549666728871934
92	0.2686970156506265
94	0.3001536369333726
96	0.0003193823086478226
98	0.2354402700425938
99	0.24904106075349863
100	0.01203693574657285
101	0.30876297537999503
102	0.236174869659314
103	0.3184870578994513
105	0.020250960448716604
106	0.21880109686062787
107	0.25259250036296077
108	0.011386097945334486
109	0.00919957223407182
112	0.028885595105889082
113	0.009946007135334004
115	0.2530233145769096
116	0.1788627814033363
117	0.5075941002845147
118	0.05290417826176323
119	0.5298542308283071
120	0.02762615342704358
121	0.2696750808582142
122	0.0014660416157810247
126	0.048374999923808726
127	0.024407161776370104
128	0.2544524846936979
129	0.061565089834708916
132	0.028330268892702272
133	0.24740574216766134
134	0.0027595103231592873
135	0.21975208928334858
136	0.2669783202206408
138	0.027662966755442386
139	0.5245212799208772
140	0.2577777206752563
142	0.26703728943218985
143	0.2474456798829336
144	0.043810311489409004
145	0.2472055297231277
146	0.1929892362382902
147	0.25888170510399017
149	0.2597822564324138
150	0.0026540212961394666
151	0.30414855129141927
153	0.12945926574773864
154	0.2672897255832782
155	0.3984366458407239
156	0.25892789599570026
157	0.2750544140494713
158	0.21956780578865842
159	0.23438741644175495
160	0.5479418128715253
164	0.49524350983993715
165	0.20616238089052485
167	0.01788207517073026
168	0.05098431403528783
170	0.21368844770434925
171	0.23778400991339388
172	0.24604647689379483
173	0.007695382488900098
174	0.2890374705540157
175	0.2565830959555727
176	0.04435924994429703
177	0.4842046114708496
178	0.23156196823162617
180	0.020439315386937988
184	0.03347207811445556
188	0.2275655578710884
189	0.05728835633986936
190	0.3099532640512836
191	0.2060474587383609
192	0.3418223281922256
193	0.048364316564521545
194	0.04973527236001236
195	0.2480585124767817
196	0.09077286753693663
197	0.007525302742364043
198	0.7730654977666955
200	0.00020889179354387222
203	0.06893295430896193
204	0.3172518222760214
207	0.25850071608934994
208	0.2790843906104199
209	0.05387731770530436
210	0.231000901941706
211	0.012935917502551495
212	0.050143646961371635
213	0.25759459578703553
214	0.020352679003288503
215	0.2424990362909731
216	0.27191836149031196
217	0.2720844603020126
219	0.25685092804587145
221	0.302528326744796
222	0.34680158598645006
225	0.01355519376779206
227	0.05292797084364341
228	0.3524493637392782
229	0.3099919349371215
230	0.010028244783278784
231	0.28032304770688127
232	0.02516772169173399
233	0.26430932326403284
234	0.0016029158437157638
235	0.5388094542205701
237	0.2099915491526346
239	0.26710119766358364
240	0.25772742171655705
241	0.0994276350334605
242	0.031152293583704468
244	0.2503825363581703
246	0.313717090565749
247	0.27144666946946666
248	0.2362061824507588
249	0.24020410189980812
251	0.26942596779173117
252	0.010843309086845252
254	0.044291974553233915
255	0.15830819305056354
257	0.2468501406057532
258	0.06998560594274882
260	0.2921580594532572
261	0.006781861756661161
262	0.027310336365456826
263	0.2411736536237829
266	0.2619316442419436
268	0.022851409497887006
269	0.09644840193030602
270	0.46812768541526123
271	0.27815851664504665
272	0.016271549920737854
273	0.012338602762203284
274	0.26264229542733436
275	0.029332866235974992
276	0.2405721634354558
277	0.031584060370890225
278	0.25079467905839664
281	0.20318335389308684
282	0.21771756491481395
283	0.03774151157440201
284	0.26308202745261666
286	0.30839090492442195
287	0.28750563020242076
288	0.27362963492985176
289	0.12591193195702124
291	0.23753450733147383
292	0.5003424172547027
293	0.3199918698526934
294	0.01358317508522059
296	0.25969245949523095
297	0.2726120206479336
298	0.2604792972413654
299	0.02024801035952875
300	0.10557529421777812
301	0.25497124593549425
302	0.25926859730646507
305	0.29549528311156
306	0.2650909281125971
308	0.2813706568310098
310	0.33374695817502603
312	0.27945158204547044
313	0.013547487062666473
314	0.006219537647574051
315	0.27190415784939836
316	0.006029350982283993
317	0.24040197213275638
318	0.0026766144833192777
319	0.26367553668351273
320	0.025875787135404962
322	0.029921548594494318
323	0.28833708778045575
325	0.019401621902976115
326	0.540034726164589
327	0.01774014598089088
328	0.08013694418973913
329	0.2119371129086538
330	0.2810645946888249
332	0.24794490475588293
333	0.2563154511876567
334	0.25486918643502343
335	0.11034147373178833
336	0.2614560330404208
337	0.24804211444891713
339	0.29220456404349915
341	0.024258581003116498
342	0.29930132521281705
343	0.23215307359717297
344	0.27439182103176235
345	0.22626675842480742
346	0.2759914324157025
347	0.2593520658780408
348	0.2974687400683423
349	0.49295761514171504
351	0.034264903938413374
352	0.06780530469256824
353	0.2811075743565924
354	0.020309507100883174
355	0.23082768821846125
356	0.2497360206937506
357	0.2892383133128379
359	0.011230000797255859
360	0.4620306874843161
361	0.5302307989785574
362	0.28126645645782916
363	0.009986614532061643
364	0.015004483016795623
365	0.24665546622098034
366	0.4753252954110681
367	0.2484960251373295
369	0.2671907575961302
370	0.025579971022518678
372	0.0024194942967896774
373	0.07571473923025453
374	0.3260895357102013
375	0.004862367402512009
376	0.49114758014682675
377	0.26369018727700794
378	0.005963085582096822
379	0.028489536149300387
380	0.270475306707057
382	0.010356381114596185
383	0.25118875035185073
386	0.2593742499925825
387	0.03163172802712877
388	0.0035958116351620002
389	0.28702467770328244
391	0.03790518239876439
393	0.24901383931170887
394	0.008021208019816255
396	0.01001778917402174
397	0.00037747988672170996
398	0.24237237678535642
399	0.015937786929744648
401	0.032262810005660295
403	0.27325264596541904
406	0.2831062312600438
409	0.00026634260117285036
410	0.045451505594936485
411	0.26040322637410973
412	0.24238571903898323
413	0.24717307350719964
414	0.25663705295993733
415	0.2631237172885639
416	0.5068048357593298
417	0.2649815485817782
418	0.27309041257292754
419	0.4925155126784598
420	0.25691519568247057
421	0.04260129995124333
423	0.4756923703098311
424	0.01911281484693394
425	0.014421641421523919
426	0.011184789307601424
427	0.019869360750320475
429	0.2419242654241552
431	0.02190861728452775
432	0.7131995728714365
435	0.03170982973683184
436	0.02014938272068159
438	0.01933372356364993
439	0.019459812098876608
440	0.5021027637464238
442	0.2196825332681429
443	0.5319294507013906
444	0.01912454077442936
447	0.3194334423341032
448	0.0023075835875719444
449	0.2847606089910093
450	0.2590840215848589
452	0.0792845448840187
453	0.5329693088939562
454	0.09552095584189393
456	0.2969277846266935
457	0.30496551936605587
458	0.044607528529329254
459	0.2631386496425173
460	0.24513446606408595
461	0.29779416562719313
463	0.21825100663784466
464	0.24919047220883306
465	0.007884893531535497
466	0.26557990879870724
467	0.07374855914269138
469	0.25398268697220994
470	0.5092083202155009
472	0.2670981866690275
473	0.25316080947644337
474	0.48637362052149824
475	0.053330840787242484
476	0.2762882772217316
478	0.23859094739029552
479	0.7314894722146247
481	0.002377817956136938
482	0.25021302797673306
483	0.24292288105721027
484	0.031999047948958144
485	0.009631842227430017
486	0.34933399514444247
487	0.2515299863385229
488	0.2445525271350999
489	0.30057213223148493
490	0.259692686402039
492	0.2709997033871728
493	0.2467766273926
494	0.2792008127068206
495	0.23551193754886457
496	0.4735011272154396
497	0.2675112495258164
498	0.05306781634503081
502	0.0486576383040324
504	0.2966531265580981
505	0.02749681627176058
506	0.02224428171406017
507	0.019067016968961324
509	0.16833603597986188
510	0.0008635871139872804
511	0.27902269227691856
512	0.5055693456961986
513	0.017202899685289284
514	0.01815197744113594
515	0.05475665621281074
517	0.04036955181663185
518	0.2869534448490122
519	0.2389141915976477
520	0.2907558213860692
521	0.5452068963936528
522	0.24578536839786375
523	0.28360078771075153
524	0.24930907301047914
525	0.01843238669795555
526	0.2412882933594001
527	0.5179976767722108
528	0.27129335974439206
529	0.014026219342453242
530	0.01755919876297457
531	0.24341086306887952
532	0.004993015025558954
533	0.2915292982907126
534	0.2707365421818021
535	0.03633256105093022
536	0.01745879677125614
537	0.5206524287283791
538	0.016062553781530903
540	0.49922759721843774
541	0.2841652049488197
542	0.08540316710290011
544	0.18521761449827956
546	0.26737570793064386
549	0.4643558226291216
550	0.28126319246924664
551	0.23165044904691537
552	0.2783550964624725
553	0.012425617152506202
554	0.26742604788568825
556	0.7732332586427146
557	0.022735771806151057
558	0.25946522913051145
559	0.2339413843225757
560	0.06434235580484673
561	0.23298752694300104
563	0.22608787380894416
565	0.009809035548993074
566	0.017067713378221733
567	0.05266552714309295
568	0.015073028620834764
569	0.024285422657657308
570	0.23524282406258606
573	0.2475182446764005
574	0.23011345825977067
576	0.016227909122441576
577	0.102565082281667
578	0.24712549517356666
580	0.23582916041280327
581	0.22662858742190936
582	0.5205657844889702
583	0.2580489748561306
586	0.031942215018721826
587	0.2373991466648718
588	0.3245345762162501
590	0.54138858781498
591	0.2685844649516102
592	0.5428430111660336
593	0.2389741564628629
594	0.49454548242416124
595	0.5240879669828403
596	0.01157911621762715
598	0.2974950920467129
599	0.011049260311789579
600	0.2590410288528689
601	0.3470790112214509
602	0.3017564268207254
604	0.09688621472992512
605	0.48266479706509247
606	0.04069028266811406
607	0.3081554955936512
608	0.04987504586346746
609	0.15659357302825844
610	0.24724154428838271
611	0.25473928102094606
612	0.030396329849799092
616	0.24789494318529604
617	0.057911591928960456
618	0.2543915358819079
619	0.01821043659607352
620	0.017791152662427742
621	0.005835248369787188
622	0.26554973599662124
623	0.011822730819783467
624	0.011996428389164659
626	0.24555608006522986
627	0.03401002684397281
628	0.01666914092430653
629	0.006720339985547059
630	0.05280390091805859
631	0.24317547024979877
632	0.025300073324479266
634	0.03004034289866483
635	0.0121364260922954
636	0.2940199890663233
637	0.07390416820172485
638	0.012468407428189197
639	0.0040541384593531585
640	0.23084538291737677
643	0.046315551069441345
644	0.03176233936185002
645	0.29048994793231964
646	0.5549747400370691
647	0.017630376265061143
650	0.05699800359027934
652	0.014183557744584404
653	0.24761443955805576
654	0.005246071286162186
655	0.5095342620383256
657	0.012293378524403167
660	0.24594137490438447
661	0.27188646373820347
662	0.08554132676009445
663	0.2789087876715151
666	0.24726994543397743
667	0.2743108710469072
670	0.025745879194149987
672	0.503148120578054
673	0.06517737946886709
674	0.27502687070234233
675	0.2837871056416505
678	0.0033223869150993506
679	0.25866399758035796
680	0.010972912574082963
681	0.24002625383145185
682	0.02055358162567339
684	0.5393004209614909
686	0.2491343404183942
687	0.03308650671129028
688	0.007201817249863959
689	0.016181757419697712
690	0.0028482889467896996
691	0.2537228990051239
692	0.0026540212961394596
693	0.02317683462115276
694	0.022565985015339234
695	0.08120992696143395
696	0.46463725051013394
698	0.26778463571111505
699	0.2618858200871677
700	0.28450311853896315
701	0.2548820810066257
703	0.5088308252845355
705	0.043148821968077976
708	0.017453241947834437
709	0.2518262387792043
710	0.013495456899787824
711	0.02785540781473288
712	0.26207413600142426
713	0.21560926406433908
714	0.012278045679155247
715	0.02577791166970326
716	0.5478306951611421
717	0.017546043192784862
719	0.26328588854778656
720	0.2550411541832593
721	0.09259413128813923
723	0.029690669174322542
725	0.2892452389868124
728	0.526723877655708
732	0.5022687510612633
733	0.5007700327874658
734	0.01668715000388248
735	0.05290417826176319
736	0.23780076599395322
737	0.5470419071267048
738	0.00019228777956185883
740	0.230187074699118
741	0.2658628819222095
742	0.037878708850798526
743	0.010910325731155232
746	0.030341291355800434
747	0.27021666968061475
748	0.03622554077902007
750	0.27019226283171216
751	0.2612626040910928
752	0.23333683077007064
754	0.2596175229903892
755	0.011896685901667557
756	0.018216812273498587
757	0.01306655092926963
758	0.07299769315650881
762	0.016100316887815005
763	0.10704970103823905
764	0.00925567049778777
765	0.28237958816696
766	0.24152874460704918
769	0.010508466659591677
770	0.29665965424905305
772	0.22690326030830424
773	0.30003616703480324
774	0.5439937722491668
775	0.023187459159145222
776	0.4818872271885176
777	0.2647481199840082
778	0.07259163508837668
780	0.2594619793472388
781	0.23450579805842525
783	0.2288609453012681
784	0.012265267895122656
785	0.28233925228125145
786	0.2250906017362698
787	0.25455765196424235
788	0.034264886242799386
789	0.0018071552134089897
791	0.22693246268298925
792	0.2800044999396407
793	0.29787559519867146
794	0.32202185478092915
797	0.24532625442202327
798	0.2551089893025558
799	0.011775179001240949
803	0.48620398761987693
804	0.02960695355320153
805	0.47837934958044726
807	0.524409908424943
808	0.009285306285725919
809	0.27502418913126553
810	0.2578108503112133
811	0.2708584744357288
813	0.4683110021753852
814	0.26311350493136554
815	0.02887982726439118
816	0.2550468208255116
817	0.0050271396205629724
818	0.2500586044553953
819	0.01850592016459009
820	0.25590989197867997
821	0.295718634987391
823	0.2882616831151065
824	0.4388236624006107
825	0.008075156891409908
826	0.2304580455625412
828	0.2310113346914824
829	0.257922162659121
832	0.49408983862619305
833	0.02285348489734724
834	0.27013875481978245
835	0.221315303795844
836	0.28364650807075603
837	0.20619605260113388
838	0.003971172495683666
839	0.29576513516770286
841	0.3040702890048703
843	0.02337643346407232
844	0.2590775740041224
845	0.05614392603021881
846	0.28876362922191917
847	0.0075782344909263305
849	0.01670693685308571
850	0.25286655349711246
851	0.5345494096786549
852	0.2745875762826683
854	0.24139361552429225
856	0.0365432278586444
858	0.22647797966054264
859	0.24146079104139737
860	0.23951698738577182
862	0.021534468265882244
863	0.285400755376508
864	0.32431317750439037
865	0.37114400470838155
867	0.27563509357996374
868	0.25392978973027514
869	0.04524477552541907
870	0.0006593043208930442
872	0.25081609062272947
873	0.2128895960014613
874	0.23048903829323528
875	0.513173344823891
876	0.556675642559476
877	0.0191699560729204
878	0.2494839634047367
879	0.2956660848559702
880	0.46875460430231336
881	0.029269820215688275
882	0.008200982076622274
884	0.020464409287342708
886	0.051525720493737937
887	0.05435881496567829
888	0.011373310160690396
891	0.25669569525447716
892	0.24070108197203954
893	0.26906353352149165
894	0.03822083172484482
895	0.26776774189279323
896	0.05311241516664754
897	0.031291430241155604
898	0.4104736421882473
900	0.20556921257480787
902	0.020081041371059045
903	0.2928415490440831
904	0.019866762987121436
906	0.2427426454497083
907	0.05684445428587915
908	0.2916848937275648
911	0.0034043947698306695
913	0.0010273092210267357
915	0.02935975304645794
916	0.5500788756420673
917	0.2547327467829895
918	0.062373761766138056
919	0.28952462176416266
920	0.008255393353305909
923	0.49733596188113943
924	0.022229197575706003
925	0.239616111525227
926	0.02402893189840625
927	0.029792355276999534
928	0.2858992619006662
929	0.28581222703681003
930	0.042920313552944775
931	0.02117814814213035
932	0.2558008084774505
933	0.2661722848296398
934	0.2253784603530386
935	0.01856386372827258
936	0.3011348749944596
937	0.022549628451111765
938	0.24760273564074448
939	0.269364383873791
941	0.00515745724596792
942	0.23650411207058597
943	0.263087908613393
0	0.0
0	0.0
0	0.0
0	0.0
0	0.0
0	0.0
0	0.0
0	0.0
0	0.0
0	0.0
0	0.0
0	0.0
0	0.0
0	0.0
0	0.0
0	0.0
0	0.0
0	0.0
0	0.0
0	0.0
0	0.0
0	0.0
0	0.0
0	0.0
0	0.0
0	0.0
0	0.0
0	0.0
0	0.0
0	0.0
0	0.0
0	0.0
0	0.0
0	0.0
0	0.0
0	0.0
0	0.0
0	0.0
0	0.0
0	0.0
0	0.0
0	0.0
0	0.0
0	0.0
0	0.0
0	0.0
0	0.0
0	0.0
0	0.0
0	0.0
0	0.0
0	0.0
0	0.0
0	0.0
0	0.0
0	0.0
0	0.0
0	0.0
0	0.0
0	0.0
0	0.0
0	0.0
0	0.0
0	0.0
0	0.0
0	0.0
0	0.0
0	0.0
0	0.0
0	0.0
0	0.0
0	0.0
0	0.0
0	0.0
0	0.0
0	0.0
0	0.0
0	0.0
0	0.0
0	0.0
0	0.0
0	0.0
0	0.0
0	0.0
0	0.0
0	0.0
0	0.0
0	0.0
0	0.0
0	0.0
0	0.0
0	0.0
0	0.0
0	0.0
0	0.0
0	0.0
0	0.0
0	0.0
0	0.0
0	0.0
0	0.0
0	0.0
0	0.0
0	0.0
0	0.0
0	0.0
0	0.0
0	0.0
0	0.0
0	0.0
0	0.0
0	0.0
0	0.0
0	0.0
0	0.0
0	0.0
0	0.0
0	0.0
0	0.0
0	0.0
0	0.0
0	0.0
0	0.0
0	0.0
0	0.0
0	0.0
0	0.0
0	0.0
0	0.0
0	0.0
0	0.0
0	0.0
0	0.0
0	0.0
0	0.0
0	0.0
0	0.0
0	0.0
0	0.0
0	0.0
0	0.0
0	0.0
0	0.0
0	0.0
0	0.0
0	0.0
0	0.0
0	0.0
0	0.0
0	0.0
0	0.0
0	0.0
0	0.0
0	0.0
0	0.0
0	0.0
0	0.0
0	0.0
0	0.0
0	0.0
0	0.0
0	0.0
0	0.0
0	0.0
0	0.0
0	0.0
0	0.0
0	0.0
0	0.0
0	0.0
0	0.0
0	0.0
0	0.0
0	0.0
0	0.0
0	0.0
0	0.0
0	0.0
0	0.0
0	0.0
0	0.0
0	0.0
0	0.0
0	0.0
0	0.0
0	0.0
0	0.0
0	0.0
0	0.0
0	0.0
0	0.0
0	0.0
0	0.0
0	0.0
0	0.0
0	0.0
0	0.0
0	0.0
0	0.0
0	0.0
0	0.0
0	0.0
0	0.0
0	0.0
0	0.0
0	0.0
0	0.0
0	0.0
0	0.0
0	0.0
0	0.0
0	0.0
0	0.0
0	0.0
0	0.0
0	0.0
0	0.0
0	0.0
0	0.0
0	0.0
0	0.0
0	0.0
0	0.0
0	0.0
0	0.0
