2	0.24124035147074624
4	0.051452881771618934
5	0.013314718137457462
7	0.039537075633468116
9	0.26162319146629776
12	0.2606255959148523
16	0.5220671626901511
17	0.028557298726457965
19	0.3147417965284559
20	0.2759907167868892
21	0.257325238115513
24	0.24052914513312484
25	0.01387919114565385
30	0.011444277947210882
32	8.30430246100064e-05
36	0.496487234352135
38	0.5162537302958277
39	0.008592425627554912
40	0.02426025018811552
41	0.467674543950144
42	0.5137984201520573
43	0.24948687618313134
45	0.004973962716405128
46	0.003755936732026406
47	0.03562621529167488
49	0.2743192108603023
50	0.1516198030243778
51	0.023372831622430902
52	0.25189118484404466
53	0.2263936558675499
55	0.023129254811730986
61	0.18969714117117323
66	0.012432793768834653
67	0.03507043872677273
72	0.01329426657460623
75	0.2655913899147857
77	0.28091233997531434
78	0.012562767118752476
81	0.2491163258212725
83	0.0034065740979383335
84	0.06162717311792635
85	0.2852724054819924
89	0.246265910908716
93	0.3135853803283983
95	0.03581361771256947
96	0.02584560408861744
97	0.001789485204683687
98	0.24602476849901286
99	0.5113116362997752
101	0.010657018008220328
102	0.03306682449356003
104	0.2564867086540069
108	0.5201964361642075
110	0.04433255374976445
113	0.00688981607731582
116	0.10857998471870049
120	0.23589739457824946
121	0.22192503970988237
122	0.2671484062715167
123	0.2756544090165566
124	0.2283818485526698
125	0.29636723411167387
126	0.24600699211009358
127	0.27476886276259505
128	0.016755790310260914
130	0.30314060876335974
133	0.005662440565564305
134	0.2995624642843277
137	0.037428699730950574
140	0.011711030364680873
143	0.01573539895414635
144	0.24052167597992352
146	0.035895435778527475
147	0.27621093891282616
148	0.007127459884748159
150	0.27021955276278176
151	0.26661902837915913
157	0.2586446717015206
158	0.10818675243030101
159	0.005503693978632727
162	0.28139651029713125
165	0.5438197195760017
166	0.2289606623670696
168	0.21301863374516314
169	0.24417606057528984
170	0.007745286805469816
175	0.27392464495493046
176	0.0011194395698966159
178	0.03636435830619144
179	0.03552082227304608
180	0.26513139298360866
182	0.265977918539839
184	0.014868393816619717
185	0.46478229925881653
187	0.47868007308974314
191	0.27217187277708466
192	0.001231362141403007
193	0.023859386916736197
200	0.03441172977058078
201	0.26308082082596884
202	0.45269895514030434
205	0.19155039774300098
209	0.48364598460533653
214	0.27786060914660876
215	0.06264117856107015
220	0.3499330610914359
223	0.5359772138848733
224	0.2521228320283986
225	0.04143876252153716
228	0.1945972524485484
230	0.27152498168457917
231	0.25409775936434925
233	0.24037731799467071
234	0.04408103008495662
235	0.008256594531625642
236	0.3273385443858833
237	0.3026808571731539
238	0.2706821637470531
242	0.23590531318912195
243	0.21771623541261495
245	0.5086651637159662
250	0.5659683677152492
251	0.2330056029707438
252	0.031503541557163214
253	0.3094518198677049
256	0.03946930060248435
257	0.024159675111558025
258	0.02228432580452318
262	0.2618514254799823
264	0.29382441381590585
265	0.2684511356082708
270	0.061072557904866785
272	0.0020949531779543284
273	0.43189923986953005
275	0.2461134605603173
279	0.24665117177974136
280	0.29955603917825485
282	0.2748172155718228
286	0.020897750031240274
287	0.014649120786477114
290	0.04936203642255444
291	0.02568567373185456
294	0.059778991373284185
295	0.014970562844493288
296	0.03404015281385887
298	0.011722992923388638
300	0.13102117615831702
304	0.25352198953797406
305	0.03317685939318083
306	0.2879702665178517
307	0.7699709743012123
309	0.0034969450216473866
310	0.05594134410766906
314	0.523630744286604
315	0.06402028536079699
317	0.015814340244015783
321	0.2988030727978991
322	0.032792497123376105
323	0.2577058461107613
324	0.23641595646707772
325	0.04004061919329928
327	0.2864339802104397
328	0.04460224300464862
329	0.027116323909382904
330	0.0032015505472537953
332	0.005408936324326118
333	0.30455561175118584
336	0.003361981494511078
337	0.2663475700921515
340	0.7562878921670642
342	0.02288806506779584
351	0.027822656710405874
355	0.07655592909745479
358	0.06738449961188303
359	0.04308813548584844
363	0.23975673002958447
365	0.26127559765571357
366	0.027009520037954076
368	0.26358894061194005
370	0.046945645908965425
371	0.05443578713001544
373	0.2743258760994529
377	0.23945409240536314
378	0.04517335250592825
380	0.011641909864323514
381	0.0233881519461141
383	0.2996303546614484
384	0.03926599404001075
388	0.2520846466282331
390	0.2821813532578267
391	0.25754692165896503
392	0.06391878656166788
393	0.015195164152653387
394	0.0315807107360161
398	0.3106203405250591
400	0.47160838901001595
402	0.30972301462960405
403	0.22921166675831525
404	0.00636316681325131
405	0.38605541838837976
406	0.022939294108711927
407	0.04041392974157208
410	0.22193121449148906
411	0.03630357092459628
412	0.04098541709404861
413	0.044355003603366305
415	0.027207253520812432
423	0.02258193663570983
427	0.5164203469233902
428	0.231856888559232
431	0.006048118957977803
434	0.23072881851231364
438	0.24387964865092582
439	0.23924900423986634
441	0.23711500257573923
444	0.017105906694137175
445	0.35829601720369697
446	0.005086510899822511
448	0.24772366867726497
458	0.012876956601508137
459	0.2937406452614899
464	0.031219243240696255
465	0.04384511133329244
468	0.3240790728522128
470	0.01018620720823174
471	0.2624680892990159
473	0.04064685922057777
475	0.26749240212192976
477	0.29603258595127163
478	0.08382342339028767
480	0.3054314990786312
482	0.04217771056660876
483	0.0190291751333396
489	0.0010985616352434321
491	0.030844921435502513
493	0.055744373845645456
494	0.21666110462355517
495	0.009121562606949817
503	0.28234392277217424
508	0.043061955223542954
512	0.01049132358993251
515	0.22736914113315668
517	0.255413618111533
518	0.007556653445849604
519	0.05598350565966857
520	0.04159150984656835
523	0.26880422672551496
525	0.30625155883754374
526	0.22064151133193552
529	0.2734661533677645
532	0.035689963305803145
533	0.027522414821268985
534	0.015723504898547833
536	0.03137392875542613
539	0.49536615383253796
546	0.020675031280402125
551	0.028056103586084846
554	0.01695060752666508
555	0.5417830648239705
556	0.030854802391787277
557	0.021842211687811735
559	0.004173420586844789
562	0.039132249805647785
564	0.027619750379621055
569	0.2821813532578267
571	0.039082523864051644
572	0.0015750439338432093
576	0.26086801516026165
577	0.015079613698493047
578	0.04374254090039745
579	0.0012903364480425505
580	0.06196815252634555
583	0.008345792033636328
584	0.023042892674394976
588	0.03727602686571278
589	0.5605003949115239
594	0.019066937502218828
596	0.011811655871906978
597	0.515718333220262
599	0.26382352489901084
602	0.24344057681924317
604	0.18434665043396972
605	0.02928800971662579
606	0.029720477547599336
612	0.2890407886736396
614	0.3119276188478016
618	0.5234286645148721
619	0.0015485432882591417
620	0.013113667439540552
623	0.018216823541918253
629	0.2846527767368928
630	0.21271105493376105
632	0.04691244781219747
633	0.003638443445487423
635	0.026598233680690166
636	0.2851057387923162
637	0.060934710809868675
640	0.07221266685957689
641	0.2682599130053587
642	0.028429555471220284
643	0.02413182620744171
644	0.24460800815381317
647	0.04202993113976677
649	0.48947596000805393
652	0.2780055414985064
653	0.27316049616825316
654	0.22638557112734056
658	0.06017567068600693
659	0.03515016912961961
661	0.2630051922244649
664	0.25793146937315203
665	0.30188581230771466
668	0.22770784753153184
669	0.3001172407588773
670	0.03174279002570513
671	0.23451699980342663
672	0.20561975004134547
675	0.06901273727481438
676	0.26088596736563324
677	0.044024356430799536
678	0.2940140262234639
679	0.02000249834228213
680	0.5156952835902814
681	0.21064125692598704
683	0.3105053078818714
684	0.015907215723919853
687	0.24574452645517122
688	0.4887199417883278
689	0.020136477954587426
690	0.00913700473824338
692	0.2558579681851094
694	0.017414382354396872
695	0.060021486250264725
698	0.019696014422025888
700	0.018879701860102946
701	0.016987045106242875
702	0.4969527444824657
703	0.0325290379900243
704	0.05238329551831766
705	0.021427463409682997
706	0.475731003473195
708	0.007748829161989507
709	0.016162525200385004
712	0.026533755942640284
714	0.028328896242604727
715	0.039403238759599404
723	0.05758700532810021
726	0.25011362082873023
727	0.002520968500483778
729	0.08009678015483307
730	0.49382515097538987
731	0.2796862692467917
732	0.2627452175549429
734	0.05455082220211536
735	0.019902787307559944
736	0.27060191673109535
739	0.5087938731424104
742	0.014200143973413022
746	0.03397417684737529
749	0.04089481561277461
750	0.03531277264503732
751	0.5031693517918293
753	0.7806531307946829
754	0.016869800286779056
755	0.0582989318381249
756	0.04930397272663001
757	0.007667071844345678
759	0.5183238737330406
760	0.355654642414816
762	0.04766381558530072
763	0.24507609902377359
764	0.30120738052859447
765	0.011997294584557585
767	0.2957153754436328
768	0.29687560270554536
769	0.26996723328842337
770	0.03710579049541595
771	0.4665775145503104
773	0.021894106708818407
775	0.24665838776161617
777	0.5188563463436477
780	0.008544061279099867
781	0.020957019936205214
784	0.01080254041423677
785	0.2942159020166741
786	0.024774608876231723
792	0.014985446347615835
793	0.4667889161167968
795	0.2669031390569813
797	0.23754003418480993
798	0.2811315651829768
799	0.4837909250303242
800	0.04904485019092288
803	0.051633845199434744
806	0.2949091442677316
810	0.039374586352356154
811	0.01853672540642807
817	0.2615162281029418
825	0.01842812065249379
829	0.29513338120598803
831	0.2685166117131065
832	0.008475742920803248
833	0.03041104049956351
834	0.015776962779935625
836	0.23582856980665087
837	0.2931282351924154
838	0.282571891728031
839	0.2561172086920826
840	0.013686946877784933
844	0.24904605131136778
849	0.5282698842728918
850	0.29521371640716837
852	0.009456759289590756
854	0.03656398938521563
858	0.04422338538351403
861	0.3124469629602932
866	0.2950791409389407
869	0.22454474878729797
870	0.013836825613677904
871	8.920729342353634e-05
877	0.019035550156600425
883	0.007048317780759039
884	0.03063767299048887
885	0.47492714781819056
886	0.031184988805405555
891	0.055557610456341486
893	0.26492327044351466
894	0.02266035771533151
895	0.2397824510150947
896	0.050024533249576765
897	0.267423429271378
898	0.09148588641633643
899	0.04977012097333458
901	0.022068774418969803
902	0.0005364725519696224
903	0.04080682760709472
904	0.03678464139678766
906	0.035979145121228635
909	0.5030331866655195
910	0.31369613011639635
912	0.48717987031506677
914	0.1925817494999375
917	0.2272498205100691
921	0.06949764931338022
922	0.4668117829514704
924	0.3199090343595714
928	0.25206949395159495
937	0.07213230983377557
938	0.009100107680080051
940	0.042982071722346575
941	0.0054522262883145815
942	0.03576920927461749
0	0.0
0	0.0
0	0.0
0	0.0
0	0.0
0	0.0
0	0.0
0	0.0
0	0.0
0	0.0
0	0.0
0	0.0
0	0.0
0	0.0
0	0.0
0	0.0
0	0.0
0	0.0
0	0.0
0	0.0
0	0.0
0	0.0
0	0.0
0	0.0
0	0.0
0	0.0
0	0.0
0	0.0
0	0.0
0	0.0
0	0.0
0	0.0
0	0.0
0	0.0
0	0.0
0	0.0
0	0.0
0	0.0
0	0.0
0	0.0
0	0.0
0	0.0
0	0.0
0	0.0
0	0.0
0	0.0
0	0.0
0	0.0
0	0.0
0	0.0
0	0.0
0	0.0
0	0.0
0	0.0
0	0.0
0	0.0
0	0.0
0	0.0
0	0.0
0	0.0
0	0.0
0	0.0
0	0.0
0	0.0
0	0.0
0	0.0
0	0.0
0	0.0
0	0.0
0	0.0
0	0.0
0	0.0
0	0.0
0	0.0
0	0.0
0	0.0
0	0.0
0	0.0
0	0.0
0	0.0
0	0.0
0	0.0
0	0.0
0	0.0
0	0.0
0	0.0
0	0.0
0	0.0
0	0.0
0	0.0
0	0.0
0	0.0
0	0.0
0	0.0
0	0.0
0	0.0
0	0.0
0	0.0
0	0.0
0	0.0
0	0.0
0	0.0
0	0.0
0	0.0
0	0.0
0	0.0
0	0.0
0	0.0
0	0.0
0	0.0
0	0.0
0	0.0
0	0.0
0	0.0
0	0.0
0	0.0
0	0.0
0	0.0
0	0.0
0	0.0
0	0.0
0	0.0
0	0.0
0	0.0
0	0.0
0	0.0
0	0.0
0	0.0
0	0.0
0	0.0
0	0.0
0	0.0
0	0.0
0	0.0
0	0.0
0	0.0
0	0.0
0	0.0
0	0.0
0	0.0
0	0.0
0	0.0
0	0.0
0	0.0
0	0.0
0	0.0
0	0.0
0	0.0
0	0.0
0	0.0
0	0.0
0	0.0
0	0.0
0	0.0
0	0.0
0	0.0
0	0.0
0	0.0
0	0.0
0	0.0
0	0.0
0	0.0
0	0.0
0	0.0
0	0.0
0	0.0
0	0.0
0	0.0
0	0.0
0	0.0
0	0.0
0	0.0
0	0.0
0	0.0
0	0.0
0	0.0
0	0.0
0	0.0
0	0.0
0	0.0
0	0.0
0	0.0
0	0.0
0	0.0
0	0.0
0	0.0
0	0.0
0	0.0
0	0.0
0	0.0
0	0.0
0	0.0
0	0.0
0	0.0
0	0.0
0	0.0
0	0.0
0	0.0
0	0.0
0	0.0
0	0.0
0	0.0
0	0.0
0	0.0
0	0.0
0	0.0
0	0.0
0	0.0
0	0.0
0	0.0
0	0.0
0	0.0
0	0.0
0	0.0
0	0.0
0	0.0
0	0.0
0	0.0
0	0.0
0	0.0
0	0.0
0	0.0
0	0.0
0	0.0
0	0.0
0	0.0
0	0.0
0	0.0
0	0.0
0	0.0
0	0.0
0	0.0
0	0.0
0	0.0
0	0.0
0	0.0
0	0.0
0	0.0
0	0.0
0	0.0
0	0.0
0	0.0
0	0.0
0	0.0
0	0.0
0	0.0
0	0.0
0	0.0
0	0.0
0	0.0
0	0.0
0	0.0
0	0.0
0	0.0
0	0.0
0	0.0
0	0.0
0	0.0
0	0.0
0	0.0
0	0.0
0	0.0
0	0.0
0	0.0
0	0.0
0	0.0
0	0.0
0	0.0
0	0.0
0	0.0
0	0.0
0	0.0
0	0.0
0	0.0
0	0.0
0	0.0
0	0.0
0	0.0
0	0.0
0	0.0
0	0.0
0	0.0
0	0.0
0	0.0
0	0.0
0	0.0
0	0.0
0	0.0
0	0.0
0	0.0
0	0.0
0	0.0
0	0.0
0	0.0
0	0.0
0	0.0
0	0.0
0	0.0
0	0.0
0	0.0
0	0.0
0	0.0
0	0.0
0	0.0
0	0.0
0	0.0
0	0.0
0	0.0
0	0.0
0	0.0
0	0.0
0	0.0
0	0.0
0	0.0
0	0.0
0	0.0
0	0.0
0	0.0
0	0.0
0	0.0
0	0.0
0	0.0
0	0.0
0	0.0
0	0.0
0	0.0
0	0.0
0	0.0
0	0.0
0	0.0
0	0.0
0	0.0
0	0.0
0	0.0
0	0.0
0	0.0
0	0.0
0	0.0
0	0.0
0	0.0
0	0.0
0	0.0
0	0.0
0	0.0
0	0.0
0	0.0
0	0.0
0	0.0
0	0.0
0	0.0
0	0.0
0	0.0
0	0.0
0	0.0
0	0.0
0	0.0
0	0.0
0	0.0
0	0.0
0	0.0
0	0.0
0	0.0
0	0.0
0	0.0
0	0.0
0	0.0
0	0.0
0	0.0
0	0.0
0	0.0
0	0.0
0	0.0
0	0.0
0	0.0
0	0.0
0	0.0
0	0.0
0	0.0
0	0.0
0	0.0
0	0.0
0	0.0
0	0.0
0	0.0
0	0.0
0	0.0
0	0.0
0	0.0
0	0.0
0	0.0
0	0.0
0	0.0
0	0.0
0	0.0
0	0.0
0	0.0
0	0.0
0	0.0
0	0.0
0	0.0
0	0.0
0	0.0
0	0.0
0	0.0
0	0.0
0	0.0
0	0.0
0	0.0
0	0.0
0	0.0
0	0.0
0	0.0
0	0.0
0	0.0
0	0.0
0	0.0
0	0.0
0	0.0
0	0.0
0	0.0
0	0.0
0	0.0
0	0.0
0	0.0
0	0.0
0	0.0
0	0.0
0	0.0
0	0.0
0	0.0
0	0.0
0	0.0
0	0.0
0	0.0
0	0.0
0	0.0
0	0.0
0	0.0
0	0.0
0	0.0
0	0.0
0	0.0
0	0.0
0	0.0
0	0.0
0	0.0
0	0.0
0	0.0
0	0.0
0	0.0
0	0.0
0	0.0
0	0.0
0	0.0
0	0.0
0	0.0
0	0.0
0	0.0
0	0.0
0	0.0
0	0.0
0	0.0
0	0.0
0	0.0
0	0.0
0	0.0
0	0.0
0	0.0
0	0.0
0	0.0
0	0.0
0	0.0
0	0.0
0	0.0
0	0.0
0	0.0
0	0.0
0	0.0
0	0.0
0	0.0
0	0.0
0	0.0
0	0.0
0	0.0
0	0.0
0	0.0
0	0.0
0	0.0
0	0.0
0	0.0
