2	0.21293705124735912
3	0.010654504778049044
4	0.06885268597508207
7	0.2689665745761496
8	0.28179641015645623
9	0.2711125851038425
11	0.02961807863004387
12	0.22409152334665125
15	0.02626854285109842
16	0.005776624147706529
17	0.5069468301390547
18	0.04810803898495409
19	0.2207566429007674
20	0.7377802638300665
22	0.0381189010631676
23	0.013934371974161017
25	0.25317176422627363
27	0.015483355348088663
28	0.27414191687745143
30	0.2778923141798076
31	0.028982943609365486
32	0.528617884192499
33	0.23937252007628246
36	0.28637713717495
37	0.03200902270416438
38	0.014075250906548736
39	0.44823468042502773
40	0.25496141526339133
41	0.26427371644065933
42	0.013547284722105375
44	0.012963173020369739
45	0.24392721513250487
46	0.285233389529126
47	0.3362435566382287
48	0.25330959430160216
50	0.04778231923619133
51	0.2673357779684738
52	0.5405310153819025
53	0.49632985397048307
54	0.069016932960566
55	0.49708407703699353
56	0.053260845002766
57	0.06562459777910033
60	0.26524671131974176
61	0.42906931689321254
64	0.29010121329681915
65	0.45252228980466813
66	0.5114829569488686
67	0.5069540420404186
68	0.31104538656299885
69	0.027970752371826987
70	0.022534343484632548
71	0.2789163423298065
72	0.037184678787495595
74	0.029634515735123955
75	0.4940016696341034
76	0.04083857633014179
78	0.2468609475475128
79	0.026470919102178025
80	0.013123607579190791
81	0.5376032038097758
83	0.47096904762295255
84	0.4906301413622266
86	0.33963171968012196
87	0.025738021708149452
89	0.02622980501072537
91	0.2510326568141874
93	0.23140825682062716
94	0.027070077472997965
95	0.02401238649249511
96	0.2787714439404203
98	0.49654108829425225
99	0.2681079043888181
101	0.22531280530266923
102	0.2612445473230198
103	0.03467038214557491
104	0.6508818534205796
106	0.43784776044677376
107	0.012880203693477872
108	0.10650922087080085
109	0.009412098519854452
110	0.006154197477569508
111	0.21532772748055756
112	0.2620647467008454
113	0.00924670118149535
114	0.031742744588860186
116	0.005022861198492101
117	0.024423189257689586
118	0.03330095688501404
119	0.048305665874701934
122	0.287487667532552
124	0.5358890143250875
125	0.2541234387227768
126	0.26882662308873234
127	0.2753096009874016
128	0.48959703454795744
130	0.05430936276365272
131	0.0030757966711959343
132	0.029090722637973354
133	0.2681301253783947
134	0.004037245092599857
135	0.019468902346497265
137	0.4837518866729945
138	0.015593282004357854
139	0.037927540710571125
140	0.05469637141603593
141	0.4408404758638974
142	0.25789800976545263
143	0.2168692007435804
146	0.23109441968570987
147	0.026531554750988454
148	0.22535419072662224
150	0.22310009955285282
151	0.004578169079105427
152	0.25681976768217385
153	0.35904312843561687
155	0.16946080451093035
156	0.043254782745281106
157	0.4962067244147645
158	0.061225901332453446
159	0.4949383641582768
161	0.2670668754920419
162	0.2498178375385753
163	0.5534833662514416
164	0.2335077336811584
165	0.24978806312101987
166	0.35652248344116977
169	0.7705450396764312
170	0.4547838694530024
171	0.4907335305815932
172	0.19144823763293872
173	0.01898779961871558
175	0.22246871534119103
176	0.03948907239067657
178	0.023950530484914405
182	0.02562087635089485
186	0.22196356231126005
187	0.2616886305743597
188	0.009571583860675262
190	0.21325357091087774
191	0.512974553069441
192	0.24134008176893024
194	0.2748327313619776
195	0.05970991797069019
196	0.03573651881924908
197	0.20508979272436365
198	0.015661608550218538
199	0.5508394737133627
200	0.2741086323457759
202	0.32608549481053184
203	0.011993832841043987
205	0.14134561890071148
208	0.009905092642769897
210	0.02067119269517486
211	0.2276716162305678
213	0.2642549595864562
214	0.050313589724514746
215	0.04256317185354892
216	0.026059377206048576
217	0.04263606043316391
219	0.03971556058695698
220	0.5515958637882672
221	0.01765230432527133
223	0.01726786299654027
224	0.24587590991844793
225	0.049389485004138714
227	0.29528664152686906
228	0.07470045989103784
229	0.23475220741841146
230	0.2208310551937387
231	0.7405762116878872
233	0.03871623627711833
234	0.02338476801241586
237	0.016771669380595537
238	0.2586328264580139
239	0.04606245147122055
241	0.19068093984611476
242	0.3083721680192012
245	0.706805109534978
246	0.03162495908538177
247	0.052624945524246285
248	0.2237039820343214
250	0.271125236617336
254	0.25812806080297424
257	0.2751367678951834
258	0.2448714282211177
259	0.08382554778862594
260	0.06183544287110838
261	0.25810840273392355
262	0.06624812527931419
264	0.5162085154308904
268	0.03387787202019807
270	0.0482688453248364
272	0.2056390174643627
273	0.2630323811955536
274	0.2550228238070241
275	0.26564835036489653
277	0.2767283863038035
278	0.029381084707699772
279	0.22381026250358443
280	0.07067695197583611
281	0.2553312436875108
282	0.253154377211956
285	0.17593820576770952
286	0.037530878576303606
287	0.26098139368619944
289	0.622367274499446
290	0.21897946115907668
291	0.02792733696163774
294	0.020097286607468116
295	0.03165414822493651
299	0.019890196505069693
300	0.35700332437056337
301	0.29568245400259763
302	0.4838780772763999
304	0.29427650905042063
306	0.2889073494616545
307	0.25131148800909825
309	0.5209798962125373
310	0.20151300285083537
311	0.002132129554290825
314	0.2453301691794505
315	0.10215440603025652
317	0.0027983671474571606
318	0.2685753418703929
319	0.021540687227461143
323	0.011308498686125927
325	0.04254670864706671
326	0.009608442034875684
327	0.0324019480661577
329	0.012426770509427313
331	0.18953301134797346
333	0.5316092562121753
336	0.7456746315833314
337	0.2693579713045754
338	0.27721445662778144
340	0.4697146799409093
341	0.07718866967623271
345	0.2752534555345541
348	0.2622290296189324
351	0.48700640161181313
352	0.05766207978232081
353	0.041248842337130526
354	0.00803243005526564
355	0.06060666340717656
356	0.5298795974150676
357	0.03581098809654662
358	0.050350955787412485
359	0.059092689141752267
361	0.05852813282889162
364	0.032333905122113454
365	0.2334134564499042
366	0.04838831174449376
369	0.49026017069510314
371	0.2712775154414555
372	0.25788335545802593
375	0.03416078010991058
376	0.5037867624777165
378	0.03076413033142269
381	0.025612356801858235
383	0.021468629405151506
384	0.043272018850659975
386	0.06797834911162481
388	0.20350954255727055
390	0.03330095688501405
391	0.017165036954352238
392	0.07387539119390943
393	0.26625287420666816
394	0.04169689642633402
395	0.04932471929604352
396	0.22861639584809149
398	0.016948381744319486
400	0.5366623021846124
401	0.01233151632533469
402	0.026959486335697197
403	0.00035471317214636616
405	0.3414270756147106
408	0.5028482397399969
409	0.05664152148910251
410	0.02220988166991175
412	0.5582155480242005
413	0.5214627784484634
415	0.05856576793610215
416	0.0018780636251534907
417	0.039680140053428244
418	0.5389932382117929
419	0.22584780366471716
420	0.028001943306308067
421	0.24660606474007468
423	0.03250604620246058
424	0.023455435228067943
426	0.018712870935249537
427	0.014801161100666677
430	0.01325951392904056
431	0.27111717733143337
432	0.03093334363384877
436	0.024021741144193455
438	0.3247422959449163
439	0.2584516757631645
440	0.29316158042609547
441	0.026735574919746003
442	0.057936558105610735
444	0.22154128588589667
446	0.5177685055553007
448	0.46042314109231725
449	0.07812147727487101
451	0.26160876125572413
454	0.013175967303233092
459	0.25888614323500336
460	0.04377186564116212
461	0.34747891373379947
462	0.24958543853748394
464	0.036933674040440116
465	0.29652318325687704
466	0.2807037011490837
468	0.2983797884075933
470	0.2586475037435295
471	0.24542192584115663
472	0.022064890010913666
473	0.255858222885036
474	0.02615384320147956
475	0.033189832134315395
476	0.012103732838626497
477	0.49866750798265597
478	0.08587725915780539
481	0.006744229730165557
482	0.23903238203153593
483	0.29067129246989565
484	0.07820589509310316
488	0.2823043748721532
489	0.46041926160069857
492	0.24392139461754211
494	0.24637667465831642
495	0.022449867750443907
497	0.015483527019743475
499	0.023565780770816412
504	0.03962614760134582
507	0.028320421913014995
509	0.0006150331160546668
510	0.26585059489813834
513	0.20725939224418427
515	0.48576257933469935
516	0.01787105059975331
517	0.5257082584058032
518	0.46701880259980033
519	0.26475565160521497
520	0.2935183692780755
521	0.27794002923111744
523	0.2530187364655978
529	0.0141618343336982
530	0.031085840396579488
532	0.03571863597631382
533	0.26490284864091507
536	0.0267692887978765
540	0.019502153480436074
541	0.008415017281308182
543	0.014124431084035848
545	0.005723427903192708
546	0.26475241711356046
547	0.2682131918454369
548	0.21773592089975158
550	0.26038578931952816
551	0.02816436836959061
552	0.28882554377125713
554	0.5251665059021287
555	0.2578836738488496
556	0.263344020987225
557	0.031229560560947518
558	0.036543094866770605
559	0.48147916131171026
563	0.5032792047242198
564	0.027806050408671432
565	0.513054144735524
566	0.04205600539742689
568	0.019801226483148946
571	0.2808525356062496
575	0.263242555876941
576	0.2630941158069413
578	0.24373716052379843
580	0.28261089332912986
581	0.009076544709181004
582	0.2569779978463113
587	0.29522577097939867
591	0.0365783479601558
593	0.031162146497527226
594	0.4873762874289602
595	0.023269990216965117
596	0.20462426633810124
597	0.522510024233298
599	0.021062983103185613
603	0.02082135433948984
604	0.2011264489014215
609	0.6289457822211282
611	0.2718108340950772
612	0.5061718135633998
615	0.28281563545186106
616	0.28743417980822644
618	0.2370395563574651
619	0.4637674875171331
620	0.2480295273133232
621	0.24961833292448155
622	0.04106293539735728
623	0.23737909469633695
628	0.016107528058512274
629	0.009430971857800539
631	0.33521057742455357
632	0.26256188818644854
633	0.23600192165907144
636	0.49555577484837265
638	0.038147550590007594
640	0.043129309536118404
642	0.2565312130258051
644	0.4768080685260233
645	0.00350119308769499
646	0.23225785572760135
648	0.232292287764995
650	0.012216526816090072
652	0.259920364105668
655	0.036481538808896784
656	0.23235304071024507
660	0.020053577709025862
662	0.23669703889983756
663	0.5046823158217008
667	0.27236511629131804
670	0.19633480988448482
671	0.22147471671700625
672	0.25645526745992064
673	0.2718330901352221
675	0.12131542172988354
677	0.009671264456670749
679	0.26893400466315975
680	0.015157509925131884
681	0.4391102037393346
684	0.2752461162542033
687	0.2866880609496891
688	0.28002666054531467
689	0.2787147183187528
690	0.035947661808249064
691	0.02535164834929078
692	0.03541996983056386
694	0.2555698612191786
695	0.05018484825687355
697	0.03605194586872837
698	0.2661456274784582
699	0.308376789395867
700	0.03211926522744579
701	0.31138997913962524
702	0.21980141413467083
703	0.26890425109594523
704	0.00602290996864762
706	0.23644079007899224
707	0.2557209656497428
708	0.2566577908308651
709	0.026425719179593375
710	0.03078247401284536
711	0.03337517343414573
712	0.23466913032166048
714	0.49064784907349274
715	0.00937053121974353
717	0.05563183738698924
718	0.48599444232878597
719	0.0166735705339053
722	0.04864661160370355
723	0.5095925461019795
725	0.02942551197694562
726	0.16868020142187926
728	0.24551716073850927
729	0.4799947697503278
730	0.2853297585957471
731	0.2704082241798376
739	0.24173429873234337
750	0.0058806633338854795
751	0.004892532480620007
753	0.012071359664458887
754	0.28810057269615597
760	0.29538562733961254
761	0.2274715885841944
762	0.2456135584579042
766	0.04158488280740998
767	0.050075100003556805
770	0.06061810091680116
772	0.2708289204539436
773	0.014952267991274082
775	0.007830228166744696
776	0.22737598865816006
777	0.07118213958205291
778	0.225273965663918
779	0.26513139298360866
781	0.2592730181638929
782	0.007504366439418729
783	0.22849986639377345
784	0.2628952006013466
785	0.28256421524411757
786	0.025471973068290295
787	0.05088933580347563
789	0.5317597478186633
790	0.024701082133489358
791	0.3330917902893702
792	0.032294467914592555
794	0.048775515733185976
795	0.04363757078962247
796	0.23978660056500678
797	0.3610702367087178
798	0.47212124096840236
799	0.5396934880805558
800	0.25681553162953724
801	0.24444952251246288
802	0.2702759490557781
803	0.06247215591651079
804	0.263206216557696
806	0.004353812095650486
810	0.28492383664288434
811	0.48109611475339126
812	0.002186403220902959
813	0.28310500536241373
814	0.0722731546119479
815	0.044140107061742005
816	0.2408424065699688
821	0.02865239670875181
824	0.20474821601187826
825	0.47395811356193124
826	0.03916828792028442
828	0.027144425249665247
829	0.009230156527911496
831	0.28880465892988866
832	0.2876060151382906
834	0.25894510874829946
835	0.04743524255584094
836	0.0014408287456936994
837	0.2647313525839178
838	0.2861774360533216
842	0.040058990489296994
843	0.24849442607545105
847	0.516629112238222
849	0.26197356027748775
850	0.008113154857140405
851	0.04830007955931755
854	0.030316175899526045
855	0.2718314942145499
856	0.2686544378816732
857	0.1717743379813348
858	0.04645720230510689
859	0.04906077669440781
860	0.05262983158243416
861	0.07183383251524905
862	0.05817469971282345
863	0.02128819186705327
866	0.25083325306625054
867	0.028385477511367666
868	0.030154802431254808
871	0.245415859870457
872	0.5069865829466459
873	0.05992955315366565
875	0.0018652043913171198
876	0.24451836000890972
877	0.059224267512501184
878	0.01676790456124761
879	0.05222368799952402
881	0.24055896461926923
882	0.03492325293585871
884	0.05357687000517562
885	0.19068129749344884
888	0.031486972914932895
889	0.020439315386937988
890	0.007473119163189733
891	0.08832715125094592
892	0.017449042345643956
895	0.2708212469236306
897	0.009737882319267362
898	0.3053546861016174
900	0.0012669602345775494
902	0.0056222647306205485
903	0.05601254669677915
904	0.08284948548948246
905	0.213114026001968
906	0.0478695128480449
909	0.2533085441251939
912	0.03236137835640976
913	0.01640911025191024
914	0.5537296384709487
917	0.27604892887471094
918	0.24744264813666972
920	0.31432855011149596
921	0.28611928497111067
924	0.02791999121034199
925	0.2675568587947266
927	0.24524850546707863
929	0.03398871275885884
930	0.07970167011446908
934	0.021225783764488894
935	0.2599531195704987
937	0.21532772748055756
938	0.01545915010183186
939	0.03913552403801289
942	0.02336844240260561
943	0.2682501608756728
0	0.0
0	0.0
0	0.0
0	0.0
0	0.0
0	0.0
0	0.0
0	0.0
0	0.0
0	0.0
0	0.0
0	0.0
0	0.0
0	0.0
0	0.0
0	0.0
0	0.0
0	0.0
0	0.0
0	0.0
0	0.0
0	0.0
0	0.0
0	0.0
0	0.0
0	0.0
0	0.0
0	0.0
0	0.0
0	0.0
0	0.0
0	0.0
0	0.0
0	0.0
0	0.0
0	0.0
0	0.0
0	0.0
0	0.0
0	0.0
0	0.0
0	0.0
0	0.0
0	0.0
0	0.0
0	0.0
0	0.0
0	0.0
0	0.0
0	0.0
0	0.0
0	0.0
0	0.0
0	0.0
0	0.0
0	0.0
0	0.0
0	0.0
0	0.0
0	0.0
0	0.0
0	0.0
0	0.0
0	0.0
0	0.0
0	0.0
0	0.0
0	0.0
0	0.0
0	0.0
0	0.0
0	0.0
0	0.0
0	0.0
0	0.0
0	0.0
0	0.0
0	0.0
0	0.0
0	0.0
0	0.0
0	0.0
0	0.0
0	0.0
0	0.0
0	0.0
0	0.0
0	0.0
0	0.0
0	0.0
0	0.0
0	0.0
0	0.0
0	0.0
0	0.0
0	0.0
0	0.0
0	0.0
0	0.0
0	0.0
0	0.0
0	0.0
0	0.0
0	0.0
0	0.0
0	0.0
0	0.0
0	0.0
0	0.0
0	0.0
0	0.0
0	0.0
0	0.0
0	0.0
0	0.0
0	0.0
0	0.0
0	0.0
0	0.0
0	0.0
0	0.0
0	0.0
0	0.0
0	0.0
0	0.0
0	0.0
0	0.0
0	0.0
0	0.0
0	0.0
0	0.0
0	0.0
0	0.0
0	0.0
0	0.0
0	0.0
0	0.0
0	0.0
0	0.0
0	0.0
0	0.0
0	0.0
0	0.0
0	0.0
0	0.0
0	0.0
0	0.0
0	0.0
0	0.0
0	0.0
0	0.0
0	0.0
0	0.0
0	0.0
0	0.0
0	0.0
0	0.0
0	0.0
0	0.0
0	0.0
0	0.0
0	0.0
0	0.0
0	0.0
0	0.0
0	0.0
0	0.0
0	0.0
0	0.0
0	0.0
0	0.0
0	0.0
0	0.0
0	0.0
0	0.0
0	0.0
0	0.0
0	0.0
0	0.0
0	0.0
0	0.0
0	0.0
0	0.0
0	0.0
0	0.0
0	0.0
0	0.0
0	0.0
0	0.0
0	0.0
0	0.0
0	0.0
0	0.0
0	0.0
0	0.0
0	0.0
0	0.0
0	0.0
0	0.0
0	0.0
0	0.0
0	0.0
0	0.0
0	0.0
0	0.0
0	0.0
0	0.0
0	0.0
0	0.0
0	0.0
0	0.0
0	0.0
0	0.0
0	0.0
0	0.0
0	0.0
0	0.0
0	0.0
0	0.0
0	0.0
0	0.0
0	0.0
0	0.0
0	0.0
0	0.0
0	0.0
0	0.0
0	0.0
0	0.0
0	0.0
0	0.0
0	0.0
0	0.0
0	0.0
0	0.0
0	0.0
0	0.0
0	0.0
0	0.0
0	0.0
0	0.0
0	0.0
0	0.0
0	0.0
0	0.0
0	0.0
0	0.0
0	0.0
0	0.0
0	0.0
0	0.0
0	0.0
0	0.0
0	0.0
0	0.0
0	0.0
0	0.0
0	0.0
0	0.0
0	0.0
0	0.0
0	0.0
0	0.0
0	0.0
0	0.0
0	0.0
0	0.0
0	0.0
0	0.0
0	0.0
0	0.0
0	0.0
0	0.0
0	0.0
0	0.0
0	0.0
0	0.0
0	0.0
0	0.0
0	0.0
0	0.0
0	0.0
0	0.0
0	0.0
0	0.0
0	0.0
0	0.0
0	0.0
0	0.0
0	0.0
0	0.0
0	0.0
0	0.0
0	0.0
0	0.0
0	0.0
0	0.0
0	0.0
0	0.0
0	0.0
0	0.0
0	0.0
0	0.0
0	0.0
0	0.0
0	0.0
0	0.0
0	0.0
0	0.0
0	0.0
0	0.0
0	0.0
0	0.0
0	0.0
0	0.0
0	0.0
0	0.0
0	0.0
0	0.0
0	0.0
0	0.0
0	0.0
0	0.0
0	0.0
0	0.0
0	0.0
0	0.0
0	0.0
0	0.0
0	0.0
0	0.0
0	0.0
0	0.0
0	0.0
0	0.0
0	0.0
0	0.0
0	0.0
0	0.0
0	0.0
0	0.0
0	0.0
0	0.0
0	0.0
0	0.0
0	0.0
