2	0.193697297850565
3	0.15831209962613713
4	0.21187883256622325
6	0.20260496946199794
8	0.2092733053726117
9	0.12391996196994098
11	0.3860912763968966
12	0.4577121392387531
13	0.15006228493053145
15	0.24422627379829648
17	0.7084870754340136
19	0.4356711307797062
20	0.2644971140973794
22	0.17733890637859637
23	0.23277234891828175
25	0.4753110456705708
26	0.1439380086745054
27	0.47887824089178893
28	0.507981048472881
29	0.4182454074318577
32	0.22660199284265153
34	0.3563149565802365
35	0.2290238549892282
37	0.2236942294119035
39	0.21237503746113384
40	0.49254062116408437
46	0.46658119289654565
47	0.1950959555897751
48	0.19807658106806958
50	0.4096619500816475
53	0.26926109072294124
54	0.20303049164371853
55	0.5013691424979851
57	0.16287113739678236
58	0.15741633149996087
60	0.24282879079189104
61	0.4139264036266056
63	0.17873159966824845
65	0.22888968909685006
66	0.5052246207413895
67	0.4966921609674506
68	0.18214275589569934
70	0.4936824884235626
71	0.7667934326705704
72	0.2630387172642747
74	0.4899582355991465
76	0.4255803723765649
77	0.3899810194220587
79	0.1885566540008488
80	0.6205066181411873
83	0.20928167851330354
84	0.46578910201777207
86	0.4593680193111401
88	0.39517509649985294
92	0.18738145056284328
93	0.15253002824992518
95	0.21793726181786088
100	0.206239862944741
102	0.1837392941861013
103	0.4224461763953822
105	0.38395051296217303
106	0.23154725293961465
107	0.18914937560416878
108	0.16775121971595425
110	0.17428271419565086
111	0.18940530801251712
112	0.5122458134198626
113	0.12598758678690292
115	0.20006144474069434
117	0.1842820466502843
119	0.19830283921414016
122	0.4423290606402843
124	0.5434804490878915
126	0.11693884327342331
127	0.11988818810493675
128	0.49326236876284446
129	0.10137919163278214
130	0.18199576237725323
131	0.44953163013119535
132	0.4814770238348696
133	0.18652439599925594
134	0.11650739106325053
135	0.47316660782382125
136	0.15176051857742592
137	0.18435988294455297
139	0.47615641573799505
141	0.47420825134960737
142	0.18622636749278187
144	0.16211006569458905
146	0.23311669322498085
147	0.38333076758344803
148	0.4512672029578061
149	0.17497188649026757
150	0.2256323133167715
152	0.2032882476171322
153	0.38481429647662213
154	0.1510428804499255
155	0.3614942119153815
156	0.17617304988262084
157	0.18640228223731048
158	0.15182464501032145
159	0.268869106341906
162	0.24362667049920045
163	0.7067200515427073
164	0.23789178957691093
165	0.16261098935026663
166	0.7231451778790992
167	0.2069677214020693
169	0.2879020553667151
170	0.22091617139249928
171	0.4756073328949819
172	0.1465745124015167
173	0.489906661736659
174	0.2130396815543758
176	0.7216735297031778
179	0.223603267967112
180	0.2670668754920419
182	0.22130158766001962
183	0.6377178078357727
185	0.12501999749896597
186	0.43203778002915455
187	0.4495098193778439
190	0.1834285025957364
191	0.5812586471086871
192	0.41427475321597285
193	0.19845455052272407
194	0.49888795114346435
195	0.12889703845384812
196	0.3898649850357403
199	0.5196882492088066
202	0.23980367977436776
203	0.3811684178571966
204	0.4405927879409317
205	0.4072136147234955
208	0.3764348999694983
210	0.24318681464251185
212	0.45135289862263794
213	0.4796659523524768
215	0.1636074426201492
216	0.2462931842079195
217	0.27016518687105096
218	0.18374560186567684
219	0.18396746831676627
220	0.46700355287759837
221	0.4756305911624784
225	0.43153765629197965
227	0.47259298768614233
228	0.08956445987198497
229	0.48648249376016217
233	0.4459606640767958
237	0.19708172079921854
240	0.1656947708988316
241	0.6913684015405581
242	0.5419242177994608
243	0.13416389498871567
244	0.19077802230017354
246	0.15462658450940125
247	0.45686055545098125
249	0.18541113169418055
251	0.161367174302491
252	0.16966408987822146
254	0.1728118340700268
255	0.014504246500156078
257	0.19281978566584068
258	0.6601698762491891
260	0.19017135125596737
261	0.7619082736508618
262	0.46982069691235745
263	0.17685518608194734
266	0.5096825669397712
273	0.5230578125307012
275	0.13665750184625347
276	0.17247837861885099
277	0.744624576394306
278	0.19922030508969504
279	0.18301159901871167
280	0.17637737011751944
281	0.20796453307651863
282	0.4452457885425186
283	0.11176583721678657
284	0.19922093524110973
287	0.17126475304360572
288	0.23266459874028467
289	0.3676430231942994
290	0.208500986302283
291	0.19631674396129087
294	0.146265001732208
295	0.17521297774608505
300	0.5327787640636596
304	0.752414774683561
306	0.3662628821673646
315	0.19281355794716598
316	0.16845360720214292
318	0.49878621868454276
319	0.5023529465467237
320	0.19707971547221956
322	0.18645624963106852
325	0.1851842544976967
331	0.19750680392318837
335	0.15573231311839938
336	0.23348495969428537
337	0.19404373034656414
338	0.4964782151404133
341	0.4628803571216427
346	0.19682055038697183
349	0.4798627939869765
350	0.12139847030154283
351	0.23547697719928462
352	0.20076137937442146
353	0.7495804955656516
354	0.22615694014779583
355	0.4276552488600007
356	0.19505948781881283
357	0.4994810749389469
359	0.4288079981197559
364	0.4800498532793306
365	0.22772361886965833
366	0.4570668122443269
368	0.20964103548868182
369	0.21568385788792943
371	0.22653040971966037
372	0.4966694135735992
374	0.19836372597825386
376	0.2343867326099972
377	0.14681561395072606
381	0.1455725453658919
382	0.14914412241248004
384	0.4216508126169048
392	0.178554947452844
394	0.17300832246182696
400	0.1621318591122065
401	0.4535053747495016
404	0.10826697663886782
408	0.21022079157929496
410	0.4212363168138421
413	0.19712957853576057
414	0.15061638514368142
415	0.4387383237908004
418	0.1802094401556291
419	0.48620491485605777
422	0.15311777291150566
424	0.15728957855906037
426	0.48392247277325773
430	0.23037303503021017
431	0.5034475651687851
432	0.21728457135732487
433	0.41876479449353365
434	0.42579271591139434
437	0.11217409568087462
439	0.48901558885254526
443	0.2085154907821603
444	0.5119141774275774
449	0.18619172822711835
450	0.19900940304553547
453	0.16408840072123676
456	0.18496971640572973
462	0.45194106780814497
464	0.16130267113616892
466	0.24344395216290085
470	0.17487045511264024
471	0.1674340786878751
473	0.21432146461012302
475	0.19578320800502658
477	0.7319052251314144
478	0.18145492169376165
482	0.21199045689378435
483	0.4190541174021016
484	0.2074215627418735
487	0.19756672027827082
496	0.15636674564770417
497	0.4771581710928
499	0.4811458241006156
502	0.1784473752976279
504	0.2647156951315241
505	0.2068754459277607
510	0.5187020921564395
511	0.42579378545275515
513	0.20926146350524963
516	0.23946687732543456
520	0.15626068698415066
522	0.18108122191392623
526	0.08507057384398822
529	0.14526411760393018
530	0.7451715460078374
531	0.16860127514011147
537	0.18333279581491954
539	0.11535738783364605
543	0.2330104142293347
544	0.1499227380300628
545	0.1932233336201653
552	0.19171866093167048
554	0.1701641941681859
555	0.4053803954835076
557	0.1947537040188217
558	0.7560429407071828
559	0.25744493802098983
563	0.19704533643910427
564	0.13972653301273602
565	0.24920636907156601
566	0.4978778531772158
570	0.13215578325630684
572	0.3970701479280907
575	0.21595499049792422
578	0.19428245304438208
581	0.2346292787935997
583	0.18334807141322024
585	0.4163202723024336
586	0.20172441624843576
587	0.2432375642432156
590	0.17457563565547912
591	0.2588397083702281
594	0.2426924523584723
596	0.1944141514601761
598	0.19388161012966526
599	0.4932811403664586
600	0.21055569606968916
603	0.18308658428908908
607	0.19934533411601774
609	0.5757285403204638
610	0.20225297524269573
611	0.25079668629173885
612	0.48823040679469826
616	0.1845549074433305
621	0.2326086034378792
622	0.18051139065376468
624	0.19338551334829726
626	0.17554059897221574
630	0.19694291542811082
631	0.49172916826527313
638	0.17641463966283852
644	0.1917320241648876
645	0.21820032604016706
646	0.17652790830857729
651	0.15089030494363084
656	0.3188241427102777
657	0.4230703387786431
660	0.19661138237787312
662	0.7121667629334874
663	0.2501079852456196
667	0.2603584969730327
671	0.14285548589823532
672	0.1804038252637708
673	0.5019207365850338
674	0.1879058492205536
675	0.43649141720145723
679	0.19426991467202886
681	0.22434592072893006
686	0.19249983606424298
687	0.4504331628280426
688	0.19361440731935298
691	0.48734476076483113
693	0.15814713846251982
695	0.10200629549970641
697	0.1827603704614004
701	0.2050329703157851
704	0.4496629832288763
705	0.19371252701998187
707	0.24313387576609774
710	0.2548149668813273
711	0.1799550494456837
712	0.21188216313009695
715	0.46579609035460123
716	0.1756512623123445
717	0.19760334634367688
718	0.46631867195975024
719	0.23668761202815594
720	0.21793057651821904
722	0.14920194436638062
723	0.17149170708572545
725	0.17272155416347565
728	0.23085664931286748
729	0.43681493373785096
730	0.15097239296634837
731	0.4242836696999326
736	0.16297848292325606
737	0.18756308944603614
738	0.17132864240250942
740	0.20374197742511446
742	0.18858290408270018
743	0.16967806279708592
745	0.2144608201283322
754	0.2045240036646986
755	0.21481862060025178
760	0.13882591630733299
761	0.19880331788740818
765	0.47349693767369905
767	0.1712152665369433
769	0.39300961990698025
770	0.18768122625824668
775	0.14676502293667135
777	0.181257535615727
784	0.24633360319686376
788	0.1741232005371993
789	0.22944870936911066
790	0.1747630437531194
794	0.4197139821473915
796	0.2036078167630037
799	0.18106265041446806
801	0.7494846315325022
804	0.24684686240312548
807	0.2069384558393812
808	0.401560813188442
812	0.43793738441082875
813	0.25262757189457635
814	0.5397555392404785
815	0.18559488575531113
816	0.49622330013576754
817	0.15379359746797486
822	0.43360871168255666
824	0.19505373617384486
826	0.16940304584197174
827	0.42561029854236243
830	0.15686665890154122
832	0.21593773706285357
838	0.19832673584540406
842	0.411961641107914
844	0.15682761082392274
845	0.3247817761478107
847	0.49911967595480755
848	0.1394289605444442
855	0.46019545170597453
856	0.49207433696535285
857	0.4210572841153162
858	0.21040159473663325
859	0.773426084270749
860	0.18126435055088058
861	0.39249647677245014
862	0.1932834890350228
866	0.5533996815224371
872	0.22953129757702073
873	0.170849370106321
876	0.17714104763613078
878	0.2360861799305492
879	0.4074682243211694
881	0.22443353867015003
884	0.10656202096664716
888	0.42896070975018546
890	0.22465808080290947
891	0.41108898455411635
892	0.23615933824081314
901	0.1861719738380399
902	0.46664456959953166
904	0.4116952225746553
905	0.1893820491771947
906	0.20630084072395802
909	0.444814997779652
910	0.40734873611400135
911	0.18983378539683368
912	0.15793452840266645
913	0.23491557301493413
914	0.7898485117855092
915	0.42477670010755414
916	0.14816882169625556
917	0.4852170337826248
918	0.2461260239948586
920	0.1867335253557849
923	0.1926366089049397
925	0.2556967727253688
926	0.11420432514619575
928	0.1873573241361867
930	0.7739906816768175
931	0.18158496748310224
935	0.5074393685668899
936	0.1963288222316936
939	0.4536253708230415
941	0.1772214595087366
943	0.25624288533764406
0	0.0
0	0.0
0	0.0
0	0.0
0	0.0
0	0.0
0	0.0
0	0.0
0	0.0
0	0.0
0	0.0
0	0.0
0	0.0
0	0.0
0	0.0
0	0.0
0	0.0
0	0.0
0	0.0
0	0.0
0	0.0
0	0.0
0	0.0
0	0.0
0	0.0
0	0.0
0	0.0
0	0.0
0	0.0
0	0.0
0	0.0
0	0.0
0	0.0
0	0.0
0	0.0
0	0.0
0	0.0
0	0.0
0	0.0
0	0.0
0	0.0
0	0.0
0	0.0
0	0.0
0	0.0
0	0.0
0	0.0
0	0.0
0	0.0
0	0.0
0	0.0
0	0.0
0	0.0
0	0.0
0	0.0
0	0.0
0	0.0
0	0.0
0	0.0
0	0.0
0	0.0
0	0.0
0	0.0
0	0.0
0	0.0
0	0.0
0	0.0
0	0.0
0	0.0
0	0.0
0	0.0
0	0.0
0	0.0
0	0.0
0	0.0
0	0.0
0	0.0
0	0.0
0	0.0
0	0.0
0	0.0
0	0.0
0	0.0
0	0.0
0	0.0
0	0.0
0	0.0
0	0.0
0	0.0
0	0.0
0	0.0
0	0.0
0	0.0
0	0.0
0	0.0
0	0.0
0	0.0
0	0.0
0	0.0
0	0.0
0	0.0
0	0.0
0	0.0
0	0.0
0	0.0
0	0.0
0	0.0
0	0.0
0	0.0
0	0.0
0	0.0
0	0.0
0	0.0
0	0.0
0	0.0
0	0.0
0	0.0
0	0.0
0	0.0
0	0.0
0	0.0
0	0.0
0	0.0
0	0.0
0	0.0
0	0.0
0	0.0
0	0.0
0	0.0
0	0.0
0	0.0
0	0.0
0	0.0
0	0.0
0	0.0
0	0.0
0	0.0
0	0.0
0	0.0
0	0.0
0	0.0
0	0.0
0	0.0
0	0.0
0	0.0
0	0.0
0	0.0
0	0.0
0	0.0
0	0.0
0	0.0
0	0.0
0	0.0
0	0.0
0	0.0
0	0.0
0	0.0
0	0.0
0	0.0
0	0.0
0	0.0
0	0.0
0	0.0
0	0.0
0	0.0
0	0.0
0	0.0
0	0.0
0	0.0
0	0.0
0	0.0
0	0.0
0	0.0
0	0.0
0	0.0
0	0.0
0	0.0
0	0.0
0	0.0
0	0.0
0	0.0
0	0.0
0	0.0
0	0.0
0	0.0
0	0.0
0	0.0
0	0.0
0	0.0
0	0.0
0	0.0
0	0.0
0	0.0
0	0.0
0	0.0
0	0.0
0	0.0
0	0.0
0	0.0
0	0.0
0	0.0
0	0.0
0	0.0
0	0.0
0	0.0
0	0.0
0	0.0
0	0.0
0	0.0
0	0.0
0	0.0
0	0.0
0	0.0
0	0.0
0	0.0
0	0.0
0	0.0
0	0.0
0	0.0
0	0.0
0	0.0
0	0.0
0	0.0
0	0.0
0	0.0
0	0.0
0	0.0
0	0.0
0	0.0
0	0.0
0	0.0
0	0.0
0	0.0
0	0.0
0	0.0
0	0.0
0	0.0
0	0.0
0	0.0
0	0.0
0	0.0
0	0.0
0	0.0
0	0.0
0	0.0
0	0.0
0	0.0
0	0.0
0	0.0
0	0.0
0	0.0
0	0.0
0	0.0
0	0.0
0	0.0
0	0.0
0	0.0
0	0.0
0	0.0
0	0.0
0	0.0
0	0.0
0	0.0
0	0.0
0	0.0
0	0.0
0	0.0
0	0.0
0	0.0
0	0.0
0	0.0
0	0.0
0	0.0
0	0.0
0	0.0
0	0.0
0	0.0
0	0.0
0	0.0
0	0.0
0	0.0
0	0.0
0	0.0
0	0.0
0	0.0
0	0.0
0	0.0
0	0.0
0	0.0
0	0.0
0	0.0
0	0.0
0	0.0
0	0.0
0	0.0
0	0.0
0	0.0
0	0.0
0	0.0
0	0.0
0	0.0
0	0.0
0	0.0
0	0.0
0	0.0
0	0.0
0	0.0
0	0.0
0	0.0
0	0.0
0	0.0
0	0.0
0	0.0
0	0.0
0	0.0
0	0.0
0	0.0
0	0.0
0	0.0
0	0.0
0	0.0
0	0.0
0	0.0
0	0.0
0	0.0
0	0.0
0	0.0
0	0.0
0	0.0
0	0.0
0	0.0
0	0.0
0	0.0
0	0.0
0	0.0
0	0.0
0	0.0
0	0.0
0	0.0
0	0.0
0	0.0
0	0.0
0	0.0
0	0.0
0	0.0
0	0.0
0	0.0
0	0.0
0	0.0
0	0.0
0	0.0
0	0.0
0	0.0
0	0.0
0	0.0
0	0.0
0	0.0
0	0.0
0	0.0
0	0.0
0	0.0
0	0.0
0	0.0
0	0.0
0	0.0
0	0.0
0	0.0
0	0.0
0	0.0
0	0.0
0	0.0
0	0.0
0	0.0
0	0.0
0	0.0
0	0.0
0	0.0
0	0.0
0	0.0
0	0.0
0	0.0
0	0.0
0	0.0
0	0.0
0	0.0
0	0.0
0	0.0
0	0.0
0	0.0
0	0.0
0	0.0
0	0.0
0	0.0
0	0.0
0	0.0
0	0.0
0	0.0
0	0.0
0	0.0
0	0.0
0	0.0
0	0.0
0	0.0
0	0.0
0	0.0
0	0.0
0	0.0
0	0.0
0	0.0
0	0.0
0	0.0
0	0.0
0	0.0
0	0.0
0	0.0
0	0.0
0	0.0
0	0.0
0	0.0
0	0.0
0	0.0
0	0.0
0	0.0
0	0.0
0	0.0
0	0.0
0	0.0
0	0.0
0	0.0
0	0.0
0	0.0
0	0.0
0	0.0
0	0.0
0	0.0
0	0.0
0	0.0
0	0.0
0	0.0
0	0.0
0	0.0
0	0.0
0	0.0
0	0.0
0	0.0
0	0.0
0	0.0
0	0.0
0	0.0
0	0.0
0	0.0
0	0.0
0	0.0
0	0.0
0	0.0
0	0.0
0	0.0
0	0.0
0	0.0
0	0.0
0	0.0
0	0.0
0	0.0
0	0.0
0	0.0
0	0.0
0	0.0
0	0.0
0	0.0
0	0.0
0	0.0
0	0.0
0	0.0
0	0.0
0	0.0
