1	0.026200751443294812
2	0.22436179075124213
4	0.012301332747360606
5	0.5625539111608397
6	0.24314611658082577
7	0.03505744260198512
8	0.01799240386936974
10	0.003782021497327981
12	0.24755794899034184
13	0.20636881067561608
14	0.4761591425592332
15	0.041488461178277855
18	0.29349451996770254
20	0.03029207870630274
21	0.2309235518329963
22	0.24838327517853903
23	0.5309862005345546
24	0.544152930219579
25	0.2955270878814812
26	0.2197063430515309
28	0.2678231541916159
29	0.058106893131896195
32	0.023148121969849778
33	0.2769664923455137
34	0.5217105442624156
35	0.5396140790611605
37	0.27905813903981014
39	0.01802610415924121
40	0.012412442998602436
41	0.022504925074389396
42	0.27843332745909666
43	0.2694992803951409
44	0.0017965239490510022
45	0.035647437814712524
46	0.053907881863070765
47	0.025672656807034545
48	0.25127287053454084
51	0.03312470506839783
53	0.04426411179490643
54	0.2562501134939107
55	0.24856998768127517
56	0.052949034826354976
57	0.26806279316225745
58	0.028986063954907798
59	0.27844451279674054
60	0.2691022502693868
62	0.2900423750445232
63	0.21760279427035725
65	0.03872590547951492
66	0.04343179732922693
67	0.26577115122945927
68	0.24694180785361178
70	0.513302445045442
71	0.23028363619432596
72	0.5243885572219401
73	0.3476118726240136
74	0.5093728096091946
75	0.07352514735137067
76	0.03457684996433826
77	0.059670821533995624
79	0.24492181063776244
80	0.5467692431204916
82	0.5058172103828285
83	0.2848296661580559
84	0.24400630455913147
85	0.015309550381006155
87	0.03973896631534512
88	0.32842606342739417
89	0.26730401767665274
91	0.26084253205600355
92	0.5166573447717435
93	0.10365171077423274
95	0.2570403306117614
97	0.008718059341068271
99	0.022205750038516957
100	0.7739950853435692
101	0.01825977433796999
102	0.017553131177821084
103	0.3105715671131223
105	0.28035197479541857
106	0.3102474231161306
107	0.09394348417254876
108	0.03196763792020798
109	0.02566737166211428
110	0.49390801379849936
112	0.5303796386850593
113	0.02602717010182612
115	0.25842213518876944
116	0.04102181883588156
117	0.30378214329873826
118	0.017114165717032642
119	0.032584557244554654
120	0.26845246308083004
121	0.3047117214682429
122	0.017769426662757656
123	0.2500536837351319
124	0.0020756064747402825
125	0.03627993476001573
128	0.26192408568174097
129	0.5142201345408641
130	0.03338639045390031
131	0.307076907146272
132	0.2833858432644255
134	0.270605186970018
135	0.04275930968020802
136	0.3118552107055165
138	0.2805872768906642
139	0.2947944231825817
140	0.04007290282164327
141	0.32837481203832786
142	0.3182668365078275
143	0.2700121369620403
145	0.2638368115224384
146	0.005292648612932528
147	0.016593520519208853
148	0.012282339158668512
149	0.31695676966894915
150	0.03011333514631736
151	0.010887603722396989
152	0.248278003584168
153	0.4156341587122853
154	0.27700735439372803
156	0.04062200856912512
157	0.03988006880197564
158	0.24922522377547082
159	0.2705829150760996
160	0.2349841357657825
161	0.20172441624843576
162	0.26656571601016543
164	0.2688036888683441
165	0.04256873693057944
166	0.030557942241030603
167	0.49963031325366264
168	0.3117538956280648
169	0.019377649802352518
170	0.29657802830182556
171	0.049548057996335285
172	0.28263660898416704
173	0.5229190529077984
174	0.540385364594941
176	0.26523339409436164
177	0.2631707988043142
178	0.014220193507288183
179	0.5189622181407911
182	0.49256215010576
183	0.22290331926875367
184	0.02153082552747523
186	0.25785630588187386
188	0.04229239374379814
190	0.031181563232085905
192	0.07704404515781874
193	0.28612827321936724
194	0.2630822153835044
195	0.2894042554198872
197	0.00990859544773412
198	0.02124855018315311
199	0.22940111853290726
201	0.01675369801315424
202	0.03145201233530437
204	0.3265279417378106
205	0.19390569831277935
206	0.3595217866726919
207	0.00044985510369669607
208	0.08887059635037386
209	0.032027554417383704
210	0.28832208343931726
212	0.08171681104576496
213	0.2756242040589523
214	0.03998306043157274
215	0.26402672416285716
216	0.26851240781184543
217	0.3202208321345837
218	0.5134847888433322
219	0.2626783245999503
221	0.5132785276740838
222	0.2230589628410214
223	0.03252080072301901
225	0.03456104226036378
227	0.4743015765323752
228	0.07510110756591938
229	0.21363060536024742
230	0.0010508863191343448
232	0.016515462817745255
233	0.2638550205281093
234	0.2751670535211519
235	0.27829825935945607
236	0.03697063168354357
237	0.059081640629637375
238	0.2762985010879998
239	0.029017581538892633
240	0.28216839970772134
241	0.3341060027759855
242	0.2558840183844868
243	0.3238038126742465
244	0.29385778805781826
245	0.033974365878132934
246	0.24146547354489428
247	0.03696769084960807
249	0.25894949748290885
252	0.5112804187599607
253	0.48887721691549485
254	0.306923165921214
255	0.5148029070149642
256	0.25000540473547866
257	0.26947107077297094
258	0.23956875423190416
259	0.028517247851737218
260	0.285908658842639
261	0.27284648904129966
262	0.2632970685086077
263	0.03677458336215045
265	0.2557399603121926
266	0.3154667474394978
267	0.23469436456497011
268	0.0228246501645928
269	0.047389353457185444
270	0.03519064054978814
271	0.25784367251731594
272	0.2946326651084888
274	0.2706132168667241
275	0.02763946366897059
276	0.49330790212533526
277	0.31919944040821707
278	0.24678264317382653
280	0.007114478990377062
281	0.22349696454645793
283	0.018748820213952917
284	0.011646188916290472
285	0.2922475817867329
286	0.042190926633072015
287	0.3067419767889974
288	0.28710568675713233
289	0.11840535195439365
290	0.2674871484192747
291	0.5387367934939429
292	0.5433145930489212
294	0.25324598044323293
296	0.7728064464223765
297	0.2815273404359574
298	0.28695271395083893
299	0.04145108129032904
301	0.03633146663122967
302	0.06557962755160265
303	0.26435539619253995
304	0.010432658760186776
305	0.26768586244036185
306	0.01155008825022362
308	0.2556613753478758
309	0.26020129498689376
310	0.05034561744078432
311	0.003318187066835329
312	0.018782373255706947
313	0.2558940012342428
314	0.03305235809991065
316	0.3175959456636923
317	0.052819085286956745
318	0.269674176638573
319	0.5240800435642773
320	0.4996863830690106
321	0.020161621721800825
322	0.22526343799634072
323	0.28726038758216577
324	0.018522118146890698
325	0.2469170481664222
328	0.2726810154091271
329	0.2763054145285184
330	0.01365498882091546
331	0.26569390092344336
332	0.03437315842960724
333	0.032610681600476504
334	0.19491913715357412
335	0.30995522557803384
336	0.001494263465701584
338	0.2805108929220898
339	0.268339742331424
340	0.031812354622201874
342	0.044342776292334234
343	0.25085673564085276
345	0.30830019377217677
346	0.7635492640155787
347	0.4909722742614823
348	0.019758991876675788
349	0.317274827644633
350	0.2903171262620695
351	0.294568705025984
352	0.2846012533949898
353	0.5081148163976109
354	0.30119558328104523
357	0.4995644757464608
358	0.04459489540237263
359	0.24678477943409133
360	0.004755059513385271
361	0.004001199719461661
362	0.31081985584539723
363	0.005109968508835518
364	0.524373424949529
365	0.010068756787491365
366	0.04889806345449198
367	0.2860296102395933
368	0.022718963733367795
369	0.058070604955576324
370	0.037675526700707035
372	0.28215282985738194
373	0.24392823118750784
374	0.19152202876883287
375	0.04846438118461116
376	0.27504633935037814
377	0.07077495264433525
378	0.017374173226712405
379	0.5258737909174517
380	0.2830905949501969
382	0.07288964622097978
384	0.00517849391915361
385	0.24869092313656713
386	0.22801616452331094
387	0.01784187370581852
388	0.0005298970870922896
389	0.28299262993759494
390	0.0266430598319155
392	0.015288138408690786
393	0.028539649966779615
394	0.2269908527184706
397	0.2405423150608825
398	0.01854379741226602
399	0.26907376973945496
401	0.21139396643663508
402	0.03272333359767279
403	0.30933597568623467
404	0.266859788348424
406	0.26353793925866464
407	0.2735462118253975
409	0.0016628794518353182
410	0.2803950894857671
411	0.5334301793647404
413	0.026870021180389562
414	0.2830218690908192
415	0.2809069674739459
417	0.04384278725053601
419	0.535810989941748
420	0.28401071985690357
421	0.2796971795390657
422	0.024949822694540633
423	0.024892590837279592
424	0.35021885875600034
425	0.06616066341620631
426	0.4879910276754162
427	0.039046427480077
428	0.2580891072502548
429	0.28277337294236005
430	0.27321084685344466
431	0.2589429239295262
432	0.2785740706521007
433	0.005241759031036387
434	0.007115236978994587
435	0.528144074750294
436	0.055940400398471694
437	0.03609111464117941
438	0.022601299812040114
439	0.04117790991621159
440	0.27975041880275053
441	0.2754789592545934
442	0.01053330169471084
443	0.48045423372719404
444	0.2767257993324614
445	0.2766922344794157
446	0.0019505350541290413
447	0.0038076185280132707
449	0.26026096654509057
450	0.7625328747406833
451	0.31299490549642695
452	0.18594469755048937
453	0.2686861430217476
456	0.26000668084822176
457	0.0014217880524098614
458	0.27784587891720003
459	0.0011814463967642422
460	0.28129828529170653
462	0.2643928220909644
463	0.0572608242521354
465	0.29217511607499547
466	0.26873585904910813
467	0.039390001378213683
468	0.020684967095590454
469	0.5197651645685758
470	0.02710355603373074
471	0.025144588890360232
472	0.2989574460192558
473	0.26477309008474714
474	0.29745683525335326
475	0.2650240567631419
476	0.2861473663836538
477	0.0011809957087708656
479	0.016347571967491672
480	0.26782740787191445
481	0.2476889014598875
482	0.4901013420758134
483	0.02309025384454303
484	0.2621615922052994
485	0.2568520940390377
486	0.46288437145044137
487	0.5073374177845732
490	0.2594016077115783
491	0.5126534853354537
492	0.302405982153367
495	0.005675070493076931
496	0.3071765535363161
497	0.7586072378641238
499	0.26676421992766164
500	0.2751108981051182
501	0.04394534226681126
502	0.5036385935370787
503	0.025497604465536283
504	0.2555976872784498
505	0.5160956907532217
506	0.008511352475385162
508	0.06016755576590961
510	0.2829575359826715
511	0.30871475964697276
512	0.032830888502659125
513	0.2649542144911901
514	0.008723871201996278
516	0.7728171554107902
517	0.027013033907071913
518	0.0060122950386091965
520	0.26366951444428666
521	0.019828384620433008
522	0.04411061915293543
524	0.029447966859198364
525	0.49398482278350875
528	0.03495393795581031
529	0.03565212257473725
530	0.2600121934401314
531	0.5151919947696144
532	0.002886901952858595
533	0.01923209805895591
534	0.5166934744465431
536	0.2483274041912424
537	0.24841488296075265
538	0.25974187911225105
540	0.27254827093702166
541	0.005313450136467758
542	0.0456251451724087
543	0.2786040217800349
544	0.2332803187024825
545	0.4925717750556382
546	0.0404045507147516
547	0.03326911174340751
549	0.5440617276832664
550	0.05657278598634113
551	0.2789418172560267
552	0.29116643875131326
553	0.5087767231491971
554	0.022604728650724333
555	0.056376650425641675
556	0.054143719628474155
557	0.04755254720883757
558	0.31362196898032774
559	0.28766518309903366
560	0.2693302161013791
561	0.2555608869046067
563	0.04553562698302893
564	0.029746115977284177
565	0.2779709484956875
566	0.494069925782319
567	0.022886844479840983
568	0.26265113330930856
569	0.27167176564318823
570	0.3003023471780333
571	0.032798402933866516
572	0.29013293881594826
573	0.28337562125121135
574	0.24544370073365784
575	0.29592658497675006
576	0.012555821048573043
577	0.2272258081592349
578	0.4887432014249177
579	0.45895174513496445
581	0.3226576934914719
582	0.3078650176091159
583	0.25445163576598984
584	0.27191130405535835
587	0.000921240651342102
588	0.2192444673024867
590	0.5006936974721196
591	0.2850599968592347
593	0.009136543763521375
594	0.27910501727222414
596	0.5125615461471561
598	0.5304879747879678
599	0.0031596464826979948
601	0.4538322602786852
602	0.5434117901570353
603	0.27795829073208383
605	0.24011986333393887
607	0.5277268721282639
608	0.24925610696940179
609	0.0480238303706043
610	0.49853928724858476
611	0.5225432864483548
612	0.2494785742838648
613	0.015043837348110108
614	0.289998060850763
616	0.009578637371689944
617	0.15105939839120922
618	0.024509329820046482
619	0.008256203406320689
620	0.026025993038626474
621	0.23431772608687929
622	0.26986317074994337
623	0.0006396408048365693
624	0.26729859102976
625	0.24694726695354954
626	0.4394813102248249
627	0.29422013969939864
628	0.282666643468053
630	0.28280300503912426
631	0.22421374953911982
632	0.029586833400323958
633	0.009273610157942657
634	0.27655979583419477
635	0.30622298773230916
637	0.5076041600598183
638	0.20605878093396723
639	0.47590858267130465
640	0.2771361330530061
641	0.026808327936491735
642	0.28251420664086985
643	0.01556444081184738
644	0.017510717774497846
645	0.2660183052262359
646	0.009939524724924091
647	0.2614539666928778
648	0.22476617284190334
649	0.31132589661327253
650	0.04621265477341835
651	0.42946699391910304
652	0.3154225270278974
653	0.5381110033892702
654	0.2467751222334194
657	0.04763534980401259
658	0.2952219955522712
660	0.2936109841928636
661	0.29390607001211366
662	0.29493993136124397
663	0.28753649277064225
664	0.2957341914619235
665	0.02114346143197314
666	0.5002773209134117
667	0.5156738846699458
668	0.008227857833553644
669	0.009705691592894264
670	0.27719193718336205
672	0.07816934219322672
673	0.2602042441448373
674	0.7754764617400739
675	0.2065957920053597
676	0.27099634162519803
677	0.5268356912048924
678	0.49932317723057656
679	0.03387411935848801
680	0.022204856991497504
681	0.09159467530286448
682	0.2744890098749034
683	0.243689340787503
684	0.022065999987944472
686	0.06269710584551794
689	0.24993100681294383
691	0.7460983413304612
693	0.0027536903622283337
695	0.02590321308461757
696	0.2838144330147174
697	0.24687721165736534
699	0.04622494900906763
700	0.028620953946074258
701	0.23692581095796417
702	0.06147784185534605
703	0.03299264045394047
704	0.2852456998861011
705	0.7550261039323415
706	0.046025332950010725
707	0.023586381379304466
708	0.271244236532126
709	0.27877615878775386
710	0.27440995882472197
711	0.044607189322746384
712	0.507358746364819
713	0.017347985302661226
714	0.24872326103738432
715	0.4923377649895552
716	0.492763906530925
717	0.021300043008528734
718	0.29201294348484336
719	0.2370605755479092
720	0.5160404722708053
722	0.23602496773010043
723	0.21256009989765845
724	0.3595217866726919
725	0.5470519312214542
727	0.4291275195300781
728	0.5159977968342744
729	0.28499660104304925
731	0.05067512104918153
732	0.0577088151959113
733	0.25681525847367775
734	0.2588212816549263
735	0.26259662839091885
736	0.269434874182924
737	0.06173757705266236
738	0.23125372075297707
739	0.0550602173089063
740	0.23853065934285814
741	0.04057587229387193
742	0.5245984700062438
743	0.4911171508317604
744	0.26687607803971103
745	0.3303619561006611
746	0.2760341128236106
747	0.006540812108474202
748	0.2765625897170699
749	0.5024714768445155
751	0.04230083458368264
752	0.050207378870726085
754	0.28290076049246693
755	0.5097412215582457
756	0.7603201838179297
757	0.2434444107586262
759	0.03515330326045839
760	0.007338479730500426
761	0.006041538145388235
762	0.024973054591174233
763	0.25876992444957303
764	0.014624564808951909
766	0.02931509022795361
767	0.0163963433938848
768	0.5501836844161657
769	0.27316128741141343
770	0.009815867591885553
771	0.04963987171836813
772	0.011367885742445145
773	0.019332532892279458
774	0.06720230361288772
775	0.03262900337439531
776	0.05166240601572869
778	0.3036468175814775
780	0.037727415245855725
781	0.004791055902223895
782	0.2516054850614271
785	0.0012774660467033648
787	0.0320424805729426
788	0.2691183516547137
789	0.26918795678752616
791	0.2513171843661628
792	0.298468815178184
794	0.035392133514202444
795	0.023001727840340627
796	0.2692321848633405
798	0.2708860831269979
800	0.5208889963401238
801	0.3145230974083983
802	0.007204160772120723
803	0.23944039269629738
804	0.27453000987437853
806	0.024744839014093467
807	0.2882646267685614
808	0.27893492370128997
809	0.46947964493349814
810	0.28986919962740587
811	0.010800329936208403
812	0.2768560693776134
813	0.2799985660754828
814	0.2766528154074518
815	0.01574562743548548
816	0.3011918031136982
817	0.29983375274681956
818	0.1849572081858373
819	0.5062727078822741
820	0.27232237185511493
822	0.7804354362291861
824	0.3145000719107835
825	0.26925067930698904
828	0.27962177617148
829	0.5212380400805956
830	0.2864499802492073
831	0.01549613474523463
832	0.2689207687550589
833	0.005113065565269789
834	0.015588574569949429
835	0.003918848282952511
837	0.03685662731065215
838	0.030826774290074157
839	0.2720523362080419
840	0.018695590868114505
841	0.4832179845805674
842	0.0007600875601777579
844	0.30686893229530776
845	0.06482076441027518
846	0.46603149828614626
847	0.2616467771682565
848	0.04514155606096724
849	0.013030353953511487
850	0.2552728097224162
851	0.045132277627333905
852	0.5353691678909203
853	0.24852415593214097
855	0.26235322055808274
856	0.24329115336978416
858	0.2567896466132887
859	0.3073787050222247
860	0.254422202172717
861	0.004363440261183668
862	0.2633829466736968
863	0.28677452502998985
864	0.2557574827516624
865	0.0614756275378947
867	0.026621555163007057
868	0.2725241613224643
869	0.2717112494707354
870	0.2429676418353753
872	0.024442095944603285
873	0.29324897225061597
874	0.29180087840552066
876	0.022657443096086437
877	0.017528165366753008
878	0.5128396290986339
879	0.30933212279252026
880	0.2818245320298869
881	0.2789737173628381
882	0.01587636489203978
883	0.26097039749738077
885	0.005946845596429939
886	0.011519400099225474
887	0.4764965333030582
888	0.28909174674522775
889	0.031942215018721826
890	0.010845219838669096
891	0.2544777435227967
892	0.48862737457149213
893	0.5187646366018255
895	0.025604270526406944
896	0.2319707663580579
897	0.0038042788328774
899	0.006218799874979784
900	0.2263531124295659
901	0.4664587918378751
902	0.013053879612186788
903	0.022575043485030786
905	0.23681478415838872
906	0.276907594664348
907	0.029511013050811677
910	0.2505575097078626
911	0.025422064388433675
913	0.24123838782629115
914	0.09685557531515224
915	0.05223407485878208
916	0.2160605608739671
917	0.05270787742737962
918	0.004643282767094293
920	0.2790036470048394
921	0.2523678639326962
923	0.5246972871342857
925	0.3057178104705879
926	0.249416838398085
927	0.5336062296384376
928	0.038677930004421435
930	0.48589566161322406
931	0.29993230541427723
932	0.2675961441962679
933	0.5162840700267294
934	0.04809227292826309
935	0.5154076095066399
936	0.49482611000822774
937	0.2888017504105594
938	0.019896714516878432
939	0.2979154569360778
940	0.3229945865460284
941	0.5420899935823607
942	0.01448336283340939
943	0.30110403301450245
0	0.0
0	0.0
0	0.0
0	0.0
0	0.0
0	0.0
0	0.0
0	0.0
0	0.0
0	0.0
0	0.0
0	0.0
0	0.0
0	0.0
0	0.0
0	0.0
0	0.0
0	0.0
0	0.0
0	0.0
0	0.0
0	0.0
0	0.0
0	0.0
0	0.0
0	0.0
0	0.0
0	0.0
0	0.0
0	0.0
0	0.0
0	0.0
0	0.0
0	0.0
0	0.0
0	0.0
0	0.0
0	0.0
0	0.0
0	0.0
0	0.0
0	0.0
0	0.0
0	0.0
0	0.0
0	0.0
0	0.0
0	0.0
0	0.0
0	0.0
0	0.0
0	0.0
0	0.0
0	0.0
0	0.0
0	0.0
0	0.0
0	0.0
0	0.0
0	0.0
0	0.0
0	0.0
0	0.0
0	0.0
0	0.0
0	0.0
0	0.0
0	0.0
0	0.0
0	0.0
0	0.0
0	0.0
0	0.0
0	0.0
0	0.0
0	0.0
0	0.0
0	0.0
0	0.0
0	0.0
0	0.0
0	0.0
0	0.0
0	0.0
0	0.0
0	0.0
0	0.0
0	0.0
0	0.0
0	0.0
0	0.0
0	0.0
0	0.0
0	0.0
0	0.0
0	0.0
0	0.0
0	0.0
0	0.0
0	0.0
0	0.0
0	0.0
0	0.0
0	0.0
0	0.0
0	0.0
0	0.0
0	0.0
0	0.0
0	0.0
0	0.0
0	0.0
0	0.0
0	0.0
0	0.0
0	0.0
0	0.0
0	0.0
0	0.0
0	0.0
0	0.0
0	0.0
0	0.0
0	0.0
0	0.0
0	0.0
0	0.0
0	0.0
0	0.0
0	0.0
0	0.0
0	0.0
0	0.0
0	0.0
0	0.0
0	0.0
0	0.0
0	0.0
0	0.0
0	0.0
0	0.0
0	0.0
0	0.0
0	0.0
0	0.0
0	0.0
0	0.0
0	0.0
0	0.0
0	0.0
0	0.0
0	0.0
0	0.0
0	0.0
0	0.0
0	0.0
0	0.0
0	0.0
0	0.0
0	0.0
0	0.0
0	0.0
0	0.0
0	0.0
