2	0.0019338031046385804
3	0.20859507859858167
4	0.006403002345528607
5	0.0725602464443384
6	0.0163601376435611
7	0.029878870024035425
8	0.4929128400265472
9	0.249807141346365
11	0.4299723134926856
12	0.5295577023847992
15	0.7163739561392918
16	0.056090639909855924
17	0.4909912545744185
18	0.023028856086829544
19	0.5463942426509422
20	0.254441429978337
22	0.22583029606964006
24	0.028507227802459612
26	0.4134927014531169
27	0.47046031136833255
28	0.2551286999292761
29	0.19769567357731554
30	0.003369934108350736
31	0.011270880471787318
32	0.505006390271894
34	0.15982274467764654
35	0.29869180801660056
36	0.2954237173134305
37	0.25099976351986475
38	0.04135104513793037
40	0.25955363043450563
41	0.3176900901753783
42	0.08368269250383081
43	0.26466084714182
45	0.2896091831725908
46	0.48741829680399784
50	0.20414454216751404
51	0.2969591288102067
52	0.5402417804173201
53	0.2727117013985044
54	0.26046588493484857
55	0.5165740237685885
56	0.0415219649808281
57	0.23963103659798024
60	0.013082326606544053
61	0.25041247118300264
62	0.0420168614209135
63	0.1905839362521616
67	0.26504188012815455
68	0.5256011180118287
69	0.04685452407850478
70	0.2738961462695994
71	0.4880197387523504
72	0.01299430395694506
73	0.03244080512209762
75	0.017767523645583764
76	0.48015621179689233
77	0.4203393860298166
78	0.043155531759551335
79	0.2518080613801267
80	0.46037885476226187
81	0.2783849833131373
83	0.006327679327626564
84	0.5023347247298628
85	0.0219112801644747
86	0.4680890382065037
87	0.31370520974577665
88	0.701925991179608
89	0.06852720728764385
92	0.24007031082707675
93	0.17431947599601794
95	0.2687097150625319
96	0.27513715878243156
99	0.5369228051575283
100	0.01282596105262148
101	0.28367907180679275
102	0.4796316393426011
103	0.4321651032749265
106	0.24258107085697414
108	0.19234180165728368
109	0.05196146433031191
110	0.2638372769616989
111	0.2541909615002117
113	0.23661585654511896
117	0.501503640806065
118	0.025538081857760766
119	0.26182157920503846
120	0.29186988244545964
121	0.3030645728791103
122	0.46862910746488534
123	0.06460198263080354
124	0.008217968038548379
125	0.03694252321103207
126	0.252633885574735
127	0.23826096140743264
128	0.5021108973349211
129	0.25314151010091374
130	0.21904949613557512
131	0.46184151391546124
133	0.48222339615511395
134	0.4863733429477495
135	0.46681287695560514
136	0.22403932033282925
137	0.02842065223246639
139	0.2551236046598707
140	0.2843348270285938
141	0.18552954117852793
142	0.2521968543738512
144	0.2311985037269111
146	0.27731834025062047
148	0.2493984271954812
149	0.23168810258060363
150	0.2935866650309732
151	0.29696662039948374
152	0.02896797620657034
154	0.27172839207679006
155	0.45404300072400583
156	0.2306544071565775
157	0.5174238944945614
158	0.1947517459606181
159	0.25799427163593247
160	0.00012687938539153107
161	0.38333076758344803
162	0.03506291033854239
163	0.216610719767563
165	0.4610352221522629
166	0.37516233987530456
167	0.05789965976854889
168	0.31186666586681894
170	0.23971156885624212
171	0.20269078936032342
172	0.0011060835101788825
174	0.26280231649263597
175	0.32395149995833245
176	0.47314396174236095
177	0.051346370827709834
178	0.2575432634661965
179	0.04128995701236251
180	0.026531554750988454
182	0.27675310243508955
183	0.17716105494646905
184	0.0076024244921756474
185	0.507160319578838
187	0.7399064708601527
188	0.2530322950212157
189	0.04003637339324266
190	0.24020823952179127
191	0.4956280438109898
193	0.5187580123866827
194	0.26176330779952084
196	0.16823369839582933
197	0.2481748361365394
203	0.4092502218212938
204	0.5342885365239232
207	0.0006813641283697318
208	0.4182509161349316
209	0.03755779487924603
211	0.26673288152775615
212	0.7516587028845809
214	0.015652950628117338
215	0.48543166129799165
216	0.027199810551128894
218	0.05819235170307472
219	0.2204097014833349
224	0.07515035829258235
225	0.2068719723678003
228	0.8747217932354773
229	0.2241055416906857
230	0.3083658564795811
231	0.30813664235754845
232	0.0300448431689112
233	0.7495255077909538
234	0.003164387221863754
235	0.29464908466943185
236	0.013894422144263292
237	0.23887023469205648
240	0.22415324658697336
241	0.5485635312253185
242	0.500531531580883
243	0.4467322157194457
246	0.24943569321335202
247	0.4838549155160036
249	0.21853953817411137
250	0.24304469058823244
251	0.4809922512950094
252	0.49291034233478725
253	0.2735459931523607
254	0.2677152019354422
256	0.05797963919170329
257	0.4997552807229085
258	0.5027634762504807
260	0.286822199166004
261	0.4838828162854544
262	0.23725146758638468
266	0.31240396437132667
268	0.024415780809683263
270	0.2641302100219365
271	0.011418389656329228
273	0.7460789264315036
275	0.5221343915518721
276	0.2249832327871132
277	0.17613047949107014
278	0.23926717934701147
279	0.015595400630061845
280	0.21321556427822763
281	0.2862143015370976
282	0.4564878490522553
287	0.226736411797678
289	0.12523062490252623
291	0.2368401771641065
293	0.0043755998223614055
294	0.5214861068155816
295	0.2144299531759855
296	0.26985803395762753
298	0.3096467398785134
299	0.02293546500879707
300	0.08512483046665167
301	0.01787236368810355
302	0.2862143015370977
304	0.4459380802501269
306	0.7175521595646595
307	0.28074039776488907
310	0.33256240741780346
314	0.3045311291231355
316	0.4129550873236534
317	0.037381920349695175
320	0.02261266275471472
322	0.3025263894578368
323	0.34235943397241575
324	0.02639488385781916
325	0.23410453404426546
326	0.07412624342426077
327	0.027403194862765184
328	0.04011429336000891
329	0.2354958084946502
330	0.27039199873058317
331	0.014131137156232022
332	0.04712588524994699
333	0.0348872674805643
336	0.28775012327757504
337	0.792997458114827
340	0.04511306234338801
341	0.22576392857296082
346	0.30436884984561097
347	0.006498341327637422
348	0.03565922507018358
349	0.49238723479394253
350	0.24175135743293666
352	0.2883966709636659
353	0.46821714698896877
355	0.20767172793427843
357	0.5092718710734193
358	0.008929037883512663
359	0.4636018986869319
361	0.29084241906880365
362	0.003886123392975213
363	0.31389105099169784
365	0.25222987687355897
366	0.49260511860974876
367	0.2878280760541166
368	0.5549815285593469
369	0.5303568099018047
371	0.2464714151086064
373	0.22309792163421951
376	0.2731038451295079
377	0.24327305823682188
378	0.0062790154546529045
382	0.22199196079706068
383	0.5329896740836834
384	0.1992528231499337
386	0.03304714267977292
392	0.22695366147404847
393	0.27543475884503144
394	0.22430384061409797
396	0.05228908472674423
398	0.050483631725093
400	0.4905323787538705
403	0.3163493956684543
404	0.24410322247373384
406	0.06300947594138981
410	0.5100300721885123
413	0.5095680709315313
414	0.1944913643248023
415	0.4947296288512878
416	0.22429421085722404
417	0.03400760794218343
419	0.47904537642309186
420	0.013104414269449177
422	0.48751149544900474
423	0.5469038295564645
426	0.23219898009547374
429	0.018394687650657326
430	0.019940872382278294
431	0.2550171311112904
432	0.5088403435499181
433	0.200927111940283
434	0.5035743278490262
435	0.026759479761738918
437	0.22001564294251041
438	0.020111478187208837
439	0.526044133807317
440	0.27315649818390253
441	0.284150204528263
443	0.25328722432940615
444	0.025318682444893305
445	0.08857536451342735
449	0.261134999341254
450	0.2475078269341465
453	0.23188599734958296
454	0.030263291136806633
456	0.2295060113898534
457	0.00695309819350657
459	0.05635676239458767
461	0.2863296552073175
466	0.0340802205810259
467	0.013795232183407266
468	0.24597675231479185
469	0.05221954849098369
470	0.5062771938742845
471	0.2659296094062516
472	0.03428407832017091
473	0.011194976886253923
474	0.2718969879036435
475	0.3108989022797367
477	0.22389658646815172
478	0.2356930102943357
480	0.0902473173726601
481	0.2543432606827447
482	0.3100352096207929
483	0.7269201208636621
484	0.25643080812015295
487	0.23826030278369237
488	0.2709515265718172
492	0.042775612883525535
494	0.013939091096819671
495	0.2601489592495123
496	0.2511939106386437
497	0.23802392718499274
502	0.035461183773388014
503	0.04542283889392443
504	0.017408342312781662
505	0.2914240647384128
509	0.17382430535639415
510	0.005235555889881172
511	0.5167589317689967
512	0.0734449348065741
513	0.2967361650250935
515	0.057243797580522504
517	0.04368625452864798
519	0.26698860415464526
520	0.2711794214631208
525	0.313547252538295
526	0.12003562020903177
528	0.3107922433104646
529	0.25922608035027717
530	0.21601458181807923
531	0.23089960544476906
532	0.0047996926441550986
533	0.06359567010455677
536	0.2833686830863528
537	0.22582550597583978
538	0.05110360818356138
539	0.49208034509909226
540	0.2740668720966066
544	0.1933560661834956
545	0.014405252841760634
546	0.055212662455947054
549	0.019308232203843353
550	0.04183480459383149
551	0.004666619943266309
552	0.2456471451772353
554	0.5031146869071832
555	0.43506793076994377
556	0.27796367337044564
557	0.5148075438880048
558	0.19408950954221166
559	0.2598010329881821
563	0.4847132799967514
564	0.2582477660319943
565	0.010830692256388788
569	0.06019690723615051
570	0.15959216898245834
571	0.006450016822161966
573	0.0023243048723583792
574	0.0034070306854379825
576	0.05965986897848994
577	0.015963972084294453
578	0.2742522054620752
579	0.012142131976943582
580	0.21431682008211914
582	0.25287201380470903
583	0.27350417424879797
584	0.301349213899303
586	0.016593520519208853
588	0.009312382608233673
589	0.060809520773512364
590	0.23646960754365665
592	0.006233000947982473
593	0.27217744989923814
594	0.25227450148213004
596	0.2852614132575016
597	0.0261593838833867
598	0.23971681825859154
599	0.2579264446966806
600	0.023129384297698667
601	0.006815723817335886
602	0.2834976020828253
605	0.25438843177303644
607	0.025444489104186913
609	0.39779045896600623
610	0.016825526607942076
611	0.006404989940680377
612	0.24376772719863135
613	0.0033802085707223817
614	0.27745742101988713
616	0.4981173526470299
618	0.06004560769368362
619	0.061264230903145346
620	0.2854432382903614
621	0.005140866633222094
622	0.23280709207535882
623	0.0550615546729097
626	0.20828463449400073
629	0.5268551807681905
632	0.06918388599623837
637	0.2928119120407872
640	0.0032765666999654518
642	0.05338436049906389
643	0.06364876848964088
644	0.30327865004444965
645	0.009593060334222935
646	0.4655004166893931
649	0.26531771590481956
653	0.06165434583604265
654	0.047135470554163506
655	0.009185043413172563
656	0.13883309566858856
657	0.7196021884357405
658	0.013258755653134516
660	0.49960488752484605
661	0.04122136960751471
662	0.20340315455219302
663	0.019861233588855103
665	0.009066608644211448
666	0.011927274397514752
667	0.03866563651444285
668	0.014899288820746592
671	0.22664811069781376
672	0.46753040586708605
673	0.28996189202135725
674	0.22285146769190223
675	0.7605590926908737
676	0.24869662386663632
678	0.057302477290889144
679	0.5175380555008358
680	0.5446594767942625
681	0.5181840089883054
683	0.02098315468169579
684	0.2877339154970459
687	0.22037388935202598
688	0.5107616371552162
689	0.27542146309163296
690	0.018021653469896433
691	0.23372349475800797
692	0.05303887696910668
694	0.06653762526091977
695	0.27869266682691735
697	0.21770999805733274
698	0.27269721935791125
700	0.5555348249396133
701	0.5068779345700942
702	0.2861983277041194
703	0.07910669264286077
705	0.03667097230591633
706	0.30748446889953973
708	0.30082009043453617
709	0.020457227057253856
712	0.2929524835327526
714	0.05535958624146664
715	0.5073796545094598
716	0.21858263442119183
720	0.0206479436057224
722	0.5093001363072234
723	0.27961696862173707
725	0.2183763680626546
726	0.042096794552209105
727	0.00605406713898347
728	0.24757329928920324
730	0.4793067082457951
731	0.4685366621692838
732	0.3646100245930857
733	0.009284147986913679
735	0.060196907236150496
736	0.5022530092193693
737	0.25341188995605396
738	0.2169282384219644
739	0.02507880851538571
742	0.23068298568006654
746	0.054598260644710794
749	0.024144949833376443
750	0.5452582722604001
751	0.3196433851597406
752	0.004517054990787209
753	0.24746686117888897
754	0.24048086905176985
755	0.281258286456593
756	0.015256949508925931
757	0.2656068172983588
759	0.2971214646618321
760	0.2092571450774797
761	0.013431016374571392
762	0.059914575126661984
764	0.058985301112069996
765	0.7347539686414809
766	0.017760808554482418
767	0.21389550980971095
769	0.7250038338297317
770	0.2298651962166514
771	0.005172231128049699
772	0.2524575782486586
773	0.017085155014746563
774	0.09810763392775249
775	0.26585130002311164
776	0.2620414999679777
777	0.535453417958008
779	0.27621093891282616
780	0.29412990466867905
781	0.03691931913099167
784	0.019979836656043543
785	0.10829462195982353
786	0.2548035754483333
787	0.27786840329670653
788	0.2536623358299763
791	0.005306707022900037
792	0.2966081834402837
793	0.5064067179430597
794	0.19514606651139477
797	0.2965018752639083
798	0.06773911580160616
799	0.5064506015296045
801	0.20921353119135866
803	0.03930522041680587
804	0.03091264656916922
807	0.2629755644127386
808	0.18052148645434354
810	0.005425052146440724
811	0.09190874156524328
815	0.24337603064280175
817	0.2680138547887293
823	0.00016916643951827431
825	0.05059095279143541
826	0.20807556240758937
829	0.060196907236150496
830	0.21558865791357099
831	0.27125892580900796
832	0.5129481106655022
834	0.28984394388809714
836	0.03306131842097808
837	0.49115412891622817
838	0.49480277958794633
839	0.06609433583953463
842	0.19147826265940243
844	0.5051834356385452
845	0.7224761568492234
847	0.23871825788380063
849	0.32013809757407297
850	0.281805927240472
851	0.019687105797675113
852	0.2826229044587726
854	0.011017859294388657
857	0.40780877294780493
858	0.24613332391543286
859	0.22318473250580706
860	0.22529591017766024
861	0.46650861080384026
862	0.2500517769593178
866	0.35613828617210863
868	0.01580239484033673
869	0.08257266882181927
870	0.04299150409583602
872	0.0166466560277665
874	0.00045620070240839916
875	0.037982358171867805
876	0.501275162566267
877	0.27878986396491395
878	0.016450538483952094
879	0.43333900888914484
880	0.004663581150800074
881	0.03134472483833209
882	0.008259290252472587
884	0.23895792170698446
888	0.4573988017563186
889	0.25888170510399017
891	0.4346271233800244
892	0.01767435815504264
893	0.5501707528823623
894	0.012146613959154229
895	0.5613165191392798
896	0.009871911643618243
902	0.5097017834380168
903	0.253449070258006
904	0.18572263288262375
906	0.5131991240412678
908	0.25871322895540994
909	0.5094369073542917
910	0.4781904103452697
911	0.013674688717685048
912	0.22827087193108184
914	0.14168643698845546
915	0.4899163697435416
916	0.18780123437724527
917	0.462561587765146
921	0.01248851677730171
922	0.2726637602972311
923	0.23471000505594816
924	0.09024443682164009
926	0.2111396596106488
928	0.24690665763259106
930	0.46856910404676694
931	0.224212463429798
932	0.0004237768687241489
933	0.019222568197179712
934	0.0009462308128937308
935	0.2534001731437088
936	0.2460748334853422
939	0.5104445747181875
941	0.49184127305725756
942	0.26351523161333434
0	0.0
0	0.0
0	0.0
0	0.0
0	0.0
0	0.0
0	0.0
0	0.0
0	0.0
0	0.0
0	0.0
0	0.0
0	0.0
0	0.0
0	0.0
0	0.0
0	0.0
0	0.0
0	0.0
0	0.0
0	0.0
0	0.0
0	0.0
0	0.0
0	0.0
0	0.0
0	0.0
0	0.0
0	0.0
0	0.0
0	0.0
0	0.0
0	0.0
0	0.0
0	0.0
0	0.0
0	0.0
0	0.0
0	0.0
0	0.0
0	0.0
0	0.0
0	0.0
0	0.0
0	0.0
0	0.0
0	0.0
0	0.0
0	0.0
0	0.0
0	0.0
0	0.0
0	0.0
0	0.0
0	0.0
0	0.0
0	0.0
0	0.0
0	0.0
0	0.0
0	0.0
0	0.0
0	0.0
0	0.0
0	0.0
0	0.0
0	0.0
0	0.0
0	0.0
0	0.0
0	0.0
0	0.0
0	0.0
0	0.0
0	0.0
0	0.0
0	0.0
0	0.0
0	0.0
0	0.0
0	0.0
0	0.0
0	0.0
0	0.0
0	0.0
0	0.0
0	0.0
0	0.0
0	0.0
0	0.0
0	0.0
0	0.0
0	0.0
0	0.0
0	0.0
0	0.0
0	0.0
0	0.0
0	0.0
0	0.0
0	0.0
0	0.0
0	0.0
0	0.0
0	0.0
0	0.0
0	0.0
0	0.0
0	0.0
0	0.0
0	0.0
0	0.0
0	0.0
0	0.0
0	0.0
0	0.0
0	0.0
0	0.0
0	0.0
0	0.0
0	0.0
0	0.0
0	0.0
0	0.0
0	0.0
0	0.0
0	0.0
0	0.0
0	0.0
0	0.0
0	0.0
0	0.0
0	0.0
0	0.0
0	0.0
0	0.0
0	0.0
0	0.0
0	0.0
0	0.0
0	0.0
0	0.0
0	0.0
0	0.0
0	0.0
0	0.0
0	0.0
0	0.0
0	0.0
0	0.0
0	0.0
0	0.0
0	0.0
0	0.0
0	0.0
0	0.0
0	0.0
0	0.0
0	0.0
0	0.0
0	0.0
0	0.0
0	0.0
0	0.0
0	0.0
0	0.0
0	0.0
0	0.0
0	0.0
0	0.0
0	0.0
0	0.0
0	0.0
0	0.0
0	0.0
0	0.0
0	0.0
0	0.0
0	0.0
0	0.0
0	0.0
0	0.0
0	0.0
0	0.0
0	0.0
0	0.0
0	0.0
0	0.0
0	0.0
0	0.0
0	0.0
0	0.0
0	0.0
0	0.0
0	0.0
0	0.0
0	0.0
0	0.0
0	0.0
0	0.0
0	0.0
0	0.0
0	0.0
0	0.0
0	0.0
0	0.0
0	0.0
0	0.0
0	0.0
0	0.0
0	0.0
0	0.0
0	0.0
0	0.0
0	0.0
0	0.0
0	0.0
0	0.0
0	0.0
0	0.0
0	0.0
0	0.0
0	0.0
0	0.0
0	0.0
0	0.0
0	0.0
0	0.0
0	0.0
0	0.0
0	0.0
0	0.0
0	0.0
0	0.0
0	0.0
0	0.0
0	0.0
0	0.0
0	0.0
0	0.0
0	0.0
0	0.0
0	0.0
0	0.0
0	0.0
0	0.0
0	0.0
0	0.0
0	0.0
0	0.0
0	0.0
0	0.0
0	0.0
0	0.0
0	0.0
0	0.0
0	0.0
0	0.0
0	0.0
0	0.0
0	0.0
0	0.0
0	0.0
0	0.0
0	0.0
0	0.0
0	0.0
0	0.0
0	0.0
0	0.0
0	0.0
0	0.0
0	0.0
0	0.0
0	0.0
0	0.0
0	0.0
0	0.0
0	0.0
0	0.0
0	0.0
0	0.0
0	0.0
0	0.0
0	0.0
0	0.0
0	0.0
0	0.0
0	0.0
0	0.0
0	0.0
0	0.0
0	0.0
0	0.0
0	0.0
0	0.0
0	0.0
0	0.0
0	0.0
0	0.0
0	0.0
0	0.0
0	0.0
0	0.0
0	0.0
0	0.0
0	0.0
0	0.0
0	0.0
0	0.0
0	0.0
0	0.0
0	0.0
0	0.0
