1	0.02548285549843958
3	0.34152415084545534
4	0.05126211559955919
5	0.5043260979407681
7	0.5167148698558864
8	0.4924490880071265
9	0.006473350981923958
10	0.012012398921419087
12	0.03757495827729947
14	0.3056983324500541
15	0.25251704094486727
17	0.284800553056735
18	0.051215203812420396
19	0.024151099296817222
20	0.2567569389487912
21	0.01709665472284355
22	0.04986150643130874
23	0.007169207750201197
24	0.04679262160086564
25	0.22420934445959917
26	0.0008616079080507807
27	0.18646097793090657
28	0.27799688166941117
30	0.004729370336736913
31	0.29150710759864923
32	0.5090640675645551
33	0.011438785945177901
36	0.023618129299144756
37	0.03821551436088842
38	0.02082907368964152
40	0.024605977317785955
41	0.5158190745418485
42	0.0642612169273514
43	0.2632586792243976
44	0.017961799535266196
45	0.28247760290720614
46	0.24498202041316672
47	0.03786917652452996
49	0.05593072717111347
51	0.29928767608594914
52	0.529954960703116
53	0.028731606666311194
54	0.5264562132970747
55	0.29086999232856725
56	0.30320518907468935
57	0.3048550249951102
58	0.03045421091226909
59	0.03887189897272729
60	0.265667775797002
62	0.2799401984385833
63	0.3297972589054856
64	0.0045915520417152515
66	0.004190248271122552
67	0.04162514580384755
68	0.5104754272496824
69	0.2536180174952553
70	0.07548939146678255
71	0.26653287776588425
72	0.015049556809310593
73	0.28276957962890725
75	0.4732656006550695
76	0.27807904107589626
77	0.01712684045886549
79	0.5551306691313103
80	0.11844945992136902
81	0.30058317886323516
84	0.2886168643686588
85	0.026621965680889884
86	0.3523982694781022
87	0.5221193922266345
88	0.0704955050716691
89	0.25280414929943174
91	0.019208237414702938
92	0.29413985559200717
93	0.31945110324172915
94	0.05835088328996604
96	0.240499974158578
99	0.5121222280444887
100	0.009774268836275676
101	0.2737751735954218
102	0.2651139045341977
103	0.22638660015047943
104	0.16970717679828057
106	0.2468420312917362
108	0.015163987211195863
109	0.2522658644470663
114	0.053287342771819
116	0.23835480272583306
117	0.28123955764079017
118	0.2842200193740354
119	0.31014891381334503
120	0.2859308816905469
121	0.49067753424996646
122	0.012865584749843305
123	0.037922526440549886
124	0.23596355579652425
125	0.523223537400159
126	0.04669364013533169
127	0.01661067893869495
128	0.28419949940383143
130	0.027276533001637963
133	0.27559794467776233
134	0.2859355358991837
136	0.04441911052048297
137	0.01682504955262345
138	0.021079632578407344
139	0.08027185822802813
140	0.032141036891886035
142	0.2617852130258128
144	0.2617909027983414
147	0.2877339154970459
149	0.02120123716027909
151	0.300737176501274
152	0.0429204325800078
155	0.15018102424324606
156	0.03372044121813942
157	0.3060986396301237
158	0.279194809006654
159	0.26204200624016577
160	0.062395996263708786
162	0.034535633251485384
163	0.10853159687617127
164	0.0004603364937844391
165	0.4909872762809522
169	0.4516132452986557
170	0.24074291567621892
171	0.2402611703371662
174	0.05655137545907248
175	0.23863211832178485
177	0.02631435342518617
178	0.5003821522897801
180	0.2752461162542033
182	0.033460227222019356
184	0.2565618680343391
187	0.005324218785988627
188	0.2559699094207615
189	0.2743631887576143
190	0.23489491974081986
191	0.23087027780581182
192	0.029212372874074126
193	0.32372888357899576
194	0.07927258324750328
196	0.28033714433550305
197	0.2411426312198243
198	0.33572223223313985
199	0.25254625695991645
200	0.22616531993505384
201	0.0029910393803787468
204	0.11202907734657078
207	0.026721562412378302
209	0.09761895961668512
211	0.26562413825635084
212	0.07972868609755837
214	0.017586066804504568
215	0.018440311803380943
216	0.05535084935512885
219	0.032416081884708375
221	0.2752402869275935
222	0.3290488213659922
224	0.008761255150920747
226	0.2324819888137261
228	0.38202492636419977
229	0.04164691550032077
230	0.028168487372392463
231	0.5437656066499482
232	0.0065440086385221
233	0.515181774250096
234	0.2617912179999924
235	0.542937511194987
236	0.05586583869657352
237	0.2697941054730051
238	0.2852005632428048
239	0.2544119507648582
240	0.04459642688342866
241	0.1318415722763155
242	0.24943805823248116
243	0.2502874414509698
244	0.020307288581046398
245	0.26538928789956084
246	0.4927096347627253
247	0.5078900512328425
248	0.008185863567616004
249	0.024572774645852204
250	0.2530360194828437
251	0.23894433921464367
252	0.2785561656612486
253	0.0618721323351518
254	0.29814963348796714
256	0.05487372383284096
257	0.2740990320975792
258	0.10094737501582625
260	0.09916785283868576
261	0.03355152810974454
262	0.017418778298520312
264	0.01774528976301676
267	0.25710030898496783
268	0.2686956940894686
269	0.3242945308576567
270	0.016838341805620747
271	0.5193458675333378
273	0.024847970549661206
274	0.06702943884358853
275	0.2808235340182062
276	0.2681007390748619
278	0.22334057651093978
279	0.23462733165035463
280	0.018039519272205266
281	0.27039560920941447
286	0.05438252922059637
287	0.01540823969730162
289	0.38656855761602493
290	0.007730990702815382
291	0.24142269120593543
292	0.49649077563425936
293	0.10079774051028709
294	0.4925838600278496
296	0.2714536595396631
298	0.02876194814883285
299	0.2629157981057566
301	0.2772254443243917
302	0.5426807675663221
305	0.33659273974258297
306	0.29412077953549937
307	0.23976414019118145
308	0.0372588341262574
309	0.025213825092006575
310	0.48022444315865176
311	0.2782635807896409
312	0.019455582612617706
313	0.00982254776013922
314	0.5088653546301775
315	0.027638035754240634
316	0.032128996244431954
322	0.047873854631880604
323	0.5101866087644503
324	0.006334936678060496
325	0.28239231337088383
326	0.5438809422983183
327	0.24025708264025647
328	0.31918082975437484
329	0.48640424526432263
330	0.27857762973980316
332	0.023104095344080873
333	0.03351942926602518
334	0.03813638861183366
336	0.5497564091998227
337	0.48382696679439907
339	0.27666362569220576
340	0.011630044330512502
342	0.07976899654713543
343	0.2410185467991617
344	0.27031655149479605
345	0.24450442258413319
346	0.061176227969160966
347	0.24637903722549792
348	0.49911994379134533
349	0.2538203516333823
352	0.3162921363884383
353	0.045035992779084835
356	0.29462912510276945
357	0.06599740523983513
358	0.27583809024939265
359	0.5190098704332211
360	0.24101916706111637
361	0.5389655731446293
362	0.02767029774944731
363	0.46970805856190595
365	0.22661345684733872
366	0.027357126555874155
367	0.2582392342578703
368	0.01552038928280107
369	0.5259976991188451
371	0.018430957341271596
373	0.3242949035305652
374	0.5367985710017525
376	0.5117402451210585
378	0.2726361562600429
380	0.24522686867742063
381	0.020969376624099065
383	0.026533148443860878
385	0.008192868575913087
386	0.06503849141894334
387	0.2465079955641593
388	0.0004760244141054741
389	0.260147950314817
390	0.007505018718058212
393	0.27799236901105806
394	0.2499954643988595
395	0.25636139458259233
396	0.25949501308287193
398	0.26771584014249705
400	0.26863464530988895
402	0.0028260124026524835
403	0.0509898667926984
406	0.2718239956923189
409	0.2608528762816773
410	0.28429759827067136
411	0.033281605201908954
412	0.026908556225735614
413	0.5100360964671543
414	0.005780959567367641
415	0.038577867439183636
416	0.511540559787955
417	0.06133591850551144
418	0.31076196215713875
419	0.2466857640045731
420	0.03997607228096364
421	0.054076367877948124
423	0.27191071534554184
426	0.03833672854915736
429	0.04422868208469055
431	0.04955259293965607
432	0.2757551385132358
435	0.0344909248188331
438	0.26524226356314107
439	0.03103291803040003
440	0.5049739294301148
441	0.28905570896359667
442	0.007352173029175797
443	0.07021528889155937
445	0.002379179474744428
447	0.3017464716710148
448	0.21165140573574895
449	0.32212076375162657
450	0.28463314009023133
452	0.2898196381791099
453	0.3067359917589492
454	0.3100049904452885
455	0.21172794904920228
456	0.30331289825335933
457	0.535551969450443
458	0.03749546732348853
459	0.4848192897668769
460	0.022479181692296922
461	0.3031104598502564
463	0.19153375693281227
465	0.23925759123984602
466	0.30005678328872126
468	0.48965373221634817
469	0.027495451012040418
470	0.29424174311709056
472	0.03227228002175004
473	0.004847549962554872
474	0.2739910667670617
476	0.014857914364056504
478	0.01506132863459093
479	0.26886422770523977
480	0.008876718199699915
481	0.24489188651645794
482	0.043899767324345675
483	0.5146833606976926
484	0.2978363971516772
486	0.32576175139870067
487	0.27606634626119864
488	0.5052975944206355
489	0.2814787209005739
490	0.2708999483543558
492	0.25681077270989955
493	0.2398821369016774
494	0.01065609931361335
495	0.4899595891199616
496	0.052192154076174585
497	0.2888386405404537
502	0.03305794846606065
503	0.046300171606601284
504	0.30422232488820433
505	0.04699492976749022
506	0.2538949346698482
508	0.007008719091237622
509	0.20275139962105368
511	0.0955877390569545
512	0.047698596386907925
513	0.25712023028575703
514	0.4923717264547155
515	0.05305832018267334
516	0.011196336062328813
517	0.519756121944205
518	0.280159706858996
519	0.26707115865162273
520	0.11252769480863409
521	0.5465817369201506
523	0.4876451151390048
525	0.06130215569825575
526	0.49922278103836804
527	0.04410923247000548
528	0.06303821223389625
531	0.035068986864536494
532	0.26107600855101765
533	0.5222400011690228
534	0.029138286704276182
536	0.5048634513910129
537	0.29735824898795127
540	0.26304709617454347
541	0.04503455349358461
543	0.013033007993235986
545	0.027446340862741572
546	0.2676749905712083
549	0.3202196681333232
550	0.29452973327018955
551	0.2475359530985478
552	0.2822983974383683
554	0.5356503956786094
555	0.25972860997052266
556	0.5280307146693929
557	0.050846904007008836
559	0.2618813894440245
561	0.013518576353386755
563	0.5092213461204692
564	0.029552488270298723
565	0.2762664213480788
568	0.04095075661826293
569	0.03503412684506796
571	0.4802338279755424
573	0.029294833446536772
576	0.5120811544764292
577	0.31576866513227136
578	0.02782661930968613
580	0.23940421354347236
581	0.21202072330202054
582	0.6933764195113645
583	0.024016720657366198
584	0.2520598137416857
586	0.022065999987944472
587	0.040804505937390725
588	0.32031637864425866
589	0.04319464909702374
590	0.33142630425103803
591	0.020941738314127184
592	0.5369908039389434
593	0.27642679992509894
594	0.25521994368190043
595	0.3072488812385028
596	0.030289895851871654
597	0.0008528590284272997
598	0.2636404514660484
599	0.019929982320786185
600	0.050099732033763354
601	0.33829653731018977
602	0.26004077035428197
603	0.24465003913040528
604	0.2840764116231499
605	0.2558573972564
606	0.26799590732516365
607	0.03427163046918253
609	0.3947221119809921
611	0.0332649089917665
612	0.2948753193732801
613	0.02196251535743457
614	0.25618078525039506
615	0.00023134364592757029
616	0.5041126996579443
617	0.04712242037748273
618	0.27508390710437125
619	0.281553058749215
620	0.26541416746133645
621	0.2488062284950276
622	0.04853645957476643
623	0.24451270178770168
625	0.2708683370945929
626	0.04514592592086854
627	0.05946653550319755
629	0.024012121447773333
632	0.2789766591643179
634	0.029937727693225044
636	0.2582960488951962
637	0.34569409734973294
640	0.28161226326045824
642	0.04404339145825786
643	0.2813200728368284
644	0.28818495796632587
645	0.2974772509280817
646	0.5601650516783497
647	0.028220282966140396
648	0.018658991596828853
649	0.011698698601997407
650	0.2736784724483944
652	0.017287380733739074
653	0.2942690562984717
654	0.24369240332708253
655	0.28569758256056293
656	0.18179137582513788
657	0.03984534875144074
658	0.03636860321206739
660	0.27547601761804585
661	0.2471421132891641
663	0.27590024233820465
666	0.2637410389956901
667	0.06739653390305556
672	0.259970648524267
673	0.09545194037580654
674	0.2382084241678341
675	0.3091960216888323
676	0.010152427764355012
678	0.0285841186115833
679	0.2878589225968076
680	0.5055469036858137
681	0.2708096340085179
682	0.28224130721819785
683	0.021755051606011957
688	0.01862515106492911
689	0.2857003381322074
691	0.30052869955687905
692	0.25183691879929593
693	0.24567869508200457
694	0.2736612487385881
695	0.04006891804362038
696	0.017321755667488142
697	0.23781788744916227
698	0.27319558112097464
699	0.02555616013000058
700	0.5178490952851705
701	0.7456855475709583
702	0.2636059459655812
703	0.28381851747102427
704	0.048467458558500404
705	0.054914572872336156
706	0.2369672220893751
708	0.27808253155214196
709	0.28409147514406474
711	0.019646817255027586
712	0.040783103260890824
714	0.2689356456446011
715	0.30301572560055906
716	0.3179757823968063
719	0.02193254083774758
720	0.045738938530425766
721	0.523609752293595
722	0.2671061885871477
723	0.2851688036870591
725	0.03699733012390881
726	0.18527390150563336
727	0.00905828996347724
728	0.24933469249290388
730	0.49508026351027434
731	0.005711763825279485
732	0.05759832856526636
733	0.28751276716631624
734	0.03246100196106555
735	0.5191667180442047
736	0.3082890169488506
737	0.29764783415787033
738	0.24963722117977477
741	0.2729553307440872
742	0.02222582308395678
746	0.04750338653608662
747	0.27289428496086787
748	0.24655261516316515
749	0.032797095011448486
750	0.2546197403269098
751	0.28632131490786245
753	0.01019282271510015
754	0.024766524953496374
755	0.3026665282599835
756	0.030049118086232566
757	0.26875143033373844
758	0.06677363769129264
759	0.2363269430574122
760	0.21649855296356613
762	0.22923073981993625
763	0.06256280423032813
764	0.03634329640959505
765	0.29040470084603404
766	0.26607656422855375
767	0.018210452257941497
769	0.28633091463415483
770	0.061700359810337516
772	0.4832758719431511
773	0.5346252271894688
774	0.5323861323854848
776	0.2669808489680219
777	0.27485118948961273
779	0.015907215723919853
780	0.019582012819540237
781	0.24392940444147898
782	0.012140808766620874
785	0.5195348827525734
786	0.02086305225619794
787	0.25536244607663683
788	0.06312194836984411
789	0.022297104328387198
791	0.3001332547291698
792	0.5081425752724755
793	0.5163031252732914
794	0.2813141976908917
795	0.0017326514979000146
797	0.3821848814029835
798	0.04306054332670483
799	0.2719407127402318
800	0.007505018718058226
802	0.04688388042094311
803	0.32030503572875774
804	0.058071196173503266
805	0.0362793097183023
807	0.29988293321932274
810	0.032557362223275196
811	0.31253560812396464
813	0.24388203732704572
815	0.05709022018959831
821	0.03817620857422999
823	0.29423831941952583
825	0.25469832026482214
826	0.24294110965019208
828	0.22361638122175326
829	0.2699808255152373
830	0.023617647386536454
831	0.511335846074616
832	0.2972854306130845
833	0.03519038025868355
834	0.28653061665173
835	0.022674796406155488
836	0.016294753940339402
837	0.23300907743098448
838	0.01532354997362968
839	0.2987300171652903
841	0.055917499931050066
843	0.25887287224644556
844	0.015044608782262808
845	0.08680029202554346
846	0.06304244175270118
847	0.25683103494841075
849	0.5035036047995267
850	0.270104899422705
851	0.5250127512425539
852	0.06585671562840112
856	0.011145314352623416
857	0.11813984065828623
858	0.01112451051293641
860	0.26364712505469023
862	0.5145089051764768
863	0.05850569470775849
864	0.09417261721865491
865	0.12407838470927074
867	0.4963843662809784
868	0.4854805861590557
869	0.02588265027753731
870	0.014879680443321906
872	0.2915273881905017
874	0.0248062862602333
875	0.5083186796444502
876	0.5646422613068444
877	0.514421100758793
878	0.043677754706623446
879	0.25713911269094764
880	0.031913280573770936
881	0.27357652016053524
882	0.03515661270997574
884	0.03900619947475743
886	0.502929803527481
887	0.27752869962819954
888	0.03831405095269903
889	0.5393004209614909
891	0.03678748417355715
892	0.04498968069029419
893	0.29789343502453525
894	0.26496851390199483
895	0.7423613583662254
896	0.27745066825084774
897	0.02559195136421907
899	0.014852012059015481
900	0.20505695712403732
902	0.04803682322271152
903	0.3000541805715396
906	0.041718500664619795
908	0.29877813654637386
910	0.03866687714785268
915	0.05785749428658232
916	0.3306435360545192
917	0.01788926613789885
918	0.05157654373836787
919	0.03533235896925211
920	0.03217589915809202
921	0.006002494498388952
922	0.23152113041164862
923	0.0408177952307687
924	0.46254806417727024
926	0.031657102645733515
927	0.023391054941641225
928	0.27029116107368945
930	0.07124395027162904
932	0.4887399203006358
933	0.2597529140103485
934	0.0017564757572948106
935	0.046302436338297524
936	0.5487771115876987
937	0.5083245899062473
938	0.22683000323785749
939	0.2804650243280147
940	0.005807459840148656
941	0.26356301903675583
942	0.5012434958972766
0	0.0
0	0.0
0	0.0
0	0.0
0	0.0
0	0.0
0	0.0
0	0.0
0	0.0
0	0.0
0	0.0
0	0.0
0	0.0
0	0.0
0	0.0
0	0.0
0	0.0
0	0.0
0	0.0
0	0.0
0	0.0
0	0.0
0	0.0
0	0.0
0	0.0
0	0.0
0	0.0
0	0.0
0	0.0
0	0.0
0	0.0
0	0.0
0	0.0
0	0.0
0	0.0
0	0.0
0	0.0
0	0.0
0	0.0
0	0.0
0	0.0
0	0.0
0	0.0
0	0.0
0	0.0
0	0.0
0	0.0
0	0.0
0	0.0
0	0.0
0	0.0
0	0.0
0	0.0
0	0.0
0	0.0
0	0.0
0	0.0
0	0.0
0	0.0
0	0.0
0	0.0
0	0.0
0	0.0
0	0.0
0	0.0
0	0.0
0	0.0
0	0.0
0	0.0
0	0.0
0	0.0
0	0.0
0	0.0
0	0.0
0	0.0
0	0.0
0	0.0
0	0.0
0	0.0
0	0.0
0	0.0
0	0.0
0	0.0
0	0.0
0	0.0
0	0.0
0	0.0
0	0.0
0	0.0
0	0.0
0	0.0
0	0.0
0	0.0
0	0.0
0	0.0
0	0.0
0	0.0
0	0.0
0	0.0
0	0.0
0	0.0
0	0.0
0	0.0
0	0.0
0	0.0
0	0.0
0	0.0
0	0.0
0	0.0
0	0.0
0	0.0
0	0.0
0	0.0
0	0.0
0	0.0
0	0.0
0	0.0
0	0.0
0	0.0
0	0.0
0	0.0
0	0.0
0	0.0
0	0.0
0	0.0
0	0.0
0	0.0
0	0.0
0	0.0
0	0.0
0	0.0
0	0.0
0	0.0
0	0.0
0	0.0
0	0.0
0	0.0
0	0.0
0	0.0
0	0.0
0	0.0
0	0.0
0	0.0
0	0.0
0	0.0
0	0.0
0	0.0
0	0.0
0	0.0
0	0.0
0	0.0
0	0.0
0	0.0
0	0.0
0	0.0
0	0.0
0	0.0
0	0.0
0	0.0
0	0.0
0	0.0
0	0.0
0	0.0
0	0.0
0	0.0
0	0.0
0	0.0
0	0.0
0	0.0
0	0.0
0	0.0
0	0.0
0	0.0
0	0.0
0	0.0
0	0.0
0	0.0
0	0.0
0	0.0
0	0.0
0	0.0
0	0.0
0	0.0
0	0.0
0	0.0
0	0.0
0	0.0
0	0.0
0	0.0
0	0.0
0	0.0
0	0.0
0	0.0
0	0.0
0	0.0
0	0.0
0	0.0
0	0.0
0	0.0
0	0.0
0	0.0
0	0.0
0	0.0
0	0.0
0	0.0
0	0.0
0	0.0
0	0.0
0	0.0
0	0.0
0	0.0
0	0.0
0	0.0
0	0.0
0	0.0
0	0.0
0	0.0
0	0.0
0	0.0
0	0.0
0	0.0
0	0.0
0	0.0
0	0.0
0	0.0
0	0.0
0	0.0
0	0.0
0	0.0
0	0.0
0	0.0
0	0.0
0	0.0
0	0.0
0	0.0
0	0.0
0	0.0
0	0.0
0	0.0
0	0.0
0	0.0
0	0.0
0	0.0
0	0.0
0	0.0
0	0.0
0	0.0
0	0.0
0	0.0
0	0.0
0	0.0
0	0.0
