1	0.5283736824091411
2	0.09626184948934506
3	0.18604128128704056
4	0.24206371928302542
6	0.06884943170923968
8	0.23511354561988226
9	0.2055819255894652
10	0.2875036903523349
11	0.3980397772057596
12	0.018231751535033515
13	0.4865698546786486
14	0.06217421677875942
15	0.03865507153026042
17	0.5117218481793132
18	0.28208408635812693
21	0.14705828348546407
22	0.31385173383885895
23	0.31655306633796554
24	0.01163235694294287
25	0.483003726086933
26	0.34797254127664007
27	0.47674306540693184
28	0.22601377221818414
29	0.48646611173659293
30	0.26628533793841896
31	0.29897823881931784
32	0.2552471348174035
33	0.008020471242220877
34	0.4615620925942925
35	0.016886473768252502
36	0.2247062203898883
37	0.5554608533650627
39	0.3243017751277336
40	0.5514947096444904
44	0.32306589581786493
45	0.27324206259083805
46	0.48528587898149705
47	0.459242116981064
48	0.25738142877680414
50	0.2288399263161408
52	0.008083027971984104
54	0.22595962157717106
55	0.0028107031775385927
57	0.44196404167405207
58	0.21828164978802705
59	0.00439819554257298
60	0.5289244545435771
62	0.00706063879201398
63	0.4338928314902205
65	0.015951718103874364
66	0.24478125435427914
68	0.19410395292648533
69	0.3006119634340244
70	0.20842950103460964
71	0.5076853764127666
72	0.01013575199343797
73	0.014916930255823708
74	0.5301729704314831
76	0.43265200488842037
77	0.20118890876154044
78	0.013895521604559306
80	0.1736351629918584
81	0.011963626363803131
82	0.26433185034183904
83	0.24126749511872886
85	0.05026506496345357
86	0.2985977893424881
87	0.2775961191147784
88	0.19876518405740665
90	0.06761459218559612
91	0.0018344988478154328
92	0.2705508765689148
93	0.16271434154108447
94	0.05488115087776376
96	0.2832576448743954
100	0.24091372851935877
103	0.41432126416471354
104	0.3288487748824522
105	0.5587457895520533
106	0.054403431909640323
107	0.4533483426460819
109	0.0012559419749580483
110	0.0037799151260874096
111	0.3229573836458665
112	0.23228728678628707
113	0.5415933076145726
114	0.3360670558956248
120	0.02607772570057408
122	0.46683514543239757
124	0.27605495278352343
126	0.23307313641276603
127	0.2231340381223903
129	0.49428990397527417
131	0.5122072929735259
132	0.5461214112984083
135	0.26877817554003236
136	0.5201354556362516
137	0.2858629521376932
140	0.30194209722874843
141	0.2528371695971128
142	0.20993094450966715
147	0.19147826265940243
148	0.5505109678738667
149	0.29951444935721694
152	0.002354714709249188
153	0.07910404279185956
154	0.013211531951141914
155	0.18053801343231135
156	0.0028698562922262055
159	0.03612865100776706
160	0.037906936304776595
161	0.411961641107914
163	0.5310644952962535
166	0.1827123649955248
167	0.03922616084821911
168	0.010888832463367328
169	0.003908992078800924
170	0.03196504425922332
171	0.27057553113581395
172	0.29514669919129344
173	0.5370230540422165
174	0.48426706936541225
176	0.22337567419891427
179	0.26170960617980077
180	0.040058990489296994
183	0.2008881954171592
184	0.30460728959508426
186	0.2162053960120615
187	0.24720805252572842
188	0.30747532660427235
189	0.03804039240669235
190	0.18466774735071792
191	0.06307612461071867
195	0.15723977809707188
196	0.39270561979287333
199	0.2712405486806035
200	0.31006424129648136
203	0.39532589490268577
204	0.24099890195335688
205	0.23278043903444887
206	0.3226184590594025
207	0.2870201430268919
208	0.18505236603159755
210	0.3076876656405146
212	0.2479829117352907
214	0.060618201392534835
216	0.08009807587373967
218	0.24524393890902507
219	0.23137156937238587
220	0.00960139405083886
222	0.023969720407416423
225	0.23242611636648428
226	0.33996712865049616
227	0.2092984140121829
231	0.004117183198315381
232	0.10348646740121314
233	0.24333255857597605
234	0.29498412176018524
237	0.29395848665193947
239	0.5383302701677645
240	0.5425260590725517
241	0.2341503967652136
243	0.25542216003796414
246	0.179272644900218
247	0.48078504751775203
248	0.10207080359224843
249	0.27314882289481346
252	0.21069890131312388
254	0.43579097970906044
255	0.20266557153122083
257	0.2437238990075109
258	0.21126826893737893
259	0.25906850973112583
260	0.22762591976057267
261	0.2547310776153603
262	0.26381651157244396
264	0.2800512051561965
266	0.3353379844611542
267	0.2851808166692869
268	0.5077229400495713
269	0.22911368904095347
271	0.2956149970090855
272	0.08192860075841496
273	0.3127006379545866
275	0.2294465843716385
276	0.3004874010979594
277	0.41126799663347247
278	0.0020772940668214307
279	0.01721496572590707
280	0.2710096682705718
281	0.07173214507951237
282	0.24649463000804986
284	0.5421274359192443
285	0.13222591123092167
287	0.1928196038458278
289	0.08237345807251469
291	0.23384622316699805
292	0.017426267069912352
294	0.16937257651330398
295	0.2896152374956349
297	0.08735143555796802
299	0.5001879939374472
300	0.11480312093941208
302	0.22378520648974254
303	0.32844714205702913
304	0.24408248442628638
306	0.1768113472697214
308	0.08356650785718597
309	0.02181037148136772
312	0.06574977879395226
313	0.31026196145455903
315	0.2833662152547205
316	0.28414539193341637
317	0.06500495966195086
319	0.22817650843004744
320	0.039303830255034845
322	0.3107572541443648
324	0.016974164608450623
325	0.29525267022565915
326	0.04541065646034564
328	0.028564391987115093
329	0.3131384915343576
331	0.5577856249045767
334	0.057349403486366926
336	0.03135236062163002
337	0.2217722527227743
338	0.732946234660175
339	0.28735224956706035
341	0.595713376534758
344	0.08273427484967015
345	0.24856579565638504
349	0.27257773160238485
350	0.22274180207254263
351	0.015024601517289148
352	0.7011135303604433
353	0.2622300262168502
354	0.2903774164088919
355	0.23210787556720908
356	0.03685149297063217
357	0.010909065739944712
358	0.2066452251885893
359	0.46367180072991254
360	0.08975104894170557
361	0.27429104363183193
362	0.2834639301837444
363	0.08727373315410583
364	0.5013494814008189
366	0.25426317025313694
367	0.2975857804370018
368	0.3387278035053771
369	0.23930541653057802
370	0.0432725818775941
372	0.2259865990626182
375	0.2835486587364883
377	0.011600903990465393
378	0.07343387144368647
379	0.06998405645900638
380	0.07452256710158106
381	0.5404966243492383
382	0.2181964388458323
384	0.7657586732217534
385	0.10122702904371543
386	0.024798939068381584
387	0.31481910515203626
389	0.3038389776445754
390	0.29343049396130544
392	0.2697686107265408
394	0.3080792035204418
395	0.3094493342351179
397	0.0730443654120975
399	0.07907143904978646
400	0.2549266328298019
401	0.18355173065347832
404	0.5201007206615609
407	0.07288464989845907
408	0.299750782401492
409	0.5206671721613646
410	0.22574211206217554
412	0.013553049373098633
413	0.23027465868186148
414	0.5248002657187003
415	0.4549274255742959
416	0.08514231783685017
417	0.06867722906575263
418	0.1034684401702463
420	0.3049410315232107
421	0.04377411384879516
422	0.013798025655186372
423	0.06381178699252549
424	0.24388562368258193
425	0.5464564893056355
426	0.528889090345043
428	0.08793241404010209
429	0.29055197542096906
430	0.3220675176785709
431	0.2591564982894573
432	0.014136776022717568
433	0.579349691179972
435	0.21751426769663376
436	0.2720269949550284
437	0.2284590523420018
438	0.02289555745836674
439	0.49271369134501963
440	0.21419355408019142
441	0.00884550390829944
442	0.07575145330285409
443	0.20805874309015823
444	0.29165129598409145
446	0.3292545460102432
447	0.049907541239526204
448	0.0982915187659849
449	0.21529042979989405
450	0.22585917647045542
451	0.04616047840606178
456	0.5021586125168048
457	0.04183633093096825
458	0.07973581420317673
460	0.2871363182968929
461	0.30109195628427315
462	0.2365643930680848
463	0.5563283015493744
464	0.2871893500228705
465	0.23975274022239054
466	0.29155197558324814
467	0.27247216645009004
469	0.06516846732312222
471	0.48736395488089307
474	0.2895280923395631
476	0.011410393476109944
477	0.2494420371836108
479	0.07753175190713812
480	0.031177429474375688
481	0.20943000116382698
483	0.46341377665063227
484	0.7396781240996685
485	0.16010389605447384
486	0.025786242925890178
488	0.2799191446718154
490	0.3307211607842336
491	0.09335224057167427
494	0.0053822941806317345
496	0.27696128579140505
498	0.2595907365759741
499	0.5350695787808746
500	0.09972236767182574
501	0.005514364539058826
502	0.21854662765977964
504	0.007358525250895906
506	0.05731587558774989
507	0.06073015222058478
509	0.3770042559980026
510	0.29501399758285785
511	0.43621190539598875
514	0.07330951518342625
516	0.20968310239110738
519	0.047232754791743506
522	0.23244810991494155
526	0.2598127971836101
528	0.04152418289451914
529	0.23320127342134633
530	0.4770718109467187
531	0.5177363157913119
532	0.08230474480120567
535	0.0470665565341957
536	0.2877845409783684
537	0.29677178231518503
542	0.07882176445081657
543	0.3102644344918211
544	0.36572896181412357
545	0.23062641252733693
547	0.5397240787540106
548	0.28597023605177163
550	0.2133569923242585
552	0.21918804384807822
553	0.07921218425627438
554	0.20953615349650415
555	0.2090448697451227
557	0.27789595228633623
558	0.21890016246940258
559	0.018752312790111334
560	0.27805918225759474
561	0.3249169481366072
563	0.2499855039583878
564	0.2220845002561367
565	0.2335912125195944
566	0.5382523002280369
567	0.057009540438318206
568	0.049032252039212125
570	0.5063854495783812
571	0.5194378156036478
572	0.27992306669665057
573	0.2943079648132907
574	0.05306526487235991
575	0.24010855380006266
583	0.024656818076597798
586	0.0007600875601777579
587	0.33246699098862637
590	0.22061458993339675
591	0.02215884503175794
593	0.0025661614547336647
596	0.01771700063358671
597	0.006825287184921203
599	0.023058836086390394
600	0.1024305598940163
601	0.17755719285010255
603	0.5174470804810719
607	0.010766684369501456
608	0.04208368054946392
609	0.3315271592786786
613	0.5491398497338651
615	0.5041950978504445
616	0.5140569941236228
617	0.0925100874941042
619	0.08674179515561745
621	0.21437897249219098
622	0.2899573119366246
624	0.5117791126330615
626	0.5472576928405648
627	0.2825690564210057
628	0.2934304939613055
634	0.2803122937278404
635	0.2641434635984832
638	0.025628455119195283
639	0.11344254487555094
641	0.05034348512299041
642	0.2210621988833296
644	0.015214126510120045
645	0.3015309299840837
648	0.34046581686474003
649	0.006888749435897484
650	0.2939208825649682
651	0.31121698253958907
652	0.0032863467923926123
654	0.11008237085828815
656	0.7907539163840964
657	0.2262638616656178
658	0.26493966382884687
660	0.23661308817268778
662	0.22962098136616385
664	0.30722719714477464
665	0.05040477115631323
666	0.31580567955481986
667	0.005842652892523739
668	0.11401832401354643
669	0.061107030424308026
670	0.08274728881482814
671	0.23399986262546774
672	0.005038952606116174
673	0.24249710737939034
674	0.20874876140328782
675	0.41885839604108904
676	0.06664603003334402
679	0.2756005278116172
681	0.024252196864776202
682	0.06469124650291908
686	0.5390603755104032
687	0.24617131428548883
688	0.3078953774664403
689	0.23644467536309638
693	0.2588997469019823
695	0.45869807336359264
696	0.3023540877670644
697	0.7672989755325454
699	0.2370290986205797
700	0.006487274853883729
701	0.2447333166211391
702	0.0006818452637709985
704	0.4971153419955804
706	0.020381626852381134
707	0.2838052659246979
708	0.23484821672601403
710	0.28912598892742797
711	0.545900597094614
713	0.3452716568254053
714	0.007005313048356065
716	0.19931304159292446
717	0.3110518151875801
718	0.4697644409585525
720	0.28621461765060513
722	0.414940577983971
724	0.3226184590594025
725	0.20826925352760542
727	0.1432895371711275
729	0.18895145042582628
730	0.22587945583984434
731	0.4594914455850675
733	0.30871228886555985
735	0.004132823858609934
737	0.2881673610670842
738	0.32877654094872266
739	0.03803171322195559
740	0.3251816111419432
741	0.29719595330472526
742	0.21670354070470685
743	0.5318492253056636
744	0.12363816134134997
745	0.31550142296501443
746	0.05480000338524905
748	0.31552083009687854
752	0.09831003296233434
754	0.22714098711945363
756	0.001847201571469087
757	0.31243166773172887
758	0.2779910821833745
759	0.22665294560887475
760	0.15703548995314406
762	0.2829613948698619
765	0.26765901450465807
766	0.53349175207636
769	0.19912602021401843
771	0.01824262849603822
772	0.5436318712391666
773	0.06277183903117758
775	0.23490739485022505
777	0.009683185169909639
781	0.09860958242900478
783	0.10369591235260084
784	0.06549679313523431
787	0.2833181108788589
788	0.49943685041035857
789	0.23365607686199658
790	0.3215503754666672
791	0.25828974399162313
794	0.43824194418848006
795	0.08936176118669983
796	0.5344952265082521
797	0.034112872233260705
799	0.2565210968142545
800	0.004132823858609962
801	0.4799865500789682
802	0.05709783201388002
805	0.04024901147325244
806	0.06187757326252971
807	0.28613338350311374
808	0.7637614493154011
809	0.26828569283489323
812	0.2302530575171124
814	0.2891244021809075
815	0.2685310651046014
816	0.007310639066736506
817	0.01623491045800128
818	0.2984224853440291
819	0.08303214125967062
820	0.314892175838561
821	0.2862056159127234
822	0.23796070327269328
823	0.03582780076004764
824	0.05327616028587877
825	0.010773879898991645
826	0.5326116353642798
827	0.34511656600671825
828	0.5425192505528361
830	0.535438099357034
831	0.0019985144823029787
832	0.011168932356077542
835	0.056796142952946514
836	0.09583830740848008
837	0.002900760447667086
838	0.2260649209982958
840	0.051330828761318975
841	0.28152201493180895
843	0.10138112728051177
844	0.017875044640532193
845	0.14010078850934082
846	0.09241928349238748
847	0.46309028838310884
848	0.7735489616991368
851	0.2813461140999067
853	0.10995956285830191
855	0.18616599831363234
856	0.4417423993730922
857	0.5340211815489618
858	0.2648688083038217
859	0.24823023402369232
860	0.5350904012256553
861	0.19674723952220619
862	0.5103750264837164
865	0.3583964195884423
866	0.3832106041736825
867	0.5255585259513254
868	0.29760417037467035
871	0.12665401933996628
872	0.0006650152573421074
873	0.23891470923373478
874	0.3166827210966699
877	0.0005491155229890438
878	0.009182948121753541
879	0.4304090062260273
880	0.3162084641892983
881	0.516771893361267
882	0.3090782277429755
883	0.08480092530368635
884	0.2194979714263869
886	0.0867497386721438
887	0.2951348872618411
888	0.49485763730345916
890	0.2660049997265695
891	0.21159620705584792
892	0.3250379377563547
896	0.05617375586481499
898	0.05650494056902333
899	0.05768078204419924
900	0.14848904436574317
902	0.002043723593411966
904	0.21060362801351315
905	0.5644682219393157
906	0.005408057077709912
908	0.053956819843691536
909	0.24514398905038443
910	0.21230777879173515
911	0.013360171654877767
913	0.30696348848701815
914	0.16400422358592107
915	0.5463473230485949
916	0.24920372212010003
917	0.2749314014551885
918	0.30111014500877353
919	0.06549593942571762
920	0.46959721842440927
921	0.21178672985158103
923	0.22481437829890666
925	0.003320451245742491
926	0.5335362556323494
928	0.01284120459455388
930	0.4676075735397965
931	0.5125682803217549
932	0.3215868675479179
933	0.3112204336168576
934	0.30720810086463507
935	0.22269196457825646
936	0.21418507154766847
938	0.07336508410550081
939	0.46031528036284103
940	0.26117062605722297
941	0.2269581080400212
942	0.06540015118762352
0	0.0
0	0.0
0	0.0
0	0.0
0	0.0
0	0.0
0	0.0
0	0.0
0	0.0
0	0.0
0	0.0
0	0.0
0	0.0
0	0.0
0	0.0
0	0.0
0	0.0
0	0.0
0	0.0
0	0.0
0	0.0
0	0.0
0	0.0
0	0.0
0	0.0
0	0.0
0	0.0
0	0.0
0	0.0
0	0.0
0	0.0
0	0.0
0	0.0
0	0.0
0	0.0
0	0.0
0	0.0
0	0.0
0	0.0
0	0.0
0	0.0
0	0.0
0	0.0
0	0.0
0	0.0
0	0.0
0	0.0
0	0.0
0	0.0
0	0.0
0	0.0
0	0.0
0	0.0
0	0.0
0	0.0
0	0.0
0	0.0
0	0.0
0	0.0
0	0.0
0	0.0
0	0.0
0	0.0
0	0.0
0	0.0
0	0.0
0	0.0
0	0.0
0	0.0
0	0.0
0	0.0
0	0.0
0	0.0
0	0.0
0	0.0
0	0.0
0	0.0
0	0.0
0	0.0
0	0.0
0	0.0
0	0.0
0	0.0
0	0.0
0	0.0
0	0.0
0	0.0
0	0.0
0	0.0
0	0.0
0	0.0
0	0.0
0	0.0
0	0.0
0	0.0
0	0.0
0	0.0
0	0.0
0	0.0
0	0.0
0	0.0
0	0.0
0	0.0
0	0.0
0	0.0
0	0.0
0	0.0
0	0.0
0	0.0
0	0.0
0	0.0
0	0.0
0	0.0
0	0.0
0	0.0
0	0.0
0	0.0
0	0.0
0	0.0
0	0.0
0	0.0
0	0.0
0	0.0
0	0.0
0	0.0
0	0.0
0	0.0
0	0.0
0	0.0
0	0.0
0	0.0
0	0.0
0	0.0
0	0.0
0	0.0
0	0.0
0	0.0
0	0.0
0	0.0
0	0.0
0	0.0
0	0.0
0	0.0
0	0.0
0	0.0
0	0.0
0	0.0
0	0.0
0	0.0
0	0.0
0	0.0
0	0.0
0	0.0
0	0.0
0	0.0
0	0.0
0	0.0
0	0.0
0	0.0
0	0.0
0	0.0
0	0.0
0	0.0
0	0.0
0	0.0
0	0.0
0	0.0
0	0.0
0	0.0
0	0.0
0	0.0
0	0.0
0	0.0
0	0.0
0	0.0
0	0.0
0	0.0
0	0.0
0	0.0
0	0.0
0	0.0
0	0.0
0	0.0
0	0.0
0	0.0
0	0.0
0	0.0
0	0.0
0	0.0
0	0.0
0	0.0
0	0.0
0	0.0
0	0.0
0	0.0
0	0.0
0	0.0
0	0.0
0	0.0
0	0.0
0	0.0
0	0.0
0	0.0
0	0.0
0	0.0
0	0.0
0	0.0
0	0.0
0	0.0
0	0.0
0	0.0
0	0.0
0	0.0
0	0.0
0	0.0
0	0.0
0	0.0
0	0.0
0	0.0
0	0.0
0	0.0
0	0.0
0	0.0
0	0.0
0	0.0
0	0.0
0	0.0
0	0.0
0	0.0
0	0.0
0	0.0
0	0.0
0	0.0
0	0.0
0	0.0
0	0.0
0	0.0
0	0.0
0	0.0
0	0.0
0	0.0
0	0.0
0	0.0
0	0.0
0	0.0
0	0.0
0	0.0
0	0.0
0	0.0
0	0.0
0	0.0
0	0.0
0	0.0
0	0.0
0	0.0
0	0.0
0	0.0
0	0.0
0	0.0
0	0.0
0	0.0
0	0.0
0	0.0
0	0.0
0	0.0
0	0.0
0	0.0
0	0.0
0	0.0
0	0.0
0	0.0
0	0.0
0	0.0
0	0.0
0	0.0
0	0.0
0	0.0
0	0.0
0	0.0
0	0.0
0	0.0
0	0.0
0	0.0
0	0.0
0	0.0
0	0.0
0	0.0
0	0.0
0	0.0
0	0.0
0	0.0
0	0.0
0	0.0
0	0.0
0	0.0
0	0.0
0	0.0
0	0.0
0	0.0
0	0.0
0	0.0
0	0.0
0	0.0
0	0.0
0	0.0
0	0.0
