2	0.31012343253457714
9	0.256785139158592
11	0.1604832736700383
12	0.3247907276324275
14	0.005898215918358245
17	0.24817253025065034
19	0.2674654071889774
20	0.15975686929757976
23	0.029787651826214796
24	0.24103751652769562
25	0.462914949032289
27	0.032551331875019254
28	0.05008512051261219
32	0.04748862620665263
33	0.04696084109380072
35	0.28870914968167455
36	0.4956195295653816
39	0.3070874266141724
40	0.029955049752114438
41	0.4770749211857158
42	0.24746574530323523
45	0.054675419578452004
48	0.3278120268329524
51	0.07110499839567137
52	0.2581930606269012
53	0.29907935884381454
55	0.09916715155381886
60	0.043038772335642725
61	0.5285435301244382
65	0.08537762843058815
66	0.5583756027180984
67	0.09530379515829224
71	0.2634140160799036
72	0.2581513761510377
75	0.24108836011410395
77	0.2119093127818636
78	0.04655872810076141
79	0.0008061488440064754
81	0.26909728692197243
83	0.33810500610251604
86	0.4585039441770663
89	0.47600229707557623
91	0.3388390127193818
93	0.49206617352779547
95	0.04262910052057753
97	0.18243350517465579
99	0.2621025366427459
100	0.040681119819729716
101	0.028776335372002696
106	0.07968175057925972
108	0.13797978210077796
110	0.01090291418763226
111	0.2411569101717802
112	0.09665419367008982
114	0.0475360458084517
118	0.05708980307473706
120	0.41211355426757507
122	0.06560718202595539
123	0.27282502916436646
124	0.7683990181470137
125	0.3016453898298436
126	0.25367573875636745
127	0.2925006051584425
128	0.11748215068281291
131	0.02206403001070823
132	0.016542591412564575
134	0.29646193761897804
137	0.32660032807053063
138	0.03788254374293675
139	0.01664726871704182
141	0.10651001718360589
143	0.10891276824900539
144	0.1770913573422187
145	0.08221128248205624
146	0.06970127606223261
148	0.25863778856565695
150	0.03828571703678759
152	0.34054240700903204
153	0.17989720592275238
154	0.03207556152261929
156	0.03438982320813602
159	0.10362898622516789
161	0.23980367977436776
162	0.5521046800459044
163	0.515514818343427
166	0.5807420817224114
168	0.22613076447250355
169	0.5833550153369438
170	0.09866925493456405
171	0.27558412312251057
176	0.24046351465084598
179	0.27589887272085034
180	0.32608549481053184
182	0.2476689315333267
183	0.0019549922778735046
185	0.25344262675071627
186	0.08160098834051156
187	0.26300544302760026
191	0.3645641711854444
197	0.02949167926066941
199	0.5401881430093836
203	0.1468732881044855
205	0.5397010795185225
209	0.4554705946121125
220	0.3982489201854449
221	0.034759611238264224
222	0.024778325115057658
223	0.2692668147588659
224	0.2616725585679698
226	0.1683999140174764
229	0.05664493741806662
230	0.032723814972300015
231	0.02124953179953182
232	0.026386163569951313
237	0.021143883200546366
238	0.25641816810682927
241	0.18197829803028825
242	0.23981430483118352
243	0.15613901936761032
245	0.5780098173387794
248	0.014452460076232895
251	0.17081781914780605
254	0.026130768676718846
256	0.25385511521088283
258	0.29339713899044845
260	0.027664607050369258
261	0.3091913173689716
264	0.05989962479166408
265	0.5547660983755225
272	0.09237878598053664
273	0.22549779499623915
274	0.33387635629922185
275	0.2561925355160044
277	0.2790654647011514
278	0.021945959719182246
279	0.4648634550196298
281	0.053792622735433615
283	0.017265599425543225
285	0.07358572693162305
289	0.41282234256443384
290	0.25836799251301884
294	0.21999624294421385
300	0.4048282430662494
301	0.05691661304182019
304	0.5613496330013895
306	0.061669060271073356
307	0.41537345090802075
309	0.39772818488581546
311	0.22762355243615087
313	0.032815387669596505
314	0.21186855649183226
321	0.2669613845325214
322	0.0240572072778954
323	0.17149543195985367
324	0.40637434149053975
331	0.017567909227269175
335	0.23587194161975938
336	0.32204248156708287
337	0.1986848504565859
338	0.06699884083104357
340	0.5409699496341838
348	0.22422809543187305
351	0.07514361792016455
356	0.358745805387122
357	0.013604833403947952
358	0.2497512384303175
359	0.22201983877950782
363	0.17723100656793192
365	0.25509333276213997
368	0.04812516193815328
369	0.021572349210340562
371	0.023114104091326873
372	0.11292836401362175
374	0.00031855339294745155
375	0.05923752972242513
376	0.056999230403962944
377	0.04072338129232109
385	0.021211839804406288
388	0.3053368240891783
390	0.20012799099825407
391	0.012210970022111134
396	0.02807599796902832
400	0.4954168502613618
402	0.18064760526619622
403	0.019928640282669035
408	0.01751181459195169
410	0.2265237796629696
412	0.07333026771561614
418	0.17275223354984534
421	0.33302731866989715
427	0.2529656913659348
428	0.5239970870534135
430	0.03019307498441247
431	0.319851869826668
434	0.22691606055567917
438	0.48179821567388836
439	0.013907616487133359
441	0.46963772503722195
444	0.3040873523690991
445	0.29323224951172516
446	0.36193673971142915
448	0.02856835356769164
451	0.34807752366245015
452	0.006616165630073098
454	0.22848309412194187
466	0.05127557675547236
468	0.19734692309954333
471	0.2851579276162298
472	0.045654718307429315
473	0.15595572658776655
475	0.23464907720694134
476	0.030666418108281943
477	0.28856939564598394
480	0.02399377600466484
482	0.10583261880332398
489	0.3225685529017299
491	0.30387746472503685
492	0.05252333058951382
494	0.23801071792963058
497	0.0413573121753235
502	0.015920943817047117
507	0.05203638676678799
510	0.1110286574061183
513	0.030052529091245894
515	0.4999654888157059
516	0.2941892798041489
517	0.24026568370794515
518	0.3416799531627186
523	0.26447255885141285
525	0.015428481339186732
530	0.034061769167462876
533	0.05708419552958516
534	0.31802561372057964
543	0.03269734910451074
545	0.04422786421356302
546	0.05442660131448143
547	0.050734533046439115
548	0.29865258862201116
550	0.027010437445834475
552	0.03996006241028199
554	0.05743367250807714
558	0.0820756676452577
559	0.10749031427009727
563	0.06774084670801325
565	0.34350362643152516
568	0.06201470586285989
572	0.01019431063507955
575	0.5504590323392914
576	0.2700481214379826
578	0.13297897130111466
581	0.0813543471693625
583	0.02125058334902626
584	0.183862778620546
585	0.297041010751646
586	0.03145201233530437
587	0.05156174302596794
589	0.025513979650210038
594	0.1127487772305244
596	0.09577346543972387
597	0.2516330043194194
599	0.46911750440349653
604	0.21280761348314725
607	0.03558398388057221
609	0.06533810420303755
611	0.12448199275618248
612	0.32447799993228327
614	0.430646374084497
615	0.04670275844547476
618	0.046484625894621615
619	0.324804765155694
620	0.0524426359840449
621	0.0225676162053777
623	0.02649463988424608
628	0.05708980307473707
630	0.5100397245104907
633	0.5362869430509943
636	0.04322547030368266
637	0.009691811453104035
642	0.04246463205629403
644	0.5407185249354995
648	0.3122871205767836
649	0.1967627754898461
651	0.10616322592955953
652	0.01937770859635625
653	0.05553887897472983
654	0.01590431355678717
656	0.16746916208861296
658	0.009075702301195282
662	0.26914301702845767
663	0.31962439946042015
668	0.2254172943631637
669	0.005769303128774057
672	0.03508250925915393
673	0.2942964047615643
677	0.3537332135702467
678	0.5423900277073935
680	0.41862170626090894
687	0.001360424621274739
688	0.2597272359663862
689	0.0639375956972021
690	0.042773176320925914
691	0.051535633368231776
692	0.20961816541810474
694	0.047100743466602556
698	0.0495827336263847
702	0.4703180171473641
703	0.037362077463738756
704	0.27530771745779603
705	0.3147752305037667
706	0.454819209356254
708	0.054411145085909954
709	0.03467256641858799
712	0.11016374332428211
714	0.34971301985115893
715	0.2544888818763881
718	0.305630668410487
722	0.03311478209558574
723	0.34999523022101464
726	0.4102407061040255
729	0.1160209923450019
730	0.43314780842558154
732	0.025178398076138045
735	0.20012799099825407
736	0.20313375282078644
739	0.04530953622109212
744	0.22754740521268121
753	0.2049870618038908
755	0.2787458515783473
759	0.4307022030195478
760	0.20119681322945382
761	0.04699857018877482
762	0.03621624765107545
763	0.21997391229333524
768	0.2889344000656855
769	0.20310890205515475
771	0.16092265288783336
775	0.027962002507482354
777	0.16618367377772753
778	0.3124728025488513
779	0.45269895514030434
781	0.04661347528819915
782	0.2686452557743445
783	0.04139923538322227
784	0.3219340971632415
785	0.23946146446874983
789	0.36208834909081733
791	0.09042644196941407
792	0.17958977461625983
793	0.1797280958250466
796	0.3222758457562955
797	0.2651894415739715
798	0.12402768652766945
799	0.4782487674725256
800	0.2716470849600126
801	0.3027339984292523
802	0.3548450683822971
804	0.11148280207259642
806	0.19398216244644229
811	0.316190194407381
812	0.31147046581423066
813	0.08544458814325459
816	0.08632818024553218
817	0.1959357258861809
819	0.10449246729779656
822	0.22316988949838482
825	0.34043905822926085
827	0.27715807983480456
831	0.4983670711344051
834	0.04783638404738603
836	0.013079819432899271
839	0.253508686710281
843	0.06534984888931922
847	0.05614012720674455
849	0.20012799099825412
853	0.29707271386173495
855	0.1499045539245576
856	0.03795761289306093
857	0.21894785472623518
858	0.07889452007127816
859	0.03956158540889925
863	0.040534066966762816
869	0.2249019414774923
871	0.05607584427633828
872	0.3413762183945677
877	0.19893217594750098
881	0.023390140313060033
885	0.030465420249071493
888	0.020245001053470612
895	0.18420353722368027
897	0.032198710903818296
901	0.31563057852172316
902	0.23863185222687217
905	0.0012649547410719456
909	0.281880241363888
910	0.24265361796995488
911	0.027230142126574146
912	0.1660294505041862
914	0.3669684876970525
918	0.08830065929105502
920	0.06559866871436543
921	0.037603524942439
922	0.2327004680522604
924	0.2175722638362405
925	0.12066690190504509
927	0.33311513906122514
928	0.18723823333280604
930	0.03963200368505074
935	0.11049346036541316
937	0.29235223188422516
0	0.0
0	0.0
0	0.0
0	0.0
0	0.0
0	0.0
0	0.0
0	0.0
0	0.0
0	0.0
0	0.0
0	0.0
0	0.0
0	0.0
0	0.0
0	0.0
0	0.0
0	0.0
0	0.0
0	0.0
0	0.0
0	0.0
0	0.0
0	0.0
0	0.0
0	0.0
0	0.0
0	0.0
0	0.0
0	0.0
0	0.0
0	0.0
0	0.0
0	0.0
0	0.0
0	0.0
0	0.0
0	0.0
0	0.0
0	0.0
0	0.0
0	0.0
0	0.0
0	0.0
0	0.0
0	0.0
0	0.0
0	0.0
0	0.0
0	0.0
0	0.0
0	0.0
0	0.0
0	0.0
0	0.0
0	0.0
0	0.0
0	0.0
0	0.0
0	0.0
0	0.0
0	0.0
0	0.0
0	0.0
0	0.0
0	0.0
0	0.0
0	0.0
0	0.0
0	0.0
0	0.0
0	0.0
0	0.0
0	0.0
0	0.0
0	0.0
0	0.0
0	0.0
0	0.0
0	0.0
0	0.0
0	0.0
0	0.0
0	0.0
0	0.0
0	0.0
0	0.0
0	0.0
0	0.0
0	0.0
0	0.0
0	0.0
0	0.0
0	0.0
0	0.0
0	0.0
0	0.0
0	0.0
0	0.0
0	0.0
0	0.0
0	0.0
0	0.0
0	0.0
0	0.0
0	0.0
0	0.0
0	0.0
0	0.0
0	0.0
0	0.0
0	0.0
0	0.0
0	0.0
0	0.0
0	0.0
0	0.0
0	0.0
0	0.0
0	0.0
0	0.0
0	0.0
0	0.0
0	0.0
0	0.0
0	0.0
0	0.0
0	0.0
0	0.0
0	0.0
0	0.0
0	0.0
0	0.0
0	0.0
0	0.0
0	0.0
0	0.0
0	0.0
0	0.0
0	0.0
0	0.0
0	0.0
0	0.0
0	0.0
0	0.0
0	0.0
0	0.0
0	0.0
0	0.0
0	0.0
0	0.0
0	0.0
0	0.0
0	0.0
0	0.0
0	0.0
0	0.0
0	0.0
0	0.0
0	0.0
0	0.0
0	0.0
0	0.0
0	0.0
0	0.0
0	0.0
0	0.0
0	0.0
0	0.0
0	0.0
0	0.0
0	0.0
0	0.0
0	0.0
0	0.0
0	0.0
0	0.0
0	0.0
0	0.0
0	0.0
0	0.0
0	0.0
0	0.0
0	0.0
0	0.0
0	0.0
0	0.0
0	0.0
0	0.0
0	0.0
0	0.0
0	0.0
0	0.0
0	0.0
0	0.0
0	0.0
0	0.0
0	0.0
0	0.0
0	0.0
0	0.0
0	0.0
0	0.0
0	0.0
0	0.0
0	0.0
0	0.0
0	0.0
0	0.0
0	0.0
0	0.0
0	0.0
0	0.0
0	0.0
0	0.0
0	0.0
0	0.0
0	0.0
0	0.0
0	0.0
0	0.0
0	0.0
0	0.0
0	0.0
0	0.0
0	0.0
0	0.0
0	0.0
0	0.0
0	0.0
0	0.0
0	0.0
0	0.0
0	0.0
0	0.0
0	0.0
0	0.0
0	0.0
0	0.0
0	0.0
0	0.0
0	0.0
0	0.0
0	0.0
0	0.0
0	0.0
0	0.0
0	0.0
0	0.0
0	0.0
0	0.0
0	0.0
0	0.0
0	0.0
0	0.0
0	0.0
0	0.0
0	0.0
0	0.0
0	0.0
0	0.0
0	0.0
0	0.0
0	0.0
0	0.0
0	0.0
0	0.0
0	0.0
0	0.0
0	0.0
0	0.0
0	0.0
0	0.0
0	0.0
0	0.0
0	0.0
0	0.0
0	0.0
0	0.0
0	0.0
0	0.0
0	0.0
0	0.0
0	0.0
0	0.0
0	0.0
0	0.0
0	0.0
0	0.0
0	0.0
0	0.0
0	0.0
0	0.0
0	0.0
0	0.0
0	0.0
0	0.0
0	0.0
0	0.0
0	0.0
0	0.0
0	0.0
0	0.0
0	0.0
0	0.0
0	0.0
0	0.0
0	0.0
0	0.0
0	0.0
0	0.0
0	0.0
0	0.0
0	0.0
0	0.0
0	0.0
0	0.0
0	0.0
0	0.0
0	0.0
0	0.0
0	0.0
0	0.0
0	0.0
0	0.0
0	0.0
0	0.0
0	0.0
0	0.0
0	0.0
0	0.0
0	0.0
0	0.0
0	0.0
0	0.0
0	0.0
0	0.0
0	0.0
0	0.0
0	0.0
0	0.0
0	0.0
0	0.0
0	0.0
0	0.0
0	0.0
0	0.0
0	0.0
0	0.0
0	0.0
0	0.0
0	0.0
0	0.0
0	0.0
0	0.0
0	0.0
0	0.0
0	0.0
0	0.0
0	0.0
0	0.0
0	0.0
0	0.0
0	0.0
0	0.0
0	0.0
0	0.0
0	0.0
0	0.0
0	0.0
0	0.0
0	0.0
0	0.0
0	0.0
0	0.0
0	0.0
0	0.0
0	0.0
0	0.0
0	0.0
0	0.0
0	0.0
0	0.0
0	0.0
0	0.0
0	0.0
0	0.0
0	0.0
0	0.0
0	0.0
0	0.0
0	0.0
0	0.0
0	0.0
0	0.0
0	0.0
0	0.0
0	0.0
0	0.0
0	0.0
0	0.0
0	0.0
0	0.0
0	0.0
0	0.0
0	0.0
0	0.0
0	0.0
0	0.0
0	0.0
0	0.0
0	0.0
0	0.0
0	0.0
0	0.0
0	0.0
0	0.0
0	0.0
0	0.0
0	0.0
0	0.0
0	0.0
0	0.0
0	0.0
0	0.0
0	0.0
0	0.0
0	0.0
0	0.0
0	0.0
0	0.0
0	0.0
0	0.0
0	0.0
0	0.0
0	0.0
0	0.0
0	0.0
0	0.0
0	0.0
0	0.0
0	0.0
0	0.0
0	0.0
0	0.0
0	0.0
0	0.0
0	0.0
0	0.0
0	0.0
0	0.0
0	0.0
0	0.0
0	0.0
0	0.0
0	0.0
0	0.0
0	0.0
0	0.0
0	0.0
0	0.0
0	0.0
0	0.0
0	0.0
0	0.0
0	0.0
0	0.0
0	0.0
0	0.0
0	0.0
0	0.0
0	0.0
0	0.0
0	0.0
0	0.0
0	0.0
0	0.0
0	0.0
0	0.0
0	0.0
0	0.0
0	0.0
0	0.0
0	0.0
0	0.0
0	0.0
0	0.0
0	0.0
0	0.0
0	0.0
0	0.0
0	0.0
0	0.0
0	0.0
0	0.0
0	0.0
0	0.0
0	0.0
0	0.0
0	0.0
0	0.0
0	0.0
0	0.0
0	0.0
0	0.0
0	0.0
0	0.0
0	0.0
0	0.0
0	0.0
0	0.0
0	0.0
0	0.0
0	0.0
0	0.0
0	0.0
0	0.0
0	0.0
0	0.0
0	0.0
0	0.0
0	0.0
0	0.0
0	0.0
0	0.0
0	0.0
0	0.0
0	0.0
0	0.0
0	0.0
0	0.0
0	0.0
0	0.0
