2	0.01184817825427039
4	0.0077804924715901
5	0.2471988802072198
6	0.04839327946132237
9	0.2575813090206038
10	0.23962793848569253
12	0.00789173335729049
18	0.27078805714370296
20	0.05440545828686108
23	0.2944867735469525
24	0.2687651355653736
25	0.24106817146055315
27	0.011866307321437005
28	0.2546393498970493
30	0.006390137451961937
31	0.04950354768134389
33	0.762649031414418
34	0.20293923269015757
35	0.2161545729216382
36	0.20363971834691147
39	0.2076039169972202
41	0.0018879487195693732
42	0.021240661913730467
46	0.031439343977783085
47	0.2534637883886273
48	0.6996218496535697
49	0.03299701383077198
50	0.026101508930891387
51	0.002019988293795516
53	0.3058115956777194
54	0.006353955491444765
55	0.003405759020991859
56	0.289575063801956
57	0.23583776098871267
58	0.019611367601962332
59	0.5203702649349153
60	0.22193831378650292
61	0.14095730954018515
62	0.26514980361007706
64	0.30167416752340365
65	0.22698281475206036
66	0.5267382686835319
67	0.28161910472892526
68	0.023518395036945423
69	0.013924595892958448
70	0.23091198513071542
72	0.29427706442082446
73	0.3011506846073599
74	0.27953503377980354
75	0.27019157994355764
78	0.23120940916569357
80	0.09029691541659973
82	0.08052023216780166
83	0.46833370631717597
86	0.03783833480880895
89	0.28178067514254085
91	0.7143839737169957
97	0.23864322069857952
98	0.056630290709044434
100	0.5168138571986267
101	0.252039221478793
103	0.09738968711489722
105	0.284207669528148
106	0.2536498347375441
107	0.51908848786834
110	0.0018596206413444318
112	0.5046236034857898
113	0.03546296083684702
115	0.5375639570801561
120	0.052700652145425485
123	0.016090236116030575
124	0.24734958781448763
126	0.25420919687143995
127	0.2676371538051919
128	0.018701118831421944
129	0.046355458161851895
132	0.2882595735435834
136	0.059366434961655154
137	0.22399392316636613
138	0.4766656870408331
139	0.3272954502259274
140	0.03283590341779069
141	0.2783053801457334
142	0.05301028794589788
143	0.7790965965245195
145	0.4970432955200355
146	0.0444157361139003
148	0.0009147924201756488
149	0.04541034462265994
150	0.03984581538338644
152	0.2371262348838938
153	0.6191861951979817
154	0.2969385908331384
156	0.06537581068612036
159	0.24444158684379308
160	0.08663611401387869
162	0.264606579317622
163	0.22439805047179337
164	0.563038126131353
166	0.1080938742786349
167	0.03080827365413351
168	0.2519829120764519
169	0.2744409234325708
170	0.26072375930160196
171	0.33956938798323455
172	0.28517921368474625
173	0.2799462430880531
174	0.04454768507965634
175	0.023687872442579513
176	0.08000008894919991
177	0.33039000941923746
179	0.004157500451309262
180	0.225273965663918
183	0.04122395332892681
186	0.23019218469088937
190	0.2509179413075563
191	0.023739498973333373
192	0.12413648483079263
195	0.3156055903898615
198	0.045216187706781125
199	0.2561736626113929
200	0.015403742019089638
202	0.3124728025488513
203	0.08568096348172759
205	0.39670798238913085
206	0.2851931120310771
207	0.01819208406012563
210	0.5406869921370091
213	0.3361980528334999
216	0.06737557513507966
217	0.5700566149079955
219	0.25951305762825916
220	0.285738138941722
221	0.08146827183551529
222	0.2455566556686402
224	0.17878133579527142
227	0.25896675918730955
229	0.2903641234169232
238	0.18947089349682725
239	0.23568575979658002
240	0.03955948506258053
244	0.08736098542959339
245	0.24551417765037747
246	0.04813071971493334
248	0.46936483818122876
254	0.18157354869281955
255	0.504240020431635
256	0.00520856166560903
259	0.02155075064640167
260	0.23000607852837524
261	0.007866192744594137
263	0.08238767670877035
264	0.21088039900872385
265	0.5273200435846883
266	0.09448669927806852
270	0.0843488812697351
272	0.5148474541683565
274	0.764277377101381
277	0.3437610570679559
278	0.054393556085420056
281	0.24922028107765593
283	0.3208424066732086
284	0.27644375126924314
285	0.49709170907284345
286	0.03582273800467594
287	0.2922211336913808
288	0.3329464884313156
289	0.3077552305068747
291	0.04498598964462738
292	0.06878704320585338
296	0.04673550534628826
297	0.5247022168464359
298	0.04791525714323348
300	0.3478066290536014
301	0.26985524786242965
303	0.03737311828438473
304	0.0433110136653804
308	0.25861210149065156
309	0.7471444239139167
311	0.16377524403275598
312	0.2608302853555607
313	0.47173951426932625
317	0.29921255811042935
318	0.06971926830368412
319	0.534351705726287
320	0.0669511779424711
323	0.034808232454725835
324	0.043475151901961565
331	0.19563791430350214
332	0.05050681813483022
333	0.25737972970985074
335	0.8122392096311956
336	0.2248259872924732
338	0.24484870135639256
339	0.030499850824664332
340	0.013924994660270099
342	0.06253816571194613
345	0.2863237607189511
346	0.2700899427640688
347	0.03872892019450286
348	0.2562099233029354
350	0.05282610442792155
351	0.5115759730061066
353	0.07693406037726894
354	0.30638745084391705
356	0.5095218822084019
357	0.06601577946096825
362	0.2505876629500314
364	0.315524474635153
365	0.07564946106054089
366	0.06407480195769444
367	0.025894072017767965
370	0.2927471683244653
372	0.5016276295097329
375	0.5144279197924742
376	0.3016822063431055
377	0.32975463165975416
379	0.30171604733799395
380	0.03470119175683616
382	0.06632693210962398
386	0.20500695886474862
388	0.25583518298411717
389	0.24576488882405878
391	0.03179316712644616
396	0.15243557572907673
399	0.023616664874493057
400	0.008710183725930673
401	0.2617593121961568
403	0.26934795595294136
404	0.03586667029808872
407	0.030289449567045476
408	0.20965850210406486
411	0.29336234777332343
412	0.5294859342645072
414	0.06646037484998142
415	0.022157199823781067
418	0.45263734175936476
419	0.10082285901961188
420	0.2528731018010733
421	0.50292873852108
424	0.11158360613795411
425	0.4975728317177884
427	0.3058798508229937
428	0.22794386483103177
429	0.022414786710623254
430	0.272164064279379
431	0.22637264091268344
432	0.07006570401021386
435	0.2573046712297542
436	0.26148044255867336
438	0.273836448943266
440	0.2685495113149955
443	0.28508279275563153
444	0.47935828789440726
446	0.465483765432685
447	0.008030636819881212
449	0.027211922821545075
450	0.03291467953578927
451	0.977719168391549
452	0.15970753317706965
458	0.02345196888098683
459	0.026446296019030365
460	0.04685431310464591
461	0.05867453585746017
462	0.24419379039361405
463	0.22186891956517846
464	0.10064728387350697
465	0.27153849958111287
466	0.2809487178462419
469	0.29334624062493375
470	0.02467248781438479
471	0.19553267397507362
472	0.5238067652239665
473	0.32243866020452994
474	0.046988323665850096
475	0.2727563197558531
476	0.7668081928402771
479	0.07424116919828487
480	0.01033219504403906
482	0.2732208466982961
485	0.2695985083324639
486	0.016274837607234274
489	0.4621981167307828
490	0.24017045482058333
491	0.47072431708033896
492	0.5089235432247452
494	0.5506167559392574
496	0.055348308527646106
497	0.07492595608431832
498	0.0008489368588969204
499	0.2599954521239439
500	0.25875262291558304
501	0.2571953333579153
502	0.4707522292671625
504	0.003308874735188927
505	0.006640700754408688
507	0.5286212334108416
509	0.0161646403373938
510	0.28519300089989713
512	0.29137698660988426
515	0.4940128023636779
516	0.48569067337453264
518	0.4988984214294161
520	0.0213968093475507
521	0.04193326476932382
522	0.2874800573500197
523	0.2485651727971869
524	0.08346691386304517
527	0.2651100591266175
529	0.009426843486316214
530	0.2594883646584598
531	0.026065900564006147
533	0.19891650444503287
534	0.5671196016978746
535	0.01709897354510284
538	0.01428511124573599
540	0.31534264665939193
541	0.04765346578355941
542	0.03206193440345312
543	0.26095606156178164
545	0.22296993120633246
546	0.2899572076537111
547	0.4628056489076998
548	0.4003231998162816
549	0.2498990225058254
550	0.43890065968458974
551	0.02830583717805251
552	0.27453356536417084
553	0.2826053395689357
558	0.13117788314519627
559	0.2462973033481555
560	0.043575645210970154
561	0.03650015420572919
562	0.06135213816326161
563	0.002317053609819396
565	0.45923641485094935
566	0.2711668874715713
567	0.016721993600167392
568	0.2799580819196536
570	0.08638541057907465
572	0.038267177739408915
573	0.04725202595125135
574	0.07145852853868515
575	0.49177230792168136
578	0.3103206043884913
579	0.0105290990185532
580	0.04799422796596657
581	0.11358029475457689
582	0.08707538955407107
583	0.27796390851849606
585	0.004564041682511524
586	0.3036468175814775
587	0.5248619732842045
590	0.02646082688616411
591	0.2890015657604996
593	0.02246919527306967
594	0.32960025420496025
596	0.2274740079580279
597	0.1877919918108974
599	0.036764828199190885
600	0.01803752623839814
601	0.1939529830343807
605	0.09750283968892728
607	0.30987179998396275
608	0.5607004879453149
609	0.02550619685640032
610	0.31780059593965004
611	0.5285237900250408
612	0.00032411487880203843
614	0.009302008559358383
615	0.19911620901584332
618	0.024808655466024426
619	0.22497830720774342
621	0.1911839724029761
623	0.16470518529165973
624	0.022869616253821716
626	0.005703397167777135
627	0.24926751525243795
628	0.7651168906660322
630	0.5938218656562498
631	0.2764530545992364
633	0.4244597992278648
634	0.23130019173838082
635	0.06153774170575046
636	0.2660425415391714
638	0.04154155679541693
639	0.25894852625523807
640	0.002836927614342611
642	0.18091264636303142
644	0.2301615566895969
645	0.005185389789869946
648	0.4211198500685537
649	0.04179362743084399
651	0.2118357138927763
652	0.2596524792465207
653	0.24143474682760135
658	0.0184345978022515
662	0.3216888983746882
663	0.5243653901771015
664	0.0519723922559356
666	0.03108359845014003
667	0.2717976692318049
670	0.2848532795432407
672	0.09737587925945451
673	0.19353942273015992
674	0.07952295630196717
677	0.7518736282141871
678	0.270044440353835
682	0.039482013877881396
686	0.302928690368593
687	0.009777915025917759
689	0.2121297534014559
690	0.23217108838941058
691	0.05899270855118052
692	0.029915106765459054
695	0.036219938064628046
696	0.295629881470872
698	0.2595249603206686
699	0.514486620368362
703	0.5132348088553716
705	0.2903382331064669
707	0.00267769328827306
708	0.18775099015589924
709	0.03412857100842729
710	0.2816994817871205
712	0.2955286961208591
713	0.24948064717587098
714	0.4556243880105276
716	0.02198598316903063
718	0.46564719711205416
719	0.2842608834676393
720	0.2650399343304553
723	0.24382413372759584
724	0.2851931120310771
725	0.2978611572322247
728	0.32384328879163526
729	0.24157004007227426
732	0.26799599441822597
733	0.006560184601607056
734	0.008796705204069749
739	0.270758798124018
740	0.5000184246416799
742	0.05714998841826964
743	0.034604617734387444
744	0.2603841166560297
745	0.33021349414755063
748	0.2585022892956777
750	0.02218167551841961
752	0.3045561241703773
754	0.2690376419256126
756	0.04781659220171416
761	0.2508137027647045
762	0.1907546634409916
763	0.06912971797263336
766	0.20610047186930924
768	0.234646768235145
775	0.23396014523178238
776	0.035109331301773544
781	0.2646198094602191
782	0.46645726251332376
783	0.5165056944491562
784	0.2677000310657825
785	0.21339794885264124
787	0.04690461309884439
789	0.7496161824348828
790	0.005942116569387465
791	0.49179944407179366
792	0.037714395625501405
794	0.044521889343052394
796	0.44306793230688396
797	0.24549493010298828
798	0.29698824740078417
800	0.5090797315586124
801	0.2364856970826438
802	0.24992974302597384
803	0.0460606376844126
804	0.22675131693527154
805	0.03361357964638878
806	0.013415069552874234
808	0.040353298110443865
809	0.35723195453501055
810	0.27009172437722007
811	0.4625662366160438
812	0.50946861209859
813	0.5903268567239797
814	0.3229296199896059
816	0.5477596777037238
817	0.07103544175888418
818	0.3059666419128473
819	0.5021906331104715
820	0.32855319024744645
821	0.01168846046452035
822	0.3404852205830201
824	0.5524310610059053
825	0.45950447407369066
826	0.013271471072990537
827	0.2346470082625456
828	0.25749344290489695
829	0.03967827319500952
832	0.03769003724654856
834	0.24342977741949204
836	0.049289705576483885
839	0.03256242379876523
841	0.03783628622007075
843	0.02050409137730959
846	0.2512244215616831
847	0.22724474646738538
851	0.04423879453500403
852	0.0752165691683604
853	0.46004593569771646
854	0.08833516468815655
855	0.2712875401360102
856	0.48212765305084526
858	0.26904200895439134
859	0.32143788935554474
860	0.0326752453147501
863	0.7285500573410557
864	0.22310355146060923
865	0.058364078502547954
868	0.021645897716551208
869	0.046353302889622625
871	0.2569042308678243
872	0.4964411944850432
873	0.5346013651126047
874	0.03875734781456706
878	0.2759755122968007
879	0.09639640403407206
880	0.29167349008158683
881	0.2021033596605705
883	0.013043759724718496
884	0.050336190755653897
889	0.07259163508837668
892	0.2528462087085222
897	0.03599502393113194
898	0.04501246896649721
900	0.19082729318562175
901	0.20261638780781768
905	0.4439124963158544
911	0.2624156370589977
913	0.24811923440082462
914	0.09312736257789159
918	0.19690015615351186
920	0.4937252968443605
921	0.1833216156752877
923	0.30398146158742634
925	0.7808173673059466
926	0.08015621196815764
927	0.7375810752756514
929	0.3450892694478178
930	0.00841183686644801
931	0.061917454286914225
933	0.05776803178910094
934	0.038857817548125145
935	0.2220439540500706
937	0.19614003642039368
938	0.32132795947943915
939	0.011802495547492346
940	0.0577238643623029
943	0.5553478282462347
0	0.0
0	0.0
0	0.0
0	0.0
0	0.0
0	0.0
0	0.0
0	0.0
0	0.0
0	0.0
0	0.0
0	0.0
0	0.0
0	0.0
0	0.0
0	0.0
0	0.0
0	0.0
0	0.0
0	0.0
0	0.0
0	0.0
0	0.0
0	0.0
0	0.0
0	0.0
0	0.0
0	0.0
0	0.0
0	0.0
0	0.0
0	0.0
0	0.0
0	0.0
0	0.0
0	0.0
0	0.0
0	0.0
0	0.0
0	0.0
0	0.0
0	0.0
0	0.0
0	0.0
0	0.0
0	0.0
0	0.0
0	0.0
0	0.0
0	0.0
0	0.0
0	0.0
0	0.0
0	0.0
0	0.0
0	0.0
0	0.0
0	0.0
0	0.0
0	0.0
0	0.0
0	0.0
0	0.0
0	0.0
0	0.0
0	0.0
0	0.0
0	0.0
0	0.0
0	0.0
0	0.0
0	0.0
0	0.0
0	0.0
0	0.0
0	0.0
0	0.0
0	0.0
0	0.0
0	0.0
0	0.0
0	0.0
0	0.0
0	0.0
0	0.0
0	0.0
0	0.0
0	0.0
0	0.0
0	0.0
0	0.0
0	0.0
0	0.0
0	0.0
0	0.0
0	0.0
0	0.0
0	0.0
0	0.0
0	0.0
0	0.0
0	0.0
0	0.0
0	0.0
0	0.0
0	0.0
0	0.0
0	0.0
0	0.0
0	0.0
0	0.0
0	0.0
0	0.0
0	0.0
0	0.0
0	0.0
0	0.0
0	0.0
0	0.0
0	0.0
0	0.0
0	0.0
0	0.0
0	0.0
0	0.0
0	0.0
0	0.0
0	0.0
0	0.0
0	0.0
0	0.0
0	0.0
0	0.0
0	0.0
0	0.0
0	0.0
0	0.0
0	0.0
0	0.0
0	0.0
0	0.0
0	0.0
0	0.0
0	0.0
0	0.0
0	0.0
0	0.0
0	0.0
0	0.0
0	0.0
0	0.0
0	0.0
0	0.0
0	0.0
0	0.0
0	0.0
0	0.0
0	0.0
0	0.0
0	0.0
0	0.0
0	0.0
0	0.0
0	0.0
0	0.0
0	0.0
0	0.0
0	0.0
0	0.0
0	0.0
0	0.0
0	0.0
0	0.0
0	0.0
0	0.0
0	0.0
0	0.0
0	0.0
0	0.0
0	0.0
0	0.0
0	0.0
0	0.0
0	0.0
0	0.0
0	0.0
0	0.0
0	0.0
0	0.0
0	0.0
0	0.0
0	0.0
0	0.0
0	0.0
0	0.0
0	0.0
0	0.0
0	0.0
0	0.0
0	0.0
0	0.0
0	0.0
0	0.0
0	0.0
0	0.0
0	0.0
0	0.0
0	0.0
0	0.0
0	0.0
0	0.0
0	0.0
0	0.0
0	0.0
0	0.0
0	0.0
0	0.0
0	0.0
0	0.0
0	0.0
0	0.0
0	0.0
0	0.0
0	0.0
0	0.0
0	0.0
0	0.0
0	0.0
0	0.0
0	0.0
0	0.0
0	0.0
0	0.0
0	0.0
0	0.0
0	0.0
0	0.0
0	0.0
0	0.0
0	0.0
0	0.0
0	0.0
0	0.0
0	0.0
0	0.0
0	0.0
0	0.0
0	0.0
0	0.0
0	0.0
0	0.0
0	0.0
0	0.0
0	0.0
0	0.0
0	0.0
0	0.0
0	0.0
0	0.0
0	0.0
0	0.0
0	0.0
0	0.0
0	0.0
0	0.0
0	0.0
0	0.0
0	0.0
0	0.0
0	0.0
0	0.0
0	0.0
0	0.0
0	0.0
0	0.0
0	0.0
0	0.0
0	0.0
0	0.0
0	0.0
0	0.0
0	0.0
0	0.0
0	0.0
0	0.0
0	0.0
0	0.0
0	0.0
0	0.0
0	0.0
0	0.0
0	0.0
0	0.0
0	0.0
0	0.0
0	0.0
0	0.0
0	0.0
0	0.0
0	0.0
0	0.0
0	0.0
0	0.0
0	0.0
0	0.0
0	0.0
0	0.0
0	0.0
0	0.0
0	0.0
0	0.0
0	0.0
0	0.0
0	0.0
0	0.0
0	0.0
0	0.0
0	0.0
0	0.0
0	0.0
0	0.0
0	0.0
0	0.0
0	0.0
0	0.0
0	0.0
0	0.0
0	0.0
0	0.0
0	0.0
0	0.0
0	0.0
0	0.0
0	0.0
0	0.0
0	0.0
0	0.0
0	0.0
0	0.0
0	0.0
0	0.0
0	0.0
0	0.0
0	0.0
0	0.0
0	0.0
0	0.0
0	0.0
0	0.0
0	0.0
0	0.0
0	0.0
0	0.0
0	0.0
0	0.0
0	0.0
0	0.0
0	0.0
0	0.0
0	0.0
0	0.0
0	0.0
0	0.0
0	0.0
0	0.0
0	0.0
0	0.0
0	0.0
0	0.0
0	0.0
0	0.0
0	0.0
0	0.0
0	0.0
0	0.0
0	0.0
0	0.0
0	0.0
0	0.0
0	0.0
0	0.0
0	0.0
0	0.0
