1	0.26871074243166504
2	0.3076013625466787
3	0.0012189880486750126
5	0.25782691285329024
6	0.28347141670041487
7	0.24777073509974018
8	0.7344993935290869
9	0.2661226557847386
10	0.25441557224705436
11	0.20256225764217545
12	0.27546371209835996
13	0.26333129639543745
14	0.05106868889732902
15	0.5096061268062294
17	0.5419657254286234
18	0.26546088152688396
20	0.24293441675259894
21	0.07309256969823848
22	0.5295293632690653
23	0.016984783280343533
26	0.5324537304425722
27	0.35863605389037073
28	0.4992930862776478
29	0.2489561672982076
31	0.27735881893541176
32	0.7538523177959378
33	0.03473332492864874
34	0.19839781090935477
35	0.05242460638224774
36	0.04748631980624389
37	0.5265215507146495
38	0.059277659669667006
39	0.30473244618971024
40	0.2913140155056919
41	0.2898779493693549
43	0.01686437006407388
44	0.30388319120831947
45	0.7614897963281263
46	0.5208222715636963
47	0.0329667723334928
48	0.0541555096025039
51	0.5211182774780065
52	0.5222616461433712
53	0.0369597601316211
54	0.5029285491879419
55	0.5220554409617869
56	0.27287183789546365
57	0.5026614461164822
59	0.020208597847228192
60	0.4981185034189624
63	0.41386132154609906
65	0.004974956933344019
67	0.2912192006282232
68	0.7447978824896152
69	0.5437270331133363
70	0.28195668735293555
71	0.4948990772539125
73	0.023693107201016955
74	0.27762383964841303
75	0.24321953575071475
76	0.48644387777084624
78	0.28589740427984345
79	0.2614039783546392
80	0.2997994403993707
81	0.27196115884160016
82	0.20762372417677205
83	0.2524756554832088
84	0.5050890586217223
85	0.02979753974041494
86	0.3253447111553156
87	0.7757171014687625
88	0.2638915805582439
89	0.012425560770039427
91	0.0007828231124156829
92	0.49867393305291785
93	0.18538886672903176
94	0.021019529877608002
95	0.01499306708697374
96	0.513040160640239
98	0.0006648798501709199
99	0.26461529022751673
100	0.22946268510153708
101	0.47949973935012696
102	0.4840045455666784
103	0.41717931275738207
104	0.5284013415771194
105	0.06557535329933938
106	0.23203825695901859
109	0.2522853541786858
110	0.009312146723480373
111	0.5438863770795784
112	0.029772238441098553
113	0.5373805898776685
114	0.5476458034793354
117	0.5049178920176328
118	0.2558966660173453
119	0.271856105891777
120	0.037300272579641344
121	0.029502496132289176
122	0.2567101219426227
124	0.023131386608929015
125	0.25201106838958603
126	0.2793615406735513
127	0.24184894935287887
128	0.505528514595969
129	0.2594306238962467
130	0.0037946064740502633
131	0.2389962119367679
132	0.04227979321313009
133	0.4878476309530738
134	0.2073707683833107
135	0.25376034826726124
136	0.2749879881235436
137	0.5369601672534876
138	0.002711994212436397
139	0.045204157594769166
140	0.29117824726399166
141	0.21054358796141093
142	0.48790195857547103
147	0.4981173526470299
148	0.5336859208850845
149	0.5202298738940369
150	0.0467902754362194
151	0.018022245085735977
152	0.2653584688126581
154	0.030594934443469203
155	0.48618426318632413
156	0.0021605464895166973
157	0.5193968100716726
158	0.2042371621640321
159	0.24984469051409192
160	0.24669018145461222
161	0.1845549074433305
163	0.3288849905097813
164	0.009247217812265424
165	0.218769287279633
167	0.2773875075125669
169	0.24709268450928698
170	0.22841181264328708
171	0.25199197285815794
172	0.2820973610832599
173	0.27419316973745483
174	0.5056410437759786
175	0.23699194551927222
176	0.01692994536906185
177	0.28558414061943627
178	0.2467462170164857
179	0.017125277136312612
180	0.28743417980822644
182	0.023338509408248873
184	0.03946560856030286
187	0.2626727283373098
188	0.5081946188604418
189	0.2276303471278007
190	0.45138633959017366
191	0.22316890285782512
193	0.2786564632605093
194	0.27030733172294186
196	0.19470610800908453
197	0.4505244307550186
199	0.2991892465416426
200	0.2781811173517048
203	0.19749989794338496
204	0.3110990333804341
207	0.2730933935968786
208	0.22837959650099085
210	0.030254051005927016
211	0.2368699051043951
212	0.31658537813300003
213	0.004145356507204604
214	0.027181937708250708
215	0.2161460536836802
216	0.289663069246739
218	0.28834047828336706
219	0.23200419844514064
221	0.0014129634842943856
222	0.21667437683067595
224	0.03195915439190699
225	0.002171114122998849
226	0.07495232494035184
227	0.01874685847584465
228	0.5470056605378165
229	0.23657160280809877
230	0.023564725358997108
231	0.5320283860312173
232	0.05520427220350961
233	0.5284013359098712
234	0.26304231401170886
235	0.03543881895264125
237	0.2414317821728805
238	0.03411902317894716
239	0.2816638109398783
240	0.2936456782586348
241	0.3740869116713725
242	0.2984479539603913
244	0.011233104345756022
245	0.03497241109740923
246	0.477572021464015
247	0.5009315488256232
248	0.3375009975733034
249	0.48155215189180206
252	0.2361422530353506
253	0.0033244347517432937
254	0.5024774358937534
256	0.052103776096797755
257	0.506149587857601
258	0.27930862039474597
259	0.004937670866746617
260	0.06286554557856588
261	0.2735611471982163
262	0.03730937702893196
264	0.27456103091959827
266	0.15848729764008587
267	0.25749407277043046
268	0.5163599670183333
271	0.2782735795562252
272	0.04837291355022329
273	0.29307449845211203
274	0.04752157973112861
275	0.5256554149086551
276	0.5190799635558287
277	0.20091284535562265
278	0.2516801564445437
279	0.02329352914528108
280	0.25376611506331553
281	0.5530907699533288
282	0.24207394567305418
284	0.05915288893611098
285	0.057744767465297456
287	0.252254161563429
289	0.355258149119643
290	0.012917754077253856
291	0.26431490148534725
293	0.05158920394029548
294	0.4476666763843509
295	0.27039600816156817
296	0.2559366351112722
298	0.024390960751145198
299	0.5043769133019834
301	0.24902541041954743
302	0.5265743795692399
303	0.04870434483695632
304	0.004759122749609091
306	0.4941470010208846
307	0.012903367835685398
309	0.04742239461661961
310	0.4684513872050011
312	0.04053643758202283
313	0.26215982387292497
314	0.2566760912390175
315	0.02108966677154122
316	0.21513434428689365
317	0.2969863709088929
318	0.007795131678479398
319	0.02820764939835835
320	0.2588713653642042
322	0.31983091556398474
323	0.28122407813834116
325	0.5160102408121787
326	0.5182457652487129
328	0.26803782994835135
329	0.4929733331699061
330	0.2580616024845084
331	0.5332279936774383
332	0.2937382573898429
333	0.04523241145002532
334	0.02122893146823377
336	0.5401510237019984
337	0.47376137641821453
338	0.47597399619114333
339	0.017992840858321105
341	0.3548230860715834
344	0.04367282247968528
345	0.21838612814760136
346	0.287749368607358
347	0.0015875440733059687
348	0.25840404076852824
349	0.29402581534967903
352	0.7551689886920655
353	0.27701506979531193
354	0.013776743127735254
355	0.0008659013017291647
356	0.046254639117143066
357	0.27007509531426244
358	0.002080437205835249
359	0.4677675174428852
360	0.27068419126792986
361	0.5323171591302104
362	0.2906581920064344
363	0.5333432488368955
364	0.24280504981428436
365	0.004069730927662666
366	0.2825059295835934
367	0.7706328988615322
368	0.5085019029158224
369	0.7673203302290539
372	0.0008654080418204688
375	0.27576403253963544
376	0.5034328097632016
377	0.004637581440637868
378	0.273823377236469
379	0.026044606219341446
380	0.04074699568763188
381	0.2839710884385804
383	0.25312167421784587
384	0.27958918871992444
386	0.03328746741115633
387	0.2843700712986176
388	0.06541968174530727
389	0.28174579303825614
390	0.030609306591483715
392	0.25311946345341646
393	0.2639214917292507
394	0.5245641231215062
395	0.5080995687300204
396	0.25894200344669016
397	0.05157528526232691
398	0.021248833501194588
399	0.051236706462270805
400	0.28424359813997274
403	0.0449890420168586
404	0.03581228060053515
406	0.03364269449274532
408	0.26664152783270795
409	0.5001085192944921
410	0.28470223931587546
412	0.022116760010391034
413	0.7539701721176189
414	0.2666415278327079
415	0.301688259038108
416	0.5027321402066453
417	0.2909918122815066
418	0.32618936991753605
419	0.48514101338571197
420	0.2831279761019094
421	0.27707280758458636
422	0.025532113314321345
423	0.5078345292692532
425	0.06355144907885976
426	0.517931161877871
429	0.27650544401109456
430	0.030878474653354655
431	0.017131445586301256
432	0.5154610885779747
433	0.3145959681674909
434	0.03367483981836879
435	0.2502354143896497
436	0.013749211059573236
438	0.03165944922930551
439	0.314509224479591
440	0.49864738729493674
441	0.2760564121504257
442	0.25549889718679214
443	0.2651698147316044
446	0.08305980603849958
447	0.24193689460737594
448	0.26256232187143186
449	0.5055175043824027
450	0.2588919919561651
453	0.23993927487447603
456	0.48935423780947174
457	0.24510425732305097
459	0.2572255728188575
460	0.25345992362315084
461	0.537492425868477
462	0.004282849089560364
463	0.2531668000345044
464	0.01687954529409889
465	0.005527275848153958
466	0.5207796447913599
467	0.022815402759889133
468	0.2103856218389266
469	0.28039774499410475
470	0.5083179361383425
471	0.25418721209993633
472	0.25808549238853934
473	0.019402887667432228
474	0.5115369384234324
477	0.014301676341404352
478	0.0031085967120752893
479	0.272819044000051
480	0.016513361591874345
481	0.4696917924185522
482	0.29750291694839254
483	0.7521448268104465
484	0.7537502372722619
486	0.00111779468075357
487	0.25022199761418984
488	0.745387235050703
489	0.01700763024043296
490	0.29106747126369437
492	0.2557354359919499
494	0.03358077216938454
495	0.24964628528096355
496	0.5300474089105868
497	0.24727392579126192
499	0.26619170490115396
502	0.2465125781562818
504	0.013685891439415412
505	0.2759819098072389
506	0.27283028817692345
507	0.029093434932606067
509	0.7563593663291889
510	0.28289789873609467
511	0.3115752874782165
512	0.04317182065618603
513	0.5080461703995947
514	0.26162993722067235
515	0.07827406318807746
516	0.008882543845302494
517	0.2784823705680158
518	0.01418324354324834
519	0.5122926786904148
520	0.27450932057126953
521	0.23174238474010153
523	0.027964776205394965
524	0.03823462702886558
525	0.008289106652725448
526	0.24026427245467663
528	0.5400846769226588
529	0.04657805392583471
530	0.017197288894452455
531	0.5214199600900187
532	0.27797450546724944
533	0.2701438909856088
535	0.015651937009363206
536	0.7667028690127593
537	0.510820301894996
540	0.49859505838053864
543	0.020976200598493477
544	0.5555267397366739
545	0.2434301629782133
546	0.26896004648561955
547	0.2748090368547739
548	0.03525303567499512
549	0.012537095916237147
550	0.2639081354017446
551	0.016292471043171386
552	0.4899709485326369
553	0.042316540453344986
554	0.7472799571712598
555	0.24595828538819425
556	0.26697577311993537
557	0.5186541299517198
559	0.24912578809660582
560	0.038375222237940515
561	0.2800131931121266
563	0.7480812405916222
564	0.25716904396399043
565	0.2485454630197054
566	0.28359935095149835
568	0.26410088962568873
569	0.030609306591483695
570	0.4791852436319745
571	0.5143865881882073
573	0.25566152966218236
574	0.2504987278395588
576	0.27767017683940165
577	0.006871684801983316
578	0.2607340297408962
580	0.4449201031494417
582	0.46056305987122975
583	0.020433886921945865
584	0.2510555994770934
586	0.009578637371689944
587	0.303975494387163
588	0.0002082330080080408
590	0.24525434981691113
592	0.0014207960265077424
593	0.5098891104125709
594	0.24256102526120232
596	0.27171012789779325
597	0.022453830685867007
598	0.2509964266796818
600	0.31089777272884034
601	0.21412172007520724
602	0.2678496808797347
603	0.5025896963127191
606	0.04698876897841088
609	0.6571869558660056
610	0.009968082355460681
611	0.0015935283798601159
612	0.2693178335565062
613	0.26624735425029705
615	0.24064955647617278
618	0.030007735078612565
619	0.5454131239014544
620	0.5040322372015803
621	0.22174504388429694
622	0.5130477634867634
623	0.24591443935405388
624	0.2773536904388262
625	0.010704595592013567
626	0.5383269152209219
627	0.2784332782155016
628	0.030609306591483688
629	0.24909315189348918
631	0.01741465219704845
632	0.27761778218847666
634	0.2739555490836127
635	0.005343418611184956
636	0.027600396490474827
637	0.021642116719419843
638	0.2276539620278023
639	0.06683280109646081
642	0.27604138671581846
643	0.02444517545721489
644	0.28666717599026803
645	0.2493846935092323
646	0.46979824319764985
648	0.2998596972827247
650	0.2535241593632
651	0.28879902615643344
653	0.03124636088976572
654	0.3151544957255372
655	0.003946570674581026
656	0.4811360973884247
657	0.26280912269873524
658	0.008090202982386854
660	0.5041278998116558
661	0.27063336539151445
662	0.004444064387634401
663	0.24770134103446798
665	0.028405098313527964
666	0.28543611425310755
667	0.0335381260648676
668	0.08498767233937606
670	0.05818609783708932
671	0.2421917471056032
672	0.242759868728918
673	0.05979195899631991
674	0.234960598636186
675	0.5766889514468179
676	0.2820153036770675
679	0.7678509462536838
680	0.2547383680645507
681	0.5229074181366967
682	0.27523770755035615
683	0.020167006592306195
684	0.5041126996579443
686	0.02099055832493593
687	0.030359505058511475
688	0.28218774619179193
689	0.5179988511930069
691	0.24517793186541553
692	0.04340220331002696
693	0.24116486041124086
694	0.27353925006221036
695	0.5306754057102725
696	0.2660110274072075
697	0.7514962881365732
698	0.504254416143959
699	0.020542307515841803
700	0.5327247068327973
701	0.7616187868652583
702	0.2704033766689285
703	0.2865821606439202
704	0.022116037290061376
705	0.02726009183834759
706	0.29585241759005687
707	0.015223917361069338
708	0.5343522028436757
709	0.013823320568173224
710	0.03141872056038546
711	0.2711789613762855
712	0.2792587440321691
713	0.08696020692338027
714	0.26910295959492925
715	0.25225815796264023
716	0.22932277864333925
717	0.2915686452014006
718	0.21141163634916238
720	0.2897173983468332
722	0.46434136171894885
723	0.5063811679609637
725	0.22860534728768941
727	0.34091913718143535
728	0.23911092560133196
730	0.25944230225611126
731	0.2748019093304269
732	0.05451057157114014
733	0.295122240169126
735	0.014743999589662462
736	0.015605377890909575
737	0.26754668302814255
738	0.5362206477638145
740	0.0723398667702023
741	0.2450882348659521
742	0.0070471739740906834
743	0.2911286671071453
745	0.008632023793368873
746	0.2920789999518313
747	0.05440564402772811
748	0.046207095970083996
749	0.015960434478777076
750	0.4749829439432153
751	0.046191435712545054
752	0.05208443591209741
754	0.2685001615930616
755	0.006571777077398467
756	0.007255257543150123
757	0.290450998509586
758	0.012836166869950608
759	0.006816949133334957
760	0.18021624722577517
761	0.2607095208992567
762	0.49671273949553
764	0.02014867514957829
765	0.24999125586569093
766	0.5185149696261087
769	0.23588113373223865
770	0.0069122809873497365
772	0.7622168760424022
773	0.277940031436478
774	0.06971652755719998
775	0.048620827305284456
776	0.2506396824524768
777	0.06634321681375141
780	0.01640790457500023
781	0.5321547852391558
783	0.29841178393130435
784	0.031226389334951855
785	0.3015702166005137
787	0.4833267381232923
788	0.5289287005476955
789	0.018555517200626745
790	0.2983525147027687
791	0.2738499227363818
792	0.24910196015823732
794	0.22583242773591594
795	0.051026992098927956
796	0.27981049872677594
797	0.38743458962322264
798	0.03726232736079672
799	0.2881423323798325
801	0.02558014280090347
802	0.26674394333460644
803	0.03658509874520876
804	0.02432265046347455
805	0.0063053382465649704
806	0.027161267980788842
807	0.5204946666096081
808	0.28918662186556154
809	0.21254817464016976
810	0.001102014111033365
811	0.31258486331264496
813	0.21852870361736218
814	0.2747498031168565
815	0.5008669058910372
816	0.02844650482486877
818	0.48644891423725795
819	0.04769120179500641
820	0.059907552459239566
821	0.03269900107083672
823	0.23911601673597405
824	0.0023690973883674603
825	0.254019160030857
826	0.7422158761783131
827	0.07436753248412048
828	0.4888930280373243
829	0.030609306591483695
830	0.5023531553892947
831	0.23883401206543478
832	0.518906245614785
834	0.5162885533224373
835	0.24746337775924615
836	0.08556192601802018
837	0.22075615005766547
838	0.26949702858936175
841	0.2547276219717474
842	0.5140569941236228
843	0.31174504886815646
844	0.26727165741665543
845	0.2609493281718208
846	0.02971943971945118
847	0.5081837146466603
848	0.2803744752012103
849	0.26858891161880233
850	0.2678752018592453
851	0.4998053275863231
852	0.035145109446463665
856	0.2484993772220804
857	0.35376209408168563
859	0.04039721347972995
860	0.7543600501415019
862	0.7486845305070047
863	0.03823267162923397
865	0.12049199243469726
866	0.11216396977805115
867	0.4736234050680787
868	0.5069745458989054
870	0.03543283475056498
871	0.32295107441243265
872	0.26324953013177227
874	0.28405330344849195
875	0.2357515223172387
876	0.5041411406728972
877	0.2517540822242577
878	0.011265375359672002
879	0.46114727815447293
880	0.26760125458641315
881	0.5075962131365085
882	0.28324783956064215
884	0.2686279701016984
886	0.2822840739023954
887	0.25114879414680136
888	0.23796940020468038
889	0.24789494318529604
890	0.0020978615391350625
891	0.22861561703559705
892	0.29866058821676
893	0.2813227961744924
895	0.5159570980683468
896	0.265921965646604
898	0.24600998277512637
900	0.17943774748884195
902	0.01480526052804066
903	0.0058983071594576955
904	0.009008681108348328
905	0.3083507987743595
906	0.2646941894936934
908	0.2570317127065126
909	0.012632342903730585
913	0.05515126706472814
915	0.552523917342188
916	0.453612042665215
917	0.2649958473149911
918	0.046028119093779074
919	0.02996062388062586
920	0.26056325606017594
921	0.2291974796799643
922	0.30291350221128277
923	0.24629011816481353
926	0.498016164924914
927	0.0042929248543720905
930	0.2674018378709957
931	0.2507075544331872
932	0.27121709834688446
933	0.27006502819930545
934	0.2812261716175943
935	0.2639522465225047
936	0.2571375136547092
937	0.010872945722530326
938	0.2799471564701181
939	0.5033331265437208
941	0.25413541291532393
942	0.5210695555197361
0	0.0
0	0.0
0	0.0
0	0.0
0	0.0
0	0.0
0	0.0
0	0.0
0	0.0
0	0.0
0	0.0
0	0.0
0	0.0
0	0.0
0	0.0
0	0.0
0	0.0
0	0.0
0	0.0
0	0.0
0	0.0
0	0.0
0	0.0
0	0.0
0	0.0
0	0.0
0	0.0
0	0.0
0	0.0
0	0.0
0	0.0
0	0.0
0	0.0
0	0.0
0	0.0
0	0.0
0	0.0
0	0.0
0	0.0
0	0.0
0	0.0
0	0.0
0	0.0
0	0.0
0	0.0
0	0.0
0	0.0
0	0.0
0	0.0
0	0.0
0	0.0
0	0.0
0	0.0
0	0.0
0	0.0
0	0.0
0	0.0
0	0.0
0	0.0
0	0.0
0	0.0
0	0.0
0	0.0
0	0.0
0	0.0
0	0.0
0	0.0
0	0.0
0	0.0
0	0.0
0	0.0
0	0.0
0	0.0
0	0.0
0	0.0
0	0.0
0	0.0
0	0.0
0	0.0
0	0.0
0	0.0
0	0.0
0	0.0
0	0.0
0	0.0
0	0.0
0	0.0
0	0.0
0	0.0
0	0.0
0	0.0
0	0.0
0	0.0
0	0.0
0	0.0
0	0.0
0	0.0
0	0.0
0	0.0
0	0.0
0	0.0
0	0.0
0	0.0
0	0.0
0	0.0
0	0.0
0	0.0
0	0.0
0	0.0
0	0.0
0	0.0
0	0.0
0	0.0
0	0.0
0	0.0
0	0.0
0	0.0
0	0.0
0	0.0
0	0.0
0	0.0
0	0.0
0	0.0
0	0.0
0	0.0
0	0.0
0	0.0
0	0.0
0	0.0
0	0.0
0	0.0
0	0.0
0	0.0
0	0.0
0	0.0
0	0.0
0	0.0
0	0.0
0	0.0
0	0.0
0	0.0
0	0.0
0	0.0
0	0.0
0	0.0
0	0.0
0	0.0
0	0.0
0	0.0
0	0.0
0	0.0
0	0.0
0	0.0
0	0.0
0	0.0
0	0.0
0	0.0
0	0.0
0	0.0
0	0.0
0	0.0
0	0.0
0	0.0
0	0.0
0	0.0
0	0.0
0	0.0
0	0.0
0	0.0
0	0.0
0	0.0
0	0.0
0	0.0
0	0.0
0	0.0
0	0.0
0	0.0
0	0.0
0	0.0
0	0.0
0	0.0
0	0.0
0	0.0
0	0.0
0	0.0
0	0.0
0	0.0
0	0.0
0	0.0
0	0.0
0	0.0
0	0.0
0	0.0
0	0.0
0	0.0
