1	0.04416465727671276
2	0.45778090242068253
5	0.2666975576243298
6	0.2528009785388168
8	0.26145158291296744
9	0.28346662917248316
10	0.02711329973029293
12	0.7323366288321278
14	0.27258345588986843
15	0.2655079726699784
17	0.2054119204455166
18	0.2837595217340563
20	0.5150812355376245
22	0.018524160968107068
23	0.0521309376112571
24	0.2949379723178214
25	0.05848156933319114
28	0.2787209513827771
32	0.49846761482282437
33	0.24777299926996643
34	0.286396560257119
35	0.7860383541241989
36	0.27277265821865204
37	0.527311682123222
39	0.2436031532185916
40	0.24512732555969774
41	0.2756523679873423
42	0.04676521747170869
43	0.006901149438651236
44	0.02511605297515921
45	0.5173051637403552
46	0.03566060794969759
48	0.47933175477598805
51	0.5322237239799154
52	0.2689157433327488
53	0.2102224019480078
54	0.046903705482336314
55	0.7354971901802126
57	0.3006958465582996
59	0.04135920525298958
60	0.28235290494120335
61	0.12745746465527114
62	0.05359839323901271
63	0.2463724418710745
65	0.48689654890926276
66	0.006304100767043241
67	0.4922880184361353
68	0.29669547277368097
69	0.0437056777867916
70	0.5349038896348048
71	0.2405612743706777
72	0.03289596291241714
73	0.11394329204410103
74	0.25270229932912464
75	0.001022365454658447
76	0.05769095222247857
78	0.28049145688158034
79	0.27397346070394374
80	0.2529133439447697
81	0.04128009916338904
82	0.25289588792351736
83	0.7477231510973665
84	0.4781617527206168
87	0.2981230040673509
88	0.060529913597687696
89	0.020137228341622092
91	0.519841512413335
92	0.03388823103560258
95	0.2666027038760016
99	0.2837548939896982
100	0.5396276573366021
101	0.5020285377431714
102	0.25304399204373434
106	0.7551690401494435
109	0.27713979429741104
110	0.5154861966371167
111	0.21407990277148556
112	0.5029970597357302
113	0.006162907791633154
114	0.22537540230229952
115	0.0020630619176325027
117	0.2766515425723831
118	0.28435130656158447
119	0.05561912248500542
121	0.3245707987076585
122	0.5182885848328656
123	0.01246134110798685
124	0.006152281243464348
125	0.23380096698322933
126	0.21747491534625096
127	0.232741851564515
128	0.7435137514871758
129	0.28627801477451276
131	0.560286176386023
132	0.01701260349891354
133	0.469425309329418
134	0.2737984692243683
136	0.06895286610540037
137	0.47829917201722383
138	0.2691718816274822
139	0.04211172641622897
140	0.02286703110984252
141	0.7693716598889672
142	0.06843779702088236
143	0.49140682130395213
145	0.24474591724896527
147	0.2852614132575016
148	0.2300274625130716
149	0.25734285054128575
150	0.2542178029199166
151	0.25758513551519513
152	0.5044497208737344
153	0.3217893889373402
154	0.28681649834604755
155	0.24255521314655976
156	0.02787895713234318
157	0.5239093980752177
158	0.005214486992426468
159	0.7404656224720199
160	0.01212526408265547
161	0.1944141514601761
163	0.17479338789445326
164	0.2278156685665232
166	0.32980360667466213
167	0.27991076209313204
168	0.29818813741310835
169	0.2547620403687641
170	0.7691688087390002
172	0.25399118558598494
173	0.2786794036792465
174	0.29287284430469734
175	0.006268585586694551
177	0.23576788537677978
178	0.011556417431790741
179	0.2793827353786283
180	0.20462426633810124
182	0.278462510364233
185	0.20674210757161268
186	0.49744687175201474
187	0.25365680721764855
188	0.28303078550811417
190	0.25923068442931596
191	0.4337886890044307
193	0.06003973294508951
194	0.27414568356817953
195	0.00474680314371706
197	0.46560478050815834
199	0.25484413359471564
202	0.09577346543972387
204	0.2782691835210713
205	0.4354783904334994
206	0.3804852426988506
207	0.02379988577363202
208	0.005219338434940143
210	0.03228916144455557
212	0.10657761677070227
215	0.01700004006053232
216	0.009600579702825584
217	0.015088926342817367
218	0.5353768234185927
219	0.5290663706922649
220	0.06559470912100601
223	0.0074459088993110226
224	0.2492347133708547
227	0.2027297802650163
228	0.37938153757607324
229	0.42723846675206306
230	0.22960525156772799
231	0.2647198994878479
232	0.22360478825686106
233	0.290311999358005
234	0.06366727748417658
238	0.3086998936325316
240	0.048679273983769776
241	0.5422143224535461
242	0.2949435481240387
243	0.114174306611429
245	0.2138943511041361
246	0.05902531734396321
247	0.05952536899912897
249	0.02079784771460587
252	0.2998128919035541
253	0.2698014692148862
254	0.5656955423887741
255	0.26760844621345414
257	0.7754412055636039
258	0.5128654375275867
260	0.3135392689532788
261	0.5229377070120705
264	0.28339427950242296
267	0.010815167104242983
268	0.047455990696070545
271	0.04601084017978799
272	0.48051430258817446
273	0.23672870045919273
274	0.24461387034413856
275	0.530417549198259
276	0.031226103979542487
277	0.023061938611778344
278	0.3023756572093902
281	0.46524313761026936
282	0.0073835602448966975
283	0.003976144109367134
285	0.4742164803004976
287	0.48507027016809606
288	0.028650840936827703
289	0.3538920635049704
290	0.012491014228411073
291	0.2868109608365146
292	0.06748890911518567
294	0.03692498941660257
296	0.5075493574899035
297	0.03180434495336453
298	0.27102536489864937
299	0.06694104379771454
300	0.0699469948471649
301	0.042267991788126985
302	0.2878439995699078
304	0.27836442886296386
306	0.5502839987141374
309	0.47499583194624106
310	0.5741613375332212
311	0.015919468492907818
312	0.23721299943938415
313	0.2686834885436963
314	0.009775222829149954
316	0.3512690671861758
317	0.2755368160218688
318	0.012404279184585292
319	0.25949267493169115
320	0.2508495436133118
322	0.4865262973265258
323	0.049117409686173265
325	0.03005751826300622
326	0.03360812340505667
328	0.05208849209413437
329	0.262300717783504
330	0.49175038610518523
331	0.4850946482000384
332	0.2468955520509431
333	0.29338943507833076
335	0.2056439081847865
336	0.4602926907453492
337	0.0053626836466257564
338	0.285762398375989
340	0.22518556594085673
345	0.07884747996914376
346	0.7581469487102741
347	0.026983744315221825
348	0.04897310187262171
349	0.0722064960542279
350	0.04304935803667928
351	0.24435074703864634
352	0.3181233821091819
353	0.23690219213379074
354	0.023709317249782046
357	0.24084649503069866
359	0.01880654666460503
361	0.28550581063207187
362	0.23347386296959352
363	0.013566457094892726
364	0.26184261026566846
366	0.02873549475063108
367	0.27414259308305405
368	0.4874316566132952
369	0.5148820178724519
372	0.5248935985698062
373	0.005343426749040141
375	0.07305021908893969
376	0.24942009776973265
377	0.22112948303402039
379	0.2688435210375214
383	0.24959427157283104
384	0.02230415151908972
385	0.005815399562796308
386	0.2287250810485374
387	0.04188177630915603
388	0.20920419049406577
389	0.045361933078988836
393	0.5217912525942535
394	0.030767330354755623
396	0.4562345333429809
397	0.02983720959035062
398	0.011278122620424928
399	0.0460858829020522
400	0.005340835894036465
401	0.21675905443717003
403	0.5420519100290447
404	0.03306963803043177
409	0.024977986015069467
410	0.32956395291681556
411	0.07516364816745426
413	0.28559550823307867
414	0.009550520216781544
415	0.296523649725696
419	0.47283267269759366
420	0.27699985906128466
421	0.28399686222672005
422	0.04684761102968599
423	0.007238454369923698
424	0.08968465425355931
426	0.5082220289472067
428	0.2630132107775339
429	0.06637579400391441
430	0.03531120562361234
431	0.5133575181555534
432	0.2752723653881989
434	0.2285033860408736
435	0.3005842848466269
436	0.020060005224130456
437	0.05449703827260765
439	0.5074455090524936
440	0.273474763988741
441	0.2842869936686676
443	0.2593112441816615
444	0.2249156276399127
446	0.22085304789362972
449	0.0424960951732457
450	0.2995149927723318
451	0.3047394119142316
452	0.1977136028969732
453	0.040169755090631185
454	0.024256978636593686
456	0.2917871830476893
459	0.016188023484891245
460	0.03826894945470527
462	0.2729670589946161
466	0.023297718135705248
467	0.057696904492660996
469	0.496129800953142
470	0.5125162743542876
471	0.5047405139509537
472	0.2884436837285247
473	0.5074228495960138
474	0.2919669480838595
475	0.2785925951472844
476	0.25006868354934336
477	0.22095060238268824
480	0.0007545061640954753
481	0.5029651168138012
482	0.7542144374944426
483	0.2828456273218466
484	0.2941659258887378
486	0.022912507601502735
487	0.034990176247563134
488	0.020529999441762904
489	0.22391956835424887
490	0.04768303021685989
491	0.2385819364765493
492	0.4889303395003618
495	0.008063971887260817
496	0.07598961652431413
497	0.2575907828101755
499	0.273655949700295
502	0.5259027661750797
504	0.2676873042510556
505	0.7612214918798808
509	0.16074694767277323
510	0.2830954344329057
511	0.3431729234634247
512	0.2583031808446213
513	0.4948432202591059
515	0.21581531097405748
516	0.28324063302189195
517	0.06028097589888107
518	0.2176359409497733
519	0.02810292742395046
520	0.30656281434078414
523	0.00992123994302119
525	0.029292578151016907
528	0.29345898787925734
529	0.28684715962772356
530	0.2665172143054123
531	0.29470732627944507
533	0.5241773013440437
534	0.23937357221670139
536	0.2673348999134769
537	0.022609391804719294
538	0.03964533154300039
540	0.2583444670327955
541	0.007329144556023896
543	0.03857933390315058
544	0.2308900812173577
545	0.5130302708572189
546	0.25361035696611695
547	0.050201440323860855
548	0.22499776292797338
549	0.04797771549336506
550	0.3065753771218085
551	0.013598055673165334
552	0.2753342215233847
553	0.27031504138462714
554	0.5149046654289577
555	0.015230416793013145
556	0.022512447319684614
557	0.07104769658725074
558	0.023442637781405193
559	0.7566252304735955
560	0.011406014601861338
561	0.01563762738433882
563	0.5012467461934933
564	0.052393437777900495
565	0.5249819610229146
566	0.2538496772591701
568	0.024779116245330142
570	0.21737393443414732
571	0.035783956765587085
572	0.2994855670604315
573	0.04504325432339542
574	0.01785686965408137
575	0.5552046947137392
576	0.25556572712025716
577	0.02772895323761327
578	0.7419374767095772
579	0.017500180848605107
580	0.19917518244810817
583	0.49708433029561966
584	0.055017167469836696
585	0.22922343848293147
586	0.5125615461471561
588	0.020741271743538545
590	0.29911780307986185
591	0.026253312020413942
593	0.25653091196731415
594	0.46708161266155834
597	0.2234205915714167
598	0.03526288550060636
601	0.2576196906457544
602	0.26778634747395413
607	0.24829840256013216
608	0.005855670416303738
609	0.31672884955745284
610	0.24646596882931224
611	0.5181055738804231
612	0.4608257565023751
613	0.03876056983211419
615	0.048581141094332564
616	0.27171012789779325
617	0.1625373927887947
618	0.263069248339443
619	0.4664954328281399
620	0.5155516348241296
621	0.24690292330095365
622	0.02937052556414301
623	0.4918789491755375
624	0.029622480170418818
625	0.025273855721043785
626	0.22484968728508287
627	0.07563033241206454
628	0.022388870667882792
629	0.2456457335770037
630	0.0024239392922170526
632	0.28169888707648544
633	0.24313643091616144
634	0.04754762835616534
636	0.01166822599540689
637	0.2646421407634126
638	0.21529051136921337
639	0.23835545097046612
640	0.04603205759396097
642	0.5532661224091174
644	0.4925240030048172
645	0.2806375618684014
646	0.4640087606142548
648	0.47017485133260895
649	0.03470763556866932
650	0.07155510615811328
651	0.7123380222717421
652	0.025041793723516042
653	0.5131448997596465
654	0.49376899139047314
657	0.07104641039917076
660	0.5411314383872441
661	0.0026867391041957914
662	0.18363576215186644
663	0.2466334780699885
666	0.044927188583406774
667	0.27619740442045293
670	0.2161678746082641
672	0.24567425834913575
673	0.5064293579302405
674	0.2782218019423891
675	0.5383387073783656
677	0.26760616268372883
678	0.1661748455115718
679	0.5293510015429745
680	0.013999110221746536
681	0.49635007448712326
684	0.030289895851871654
687	0.006866807529659801
688	0.015178895368056135
689	0.7534858439148999
690	0.03676514037910817
691	0.24068793738932978
694	0.2631531638087751
695	0.049701276822419926
696	0.05172679622275915
697	0.27780228551253044
698	0.4873560431648655
700	0.2924972185429215
701	0.2697618954417458
702	0.23735873156789683
703	0.2644336939204734
705	0.501871628610302
706	0.2701375321751866
707	0.022427012665498368
708	0.7639162776722545
709	0.03762980850323424
710	0.012685575806546057
711	0.06331842196122942
712	0.7397832675948168
714	0.7431979588507288
715	0.2512908963243421
716	0.273032223732102
718	0.5396275047375688
719	0.2489909609824975
720	0.27519751264394704
722	0.26694972277874457
723	0.7315711611730277
724	0.3804852426988506
725	0.5060073572641779
727	0.017516869513978454
728	0.4331468909036287
729	0.5365354889035457
731	0.30536750907527593
732	0.25336504210318855
733	0.0441641764027383
734	0.04618099511041243
735	0.04882544676724716
738	0.026488223526198347
739	0.288049116962076
741	0.06554443765320411
742	0.030414991692869226
743	0.02077964561840945
744	0.04896513891311992
745	0.07501899155585331
746	0.06857749080271693
749	0.3019351529153264
750	0.2501345911284468
751	0.03875174057575431
754	0.5063884319694649
755	0.25581211434512824
756	0.3031912882527111
757	0.035614105512134814
758	0.015314471850845002
759	0.009775932377209359
761	0.223204107716072
762	0.5476542764012359
765	0.015621987499303765
766	0.05405477798412983
768	0.23671305053381775
769	0.04389515190398913
772	0.26113450350589607
774	0.08503769838573552
775	0.5247845831190772
776	0.23041964147019037
778	0.2274740079580279
779	0.011811655871906978
780	0.005199225495403373
781	0.2322708595568535
782	0.003987366707710122
785	0.30081139680519525
788	0.3018276779859239
789	0.258960869049295
790	0.007566432166962379
791	0.28152336991299276
796	0.5116788560091755
797	0.29348724245806473
798	0.5021425558837103
799	0.01899431436527435
800	0.022388870667882806
801	0.549534544949746
802	0.2587707253016696
804	0.5314960648939774
807	0.06028045576184886
808	0.03464167186352689
809	0.2184328452177375
810	0.27712954102982484
811	0.4838336465545324
812	0.5243646837320597
813	0.01565120358089227
814	0.008794009137270395
815	0.03805937855163218
816	0.2545878620676506
819	0.48474748556618985
822	0.29094016149199975
824	0.2905274603648443
825	0.7544775502950333
826	0.01751246491817097
827	0.21181543454612678
828	0.0385411802768718
829	0.27954465636170006
830	0.31937254423487865
831	0.012569454382769487
832	0.5100195255809058
834	0.5060925803402867
836	0.007133086410164878
837	0.28122878491270814
838	0.2775868458219826
839	0.014646244659414987
841	0.25251297983315024
842	0.01771700063358671
844	0.2668490423893936
845	0.09002796986490724
846	0.24321271229832553
847	0.49844721655493307
848	0.06377180500759144
849	0.019985545567940532
850	0.2662540875600543
852	0.05730946582140922
853	0.22340982945481092
855	0.525580872795756
856	0.2494329672895177
858	0.27278408872523957
859	0.037803002234669196
860	0.02739098980998009
862	0.05154314062125588
863	0.27633891953209455
864	0.26787837738600195
867	0.050831043555104864
869	0.02389034251413461
872	0.26063642595641784
873	0.33232419148853315
874	0.0678682341817209
876	0.4935730886562875
878	0.2763357928525079
879	0.020952829123179213
880	0.05484248840424766
881	0.2938095471215213
882	0.039920260576411716
885	0.2037823068509245
887	0.2769681717698349
888	0.5468461346959976
889	0.01157911621762715
890	0.010042673487209011
891	0.010888574953310432
892	0.2624677915733308
893	0.2801944009130522
895	0.04564817565563098
896	0.02278758693661191
897	0.025448847368515284
900	0.007177537668696263
901	0.47056206181134097
902	0.01704486164421593
903	0.047035625861929165
906	0.0546454321068554
909	0.028597223057720354
911	0.24688209695430036
914	0.292458013507334
915	0.2785206540005282
918	0.22957234196921755
920	0.2838265520899031
921	0.522928951741753
922	0.19539524064878577
923	0.2919191105335536
925	0.278986284276592
927	0.5231428721462251
930	0.5043726916861834
931	0.05191364527499679
932	0.06477502456419598
933	0.06201366297283685
934	0.03351304026278679
935	0.7756530519231027
936	0.28385634019732586
937	0.22325518691677412
939	0.07651513620068141
941	0.34146606583602834
942	0.020225782547565165
943	0.013227663886470023
0	0.0
0	0.0
0	0.0
0	0.0
0	0.0
0	0.0
0	0.0
0	0.0
0	0.0
0	0.0
0	0.0
0	0.0
0	0.0
0	0.0
0	0.0
0	0.0
0	0.0
0	0.0
0	0.0
0	0.0
0	0.0
0	0.0
0	0.0
0	0.0
0	0.0
0	0.0
0	0.0
0	0.0
0	0.0
0	0.0
0	0.0
0	0.0
0	0.0
0	0.0
0	0.0
0	0.0
0	0.0
0	0.0
0	0.0
0	0.0
0	0.0
0	0.0
0	0.0
0	0.0
0	0.0
0	0.0
0	0.0
0	0.0
0	0.0
0	0.0
0	0.0
0	0.0
0	0.0
0	0.0
0	0.0
0	0.0
0	0.0
0	0.0
0	0.0
0	0.0
0	0.0
0	0.0
0	0.0
0	0.0
0	0.0
0	0.0
0	0.0
0	0.0
0	0.0
0	0.0
0	0.0
0	0.0
0	0.0
0	0.0
0	0.0
0	0.0
0	0.0
0	0.0
0	0.0
0	0.0
0	0.0
0	0.0
0	0.0
0	0.0
0	0.0
0	0.0
0	0.0
0	0.0
0	0.0
0	0.0
0	0.0
0	0.0
0	0.0
0	0.0
0	0.0
0	0.0
0	0.0
0	0.0
0	0.0
0	0.0
0	0.0
0	0.0
0	0.0
0	0.0
0	0.0
0	0.0
0	0.0
0	0.0
0	0.0
0	0.0
0	0.0
0	0.0
0	0.0
0	0.0
0	0.0
0	0.0
0	0.0
0	0.0
0	0.0
0	0.0
0	0.0
0	0.0
0	0.0
0	0.0
0	0.0
0	0.0
0	0.0
0	0.0
0	0.0
0	0.0
0	0.0
0	0.0
0	0.0
0	0.0
0	0.0
0	0.0
0	0.0
0	0.0
0	0.0
0	0.0
0	0.0
0	0.0
0	0.0
0	0.0
0	0.0
0	0.0
0	0.0
0	0.0
0	0.0
0	0.0
0	0.0
0	0.0
0	0.0
0	0.0
0	0.0
0	0.0
0	0.0
0	0.0
0	0.0
0	0.0
0	0.0
0	0.0
0	0.0
0	0.0
0	0.0
0	0.0
0	0.0
0	0.0
0	0.0
0	0.0
0	0.0
0	0.0
0	0.0
0	0.0
0	0.0
0	0.0
0	0.0
0	0.0
0	0.0
0	0.0
0	0.0
0	0.0
0	0.0
0	0.0
0	0.0
0	0.0
0	0.0
0	0.0
0	0.0
0	0.0
0	0.0
0	0.0
0	0.0
0	0.0
0	0.0
0	0.0
0	0.0
0	0.0
0	0.0
0	0.0
0	0.0
0	0.0
0	0.0
0	0.0
0	0.0
0	0.0
0	0.0
0	0.0
0	0.0
0	0.0
0	0.0
0	0.0
0	0.0
0	0.0
0	0.0
0	0.0
0	0.0
0	0.0
0	0.0
0	0.0
0	0.0
0	0.0
0	0.0
0	0.0
0	0.0
0	0.0
0	0.0
0	0.0
0	0.0
0	0.0
0	0.0
0	0.0
0	0.0
0	0.0
0	0.0
0	0.0
0	0.0
0	0.0
0	0.0
0	0.0
0	0.0
0	0.0
0	0.0
0	0.0
0	0.0
0	0.0
0	0.0
0	0.0
0	0.0
0	0.0
0	0.0
0	0.0
0	0.0
0	0.0
0	0.0
0	0.0
0	0.0
0	0.0
0	0.0
0	0.0
0	0.0
0	0.0
0	0.0
0	0.0
0	0.0
0	0.0
0	0.0
0	0.0
0	0.0
0	0.0
0	0.0
0	0.0
0	0.0
