2	0.013487316236252954
4	0.051225452653482086
5	0.025435727938264208
7	0.5214824593151405
11	0.2821820202320017
13	0.021592839330684177
15	0.42435068773879164
16	0.7641200935451955
17	0.002662184560215365
19	0.3089136997006131
20	0.22210736588893823
21	0.0898626371896245
22	0.01875501384023177
23	0.030845616943227183
25	0.028137731555725812
30	0.45579862136631644
36	0.023944035617725193
38	0.5357466450503037
40	0.0008342231243728612
41	0.24617821008648388
42	0.32787565614027125
43	0.04213866038502052
44	0.009825981890509018
47	0.05558869662603319
49	0.31054287360212396
50	0.046874582766799344
52	0.23747536857415052
53	0.2339484036253712
54	0.04531640181515122
55	0.0020948663803573124
61	0.2355187579104013
64	0.25585395179767995
65	0.21427286600658382
67	0.017552545782244952
68	0.041020154924110305
72	0.27456135717251673
75	0.28050201601319824
77	0.27358108936557396
79	0.014912468545519253
81	0.2530242905944472
84	0.2714944270210511
85	0.32439695858959783
89	0.05232236232785924
90	0.024563285724850177
92	0.051021382837969344
93	0.3665081589802894
94	0.01009278384618674
95	0.26312278342387857
96	0.4546966245120252
97	0.2652416668936839
98	0.25036354534822025
99	0.4968545105048123
102	0.24399605766197346
104	0.24256435556038225
108	0.5718685896283958
109	0.006195416809912112
110	0.056850747252409406
116	0.3178199168338157
117	0.1884654032498392
119	0.030098193279697587
120	0.04264197567525134
121	0.23700723928408943
123	0.08645005198131375
124	0.013494478667773986
125	0.2857832695838896
130	0.7748609047993853
133	0.25375807932141103
134	0.29285760037858277
140	0.24399605693797652
142	0.0030724983007928454
144	0.49766753946972303
146	0.47653421943878976
147	0.24304469058823244
150	0.2639372488604766
151	0.2606364443807212
155	0.12586217983443015
157	0.2411644588593161
158	0.3547318365359117
162	0.3194983201167895
165	0.5377738986707019
169	0.23105536804436988
175	0.2691894384234311
176	0.036954922925093864
178	0.4772194303890861
179	0.07151554799878364
180	0.271125236617336
182	0.30314813210481284
184	0.26954410255369154
185	0.266809021004653
187	0.23539072512453377
189	0.01791552366096204
191	0.008036139585046738
192	0.030183159401436302
193	0.29190646854087277
194	0.03338188316774932
195	0.05276133984869458
196	0.027028573624425584
198	0.002118365026524599
199	0.005335446469525454
200	0.2802643562864202
201	0.5490863742267224
209	0.13168594413693196
211	0.46405274697682003
212	0.18404829055982733
213	0.036692523123187944
214	0.5440170850981921
215	0.2873530979427535
220	0.025983664386158005
221	0.04412747972237244
223	0.5691790324718303
224	0.2517764550393163
225	0.03357707493187974
227	0.08436420441631898
228	0.33626454406336725
230	0.5011877187017557
231	0.26044664745430846
233	0.25210507564649565
234	0.28222314340803806
235	0.2729922161440284
236	0.37081863426514905
237	0.29300265981061435
238	0.0701708085329407
242	0.4709623650456043
243	0.24272765883456182
244	0.045156321581361125
245	0.3014612568150542
251	0.2689853137081689
252	0.28222688911520766
253	0.34997085462133204
256	0.07653881325178037
257	0.010675318642700788
259	0.07471171104749086
262	0.29966052092107265
264	0.045073603953364405
265	0.08066591976602457
267	0.040546363688563236
269	0.22379896638729277
270	0.2874636274189579
271	0.028437381142273843
273	0.2131176788004556
276	0.029288320117355215
279	0.27540778479037586
280	0.5624217503308279
282	0.23785888392661153
286	0.24352978682391718
290	0.3146997398816941
291	0.25749658866979513
292	0.02989716355724157
294	0.3000697514683919
295	0.4808134070587091
296	0.045235413245395865
298	0.001465374491095739
302	0.19454437074633196
303	0.006297321509689369
307	0.5707516339922029
311	0.027974517127132864
314	0.5464511785443862
315	0.08733469859948588
318	0.25838616676347687
321	0.3404280097595208
323	0.27209179776435166
324	0.2805840789678411
325	0.2992237162700956
327	0.5427920615469154
328	0.07728899928886054
329	0.258260632535258
333	0.26820067544987697
337	0.2787985224796252
339	0.021978966020729813
340	0.5559241329821983
342	0.05995008920168909
343	0.26496139613253433
344	0.23332651409150884
345	0.012599549048087744
347	0.009444106056483673
348	0.0004497867784090913
351	0.040592703824299366
355	0.0510410710996901
357	0.01874346976814718
358	0.5148957890023715
359	0.05043473019735731
361	0.015631367863496785
363	0.2552828487311013
365	0.48164450791715907
366	0.003454529386942927
370	0.05936293311896622
371	0.5234561529238705
373	0.314734556207166
378	0.29455420952360867
380	0.02375110038060821
383	0.29302160103046965
384	0.028195113073856262
388	0.033927859590100286
390	0.3211531156353351
392	0.2999578335726288
394	0.27778826776368404
396	0.03542174715382694
398	0.3255080875981885
399	0.021715027443753792
400	0.22336053090871083
402	0.35064756844670053
405	0.39502790942821603
406	0.05770818900424966
407	0.29849227862852096
408	0.05731709017446179
411	0.06684938884320492
412	0.03144945359615463
413	0.24962871550039833
415	0.014528390434167086
417	0.02293074722212858
423	0.24576330557543027
424	0.009292263526442204
427	0.0849186976285735
428	0.03691061815482035
430	0.010259857788763656
434	0.2515360951882445
436	0.0006562230564580301
437	0.011817796727296666
438	0.27885239391980543
439	0.007134762584477379
441	0.04894158085910036
442	0.04619120419597683
445	0.40225537445893067
448	0.025123967459482307
450	0.044217369060336485
455	0.05417713247476358
457	0.022801446683817582
458	0.04829675523123744
459	0.30620641911991087
460	0.03008387157704342
461	0.2482426132677874
462	0.04332328060768133
464	0.0237830465272012
465	0.2952295928843395
468	0.5794112878581339
475	0.03464721970550223
477	0.06506988540267795
478	0.31856665769364256
480	0.325171594104355
487	0.04349182668284252
493	0.08718639475214225
495	0.46573574815995905
497	0.041824859378637336
501	0.0014220339186970105
503	0.5606861820638658
508	0.5133431329213758
514	0.058350973635019836
515	0.004254050094646557
517	0.2730511802109773
519	0.47306061432662494
520	0.03728259130342852
521	0.008803341871580245
523	0.04706302979789479
525	0.34704655620995584
526	0.23671190276073673
529	0.039483530100877864
532	0.2869010057284377
535	0.01803394061905331
536	0.04020432189230504
539	0.27503683557129016
543	0.03744928043080603
549	0.07670841233815184
551	0.2645496506024217
555	0.5548542033883239
556	0.24370634764029808
557	0.24919776997330997
562	0.24448077156376216
564	0.03929925337751111
569	0.3211531156353351
571	0.2610849697220853
576	0.04163519027621837
577	0.04516788346073921
579	0.03387239731544138
580	0.05172009013430595
581	0.027326938634781757
582	0.23993931737608948
584	0.2786442802270493
588	0.06755764020012818
589	0.7942575197031964
592	0.016371043201077594
595	0.011670720254518076
597	0.2934696171543819
598	0.2254810522049925
599	0.2864406239900466
602	0.2553232498970171
603	0.06992330197793642
605	0.28456502635814945
606	0.06124670170807288
609	0.14172830388957125
612	0.3126609062289361
614	0.16691559942679476
618	0.3028420722139196
622	0.023251262138466695
625	0.04905834232405211
629	0.5169483510870542
631	0.1108338612320861
632	0.24768769153850761
633	0.026262541796640143
635	0.26288110692939515
636	0.04097204763598884
637	0.09986059620200369
640	0.32252150180580613
641	0.5453574691616216
643	0.059357692047444566
647	0.28998945121083963
649	0.30804049479132517
652	0.3197151238370158
653	0.05703462858875903
654	0.012862093162361185
655	0.2558091023396305
658	0.3127182891024975
659	0.2569352387622951
661	0.2763537719432144
664	0.07084383344734699
665	0.5494425462374548
666	0.026940238556211794
667	0.03510039536287761
668	0.05173597149433317
669	0.3407247956274229
670	0.01938746346018297
671	0.25455074711748393
674	0.014903275141277643
675	0.0771763918794103
676	0.2791518049768714
678	0.1298746254971794
680	0.31239354086653004
681	0.23190244851777012
683	0.350509559002433
684	0.2530360194828437
687	0.058808852160281304
688	0.235003908296609
690	0.008132258829820556
691	0.07044016303809382
692	0.48779320979692964
693	0.02243474417687237
699	0.03646419024985975
700	0.007269216808620426
701	0.2567044490958337
702	0.31139811062867434
704	0.08117463814706763
706	0.27614543352252996
707	0.02110614680760535
709	0.03337574458886088
711	0.015096847656058544
715	0.2963423625263585
717	0.2483302192453991
721	0.02582526390947841
722	0.02506679338663924
726	0.5859334827406493
727	0.031064675666485683
729	0.018047374294731945
730	0.5212322020698169
731	0.2557796276091017
732	0.04694353279497038
734	0.3049068269840766
735	0.0548737474974542
736	0.3483283321732973
738	0.01800560881847501
739	0.026362192619866404
742	0.28152695791107457
743	0.017728216412299797
744	0.011745151895329778
746	0.06529785205625069
749	0.07251765999060272
750	0.02534718561674592
751	0.5237611645148362
753	0.5923539020329246
754	0.0006447759605843692
755	0.30111389818119727
756	0.08128026767530362
757	0.26563936543543126
759	0.30800890779065604
760	0.5990688517360293
763	0.28260477239315024
764	0.3408079657968112
765	0.02252498090478122
767	0.5533377888785037
768	0.11509673919488125
769	0.2913141288107881
770	0.279583732405542
771	0.53335882324954
773	0.26410054978025627
777	0.5144348501406701
779	0.5659683677152492
780	0.23177568780922195
782	0.05028047760332506
784	0.010586057448218833
785	0.06833607512557043
786	0.5016566355250902
787	0.019185189927090927
792	0.26468201666011526
793	0.27258256597393976
795	0.5214810103566828
798	0.02680755366853406
799	0.22715629963605402
800	0.08130589065819971
803	0.3323749203468209
806	0.33419602886350314
810	0.040993121763161014
815	0.02602783623652776
817	0.061248209715122084
821	0.011679453164789515
829	0.30842652818756877
831	0.2984528293951085
833	0.06600915635391633
835	0.03243931021422968
837	0.4921551935361442
838	0.502136085940254
839	0.07175800875390204
840	0.290104219067277
844	0.011263728944902369
845	0.21124233344592983
849	0.5482737531647042
850	0.3088586024319527
852	0.0447602955397448
854	0.2621616865527958
857	0.15868101540990986
861	0.3312125404245341
862	0.03332220888759685
866	0.24514620630877826
868	0.035683726676617795
869	0.2695456460968058
870	0.27732880710366886
875	0.0003856787061315009
877	0.27793957692547955
882	0.018519227721786942
883	0.041758763026242395
885	0.27376631337969004
886	0.06337028443365177
890	0.0028111378407360277
891	0.0743768471352885
893	0.28138514521954106
894	0.4989134713803594
895	0.47392609671225355
896	0.0815698483904832
897	0.29184433625469225
898	0.2959984069471412
899	0.30223810994013134
902	0.22631125946344607
903	0.26648575009417824
904	0.06710727465977126
906	0.27199859185263614
907	0.024210527089256008
908	0.22040353947108374
909	0.2693380971480792
910	0.33617127420360476
912	0.7740095928424326
914	0.02572925893477463
917	0.25030301007205513
919	0.20130621520400702
922	0.27475183921470514
924	0.3587364385492433
928	0.2833497201372191
931	0.0025159773710389174
932	0.016808548237053404
933	0.019800321925808384
936	0.05162954452139591
937	0.08737523281538348
938	0.01856129613067217
940	0.27647401035539376
941	0.24081238305350533
942	0.25808562365462795
943	0.02732803496274963
0	0.0
0	0.0
0	0.0
0	0.0
0	0.0
0	0.0
0	0.0
0	0.0
0	0.0
0	0.0
0	0.0
0	0.0
0	0.0
0	0.0
0	0.0
0	0.0
0	0.0
0	0.0
0	0.0
0	0.0
0	0.0
0	0.0
0	0.0
0	0.0
0	0.0
0	0.0
0	0.0
0	0.0
0	0.0
0	0.0
0	0.0
0	0.0
0	0.0
0	0.0
0	0.0
0	0.0
0	0.0
0	0.0
0	0.0
0	0.0
0	0.0
0	0.0
0	0.0
0	0.0
0	0.0
0	0.0
0	0.0
0	0.0
0	0.0
0	0.0
0	0.0
0	0.0
0	0.0
0	0.0
0	0.0
0	0.0
0	0.0
0	0.0
0	0.0
0	0.0
0	0.0
0	0.0
0	0.0
0	0.0
0	0.0
0	0.0
0	0.0
0	0.0
0	0.0
0	0.0
0	0.0
0	0.0
0	0.0
0	0.0
0	0.0
0	0.0
0	0.0
0	0.0
0	0.0
0	0.0
0	0.0
0	0.0
0	0.0
0	0.0
0	0.0
0	0.0
0	0.0
0	0.0
0	0.0
0	0.0
0	0.0
0	0.0
0	0.0
0	0.0
0	0.0
0	0.0
0	0.0
0	0.0
0	0.0
0	0.0
0	0.0
0	0.0
0	0.0
0	0.0
0	0.0
0	0.0
0	0.0
0	0.0
0	0.0
0	0.0
0	0.0
0	0.0
0	0.0
0	0.0
0	0.0
0	0.0
0	0.0
0	0.0
0	0.0
0	0.0
0	0.0
0	0.0
0	0.0
0	0.0
0	0.0
0	0.0
0	0.0
0	0.0
0	0.0
0	0.0
0	0.0
0	0.0
0	0.0
0	0.0
0	0.0
0	0.0
0	0.0
0	0.0
0	0.0
0	0.0
0	0.0
0	0.0
0	0.0
0	0.0
0	0.0
0	0.0
0	0.0
0	0.0
0	0.0
0	0.0
0	0.0
0	0.0
0	0.0
0	0.0
0	0.0
0	0.0
0	0.0
0	0.0
0	0.0
0	0.0
0	0.0
0	0.0
0	0.0
0	0.0
0	0.0
0	0.0
0	0.0
0	0.0
0	0.0
0	0.0
0	0.0
0	0.0
0	0.0
0	0.0
0	0.0
0	0.0
0	0.0
0	0.0
0	0.0
0	0.0
0	0.0
0	0.0
0	0.0
0	0.0
0	0.0
0	0.0
0	0.0
0	0.0
0	0.0
0	0.0
0	0.0
0	0.0
0	0.0
0	0.0
0	0.0
0	0.0
0	0.0
0	0.0
0	0.0
0	0.0
0	0.0
0	0.0
0	0.0
0	0.0
0	0.0
0	0.0
0	0.0
0	0.0
0	0.0
0	0.0
0	0.0
0	0.0
0	0.0
0	0.0
0	0.0
0	0.0
0	0.0
0	0.0
0	0.0
0	0.0
0	0.0
0	0.0
0	0.0
0	0.0
0	0.0
0	0.0
0	0.0
0	0.0
0	0.0
0	0.0
0	0.0
0	0.0
0	0.0
0	0.0
0	0.0
0	0.0
0	0.0
0	0.0
0	0.0
0	0.0
0	0.0
0	0.0
0	0.0
0	0.0
0	0.0
0	0.0
0	0.0
0	0.0
0	0.0
0	0.0
0	0.0
0	0.0
0	0.0
0	0.0
0	0.0
0	0.0
0	0.0
0	0.0
0	0.0
0	0.0
0	0.0
0	0.0
0	0.0
0	0.0
0	0.0
0	0.0
0	0.0
0	0.0
0	0.0
0	0.0
0	0.0
0	0.0
0	0.0
0	0.0
0	0.0
0	0.0
0	0.0
0	0.0
0	0.0
0	0.0
0	0.0
0	0.0
0	0.0
0	0.0
0	0.0
0	0.0
0	0.0
0	0.0
0	0.0
0	0.0
0	0.0
0	0.0
0	0.0
0	0.0
0	0.0
0	0.0
0	0.0
0	0.0
0	0.0
0	0.0
0	0.0
0	0.0
0	0.0
0	0.0
0	0.0
0	0.0
0	0.0
0	0.0
0	0.0
0	0.0
0	0.0
0	0.0
0	0.0
0	0.0
0	0.0
0	0.0
0	0.0
0	0.0
0	0.0
0	0.0
0	0.0
0	0.0
0	0.0
0	0.0
0	0.0
0	0.0
0	0.0
0	0.0
0	0.0
0	0.0
0	0.0
0	0.0
0	0.0
0	0.0
0	0.0
0	0.0
0	0.0
0	0.0
0	0.0
0	0.0
0	0.0
0	0.0
0	0.0
0	0.0
0	0.0
0	0.0
0	0.0
0	0.0
0	0.0
0	0.0
0	0.0
0	0.0
0	0.0
0	0.0
0	0.0
0	0.0
0	0.0
0	0.0
0	0.0
0	0.0
0	0.0
0	0.0
0	0.0
0	0.0
0	0.0
0	0.0
0	0.0
0	0.0
0	0.0
0	0.0
0	0.0
0	0.0
0	0.0
0	0.0
0	0.0
0	0.0
0	0.0
0	0.0
0	0.0
0	0.0
0	0.0
0	0.0
0	0.0
0	0.0
0	0.0
0	0.0
0	0.0
0	0.0
0	0.0
0	0.0
0	0.0
0	0.0
0	0.0
0	0.0
0	0.0
0	0.0
0	0.0
0	0.0
0	0.0
0	0.0
0	0.0
0	0.0
0	0.0
0	0.0
0	0.0
0	0.0
0	0.0
0	0.0
0	0.0
0	0.0
0	0.0
0	0.0
0	0.0
0	0.0
0	0.0
0	0.0
0	0.0
0	0.0
0	0.0
0	0.0
0	0.0
0	0.0
0	0.0
0	0.0
0	0.0
0	0.0
0	0.0
0	0.0
0	0.0
0	0.0
0	0.0
0	0.0
0	0.0
0	0.0
0	0.0
0	0.0
0	0.0
0	0.0
0	0.0
0	0.0
0	0.0
0	0.0
0	0.0
0	0.0
0	0.0
0	0.0
0	0.0
0	0.0
0	0.0
0	0.0
0	0.0
0	0.0
0	0.0
0	0.0
0	0.0
0	0.0
0	0.0
0	0.0
0	0.0
0	0.0
0	0.0
0	0.0
0	0.0
0	0.0
0	0.0
0	0.0
0	0.0
0	0.0
0	0.0
0	0.0
0	0.0
0	0.0
0	0.0
0	0.0
0	0.0
0	0.0
0	0.0
0	0.0
0	0.0
