1	0.008639093757186508
2	0.2361024093746509
5	0.24279446716756312
6	0.020820455694396948
7	0.2737520889878969
8	0.7564949207410858
9	0.5098489756697888
10	0.00032265391846221514
11	0.2448267332470593
12	0.49657990563137533
13	0.009738412751938166
15	0.5276065870676429
17	0.5659211295417895
18	0.2642150754606802
19	0.010424692983295049
20	0.4889107682970838
22	0.26940775995655275
24	0.002654531828365801
25	0.013864286572469287
26	0.21932840578471935
27	0.3964742722046532
28	0.5421058566572553
29	0.05259649728128864
30	0.028921422839579932
31	0.023645975445589832
33	0.020512601351520346
34	0.24039124637665715
35	0.2802744542790915
36	0.2733267429371913
37	0.5072934012418765
39	0.24965990924486067
40	0.03329207606118553
41	0.5069222934368538
42	0.01901802640658194
44	0.005053241209778327
45	0.7402764099096671
46	0.5461018500134867
47	0.06386244300405597
48	0.2899721473089037
51	0.7597905438197671
52	0.7497254156587726
53	0.2613960303056423
54	0.5460443880629882
55	0.7640364971972345
56	0.29879356481597363
57	0.5436554296091997
59	0.026477319644568564
60	0.26405198461563073
61	0.15977156768563122
62	0.005265694855942138
63	0.2373333768337282
64	0.02891374313597254
65	0.22102364975358296
66	0.2572594189259931
67	0.520817600228879
68	0.758193080728116
69	0.30409929591775375
70	0.31587399786184084
71	0.5395258616400976
73	0.04051905486366208
74	0.05665217179263267
75	0.4685238337724938
76	0.5283094580438445
77	0.007951139252640689
78	0.5171341549758368
79	0.5065323519778258
80	0.33361771838690846
81	0.524403282885755
83	0.47865966435878077
84	0.5167581333289643
86	0.35572971434054174
87	0.5359846958935826
88	0.29657740217008066
89	0.2420638166092781
91	0.24101666005698005
92	0.28456217883937374
93	0.4261872339292966
95	0.02823686711349701
96	0.26089827691033934
98	0.22372370507585448
99	0.4938714060371979
100	0.25063400709714345
101	0.7016521085816808
102	0.4968735087739108
103	0.4580177977740499
104	0.3683924046545075
106	0.4418965839544669
109	0.23579162829887712
110	0.02199445501868476
111	0.24261013184956695
112	0.29245831653494214
113	0.24877507432689822
114	0.4756678075903967
117	0.5166255216621305
118	0.5104825453500229
119	0.30656140378011715
120	0.04371829761628915
121	0.006018982059501469
122	0.5169244413284619
124	0.26936876118156083
125	0.4600811110809192
126	0.4782767290172729
127	0.47742005455364367
128	0.75484498404175
129	0.013903280261357825
130	0.04000882503761691
131	0.4830712762454876
133	0.7128938811399153
134	0.4645070123058338
135	0.2727970852809392
136	0.02966931758487725
137	0.5029425262313988
138	0.23014284913601546
139	0.06420939432058506
140	0.041609458848358226
141	0.43862455257076016
142	0.5293977539799949
145	0.005396136229995574
147	0.505006390271894
148	0.2622606949616112
149	0.4661084515326276
150	0.041609458848358226
152	0.5205937700540056
153	0.07370227705717339
154	0.26689800731718094
155	0.5033862018944256
156	0.2517903437656523
157	0.7591406576477163
158	0.23599001789779925
159	0.46757151977763683
160	0.004308213876114228
161	0.22660199284265153
162	0.013071643410129858
163	0.5767094405771924
164	0.008997594524429449
165	0.21584822888951868
166	0.3220610426920927
167	0.06407034081154561
168	0.008738463810015494
169	0.4980056626645822
170	0.447852423424595
171	0.2633964934547709
172	0.0015030075340535173
173	0.0548982629769615
174	0.31049154081944064
175	0.22136834698985555
176	0.05451763304717326
178	0.24248725318783168
180	0.528617884192499
182	0.03640881241987253
185	0.20237557219121088
186	0.2267025917162528
187	0.5067258576818414
188	0.23804801064099312
190	0.6869858269197804
191	0.42708354153819417
193	0.3132632165178915
194	0.3042673890800799
196	0.23701358061597927
197	0.6708865585071114
198	0.0039795358669361645
199	0.5664396037530584
200	0.02152464236423931
202	0.04748862620665263
203	0.23891135489184198
204	0.516402276900691
207	0.013088875035331463
208	0.23991412312074176
211	0.26085431286418204
212	0.3528680758375201
213	0.04042397567656003
215	0.24870795800571768
216	0.041464900707553425
218	0.05610097795237545
219	0.48881702805252475
220	0.07644825437022842
221	0.037585218700449195
223	0.0016571032777109654
224	0.23381644661885576
225	0.038414441729834395
227	0.05641679236717043
228	0.5426058613422245
229	0.4650759292615678
231	0.7392090471270187
233	0.5413872215977316
234	0.013535500523634971
235	0.05457939147466605
237	0.004960370058228268
238	0.2674401946774365
239	0.02563694961858754
240	0.03139716799165258
241	0.5913329070419404
242	0.3107665221085522
243	0.0026042947148742675
244	0.04807275143169737
245	0.24196063463782527
246	0.5165770437852936
247	0.5448779283423257
248	0.015632085986275832
249	0.26466291027578165
251	0.006905450248308999
252	0.2689955211048022
253	0.014930412918837052
254	0.7560117556412779
257	0.7300196087714151
258	0.55706009909115
260	0.31172417779417355
261	0.5369770425774049
262	0.07630484126447086
263	0.034870735710185785
264	0.2578021802910042
266	0.19700524309920367
267	0.0018993824047221983
268	0.26494067411153854
270	0.004219556670227706
271	0.023401170453980363
273	0.5207453971164672
274	0.26703423738943055
275	0.7559218038408548
276	0.26778620225996635
277	0.24301259004599216
278	0.5182531804219087
279	0.010498563421813895
280	0.033263158730390305
281	0.5562915286685552
282	0.25826256542981446
287	0.48327446153101117
289	0.6056030669716295
290	0.037250729540164895
291	0.27941223223465517
292	0.009089995343844387
294	0.48627272201165955
295	0.03325416865931223
296	0.24735908977770665
299	0.2578260251571629
300	0.1513463694491164
301	0.5090498194122766
302	0.5330586038241092
304	0.29937970048865953
306	0.7521991618729523
309	0.26786210737564575
310	0.7089761542620551
314	0.24145621489523322
316	0.24775565447851072
317	0.27106879321478394
318	0.04433837547798176
319	0.06624195426826773
320	0.027949186994780217
322	0.019050762811054375
323	0.26322811938569135
325	0.27869382941563575
326	0.25458376680332273
328	0.04291763351439237
329	0.2235274707754453
330	0.47335647547403364
331	0.24523177682198422
332	0.2207853057957977
333	0.27856009742403554
336	0.7605686122435288
337	0.4795615685133771
338	0.2575505330752022
341	0.29666466699716515
343	0.0013450228110053544
345	0.24376425858891854
346	0.27847376736067525
347	0.01972899892005084
348	0.49882152854004813
349	0.33243197512961375
351	0.014066881299815152
352	0.56062403250685
353	0.3156232769315619
355	0.03647811805158918
356	0.3037770818571447
357	0.306176710292052
358	0.030181294270764516
359	0.5090548309282957
360	0.004972081501149479
361	0.2729787706915155
362	0.2008158478820481
363	0.23142764173709476
364	0.014806636078433827
365	0.001013881958981274
366	0.29735212854539317
367	0.5001280443772399
368	0.47095020883998906
369	0.9965764535648495
371	0.006389430272663574
372	0.2614626171343507
375	0.3091966671967534
376	0.5062910582479643
377	0.2163374356328876
378	0.019169275495516426
381	0.043098717968575465
383	0.24284660539610925
384	0.03112791273964118
386	0.26098134786401256
387	8.584471961972998e-05
389	0.007487059721134691
392	0.03563689687651192
393	0.488976698599115
394	0.26724205492542824
395	0.25599092385146716
396	0.4501014729306432
400	0.5107185325493602
401	0.020579489145187833
403	0.2449688846647571
408	0.0034672667066821886
409	0.2610590598429644
410	0.5418401047461556
412	0.2942832504441114
413	0.7737206604996346
415	0.314877401158967
416	0.21053120829955432
417	0.045736920464581485
418	0.3341621948666788
419	0.4979153866838559
420	0.24485682862258235
421	0.2747375787778063
422	0.04059436923289565
423	0.2554066578670457
424	0.01789894471845621
426	0.27664008340286284
429	0.02841886676444414
431	0.265969874127154
432	0.5303097718386645
433	0.03885255545592259
434	0.028076537223426245
435	0.2713658371765186
436	0.002614472123696053
438	0.2948066725686176
439	0.5306070864826837
440	0.5008401635829804
441	0.5176637111242928
443	0.3007739949835912
446	0.06339107475562801
448	0.17684708032639843
449	0.5475268456464106
450	0.2937840787176611
451	0.008101852431109731
453	0.2723084755131121
454	0.23001934678451733
456	0.27453414888189104
457	0.020296888768349168
459	0.24026461146943567
460	0.009361101363617189
461	0.3264939580110615
462	0.04021590350337867
465	0.03457409659130634
466	0.2976864344026624
468	0.23596879658799969
470	0.7402172722557299
471	0.48647166766198163
472	0.5080220469159498
473	0.27344463541753183
474	0.2559314460169625
476	0.2121595768486453
477	0.26246041528844694
478	0.03924376588155455
479	0.004446048350495401
481	0.46819219221734837
482	0.5241963114006432
483	0.7708697811629095
484	0.5540501663152317
487	0.28509907894380343
488	0.500457451357844
489	0.21822200444441314
490	0.015255671665931027
492	0.46575564963572497
494	0.23418939504866132
495	0.2470679193231522
496	0.28815653930430724
497	0.2805666079604148
499	0.037589520186837325
502	0.2670733752296385
504	0.03313473915998273
505	0.2670129544674753
506	0.019456490760761516
507	0.013274915566960435
509	0.4051072712360697
510	0.31628215664602105
511	0.3458719491515293
512	0.23240594126322778
513	0.5086370934282667
514	0.0019961024321250645
515	0.2691056279443804
516	0.032927846440118064
517	0.522732118170389
518	0.23799463571318102
519	0.2485704435999201
520	0.5372589615146558
521	0.2581253127246009
523	0.24066086290427424
525	0.020203608631324855
528	0.2848764848431391
529	0.040433846757812766
530	0.05463427323561697
531	0.27238213616305745
532	0.018638121069157035
533	0.4873086248039083
536	0.5100874850278789
537	0.2707949538508383
540	0.4976120114593441
544	0.4278977187135832
545	0.2647743580468285
546	0.4789455450285086
547	0.2407840473003861
549	0.030055376753602762
550	0.5016543943729266
551	0.016027510628763925
552	0.754215048130508
554	0.9946949484420015
555	0.26003584190812795
556	0.26350437373729585
557	0.30595479156122773
558	0.019411464822569655
559	0.46234103306171054
561	0.00223908761127891
563	0.995833326739634
564	0.2788928758026791
565	0.4972265310584531
566	0.05110224911015873
568	0.027331400954617658
570	0.19612193233509062
571	0.2630254380400157
573	0.016482128611421842
574	0.011366555061586372
575	0.2177231574549947
576	0.48562031526803173
577	0.01928487898106194
578	0.5086308011946323
580	0.44484956308942414
582	0.4680268551503437
584	0.27300395382610754
585	0.008068191612762746
586	0.023148121969849778
587	0.06699432442651436
588	0.012354267592074444
590	0.2784594778108559
592	0.019653248468396986
593	0.5095123938222511
594	0.47546693714866217
596	0.49846761482282437
597	0.22465970596442952
598	0.28551105539307703
600	0.03539301066142858
601	0.23404169162751823
602	0.2591719999527671
603	0.2582849323246638
604	0.1891679563298686
605	0.00559194547320347
609	0.6805079229865145
610	0.02361765959517264
611	0.2571885008883508
612	0.4938264502893036
613	0.01139198418627859
615	0.2545741072368067
616	0.7538523177959378
618	0.23624669642747426
619	0.48694410130642973
620	0.7364047388031526
621	0.24804087952923742
622	0.2765336271671821
623	0.44837218671131795
624	0.04991020599954299
625	0.016799084053241077
626	0.25283716205123274
627	0.04439065309808252
629	0.23891279000212876
631	0.05511005450058759
632	0.2612714462334003
633	0.0043495649000012265
634	0.015276300765951017
636	0.23942670682742415
637	0.03279342058361298
640	0.016274943902794426
642	0.5240459976932266
644	0.4998264977911116
645	0.022699305512662547
646	0.6939224282437327
648	0.22914830513071435
650	0.008026579019721973
651	0.24794612614071057
653	0.2318700990366204
654	0.21259157887950778
655	0.022087182448252068
656	0.20961988400079326
657	0.29644076181068973
660	0.5176678746747959
662	0.24235146201635918
663	0.4967596831351379
666	0.02611793998243252
667	0.05301636055678156
671	0.24618593551383308
672	0.4795742161289037
673	0.3006097395108053
674	0.2690503612075417
675	0.5837496162711825
679	0.7588168714019846
680	0.23770405843930958
681	0.7262380832538304
682	0.027003091444774384
684	0.5090640675645551
687	0.2718432946941494
688	0.2600156914487701
689	0.7401180717106948
690	0.01407373665573887
691	0.2796362960152044
692	0.03018044985692702
693	0.01765955606990352
694	0.4819608481287795
695	0.27441004871229924
696	0.00295718871813103
697	0.49472713579379557
698	0.7225132680326206
699	0.05096073898537652
700	0.5315324658978844
701	0.7827833456948907
702	0.4745509559649023
703	0.48441905825902365
705	0.26702430511357844
706	0.5107893372756964
708	0.7586848631508192
709	0.25355777771923194
711	0.036876165213401584
712	0.49859678096071025
714	0.49366211272773736
715	0.28560148111933353
716	0.26261361039665576
717	0.05243787721611187
718	0.481702968917737
719	0.009654249769439328
720	0.02886483570320013
721	0.0026073772279079643
722	0.5042708120490349
723	0.751805814435547
725	0.4773031148985969
726	0.14459305476273673
727	0.009471710796943512
728	0.2349983870979775
729	0.230687336327621
730	0.26688360793542015
731	0.28834744721764505
732	0.22852017176488196
733	0.020016647959622585
735	0.020787734837958146
736	0.03525936488732204
737	0.04429402330456854
738	0.26011726917665184
741	0.008787795314368595
742	0.043842286022953474
743	0.028149875347647065
746	0.060090970378724795
749	0.029194940786262655
750	0.4722195822261329
751	0.022623974555049445
754	0.5175997327209423
755	0.02331320741061461
756	0.020276410416747728
757	0.02701388095194139
760	0.22072846154589493
761	0.26323447474489414
762	0.4558020046520353
765	0.28634476341683823
766	0.2636497492400468
767	0.029104595313626275
769	0.26781398547029
770	0.043598212256775765
772	0.4791939180854883
773	0.02752599218782348
774	0.06674120626910623
775	0.2665066790080874
776	0.456218262383235
777	0.060156178327878965
779	8.30430246100064e-05
781	0.4536337531570198
783	0.21609606624313213
784	0.024636684061516565
785	0.5063950058569398
786	0.007842495753509843
787	0.25526539690385386
788	0.2941021072625444
789	0.28671693381136315
790	0.2487300856278364
791	0.5331159736210136
792	0.27435136594423265
794	0.26980621064354277
796	0.2669877432449529
797	0.5787275279515159
798	0.24964498066085739
799	0.513978200715056
801	0.2792520504064207
802	0.2710965960894421
803	0.05744848024810201
804	0.2737356659931488
807	0.30945627665666
808	0.032804795828801636
810	0.24125149912898847
811	0.5085597592722186
812	0.021634703795345912
813	0.24390409230213103
814	0.0715043307155053
815	0.28716920068956503
816	0.29046374021494203
818	0.20580465902928746
823	0.01212523336004804
824	0.00033103209147947524
825	0.4752180012707722
826	0.48817392575257446
827	0.006637226595333091
828	0.22331879141632205
829	0.005802538450703772
830	0.2560154220054206
831	0.4865445319065471
832	0.7660480390033204
834	0.7363894458637218
835	0.010424424739528246
837	0.21618615099672758
838	0.2844013772022161
842	0.2552471348174035
843	0.028650252077362277
844	0.2605117420676652
845	0.28934175790886085
847	0.5309385832798894
848	0.03370910091451931
849	0.2519879076698838
850	0.2588635419870118
851	0.27115185216023874
852	0.048276010175473574
855	0.23726142664735544
856	0.29368443119186693
857	0.4025280261597047
858	0.2382179068087314
859	0.0793384538849472
860	0.5114673051436974
861	0.028406281879426815
862	0.5413782437406718
863	0.2577105692550984
866	0.1478258009742277
867	0.22979265809537094
868	0.24898609403443034
871	0.23267887598650613
872	0.5100104300378843
873	0.277117580521561
874	0.009194448720879291
875	0.21966901547875808
876	0.7215415854486724
877	0.2786149694036604
878	0.02974913518846138
879	0.5029225172271233
880	0.01923570584394276
881	0.2689449803053195
882	0.021699529898908124
884	0.26699627452229224
885	0.19902018353853884
888	0.4855588582151439
889	0.24437249318207374
891	0.2624899775415854
892	0.03114043482115594
893	0.27138569673615354
895	0.5203759520372665
896	0.015155011081376586
900	0.20263222571051476
901	0.009301496794140232
902	0.032375145484914866
903	0.023549063917300005
904	0.04588570880940506
905	0.004343464768610444
906	0.3000067211802148
908	0.024617972239169204
909	0.27443758284218145
910	0.01907506739851069
914	0.21521671768346845
915	0.49880797434489876
916	0.22873335849929893
917	0.286721124405316
918	0.008605950822925146
920	0.5330121007061357
921	0.4779069198212059
922	0.17211289352374987
923	0.2808435524344851
925	0.016474439419292247
926	0.24892065746221184
927	0.2390055798205457
929	0.014078569766857271
930	0.30423500016344857
931	0.03804852349945878
932	0.012827751820632734
933	0.03459754271815955
934	0.009784669760166745
935	0.5260302691449859
936	0.2918740064386491
938	0.010349828269462007
939	0.5459698788434191
941	0.2871840059121392
942	0.24687129260128737
0	0.0
0	0.0
0	0.0
0	0.0
0	0.0
0	0.0
0	0.0
0	0.0
0	0.0
0	0.0
0	0.0
0	0.0
0	0.0
0	0.0
0	0.0
0	0.0
0	0.0
0	0.0
0	0.0
0	0.0
0	0.0
0	0.0
0	0.0
0	0.0
0	0.0
0	0.0
0	0.0
0	0.0
0	0.0
0	0.0
0	0.0
0	0.0
0	0.0
0	0.0
0	0.0
0	0.0
0	0.0
0	0.0
0	0.0
0	0.0
0	0.0
0	0.0
0	0.0
0	0.0
0	0.0
0	0.0
0	0.0
0	0.0
0	0.0
0	0.0
0	0.0
0	0.0
0	0.0
0	0.0
0	0.0
0	0.0
0	0.0
0	0.0
0	0.0
0	0.0
0	0.0
0	0.0
0	0.0
0	0.0
0	0.0
0	0.0
0	0.0
0	0.0
0	0.0
0	0.0
0	0.0
0	0.0
0	0.0
0	0.0
0	0.0
0	0.0
0	0.0
0	0.0
0	0.0
0	0.0
0	0.0
0	0.0
0	0.0
0	0.0
0	0.0
0	0.0
0	0.0
0	0.0
0	0.0
0	0.0
0	0.0
0	0.0
0	0.0
0	0.0
0	0.0
0	0.0
0	0.0
0	0.0
0	0.0
0	0.0
0	0.0
0	0.0
0	0.0
0	0.0
0	0.0
0	0.0
0	0.0
0	0.0
0	0.0
0	0.0
0	0.0
0	0.0
0	0.0
0	0.0
0	0.0
0	0.0
0	0.0
0	0.0
0	0.0
0	0.0
0	0.0
0	0.0
0	0.0
0	0.0
0	0.0
0	0.0
0	0.0
0	0.0
0	0.0
0	0.0
0	0.0
0	0.0
0	0.0
0	0.0
0	0.0
0	0.0
0	0.0
0	0.0
0	0.0
0	0.0
0	0.0
0	0.0
0	0.0
0	0.0
0	0.0
0	0.0
0	0.0
0	0.0
0	0.0
0	0.0
0	0.0
0	0.0
0	0.0
0	0.0
0	0.0
0	0.0
0	0.0
0	0.0
0	0.0
0	0.0
0	0.0
0	0.0
0	0.0
0	0.0
0	0.0
0	0.0
0	0.0
0	0.0
0	0.0
0	0.0
0	0.0
0	0.0
0	0.0
0	0.0
0	0.0
0	0.0
0	0.0
0	0.0
0	0.0
0	0.0
0	0.0
0	0.0
0	0.0
0	0.0
0	0.0
0	0.0
0	0.0
0	0.0
0	0.0
0	0.0
0	0.0
0	0.0
0	0.0
0	0.0
0	0.0
0	0.0
0	0.0
0	0.0
0	0.0
0	0.0
0	0.0
0	0.0
0	0.0
0	0.0
0	0.0
0	0.0
0	0.0
0	0.0
0	0.0
0	0.0
0	0.0
0	0.0
0	0.0
0	0.0
0	0.0
0	0.0
0	0.0
0	0.0
0	0.0
0	0.0
0	0.0
0	0.0
0	0.0
0	0.0
0	0.0
0	0.0
0	0.0
0	0.0
0	0.0
0	0.0
0	0.0
0	0.0
0	0.0
0	0.0
0	0.0
0	0.0
0	0.0
0	0.0
0	0.0
0	0.0
0	0.0
0	0.0
0	0.0
0	0.0
0	0.0
0	0.0
0	0.0
