1	0.2928563369137759
3	0.048969589564078764
4	0.08623335328148121
5	0.10569815084658668
7	0.02434201823557848
8	0.4692365143370109
10	0.3088048367093716
11	0.17554411119818547
13	0.5107540752524674
14	0.11706868738623899
15	0.42426303456506337
17	0.009544930274753158
18	0.3368835601804968
19	0.23410734886113677
20	0.0022467123923228458
22	0.2145834913629105
23	0.152912579723059
24	0.11485041347275099
25	0.14677829817834834
26	0.3443285100338195
27	0.14773384399719897
28	0.24093570519664342
29	0.2617685752605172
30	0.35718676039408487
32	0.24775565447851072
34	0.5817215079371424
35	0.5345436303063241
36	0.05340454534159272
37	0.5754402585184281
40	0.11886276070953905
43	0.023752954384277353
44	0.07321442049517457
45	0.010578515919434851
46	0.02876686537228406
47	0.07950603633109199
48	0.08764627232266448
51	0.21419498682336507
52	0.20102115864630987
54	0.2476432759209094
55	0.2402367299549549
56	0.03362539509500855
57	0.5396918364761523
58	0.36146978351642134
59	0.3179715542364587
60	0.3508380124960058
61	0.19314929963814031
62	0.2976380255164645
63	0.4725165620281551
65	0.1325268302915864
68	0.19686398770283375
70	0.5612621870011917
71	0.2313541170056066
72	0.31308726869289505
73	0.3890609381291741
74	0.3380043602505862
76	0.4941614064850637
77	0.14272985982202874
79	0.2374681808816057
80	0.2764324457177618
81	0.21084135317534525
82	0.5313680658264898
83	0.1122281265866854
84	0.23693162960267644
86	0.2014751235271613
87	0.012973630275644285
88	0.4161828360320341
90	0.10361268651435152
91	0.10362317869848837
92	0.2276778724371483
93	0.13818989186707797
94	0.006717269922851543
95	0.1740226397714204
97	0.058926814387424996
98	0.0385414861319783
99	0.20038247298645298
100	0.3476750496876993
102	0.470718337786946
103	0.20077077921747113
105	0.11132964797094594
106	0.4110386789477166
107	0.08136416194430822
109	0.31932489300213296
110	0.5210529205826149
112	0.32896445655757933
114	0.1804626855715022
115	0.10514674589921026
116	0.0014773156744419258
117	0.23404944937056757
119	0.247623758269786
121	0.3544460383207313
122	0.3135700547752095
123	0.2149521386216398
128	0.23850623032379065
129	0.3094221765596253
130	0.17663882865917585
131	0.5787345384519431
132	0.1278370597984018
133	0.21162030424711942
134	0.3984058812352177
135	0.2562218570224861
136	0.3506463414490149
138	0.33414045307012363
139	0.04574645795867544
140	0.3162089775933548
141	0.37606065569666103
142	0.23579805376756607
145	0.05747814283714833
147	0.4129550873236534
149	0.21622371208155966
151	0.2734557597386049
153	0.18468980154796216
154	0.003791861834510739
155	0.1822303684409023
156	0.24218482054960105
157	0.2526707813683843
158	0.18333763475179038
159	0.36431149106444954
161	0.16845360720214292
163	0.021016886356087096
164	0.10556740743453757
166	0.14715802768881364
167	0.27706532546934654
168	0.32524237354345703
170	0.3777346757104187
172	0.09704145060534763
173	0.35107513165726245
174	0.5459391313089007
176	0.21183964043122613
178	0.24315114872532187
179	0.2944905737892245
182	0.18117704198076173
183	0.24646046833119967
184	0.294384667997289
186	0.5916834840029578
187	0.21625768206164733
188	0.574110326488072
190	0.22565983936664985
193	0.640902816740888
194	0.46350499593317546
195	0.2510444943689837
197	0.2697469854408917
199	0.01472279127158884
201	0.06020905141440306
203	0.1554122175873216
204	0.28547249364037697
205	0.022639216473172116
206	0.521095480489409
207	0.29393481453975795
208	0.19043732390950247
210	0.11696028204727249
211	0.19626311981452865
212	0.46454086130095207
215	0.4040695544707224
216	0.023760889460316327
217	0.08542287463845927
218	0.550552204084484
219	0.5560311651495039
224	0.06710482425727163
225	0.2204720936769824
227	0.301598217250073
228	0.45445382095599146
229	0.21504712872039639
231	0.0425284079616109
232	0.07076112102941007
233	0.2530662073822596
234	0.33439557490251354
235	0.22682463404612194
236	0.1502961737146525
238	0.11821291115973057
239	0.09384907454043374
240	0.33880336508938724
241	0.34287505488303366
242	0.17705088007316988
243	0.575638553163287
244	0.22019073858501143
246	0.2314990444836118
247	0.2420579761161871
249	0.4582550862175969
251	0.1966191030494605
252	0.746347974679925
253	0.4829580625550747
254	0.5808162696567185
255	0.32210429710644095
257	0.5606398787810417
258	0.2559522325517007
259	0.30359986576952414
260	0.36493642934070947
261	0.24682057532476875
262	0.023165480089064987
263	0.20936293867832684
266	0.1402267218274557
267	0.5301630684397038
268	0.5518003991561556
269	0.24651637752458652
270	0.19393623218587996
271	0.3217808796367436
273	0.22553295249688937
275	0.0017625976032168145
276	0.21191835373823795
278	0.2254154425938644
280	0.17165438004073885
284	0.10397382424760207
286	0.26608499112988326
287	0.2875363264926434
289	0.1204321563154973
291	0.3361878359210954
292	0.35358321950602123
294	0.43103687090167275
295	0.1718623177564323
296	0.30396706532484885
298	0.5192458192951471
299	0.5642433287018788
301	0.245442823912184
302	0.3550701235859789
303	0.3421961478076264
304	0.1628413283519783
306	0.19679312636262983
310	0.023144156002176175
313	0.11054341967494677
319	0.32371967680082925
320	0.23574363399688691
321	0.003908389731182113
322	0.07589122040062585
325	0.22206128207033782
327	0.23094197707221487
328	0.00411115243703334
329	0.33700210911812356
331	0.10979761121762255
333	0.0957672298042235
334	0.03769355052803788
336	0.02617620764450214
337	0.2504486279671615
338	0.31995763968115815
339	0.10834190396226623
341	0.04194332313091259
343	0.21995592218714577
345	0.36010104600768345
346	0.33207838201942186
347	0.5647871815088877
348	0.027541060291007183
349	0.2664396634778473
350	0.5213143387709903
351	0.12660370263592402
352	0.5755145667939359
353	0.252305430821379
354	0.11649165428124442
357	0.436110515376332
358	0.26886911080252074
359	0.20687206153342977
360	0.24406226237070872
361	0.30826391981714507
362	0.2802400606054607
364	0.3061688696558105
366	0.010267983993041893
367	0.011362251983538026
369	0.2720271478861851
370	0.032234068436193926
371	0.18176006818115603
372	0.33135034217231857
373	0.13550677975083814
374	0.2116584785410004
376	0.0033898605195644485
378	0.22723241138940198
379	0.10509081100905251
382	0.5336379020396397
383	0.1689674294212199
384	0.28906745315150095
385	0.11397099960279883
386	0.5978919962021307
387	0.09404956818438318
389	0.09664247078912985
390	0.06921699262878367
392	0.18234865765422476
393	0.5730438922006557
394	0.21137709270173746
395	0.2405256054715041
396	0.06119638116831254
397	0.3015239146996583
399	0.09760926651890475
401	0.5328654779553281
403	0.31084675523433086
404	0.2884040570626631
409	0.5495683882111064
410	0.2584211613830909
411	0.13031089584093578
413	0.23001504415201018
414	0.276547030238968
415	0.3177146944395557
416	0.1891802924728568
417	0.2462355929720401
419	0.21897208012558356
420	0.3271663835353862
422	0.17777471932027872
423	0.23024084232062353
424	0.5552286788784804
426	0.5430192862775213
428	0.06406625830665566
429	0.5698835565634076
430	0.34377772611467616
431	0.3509288273936033
432	0.2526144062480861
433	0.2121600398974096
435	0.5506560532239354
436	0.0953030762670442
437	0.29362986614638253
439	0.32943921785085073
440	0.30607019139961145
441	0.18854223990273145
442	0.19838418241211897
443	0.5290363560925989
444	0.11815944274256583
445	0.35213919832722196
449	0.24736848498985292
450	0.555203105728671
452	0.05448609972382485
453	0.21697900535907644
455	0.01590678025474454
456	0.5437811166422859
457	0.23544298276423878
458	0.04944623743908466
460	0.31543539557987305
462	0.3446132384445692
463	0.1306526187044343
465	0.11986204869286649
466	0.028745344527499196
467	0.27932407047860397
468	0.18077622209846864
469	0.09765392641021164
470	0.23252881474967657
471	0.08334947703810003
474	0.3473708230332856
475	0.03933375588655632
476	0.08704874388395334
477	9.749990310513323e-05
478	0.1894239675397444
480	0.08404599024906044
481	0.5603099359786211
482	0.00038526582742417353
483	0.2182759281211637
484	0.5566301857709527
485	0.017788385027290687
486	0.07228735320669741
487	0.460048119952243
488	0.24773425653378495
490	0.10242706167540871
492	0.0869219426479739
493	0.023022474565748616
495	0.2590519909635647
496	0.23148614990378638
497	0.22384995126539492
498	0.13418286928885667
499	0.3417282397290873
500	0.1033234670586102
501	0.29937877943820934
502	0.34487877058240024
504	0.5597685479145331
505	0.5529818905508327
506	0.03123372178913518
508	0.30632688715737955
510	0.023472518035738306
511	0.5797565534601314
512	0.01576380450885237
513	0.25464974822024306
516	0.08190790925635989
517	0.034546394223752774
520	0.2525935105430005
522	0.34872231501825934
525	0.2059658485356304
528	0.22959857125579397
529	0.0917369531428218
530	0.33483162068464895
531	0.5290440345845157
532	0.23152974527028197
533	0.09521132004176958
537	0.214594081307208
538	0.5419694608107906
539	0.22390015554861614
542	0.11050975146746797
543	0.13858675435111673
544	0.17996611044022182
545	0.32199616670732173
547	0.08979218623194529
548	0.11773356864813
549	0.3182000872436156
550	0.3551999969356924
551	0.3466522575597005
552	0.23268174785778312
553	0.3183712073738809
554	0.23039272669684244
556	0.018299533018662537
557	0.43583054508291674
559	0.3584165978271576
560	0.27618757181670567
561	0.5166677104341135
562	0.2928035381027054
563	0.247347250556927
564	0.003624473036050263
565	0.3396514343257213
566	0.333598412759088
567	0.09170169838209077
570	0.26681567874444767
571	0.10088164699895484
572	0.16269377845822885
573	0.5618012598989505
575	0.1267038997195435
576	0.0036393104758710437
577	0.21179832329281745
579	0.5338427901346519
582	0.022714034015869175
583	0.1147576991510579
584	0.20206975010599426
585	0.02871265455133412
586	0.3175959456636923
590	0.5678838381007979
591	0.3712078532901513
592	0.22904148097715127
595	0.19534666222082536
596	0.3512690671861758
597	0.045335952364640136
598	0.22782932336980638
600	0.22934567634568878
601	0.2742107959546167
602	0.002076284797705233
605	0.1880045527248938
607	0.08389005451609147
609	0.11569112668639192
611	0.32519122351266494
613	0.3299171347480445
615	0.3590135860790544
616	0.21513434428689365
617	0.29540904227432474
620	0.0005558965956417861
621	0.5946382802821716
622	0.22045939898688885
623	0.34366958095037825
624	0.3048953697383067
625	0.3082882822282179
626	0.48978221950995193
627	0.35307601711368936
629	0.16558875248057137
631	0.006828922118554348
632	0.10460755576208289
633	0.06098651165700747
634	0.09654093338010819
635	0.27322512200056714
637	0.46957128347092947
639	0.08296297454944371
640	0.32577849887750826
641	0.07147588446713621
642	0.32812761866027473
643	0.20976148593372385
645	0.36799265906738376
646	0.2166326942168101
647	0.0165707267591121
648	0.08090134660633762
649	0.11418509507047209
650	0.1293520411668193
651	0.273745760295816
652	0.1143377485090103
653	0.10800552128897492
654	0.0996672168259912
655	0.005534278864780813
657	0.659833201817267
658	0.2901775918078655
659	0.008857270361867814
660	0.8018645319226078
663	0.016479135211643597
666	0.3317074959527409
667	0.35287160344050444
669	0.26089128930937017
672	0.02900834002053824
673	0.36334480939629016
674	0.5171907558961424
675	0.47477521750401014
679	0.23839522683277226
681	0.2916797252179942
682	0.0019435419379424251
684	0.032128996244431954
686	0.12499539961845132
687	0.016536115293440297
689	0.3021898688565985
690	0.5405177695545412
691	0.22239461624680593
693	0.2283097999721554
694	0.0012267610796045658
696	0.31793414517368646
697	0.5207852884781279
699	0.11077198565612258
700	0.1880167592592868
701	0.23407372427930712
704	0.07238486742183048
705	0.0012264276233165672
707	0.3580590586823096
708	0.3147773128366461
709	0.2564867110646781
710	0.33080230419294765
711	0.3482098075579083
713	0.26884140071462015
714	0.09661613821908105
715	0.42734253756211354
716	0.5154010059270395
717	0.002629698519550791
718	0.3793821025820512
719	0.5420980863404212
720	0.32122755608207276
722	0.7227232410023041
724	0.521095480489409
725	0.5334686947496642
728	0.2731481264014748
729	0.29156950695573536
731	0.3276160453583169
733	0.31202639065520393
734	0.09890138567204884
735	0.2971529077359073
736	0.2345164048521113
737	0.026440060535860323
738	0.41264365699948413
740	0.06513691665137314
741	0.5737513496135901
742	0.5092368665903463
743	0.2866486932874882
744	0.08101569445037354
745	0.32555029533466834
746	0.018190850673388784
747	0.013331612851742156
749	0.5548718316015213
750	0.18334435736488938
752	0.03445015283159051
754	0.32552786914179965
755	0.504467761090732
756	0.32731749248705294
757	0.5103014806025251
758	0.30458843609768943
759	0.07190263428924648
760	0.16006547669546634
761	0.015649697582023267
762	0.10641920455441714
765	0.4195224479638393
766	0.3349838141260296
767	0.40751793733521813
768	0.2186161206960277
769	0.4189958653167482
770	0.1868492907758328
771	0.09449557161207091
772	0.31435723669025395
773	0.011121629740885285
774	0.06177974214569788
775	0.08900193034914088
776	0.2824539798594803
780	0.16996551180347447
786	0.18740864536851404
787	0.20851708590569207
788	0.5415612747939649
789	0.08611802220959336
790	0.2043304131384881
791	0.3202196859145069
792	0.22452698476798666
796	0.10330959329909735
801	0.3570069247430753
802	0.005562070907970895
803	0.03843647522349028
804	0.5708170616803202
805	0.029776406440461797
807	0.2490044641602469
808	0.30281688322967915
809	0.24352913920670538
810	0.3295885540128621
812	0.10290466297039322
814	0.020330370379842748
815	0.47122964605989076
816	0.01254510010841127
819	0.07880260253589508
820	0.05925641959722902
821	0.08541617625633832
822	0.11465361942366689
823	0.24017483076844595
824	0.18629119816277168
825	0.11760982464151207
826	0.19658982436198624
828	0.31798739449216684
829	0.10177926621551561
830	0.7660112311605421
831	0.20142492362473308
832	0.25628980237769655
835	0.2490480231031905
837	0.5302444716028742
838	0.514923269266936
840	0.06423586799268394
841	0.2742049309859238
842	0.28414539193341637
845	0.438477870096692
846	0.09710419501039269
847	0.3291862741233618
848	0.10732477328765792
851	0.015316052221508315
852	0.1873510824191702
853	0.053241617259273614
854	0.2069872355815885
855	0.5320081009012712
856	0.31116707560558104
857	0.176930693530705
858	0.3023788274125273
859	0.024981219978736424
860	0.21339846077235636
861	0.20137777912492466
862	0.23607650191190416
863	0.09940278206391827
864	0.31466951364061696
865	0.08417131890205978
866	0.0971677955521113
867	0.3324142435619517
868	0.012007420570852204
872	0.00989590158339508
873	0.35269989407934765
874	0.3300735969236485
876	0.22703166789174675
877	0.4382147138906211
878	0.5901110237957686
879	0.21099740115816723
880	0.3450879563942416
881	0.3629283607628488
882	0.5471728311818037
883	0.2830353891010954
885	0.0389735698712631
887	0.30369358820920145
888	0.5888797308064282
889	0.006029350982283993
890	0.3399999732342901
891	0.2072536404616521
892	0.3370168047441776
893	0.19226910592437363
894	0.20514452295041832
895	0.23913541536565347
900	0.5750474319967729
901	0.32090826304100806
902	0.20906459548222187
903	0.5017586902391111
904	0.22740461009688587
905	0.07721156674346627
906	0.43526771566242806
908	0.19417144560285327
909	0.21665376232213573
910	0.19173082653416051
911	0.1271879523720707
913	0.3234805383540774
915	0.24712300853708874
916	0.17693444426871688
917	0.04139190484343919
918	0.09126852168781847
920	0.3247257938869379
921	0.30282758333214294
923	0.5499360817336272
925	0.11391571031004583
927	0.10902068597962936
930	0.5616850745285011
931	0.5270032484205464
932	0.3455288264726502
933	0.36026289441031606
934	0.338109794415979
935	0.5570967223601007
936	0.5417813418592862
939	0.2626155901091407
940	0.2909754246334233
941	0.7569362957042731
942	0.2245724562052525
943	0.09654172800408406
0	0.0
0	0.0
0	0.0
0	0.0
0	0.0
0	0.0
0	0.0
0	0.0
0	0.0
0	0.0
0	0.0
0	0.0
0	0.0
0	0.0
0	0.0
0	0.0
0	0.0
0	0.0
0	0.0
0	0.0
0	0.0
0	0.0
0	0.0
0	0.0
0	0.0
0	0.0
0	0.0
0	0.0
0	0.0
0	0.0
0	0.0
0	0.0
0	0.0
0	0.0
0	0.0
0	0.0
0	0.0
0	0.0
0	0.0
0	0.0
0	0.0
0	0.0
0	0.0
0	0.0
0	0.0
0	0.0
0	0.0
0	0.0
0	0.0
0	0.0
0	0.0
0	0.0
0	0.0
0	0.0
0	0.0
0	0.0
0	0.0
0	0.0
0	0.0
0	0.0
0	0.0
0	0.0
0	0.0
0	0.0
0	0.0
0	0.0
0	0.0
0	0.0
0	0.0
0	0.0
0	0.0
0	0.0
0	0.0
0	0.0
0	0.0
0	0.0
0	0.0
0	0.0
0	0.0
0	0.0
0	0.0
0	0.0
0	0.0
0	0.0
0	0.0
0	0.0
0	0.0
0	0.0
0	0.0
0	0.0
0	0.0
0	0.0
0	0.0
0	0.0
0	0.0
0	0.0
0	0.0
0	0.0
0	0.0
0	0.0
0	0.0
0	0.0
0	0.0
0	0.0
0	0.0
0	0.0
0	0.0
0	0.0
0	0.0
0	0.0
0	0.0
0	0.0
0	0.0
0	0.0
0	0.0
0	0.0
0	0.0
0	0.0
0	0.0
0	0.0
0	0.0
0	0.0
0	0.0
0	0.0
0	0.0
0	0.0
0	0.0
0	0.0
0	0.0
0	0.0
0	0.0
0	0.0
0	0.0
0	0.0
0	0.0
0	0.0
0	0.0
0	0.0
0	0.0
0	0.0
0	0.0
0	0.0
0	0.0
0	0.0
0	0.0
0	0.0
0	0.0
0	0.0
0	0.0
0	0.0
0	0.0
0	0.0
0	0.0
0	0.0
0	0.0
0	0.0
0	0.0
0	0.0
0	0.0
0	0.0
0	0.0
0	0.0
0	0.0
0	0.0
0	0.0
0	0.0
0	0.0
0	0.0
0	0.0
0	0.0
0	0.0
0	0.0
0	0.0
0	0.0
0	0.0
0	0.0
0	0.0
0	0.0
0	0.0
0	0.0
0	0.0
0	0.0
0	0.0
0	0.0
0	0.0
0	0.0
0	0.0
0	0.0
0	0.0
0	0.0
0	0.0
0	0.0
0	0.0
0	0.0
0	0.0
0	0.0
0	0.0
0	0.0
0	0.0
0	0.0
0	0.0
0	0.0
0	0.0
0	0.0
0	0.0
0	0.0
0	0.0
0	0.0
0	0.0
0	0.0
0	0.0
0	0.0
0	0.0
0	0.0
0	0.0
0	0.0
0	0.0
0	0.0
0	0.0
0	0.0
0	0.0
0	0.0
0	0.0
0	0.0
0	0.0
0	0.0
0	0.0
0	0.0
0	0.0
0	0.0
0	0.0
0	0.0
0	0.0
0	0.0
0	0.0
0	0.0
0	0.0
0	0.0
0	0.0
0	0.0
0	0.0
0	0.0
0	0.0
0	0.0
0	0.0
0	0.0
0	0.0
0	0.0
0	0.0
0	0.0
0	0.0
0	0.0
0	0.0
0	0.0
0	0.0
0	0.0
0	0.0
0	0.0
0	0.0
0	0.0
0	0.0
0	0.0
0	0.0
0	0.0
0	0.0
0	0.0
0	0.0
0	0.0
0	0.0
0	0.0
0	0.0
0	0.0
0	0.0
0	0.0
0	0.0
0	0.0
