1	0.02734328770044945
2	0.24178144304108404
5	0.47601450336435186
6	0.0240002354400148
7	0.024189983581766324
8	0.2326937419352843
9	0.2706843169523747
10	0.2473878924788228
12	0.49746465633532577
14	0.27651589090893
17	0.23509854378671424
18	0.27525734776453226
20	0.5332291749338358
23	0.0634209894393887
24	0.2861179579997825
25	0.295269526822235
28	0.2626020078893871
30	0.07028685311366191
31	0.018306705186374644
32	0.4752180012707722
33	0.5041665240791713
35	0.5266420288881624
36	0.5220575281409845
37	0.25099782143018806
39	0.2322999507815739
40	0.26099400008605056
41	0.5251866381008344
42	0.041413513405908056
43	0.003549518430029021
44	0.2395747370412855
45	0.5130984282048362
47	0.009598306265953555
48	0.508740015735102
51	0.5392215000688986
52	0.5121517635048523
53	0.23305283819880354
54	0.027554827429581614
55	0.4978232831388936
56	0.05442207265244142
57	0.30970655907606204
59	0.27452717737358145
60	0.5175689837567147
61	0.14873904658683051
62	0.2719452129361223
65	0.5052391462407142
66	0.2601551871852371
67	0.26981475588279114
68	0.26404752008872795
69	0.01821947603734313
70	0.2890486674195933
71	0.22507276574034504
72	0.04576968621569272
73	0.10117702982099555
74	0.02208141083024925
75	0.22160417391830478
76	0.016586666768174226
78	0.24496633945395913
79	0.023146735668431773
80	0.031284347650052446
81	0.28790804424001837
82	0.023453765514713017
83	0.7651588856246608
84	0.24907157966874582
86	0.29102508563120083
87	0.2716447660998245
89	0.25574042315503376
91	0.7589925397948389
95	0.03180190232237095
96	0.011308578678712645
97	0.02592927679966667
99	0.2833095545516167
100	0.5222041799838323
101	0.4977514433772057
102	0.006503608025505529
104	0.16976267794449665
105	0.008697314392711077
106	0.7655986553151063
107	0.004301700205373987
109	0.4995369814682498
110	0.28309040567344723
111	0.22276939602826507
112	0.2570670956091452
113	0.0004278407742887465
114	0.25859786254287137
115	0.012499539521274129
117	0.025432401453777613
118	0.26809820991617467
120	0.042693935716619134
121	0.31604971277780364
122	0.277994650356933
123	0.008110897457601539
124	0.27298627088111127
125	0.47693461183462876
126	0.2652555104661757
127	0.2733019921330663
128	0.5138664750100329
129	0.07465755199292175
131	0.27092597917661815
132	0.028623831569476794
133	0.23631091085594594
134	0.05073352458927978
136	0.05709857283892128
137	0.49876957415413153
138	0.49273773855223785
139	0.0508316404814513
140	0.02259823433498045
141	0.54981231735063
142	0.022963180001684506
143	0.5103238275381621
145	0.2559162537777533
146	0.00661717656205274
147	0.05059095279143541
148	0.2326926264594424
150	0.007871698833871888
151	0.2505111656417614
152	0.5107369213673593
153	0.34023273431328405
154	0.028006697477031252
156	0.023461343442268995
157	0.2833932803106695
159	0.7534220439852618
162	0.005012369761356425
163	0.25421517954967104
164	0.2436962083959977
166	0.12156715668012656
167	0.02374405864302421
168	0.28876958351891757
169	0.5189067437448707
170	0.7807364021654156
171	0.2279179009710881
172	0.2676748631975891
173	0.037374349240219526
174	0.02129025514048178
175	0.22458178471651286
177	0.2498695888869737
178	0.00833155669685258
179	0.034585718418458686
180	0.47395811356193124
182	0.04485400995166915
186	0.28678691204172124
187	0.002073610248430398
188	0.27519719877733145
190	0.2019504557702705
191	0.45382046274063104
194	0.048795723136875496
197	0.4614608822540731
199	0.2845070917563043
202	0.34043905822926085
204	0.026148301714004476
205	0.4529109408333479
206	0.3721669845277613
207	0.012801321504666601
210	0.04465246416741073
211	0.037101435354392684
216	0.018187624857622608
217	0.028894963915577082
218	0.31453676736016284
219	0.2813597748971505
220	0.0848288138903542
222	0.21383000657489643
224	0.4894412497242872
228	0.19273872702891232
229	0.2045305214515872
230	0.2429099780697747
231	0.5004969596405661
232	0.23915882518781675
233	0.028113315062562958
234	0.0519344328037086
238	0.5326011289889809
239	0.019812044828628705
240	0.03726075960623597
241	0.2576638935084266
242	0.06490522970481982
243	0.10184579339703609
245	0.4937630274250835
246	0.046642245150176925
247	0.010105029094074701
248	0.2320128156994357
252	0.049388557916979686
253	0.03746870406271223
254	0.5404560927276902
256	0.003741614120706678
257	0.5209292834697316
258	0.2976915650174541
260	0.30424021960910286
261	0.25390772879673884
264	0.5293284777228945
265	0.01575808838862031
267	0.00018826864409796779
268	0.258010793321226
271	0.034542476615879496
272	0.49948619924730836
274	0.5156717035472306
275	0.5134517192611158
277	0.028595934258303583
278	0.02149443188058697
279	0.22989722883046879
281	0.4640388330439048
285	0.4918658434597074
287	0.25324997458204157
289	0.6023987997264728
291	0.03010904239388057
292	0.05590248778277504
294	0.02190713537053696
296	0.2568798416198763
297	0.04349552089427243
298	0.26387202194018217
299	0.2738321960348322
300	0.0869185315651129
301	0.2745174352219562
302	0.5353757506439216
304	0.054899836754085767
306	0.329638854903635
309	0.7694485585759993
310	0.46130487010830906
311	0.23641222421555633
312	0.2538348452011919
313	0.4969013133399018
314	0.24423680331974873
316	0.11760982464151207
317	0.01520087738187725
319	0.009251471989599112
320	0.014370549778215731
322	0.4963105505754961
323	0.2674278574925218
326	0.25822245500718244
329	0.2549095924449945
330	0.2364491383941414
331	0.46072057495745994
332	0.24635778363804672
333	0.29670312277602945
335	0.22013107310196806
336	0.7391197994925768
337	0.21326269045199037
338	0.294758072373395
340	0.24939865903261918
345	0.30180503750637766
346	0.5240457787350649
347	0.015939733615620955
348	0.27476058771040435
351	0.2583622489928019
352	0.28513868648410684
354	0.03526572066554348
356	0.2902311916452164
357	0.003117692424068067
358	0.022704417540383524
359	0.020448869702766
361	0.27925317231871055
362	0.2246668299681061
363	0.2347199208583049
364	0.053368695999826216
365	0.01176561452171233
367	0.2431204092296677
368	0.21695637411117402
369	0.48232346266536225
372	0.29427394168749776
375	0.026406427178763056
376	0.505832131638445
379	0.2743320133091704
383	0.009184505185459962
385	0.01667097343718362
386	0.22080575224028975
387	0.2510058196423963
388	0.2318549380299095
389	0.2569764245616585
390	0.03261859367900018
393	0.5173167848476767
395	0.01647158563710823
396	0.6881351199102252
397	0.01873385006827255
398	0.007864629770843755
399	0.034658670358295174
400	0.2821285137384601
401	0.00409777202351784
403	0.5371168881272365
409	0.2529694205662423
410	0.06942321926589602
411	0.06316749022629546
412	0.04012851351068211
413	0.26060196230155697
415	0.035985764567506795
418	0.3430586254513714
419	0.2252741242761713
420	0.26839065788585087
421	0.524991100225204
423	0.003667129823470304
425	0.01614026242126267
426	0.2682754798310009
428	0.2788341313251823
429	0.0544668985717976
430	0.04632000612699849
431	0.5215804054749782
432	0.007293556978174531
435	0.2773304646935446
436	0.01846357316540141
438	0.03280305943458998
439	0.22704359503185484
440	0.5035549626836249
441	0.26734804283757196
443	0.011647417757642543
444	0.23863185760819483
446	0.5354499459452139
448	0.18548418537879102
449	0.04834436439932138
450	0.0361115135479275
451	0.5642353737155125
452	0.4240457482179186
454	0.2443345622207415
456	0.03488156957333958
459	0.24328714384025865
460	0.027085905275729242
461	0.023272424919867928
462	0.029062685848312862
463	0.036765478794431906
465	0.04547794509376897
466	0.27495959144050003
469	0.506251862671757
470	0.2737507814460323
471	0.49573623516920157
472	0.261362698424121
473	0.2865554242832269
474	0.2843853661923416
475	0.29646080283767257
476	0.48296507098195285
480	0.0004722668141834904
481	0.4923855144890704
482	0.5050611221801613
483	0.2740618574251885
484	0.2753316755588232
486	0.01211356526240438
488	0.25408010370759126
489	0.4761583962107535
490	0.27448016246833884
491	0.2523199162594738
492	0.7268417161612482
494	0.24351248291456237
495	0.004446383609951907
497	0.024428612123299685
499	0.04827677431841293
501	0.03409179157713806
502	0.5075984519037311
504	0.27358327527953175
505	0.5263786900356525
506	0.019312348967731097
507	0.020240900544050106
509	0.1922031569747006
510	0.023178564463072877
511	0.06862977311695687
512	0.2576909316167775
513	0.4698736222103469
514	0.0007375131786665629
515	0.49800829306252803
516	0.2675671359078619
517	0.2986592502702224
518	0.4811819374058528
519	0.024731510423038835
520	0.09326429782287368
521	0.011316477566266536
523	0.251155762217405
528	0.043090839980746184
529	0.026408050343724853
530	0.031194014231578235
531	0.03750424560603197
533	0.7565705328414576
534	0.25194823735270905
536	0.25937257475477876
538	0.028335042706760336
540	0.24963715032072042
541	0.01717586405960131
543	0.049990792825370736
545	0.5119709450851568
546	0.4964222017593243
547	0.2724326206837218
548	0.4655836697302527
549	0.036412703188440705
550	0.5279262778983377
551	0.013244204453339466
552	0.2596592818612189
553	0.2764783395321476
554	0.5259131910368688
556	0.0189699928316613
559	0.7696740188089374
561	0.005023458317293755
563	0.49811510718093255
564	0.015199340192932977
565	0.7778115400249462
566	0.032298831174335185
568	0.2718126848965636
571	0.2766291092319309
572	0.08146644762148345
573	0.03374999145678825
575	0.7850888178295966
576	0.5029678434414702
578	0.5124370559753421
580	0.2266782452123754
582	0.20326103510757934
583	0.506113345370458
584	0.001699767621916419
585	0.013408367558115822
586	0.26925067930698904
587	0.016480482431632554
590	0.06712562092435709
591	0.03823817699090863
593	0.26308367080140665
594	0.4836784059449491
596	0.7544775502950333
597	0.47582495149849857
600	0.0040948953553706854
601	0.23077973463359994
602	0.024202822156844737
604	0.19935754782584938
607	0.25384044363887304
608	0.018132303998277775
609	0.3086131479413561
610	0.006012192159260996
611	0.5271943543545091
612	0.2606333715009594
613	0.27295512099225994
615	0.27686176829856457
616	0.254019160030857
617	0.1660933605365692
618	0.2624006963986216
619	0.730944692782527
620	0.49895641111604294
621	0.47249954263811844
623	0.7078188980254141
625	0.2525589229938107
626	0.0011783086556034598
627	0.303063221532238
628	0.27333961459040823
629	0.006738977544046558
630	0.02238830203503343
632	0.5134245075047116
633	0.49135605349141775
634	0.2590639441865954
636	0.250022572163827
637	0.03615237851559701
639	0.24343201186570396
640	0.03467395356450606
642	0.5139729979242832
644	0.7500118723493303
645	0.2843050695605733
646	0.22647063200428227
648	0.7160716282059332
649	0.03378794540978119
650	0.28297381385815445
651	0.4960006816875486
652	0.02304589688160333
653	0.508341548927763
654	0.4891438672316698
660	0.27954637314664627
663	0.491687063520315
666	0.03357120037520667
667	0.2812440887491068
670	0.23132260922385048
672	0.24452437618678
673	0.5135840833559695
674	0.010294645649782153
675	0.2550080987766993
677	0.2837260391182979
678	0.1780138826018383
679	0.27212448795487404
680	0.24065837651483374
681	0.21110183615062836
682	0.026212681040785113
684	0.25469832026482214
688	0.021829155116785303
689	0.7670873922501575
690	0.03519743748599377
691	0.007224430477878133
692	0.02498447851340074
694	0.4998931569358341
695	0.04393413672621786
696	0.04027689042208137
697	0.2404320565913345
698	0.49541363456739435
699	0.02580584926336362
700	0.2657822084137737
701	0.2639856549843287
702	0.2170680947045798
703	0.5017737578704755
704	0.0102803258404962
705	0.2696944347523036
706	0.23392288712372228
707	0.03466129562785682
708	0.7399955511054229
709	0.032565910696306474
710	0.025492997485826917
712	0.5057317371019072
714	0.9991937523967934
715	0.01905390831797021
716	0.018676776722367686
718	0.5427855115081225
719	0.2545360056082194
720	0.27986031785171855
721	0.0020944207844739646
722	0.2725135952991201
723	0.7628549582185539
724	0.3721669845277613
725	0.2660282265396235
728	0.4431433635004336
729	0.2951986131627673
730	0.01840923118031933
731	0.03751168989701696
732	0.25293002966430556
733	0.03272707955930629
734	0.034785569006063825
735	0.2756034486428666
739	0.29032504988815655
741	0.053924492456747894
744	0.06157546534378215
745	0.08748063361827943
748	0.04003363489842733
749	0.045325878525214885
750	0.24062846511263464
751	0.03421187846752874
754	0.26563546773933366
755	0.26058105974438683
756	0.05076588419583482
757	0.024398784425261437
758	0.004649895997823485
759	0.2352889083603837
761	0.23427684863393775
762	0.7436810876054633
766	0.26834467873481077
768	0.008799600819761336
772	0.48759993361560283
774	0.07598396297148846
775	0.27036132965933757
776	0.22897975017366262
778	0.45950447407369066
779	0.01842812065249379
780	0.002256059935378467
781	0.4704547062501361
782	0.25150834066212047
783	0.22555333157534568
784	0.016675995890515303
785	0.5253208325967132
788	0.04891665609098421
789	0.5334334681741676
791	0.5466158242509334
792	0.03128302810914019
796	0.5134714107856351
797	0.5939812891663425
798	0.5188308188735213
799	0.27998836255509457
800	0.27333961459040823
801	0.2893436223589822
802	0.521910129542262
804	0.5395186690034443
810	0.26871189116598204
811	0.7514184243212992
812	0.2940285914317605
813	0.2710676929143771
816	0.002005525652133522
819	0.4940769440621811
822	0.06344972164234933
824	0.3039102247000314
828	0.2459869693701114
829	0.27231924880734365
830	0.06689929106836665
831	0.2524725688050819
832	0.26264506242100255
834	0.5088891469564297
836	0.013720269608321876
837	0.27379189713082003
838	0.023851605560854736
839	0.009970827446254767
841	0.016518488421101263
842	0.010773879898991645
843	0.25417682756644094
846	0.24787093677831487
847	0.5118557531559841
848	0.03440187351654089
849	0.2548877266034141
850	0.015486691076800167
851	0.02121223164020276
853	0.23849576638610323
855	0.32581262694383567
856	0.24305881679544783
858	0.2651499746106213
860	0.011975006181669808
862	0.029309363236484438
863	0.5124054671799513
864	0.2594029414224891
867	0.25929641660544406
869	0.018801215198232732
871	0.24255322867322246
872	0.5268895436013079
873	0.09723136124791856
874	0.056070186600952907
875	0.2224223487388512
876	0.25200545599966623
877	0.02458522656060884
878	0.28092506622976027
879	0.0024798109580337555
880	0.04340900133331972
881	0.5178026747643445
882	0.02863864967233378
884	0.04370135461151495
887	0.038092414548134876
888	0.298070123000366
889	0.008075156891409908
890	0.021614095572148745
892	0.26718202423019954
893	0.03769446925493293
895	0.27595601645664064
897	0.020919641092640648
900	0.20044573425110876
901	0.2510665397086739
902	0.02523627689061572
903	0.03553792281839677
905	0.20788009231027424
911	0.2631069459095493
913	0.0033700598949569782
914	0.0958881063086483
915	0.014639680135839793
918	0.24480936843458687
920	0.29511409371147157
921	0.4883500682532268
922	0.19535022114426379
923	0.03453889435341735
925	0.2949938732234638
926	0.019551413877713475
927	0.7593579429782257
930	0.27379338747790355
932	0.053149510499760313
933	0.05039466631247845
934	0.03304287848260173
935	0.5245716651275869
936	0.02821155906172458
937	0.46678283424460104
938	0.005279248845635302
939	0.02082619753612043
941	0.06588493210906535
942	0.016930874542811933
943	0.026140760666182893
0	0.0
0	0.0
0	0.0
0	0.0
0	0.0
0	0.0
0	0.0
0	0.0
0	0.0
0	0.0
0	0.0
0	0.0
0	0.0
0	0.0
0	0.0
0	0.0
0	0.0
0	0.0
0	0.0
0	0.0
0	0.0
0	0.0
0	0.0
0	0.0
0	0.0
0	0.0
0	0.0
0	0.0
0	0.0
0	0.0
0	0.0
0	0.0
0	0.0
0	0.0
0	0.0
0	0.0
0	0.0
0	0.0
0	0.0
0	0.0
0	0.0
0	0.0
0	0.0
0	0.0
0	0.0
0	0.0
0	0.0
0	0.0
0	0.0
0	0.0
0	0.0
0	0.0
0	0.0
0	0.0
0	0.0
0	0.0
0	0.0
0	0.0
0	0.0
0	0.0
0	0.0
0	0.0
0	0.0
0	0.0
0	0.0
0	0.0
0	0.0
0	0.0
0	0.0
0	0.0
0	0.0
0	0.0
0	0.0
0	0.0
0	0.0
0	0.0
0	0.0
0	0.0
0	0.0
0	0.0
0	0.0
0	0.0
0	0.0
0	0.0
0	0.0
0	0.0
0	0.0
0	0.0
0	0.0
0	0.0
0	0.0
0	0.0
0	0.0
0	0.0
0	0.0
0	0.0
0	0.0
0	0.0
0	0.0
0	0.0
0	0.0
0	0.0
0	0.0
0	0.0
0	0.0
0	0.0
0	0.0
0	0.0
0	0.0
0	0.0
0	0.0
0	0.0
0	0.0
0	0.0
0	0.0
0	0.0
0	0.0
0	0.0
0	0.0
0	0.0
0	0.0
0	0.0
0	0.0
0	0.0
0	0.0
0	0.0
0	0.0
0	0.0
0	0.0
0	0.0
0	0.0
0	0.0
0	0.0
0	0.0
0	0.0
0	0.0
0	0.0
0	0.0
0	0.0
0	0.0
0	0.0
0	0.0
0	0.0
0	0.0
0	0.0
0	0.0
0	0.0
0	0.0
0	0.0
0	0.0
0	0.0
0	0.0
0	0.0
0	0.0
0	0.0
0	0.0
0	0.0
0	0.0
0	0.0
0	0.0
0	0.0
0	0.0
0	0.0
0	0.0
0	0.0
0	0.0
0	0.0
0	0.0
0	0.0
0	0.0
0	0.0
0	0.0
0	0.0
0	0.0
0	0.0
0	0.0
0	0.0
0	0.0
0	0.0
0	0.0
0	0.0
0	0.0
0	0.0
0	0.0
0	0.0
0	0.0
0	0.0
0	0.0
0	0.0
0	0.0
0	0.0
0	0.0
0	0.0
0	0.0
0	0.0
0	0.0
0	0.0
0	0.0
0	0.0
0	0.0
0	0.0
0	0.0
0	0.0
0	0.0
0	0.0
0	0.0
0	0.0
0	0.0
0	0.0
0	0.0
0	0.0
0	0.0
0	0.0
0	0.0
0	0.0
0	0.0
0	0.0
0	0.0
0	0.0
0	0.0
0	0.0
0	0.0
0	0.0
0	0.0
0	0.0
0	0.0
0	0.0
0	0.0
0	0.0
0	0.0
0	0.0
0	0.0
0	0.0
0	0.0
0	0.0
0	0.0
0	0.0
0	0.0
0	0.0
0	0.0
0	0.0
0	0.0
0	0.0
0	0.0
0	0.0
0	0.0
0	0.0
0	0.0
0	0.0
0	0.0
0	0.0
0	0.0
0	0.0
0	0.0
0	0.0
0	0.0
0	0.0
0	0.0
0	0.0
0	0.0
0	0.0
0	0.0
0	0.0
0	0.0
0	0.0
0	0.0
0	0.0
0	0.0
0	0.0
0	0.0
0	0.0
0	0.0
0	0.0
0	0.0
0	0.0
0	0.0
0	0.0
0	0.0
0	0.0
0	0.0
0	0.0
0	0.0
0	0.0
0	0.0
0	0.0
0	0.0
0	0.0
0	0.0
0	0.0
0	0.0
0	0.0
0	0.0
0	0.0
0	0.0
0	0.0
0	0.0
0	0.0
0	0.0
0	0.0
0	0.0
0	0.0
0	0.0
0	0.0
0	0.0
0	0.0
