3	0.19943300543114084
4	0.2743567161045998
5	0.15941221215805798
6	0.03710997047472813
7	0.06279970916141703
8	0.2806035329057806
11	0.3981874119288235
12	0.27457931311300215
15	0.49379411411699037
17	0.23814875055010964
18	0.3449085768120182
19	0.5134438638055454
20	0.03789330083808354
21	0.2044002512683153
22	0.5296786005720023
23	0.026418022267198842
24	0.3115926673226146
26	0.6656804878642876
27	0.4839148965539264
28	0.29305709830683946
29	0.479400648501018
31	0.012589684533536424
32	0.29657740217008066
34	0.4579819465257559
35	0.2839646193450515
37	0.2886004541084857
40	2.7062958250022306e-05
41	0.04923458530996401
42	0.31377619818494695
43	0.2856762044339974
45	0.07003565282202204
46	0.5115078153531862
47	0.2803865761664295
50	0.4216072764035441
51	0.06818360304689905
52	0.2593237435470662
53	0.2998914854573441
54	0.2994308280840806
55	0.2908924143165083
56	0.3360733024056181
57	0.2771264666480481
58	0.21781721196450818
59	0.09222217497036381
60	0.04508818081062745
61	0.21543109453368345
62	0.29537687340175434
63	0.22388658996919206
64	0.053533037149385565
66	0.2747561168664768
67	0.27007443791805646
68	0.511314181941503
70	0.3130324148490974
71	0.5099577417433361
72	0.2615984167300464
73	0.3420072594799881
74	0.2884834107977863
75	0.08047031259811127
76	0.5054958493930629
77	0.38837870877352293
79	0.289846592818154
80	0.8177807815494451
81	0.27201227060252914
82	0.2862818543077787
84	0.29020768696835236
86	0.4532334596281492
87	0.07054333470569053
89	0.32964338651378156
92	0.5545797419454308
93	0.16077856792702439
94	0.028663499215868395
95	0.2514564485906601
98	0.07560766881560953
99	0.2617150119640142
100	0.30375773295241537
101	0.05397271999058875
102	0.276915743707425
103	0.8078014392750695
105	0.24398040591056447
106	0.04167005125554856
107	0.3223631206596308
108	0.4319552793626379
110	0.2464810488313117
112	0.3055785455845687
113	0.2433226774848193
114	0.018741564173948552
115	0.03276095996264114
117	0.577630965777061
118	0.046502646574144046
119	0.30057167046922745
120	0.5222970945077351
121	0.038528382670040356
122	0.22396258503459998
123	0.2838078174442792
124	0.010859071777009118
128	0.2915120698501449
129	0.5366912531222957
130	0.20295305761355278
131	0.4823227971219245
132	0.27039973129578654
133	0.2583004583321525
134	0.47766767626112744
135	0.5178905586063121
136	0.528042166572779
138	0.09422377256781966
139	0.5492733637441244
140	0.2777809245773923
142	0.5792436031396097
144	0.19301214812919099
145	0.09845208155509115
146	0.2425969489118409
147	0.701925991179608
149	0.5689589023233504
150	0.00440074827133885
151	0.022383640938418423
152	0.050107544986378025
153	0.16831208636694142
154	0.5412482512373518
155	0.19240374805463462
156	0.5352044993090459
157	0.3081585498056851
158	0.22997177444446165
159	0.035260004518010035
160	0.2789384878012283
161	0.39517509649985294
162	0.26772262119545553
163	0.22774426574298876
164	0.0434178839715839
165	0.25048697366785305
166	0.3518128514898672
167	0.3261380187925084
168	0.5516134865918686
170	0.01959300262896829
171	0.29485904763558757
172	0.03140801531292692
173	0.27427942395045246
174	0.5975798231877512
175	0.05411496290373288
176	0.7315894517158461
177	0.08274912374284149
178	0.03243871029360028
179	0.006281810441396394
182	0.2602212529758381
183	0.46366325923772306
185	0.2194035892929162
187	0.46249629810840404
188	0.041922455763006176
189	0.01445876633862729
190	0.2768203157054078
191	0.24419833391321707
192	0.29486780506888793
193	0.519220887092801
194	0.30093510343561375
195	0.2694325141114738
196	0.177773051712448
197	0.043031205701546185
198	0.2843420385131385
199	0.01865641940744243
203	0.3795927805063535
204	0.8301642912686257
207	0.03175625076360761
208	0.5078244469504972
209	0.2092396215369036
210	0.03580340112463164
211	0.25920381773424767
212	0.742123811788339
213	0.2848103989019629
214	0.27376849357381794
215	0.7620426037491002
216	0.33842704511676
217	0.09436917678141572
218	0.08152240408623633
219	0.257018352605473
220	0.19347258703808484
221	0.28437775541896304
222	0.05761935446206474
225	0.4930190191380986
227	0.30360922946200175
228	0.5424524450239133
229	0.26094928507972154
230	0.029698906483484205
231	0.08322972462199298
233	0.5181331308354044
234	0.03431039282107291
235	0.5564745613095559
237	0.2545642884430344
239	0.027747240846956157
240	0.5172129936952086
241	0.5797683522853446
242	0.2019284181129187
243	0.42591726733541047
244	0.28575478643703334
246	0.2874808756165034
247	0.5071621809805484
249	0.5298749257192248
251	0.4558367610423099
252	0.4883385283003152
253	0.2542638846794329
254	0.30645426041574503
255	0.19559221786693773
256	0.03366479278179935
257	0.2551280614965267
258	0.5284391571170217
259	0.025123415136976003
260	0.5632211022509049
261	0.507551489735445
262	0.5178705777864878
263	0.2679213417159698
265	0.07067783744747155
266	0.7399096097063166
267	0.018190991219096536
268	0.056889394638911746
270	0.5407828847657234
271	0.04321417368958619
273	0.4892676886400386
274	0.09816737673149953
275	0.26371949830455454
276	0.5252624802522211
277	0.4917382388468308
278	0.2753626891671448
280	0.1971820216358553
281	0.04565274306531531
282	0.2288424307165248
283	0.2300339831693909
284	0.25256018130024394
286	0.23518712468663788
287	0.306528526836705
288	0.04730542954079497
289	0.16082341516276127
291	0.28041323936834034
292	0.30600750471109667
294	0.5111795904211939
295	0.1979578357990862
296	0.3274783190766157
298	0.3129709662453872
299	0.05513576113015207
300	0.0886154093948065
301	0.32050453622625596
302	0.10056497845432363
303	0.024912168462534218
304	0.41789312874289575
305	0.22436573528901743
306	0.4578836270313434
310	0.08106846934271603
314	0.037032538306993976
315	0.2628326318307035
316	0.4161828360320341
317	0.058490807886716296
318	0.266266677756227
319	0.30511986165890287
320	0.3184905239626735
322	0.023036856810592796
323	0.32961358318086587
324	0.23794944723696101
325	0.2715440902090996
327	0.0012800863971924661
328	0.0620983416858624
329	0.027269530488100126
330	0.04136217772061132
332	0.09118255724201763
333	0.0348082433680649
334	0.02571369778425355
335	0.054399956446458037
336	0.06322979799803186
337	0.5170438693773255
339	0.026414452356628166
341	0.466470756187416
343	0.29541697022949204
344	0.20386838758391554
345	0.28969535609386077
346	0.34071262354726084
347	0.3257307274732924
348	0.0685823127846632
349	0.801347211833434
350	0.47430479409891196
351	0.07119952527151921
352	0.3287666943753584
353	0.7923779578475071
354	0.05718333615435084
355	0.21463234318843666
357	0.7951658734126715
359	0.4852050832064686
360	0.28156464509473556
361	0.03127543636179336
362	0.3532973558860449
363	0.04428425504608188
364	0.2550563511641327
366	0.5161265048213793
367	0.3329754846549424
368	0.3026178086912519
369	0.32770602440188884
370	0.019920958154277902
371	0.2375693485912529
373	0.20650168483337875
374	0.011453915860610724
375	0.05210395287368624
376	0.3194047034038295
377	0.3119599734910018
378	0.03782236184894742
379	0.0952238908390782
382	0.47685674898503455
383	0.24496844346403096
384	0.20691149297457567
386	0.31924980357758126
389	0.0965536799966733
391	0.02138601826662804
392	0.4701202462772499
393	0.051589017623513235
394	0.2608749998015176
395	0.024650287795590392
397	0.06300882465924826
399	0.08082561200062408
400	0.19047189197445474
403	0.3121185600366876
404	0.45997410378046344
406	0.31074677254462574
409	0.03091506683984257
410	0.5346679769948139
411	0.1080373279515599
412	0.04627039524524275
413	0.2804014831228175
414	0.5249168620598222
415	0.4902677101264112
416	0.014250037635931585
417	0.3314150866239903
419	0.5788804417581082
420	0.32288390052669386
421	0.1108010894571234
422	0.45739076528720374
423	0.5558719674753353
424	0.27138232073562235
425	0.04004409032415157
426	0.2692062104716197
427	0.03883530850524354
429	0.30695311820906845
430	0.2489043031439217
431	0.2732855843682742
432	0.5608852689607675
433	0.43255985956989834
434	0.20326456207664673
435	0.3236652383634368
436	0.05647428350707219
437	0.17344089740891075
438	0.26644236740493715
439	0.2673729665558435
440	0.3195218673672476
441	0.26758074918625563
442	0.28167295953295707
443	0.5592987945899983
444	0.30736699961093394
445	0.030450790215832628
447	0.05739355597167495
449	0.5560232211168885
450	0.556516289600706
453	0.5352861054425704
454	0.009666905091536906
456	0.2663807007602978
457	0.038547950564935395
458	0.00855258447890575
460	0.31039320230210266
461	0.2863964202751938
464	0.2538902023299726
465	0.042448809013026556
466	0.33181852272108225
468	0.2372665781502593
469	0.09076737446815994
470	0.28593325469320374
471	0.009143584221448602
472	0.3454598625292936
473	0.03143658543779458
474	0.32148660326519707
475	0.22618483256172356
476	0.08829661277535583
477	0.23160723792961052
478	0.2169991306628423
479	0.2827558615990488
480	0.05778412850250238
481	0.022002085567946104
482	0.30985979808635866
483	0.4819615780685679
484	0.29496422012009027
485	0.03446125065199768
486	0.06782940152649695
487	0.54653826262142
488	0.04365567723251603
490	0.059811903239993004
492	0.12310685628283023
494	0.013951136425273073
495	0.04805935162920857
496	0.5593113230424128
497	0.558067505565704
501	0.03208565217177412
502	0.05711357772681104
503	0.02122214379011261
504	0.0498888426862493
505	0.06069167114352678
510	0.29104970701263305
511	0.5439790210616338
512	0.09030458638479522
513	0.07292810884205479
516	0.031233739250652617
517	0.07708086520613841
519	0.0340958702652356
520	0.5499412083578791
521	0.2978973033594001
522	0.26105134124155727
524	0.08497002975410267
525	0.5403564732160326
528	0.06784225265495317
530	0.2250279130849124
531	0.5354718853831485
532	0.036313174059406914
534	0.10123233996469594
536	0.04254883093657369
537	0.5251236568982361
538	0.2878710187495222
539	0.20782223295295998
540	0.3177872326144775
544	0.46834953997707407
545	0.034932285391217135
546	0.09686180761242577
547	0.01170731582936934
549	0.30810882432450937
550	0.07520381353093436
551	0.04195706436635035
552	0.5718534168319444
553	0.07691760877158486
554	0.28376945166104633
555	0.19416275096856578
556	0.34483670184277065
557	0.5134695237869189
558	0.5025840281638462
559	0.0349036041811389
560	0.04604355873658881
561	0.29576933345822615
563	0.30115481859114934
564	0.2661456578115944
565	0.04257203911171273
566	0.2653073092308437
568	0.07974744375305073
569	0.309921365056252
570	0.2725471635344236
573	0.31222347244932647
574	0.2866617126905864
577	0.036781491146690624
578	0.3091177927600323
579	0.23388401303750672
580	0.004974907009763965
581	0.03346278421802059
582	0.3856586620598759
583	0.01624273115550927
584	0.2820378359575598
586	0.32842606342739417
587	0.04057367095045539
588	0.02983965145173297
590	0.5229564204511759
591	0.057186471725101044
592	0.03775436839208545
593	0.038781957789052544
594	0.3355392941751386
595	0.24548119800301227
596	0.060529913597687696
598	0.5930974598800426
599	0.2201187187895837
600	0.055534336899240276
601	0.2670299075440287
602	0.37505754040050787
603	0.23275149144935772
605	0.499532416958533
607	0.3354502134160119
609	0.11925806640873518
610	0.31523515444805394
611	0.3205385201456733
613	0.004403698804317534
614	0.4949045881002594
616	0.2638915805582439
620	0.05700306058635188
621	0.036626245478590516
622	0.5486094434460022
624	0.27328577427633144
626	0.5034092402081637
627	0.10109238447238068
629	0.24112210068943252
630	0.030875629296324956
631	0.2711867504068513
634	0.09674543263519512
635	0.2718398946506219
637	0.2747485722777728
638	0.013145847052133144
639	0.0671882456947679
640	0.03464092096087146
642	0.07551984960493849
643	0.03862118272929584
644	0.047469813308093
645	0.04129911873961543
646	0.2662873475238149
647	0.08283133471363613
649	0.22864920740541983
651	0.013926834452248668
652	0.04997124297394389
653	0.09153189533946146
655	0.04091928349075857
656	0.14066594068939164
657	0.7054715536691307
658	0.24766018956856897
659	0.045795227620996866
660	0.2966221084026994
661	0.11849859611854628
662	0.5516317915032506
663	0.3470085336271498
664	0.03646705323747548
666	0.3113165829756147
667	0.340450706806015
672	0.5771936808657413
673	0.3114118744809496
674	0.581327440475456
675	0.4412718108592335
676	0.2407622546589881
678	0.3155064682197287
679	0.2907209169234805
680	0.24187841540223515
681	0.35074047392031255
682	0.0860885300865167
683	0.25386317063544095
684	0.0704955050716691
686	0.2736322541450463
687	0.23047817845690127
688	0.2138832906096501
689	0.02891636756827751
691	0.5413858666032578
695	0.23515586372189193
696	0.2951552724922337
697	0.2535373151138629
698	0.023194620449534888
699	0.06339797971202543
700	0.2662469366922124
701	0.2832379196001849
703	0.08901930745289666
705	0.33626584738473125
706	0.017087303625889946
708	0.06868308664883391
709	0.3175602355734325
710	0.048116219682498504
712	0.3181071997090959
713	0.2323830372663529
715	0.5040532889310937
716	0.5206244206044224
717	0.27081828954640175
719	0.026134354093115694
720	0.32258639715134385
722	0.4978800572275313
723	0.021677576597550922
725	0.5725322676588924
726	0.011937603679593012
727	0.2637225607879561
728	0.3614310751726764
730	0.19189085597991823
731	0.21126119071475613
732	0.3524604796571668
733	0.2921312446025282
735	0.03552686663738955
736	0.7252784349945274
737	0.5676437680166803
738	0.2529075742088053
739	0.02196908396019622
740	0.03034513705895424
741	0.02732487799434747
742	0.5073952195034735
743	0.26271360472159977
745	0.0069240744856943065
746	0.07683611747548574
749	0.045170545089875155
750	0.26252424406048624
751	0.05785436781519462
752	0.04893561346555519
754	0.29173152787101775
755	0.2713802926542294
756	0.3055439276653946
757	0.2583146155421173
758	0.0011457639448701346
760	0.1876258609030637
763	0.03375709461614862
764	0.034033381902763504
765	0.7176749597146772
766	0.04995715146988572
767	0.19684477146294047
768	0.22463685261609861
769	0.705186978209281
770	0.46816294843277534
772	0.028784095371708927
773	0.04907937887970343
774	0.1169394770319459
776	0.3394432398887511
777	0.19295232926248998
780	0.3041374513992351
781	0.05692965483993293
786	0.24513083004930833
787	0.5503590466983918
788	0.29184772316203494
789	0.03656703142268981
791	0.28859677589051524
792	0.5691771539255478
793	0.22755104310529342
794	0.48757026712910495
795	0.23982165330013402
797	0.1913497161870525
798	0.09164461105116194
799	0.19324226083665486
801	0.21828924935729946
803	0.29270485591490086
804	0.06391352835005375
805	0.012182751590997298
806	0.041419944779297925
807	0.5676879943265142
808	0.4672155211961525
809	0.2674438227215901
810	0.3236931717879762
813	0.29062751654785424
814	0.3016994942617274
815	0.28136863072387047
816	0.31465981203085275
817	0.510281315813767
818	0.2253387248063059
819	0.0838044801712076
820	0.08576757943201273
822	0.2681746905151071
823	0.031229094844746452
824	0.022563969498862576
826	0.24369059165181362
828	0.29443013569540766
829	0.09040576632116208
830	0.2513484121009441
831	0.26009256338935355
832	0.5659860778294254
833	0.0023346175254265744
834	0.04698896991784185
835	0.28250448066900663
836	0.035744806996518996
837	0.23329030281677965
838	0.22093411458047355
839	0.3089658556141492
841	0.2844932024989344
842	0.19876518405740665
844	0.5636312582488908
845	0.7070534595719958
846	0.044956742108256315
847	0.002027216682790777
849	0.035526866637389576
850	0.04553908301636762
851	0.33020752392975006
852	0.5380529576356977
853	0.02421838867765732
854	0.2657786842753292
856	0.00585542786428353
857	0.3862661915438831
858	0.5341420094323981
859	0.5156737133024172
860	0.5257579379040225
861	0.6776992814890068
862	0.28788278715256305
863	0.11091201378463522
864	0.07757149034022111
865	0.0637097652479261
866	0.36103031914338596
867	0.019580165232383817
868	0.3191605436702065
869	0.34238127367690613
870	0.2814839524426146
872	0.048541603735508115
873	0.23992807428115745
874	0.29550753486820497
876	0.27904642344590513
877	0.27088536380866907
878	0.31404056522465024
879	0.785225600138808
880	0.3030624254110043
881	0.06419564886853307
882	0.039952964032138584
883	0.002549249115594447
884	0.21676962274867212
887	0.010664732753238291
888	0.48006122450478456
889	0.3130203464665702
891	0.738471924077383
892	0.3038122663817648
893	0.5367620268821387
895	0.30544728669935756
896	0.03024616090610671
898	0.02974227201632769
900	0.2664838635297664
902	0.48778362741197967
903	0.24767231262903655
904	0.19604028878523008
905	0.03257307271052197
906	0.770073971215456
907	0.036727747391759574
908	0.25205746844362986
909	0.4723150116161331
910	0.6771313552982686
912	0.19020556803199898
913	0.03416873469790682
914	0.15158378280468723
915	0.5140886315539206
916	0.47358045786726555
917	0.5428218210875079
919	0.24770297226263632
920	0.26439222280934194
921	0.032646985635149395
922	0.003170756830459996
923	0.5526713527635494
924	0.05712734768886379
925	0.04977933897113618
926	0.5080335139967904
927	0.09663869984730641
928	0.48585792757150614
929	0.04263637442397148
930	0.4944021994658455
931	0.48987038761776036
932	0.03151923010707454
933	0.331784613350688
934	0.03003551374825538
935	0.2911427573478358
936	0.28410923915560504
939	0.7953985570656961
940	0.24817443510491421
941	0.4902275032212102
942	0.034181742726497426
943	0.07594184324908117
0	0.0
0	0.0
0	0.0
0	0.0
0	0.0
0	0.0
0	0.0
0	0.0
0	0.0
0	0.0
0	0.0
0	0.0
0	0.0
0	0.0
0	0.0
0	0.0
0	0.0
0	0.0
0	0.0
0	0.0
0	0.0
0	0.0
0	0.0
0	0.0
0	0.0
0	0.0
0	0.0
0	0.0
0	0.0
0	0.0
0	0.0
0	0.0
0	0.0
0	0.0
0	0.0
0	0.0
0	0.0
0	0.0
0	0.0
0	0.0
0	0.0
0	0.0
0	0.0
0	0.0
0	0.0
0	0.0
0	0.0
0	0.0
0	0.0
0	0.0
0	0.0
0	0.0
0	0.0
0	0.0
0	0.0
0	0.0
0	0.0
0	0.0
0	0.0
0	0.0
0	0.0
0	0.0
0	0.0
0	0.0
0	0.0
0	0.0
0	0.0
0	0.0
0	0.0
0	0.0
0	0.0
0	0.0
0	0.0
0	0.0
0	0.0
0	0.0
0	0.0
0	0.0
0	0.0
0	0.0
0	0.0
0	0.0
0	0.0
0	0.0
0	0.0
0	0.0
0	0.0
0	0.0
0	0.0
0	0.0
0	0.0
0	0.0
0	0.0
0	0.0
0	0.0
0	0.0
0	0.0
0	0.0
0	0.0
0	0.0
0	0.0
0	0.0
0	0.0
0	0.0
0	0.0
0	0.0
0	0.0
0	0.0
0	0.0
0	0.0
0	0.0
0	0.0
0	0.0
0	0.0
0	0.0
0	0.0
0	0.0
0	0.0
0	0.0
0	0.0
0	0.0
0	0.0
0	0.0
0	0.0
0	0.0
0	0.0
0	0.0
0	0.0
0	0.0
0	0.0
0	0.0
0	0.0
0	0.0
0	0.0
0	0.0
0	0.0
0	0.0
0	0.0
0	0.0
0	0.0
0	0.0
0	0.0
0	0.0
0	0.0
0	0.0
0	0.0
0	0.0
0	0.0
0	0.0
0	0.0
0	0.0
0	0.0
0	0.0
0	0.0
0	0.0
0	0.0
0	0.0
0	0.0
0	0.0
0	0.0
0	0.0
0	0.0
0	0.0
0	0.0
0	0.0
0	0.0
0	0.0
0	0.0
0	0.0
0	0.0
0	0.0
0	0.0
0	0.0
0	0.0
0	0.0
0	0.0
0	0.0
0	0.0
0	0.0
0	0.0
0	0.0
0	0.0
0	0.0
0	0.0
0	0.0
0	0.0
0	0.0
0	0.0
0	0.0
0	0.0
0	0.0
0	0.0
0	0.0
0	0.0
0	0.0
0	0.0
0	0.0
0	0.0
0	0.0
0	0.0
0	0.0
0	0.0
0	0.0
0	0.0
0	0.0
0	0.0
0	0.0
0	0.0
0	0.0
0	0.0
0	0.0
0	0.0
0	0.0
0	0.0
0	0.0
