1	0.24380503776708473
2	0.4543497202325536
8	0.07373661822720462
9	0.014008585847631483
10	0.0463132504425684
12	0.23103471838335857
13	0.5111420935091519
14	0.20590303362166207
20	0.04686978548949715
23	0.26691912381961724
24	0.25055716563099295
25	0.27591284834472496
28	0.008774706757672238
29	0.11313332161062974
32	0.009301496794140232
34	0.21994386681952593
35	0.46642687002610317
37	0.22943515620055488
38	0.08269763913026856
39	0.22569860223221222
41	0.011736276753586322
42	0.015972352395225486
43	0.10639993337955997
48	0.4289545650097269
51	0.2563537067863013
54	0.0029042023641998455
55	0.2290576022691591
58	0.09583799130125398
59	0.04148980013997869
60	0.006379066647370951
61	0.1319254590724811
65	0.23455347364858514
66	0.009806910315120265
67	0.21916426828809832
70	0.20980016118995454
72	0.25237714685397505
74	0.20891851252361893
75	0.019877514149453365
76	0.07394272897710924
77	0.056446494414694015
78	0.02512315287799642
79	0.20552131020182324
82	0.292050664989533
83	0.4746047159078516
85	0.011073478368017295
89	0.0009909102965440508
90	0.05602109381153081
91	0.24586568449681412
92	0.010390000924505885
93	0.30818425651814735
95	0.0056692370001787395
98	0.06334502949104585
99	0.025757961161631773
100	0.2530159208023821
102	0.06745094879296747
106	0.26304097916200186
109	0.03931266132821229
110	0.21689311268394804
112	0.4522864741528711
114	0.2223884257904157
116	0.1623804813143279
118	0.00666506918938109
121	0.038061871140193534
122	0.23416953390334
123	0.32801098793003963
124	0.22818436583732804
125	0.05562672598110435
128	0.23682334101389813
130	0.029578186777390228
131	0.2690305221035142
134	0.24410344083722313
135	0.07271895107693493
137	0.21783136394190483
138	0.29406732387359585
141	0.5047215242509521
143	0.2396371212183608
145	0.3127683784184694
150	0.015072072316976048
152	0.23327958418510325
153	0.2955894487584755
154	0.00021324072533406013
156	0.07257454542949371
158	0.021369781752493572
159	0.25141968942966836
161	0.1861719738380399
162	0.25387639827238356
163	0.15770409692981507
166	0.3126269098478404
167	0.31922439940473957
169	0.2723662427739953
170	0.26981609188905537
173	0.23252684965901074
178	0.09734364876990767
179	0.4892384877659529
182	0.2389903240614138
183	0.3081934477069584
184	0.0077956123127123494
186	0.7710111018648736
187	0.008995757959254294
188	0.0606379235954167
191	0.013987804726563746
193	0.2700045322230641
194	0.25739595730583475
197	0.3253480912253973
199	0.44515447360862676
201	0.0027760411152276676
202	0.31563057852172316
205	0.40283736861037284
206	0.31238598374586446
208	0.03842668584540343
209	0.02429280704018745
210	0.008809415237289897
218	0.4675230665181962
219	0.22836777546839704
220	0.06606421781841414
221	0.23132307053409465
223	0.2600613861385941
225	0.048203907697091014
226	0.05131546759993465
227	0.1629919434139948
229	0.17705102308619936
233	0.008562916232279394
234	0.019402896266177472
236	0.10337072536091146
238	0.23525155246953713
241	0.1968815298330588
242	0.24774765007337138
243	0.07019320160572284
244	0.2977987879432939
245	0.2646453959913498
249	0.07710025646671964
252	0.24259137979767473
253	0.2165177462830685
254	0.21445640286337492
255	0.20210530599950896
256	0.022545691126558978
257	0.2340987821082373
258	0.19043374165935523
259	0.03187844957427166
261	0.2584056606304502
262	0.0026237807726158663
263	0.04012942974918077
264	0.007788918987612803
265	0.2299274950995779
267	0.30919424323503775
268	0.0400723953003161
269	0.033563244736865616
271	0.003753484169489271
272	0.22637180537318569
273	0.003206665811570447
275	0.009303853794254704
276	0.0033114522648859945
277	0.015750648298473613
278	0.25003813844008765
279	0.003322159750881737
280	0.003505042386529683
281	0.007803703365879544
283	0.2887200179309538
285	0.23210570336611283
287	0.1934727627507597
288	0.2967545445812857
289	0.08131948651553145
290	0.2606741323951585
291	0.2518351873808086
292	0.03710930688623032
296	0.2404722458952147
297	0.007157826845893778
298	0.052198388025046366
299	0.05096294470987016
300	0.06972764527778652
301	0.06686169319793453
303	0.2858147353328691
304	0.26005156176348493
305	0.10049351313814109
306	0.0028152648473955405
309	0.2370187414696884
310	0.039232545541308325
311	0.2111487082691988
313	0.0040923748291665785
316	0.32090826304100806
317	0.019067316100579407
318	0.002313406785615507
319	0.21631859797938757
320	0.2968244424927613
321	0.3406217160229916
325	0.005351646117151082
327	0.08652142472644472
328	0.013140465437145393
329	0.03822537610416242
330	0.0018336988073852506
331	0.22758891777112267
332	0.049167558159523755
333	0.002944059137583166
335	0.17859427079021375
338	0.2428811707422019
339	0.007858338563368317
340	0.26070022775863055
343	0.07108703375235685
346	0.2114612081375945
347	0.2998333649737657
350	0.2809302506858935
351	0.21312106466655165
353	0.0010504461914266627
358	0.0336148491590213
359	0.008970561783284328
364	0.22035277033274497
365	0.016740420574415438
368	5.3832501991188386e-05
372	0.4729484229574363
373	0.026661856884750562
374	0.26615908103427743
375	0.04242170408701705
378	0.07067968523645748
379	0.002309604489224279
380	0.0060227571682082565
382	0.06531073620386729
385	0.5210215469322077
386	0.28866815860961764
388	0.23554487066324195
390	0.012733657003654808
391	0.07357919780484068
393	0.29164214736388744
397	0.030568164004911108
398	0.06305403046359988
401	0.4942371865011804
402	0.11355688474918617
403	0.006297338982451037
407	0.01068227670115679
409	0.0584045449511465
410	0.22365594651090884
411	0.008549203416395229
419	0.0009238237132510735
421	0.010001041431093066
424	0.2701812617398886
426	0.2153403969488759
427	0.017132971217870704
428	0.470262453269077
429	0.05644297362354324
430	0.009115349868311043
431	0.23304930622842068
433	0.059426008113911105
435	0.27850426824004326
437	0.0003080670379457251
438	0.016486309439386115
439	0.21060861296259648
441	0.25187436069205005
444	0.19457778102709736
445	0.2620654756427354
446	0.19325646310711764
450	0.24102068516939723
451	0.2715030935880034
455	0.07163739889788484
457	0.06450124411646696
458	0.017519397947946186
462	0.22533125272535467
465	0.017836223453926867
467	0.004198757053889071
469	0.0011507517912866527
471	0.22518334873155582
472	0.006177969057424487
473	0.2683232526394229
477	0.20245865610924085
480	0.01376365021060219
481	0.30711051014128654
482	0.24566624666482295
487	0.30595919468457733
489	0.002291292931540581
491	0.47296609465002865
493	0.09868084554249268
495	0.08344105463298833
497	0.23984400133715142
498	0.09188178195726962
499	0.22854886271058844
500	0.2976068177661183
501	0.05202685224327197
502	0.21604874497954468
504	0.27350786602542904
505	0.5003655501120654
506	0.07541106724438909
508	0.045251338404729405
510	0.26210685806254436
512	0.0501752912142093
513	0.2999701316887987
516	0.5042984851885102
518	0.008656744821925258
522	0.06885330763840142
523	0.021362935479364978
525	0.006768459479298564
527	0.06905636094190215
528	0.04053013198983657
529	0.0008049129941938016
530	0.22276721558846868
532	0.06606222118325249
533	0.0016948193082829133
534	0.24613540303735443
536	0.00871934258874163
538	0.09129693396762967
539	0.07227323131982447
541	0.058054132988474255
542	0.04422951598391195
543	0.2601786209749854
545	0.22371947816627308
547	0.010694418338270562
548	0.5228230648581618
549	0.04247972949102834
551	0.31599135192715366
553	0.2791219554772125
555	0.05267510236251918
558	0.015461921640177526
559	0.2526367947902891
560	0.2433986875972308
561	0.03223834697430372
562	0.042365379012513624
563	0.009254432340373528
565	0.23907009907502025
566	0.21118146432067744
567	0.048613917196746875
571	0.018699406383146072
572	0.24840641768200095
573	0.05826056024961815
575	0.2953826374069638
576	0.2974116674694127
577	0.26846715789387576
578	0.2501327088070208
579	0.5443831768634657
581	0.35594829988788645
583	0.0032186287883255865
584	0.02943289721049304
585	0.5540455457984257
586	0.4664587918378751
591	0.29756308308668666
592	0.05173612709512869
594	0.00825332526169667
596	0.47056206181134097
599	0.010076887968645629
600	0.008672813297038617
603	0.051679786047341816
606	0.06712265523183697
609	0.03365380551064428
611	0.24170336437031353
612	0.46165015514501695
613	0.06618326943333323
615	0.31592200129422854
617	0.2589744737226676
618	0.025853549551435373
620	0.005995324957695988
621	0.3183821999709067
623	0.3168116195071096
625	0.2950350721321833
627	0.051367190509410715
628	0.0005130758251586237
630	0.24106300364386496
633	0.21463168320154147
635	0.009779290216729214
637	0.21956144363552704
640	0.03103864752628098
641	0.012371355239848766
642	0.22733050319407377
643	0.08072180567033295
645	0.004578616676942468
647	0.08537466179802561
648	0.2073920009206606
649	0.053781655236162296
651	0.42478334700378617
652	0.24027863177042047
653	0.26058357027774603
654	0.21829067641456
657	0.0851727856651935
658	0.038816850585222995
660	0.28219598013979136
662	0.16800088018826237
664	0.010703901461545456
665	0.017804018593602866
666	0.00024958218184713277
668	0.21471937901616373
669	0.2633982461708759
673	0.19908837046827682
674	0.22252341152733904
676	0.012267262066684728
677	0.5021394509988928
678	0.24028815323496128
679	0.0058608446433498496
682	0.06944812479602157
689	0.21476870689057287
690	0.28902487244206854
691	0.25318420532621966
693	0.31898211224276607
694	0.046056743948686446
702	0.26285495911937956
704	0.2722021816075392
705	0.46711452080871063
706	0.25534894097336885
707	0.30596453931268464
708	0.22360299205783613
709	0.3158513600078157
710	0.28129883536606953
711	0.008187320515731178
712	0.2355304083945664
714	0.23725611009760633
715	0.23650061993509508
718	0.48292436148589485
719	0.2718881359583395
721	0.03290521023718798
723	0.22231652222484705
724	0.31238598374586446
725	0.20149804077569355
729	0.48342694481858217
731	0.014753904560333167
734	0.010286229304108815
735	0.01273365700365478
738	0.25571099850961704
739	0.02361379999516104
741	0.07016093045344954
742	0.22161416207254153
743	0.2019568106715603
744	0.2481073161301099
745	0.2955491787399781
746	0.017485684426221254
747	0.06817004249740563
748	0.010673160495628928
749	0.5249258757442397
753	0.07600565639681356
754	0.22232999959236144
755	0.24541929244748684
756	0.2438910868344068
758	0.05199612003069107
759	0.022595824971150563
760	0.004647671473523379
761	0.30588123486531604
762	0.02885124967168201
767	0.30724782404733997
768	0.497200683908093
769	0.020182919933879342
771	0.033562516028865994
775	0.22700744352489488
776	0.07578160168789067
778	0.20261638780781768
779	0.022068774418969803
782	0.23684649650824985
784	0.0006810367573895776
785	0.004280381149164
789	0.229857147129508
790	0.2541070732263543
796	0.4594171848568879
798	0.01733869148126603
800	0.2460356613203994
801	0.4949462404584369
802	0.2951679113730899
804	0.5076169078378912
812	0.47238356947093507
815	0.058077536412678626
816	0.2344270478255174
817	0.02079081418332593
819	0.2180422214154514
822	0.4644080320794264
824	0.03754969087726778
825	0.2510665397086739
827	0.19384421025508258
829	0.012733657003654753
830	0.26999968463901824
831	0.02361671957111025
832	0.0039620972388912795
833	0.08081292206767228
839	0.014852778719714244
840	0.004937832908218878
847	0.22450454133495823
848	0.009168788155605873
850	0.013739097590961355
852	0.020778529104466426
853	0.19615090411334685
855	0.7744642157896533
856	0.2074543238167172
858	0.006860154845484592
859	0.026411850751452512
862	0.013901308111178942
864	0.260869463654264
871	0.03215034910571973
873	0.2679188475276957
877	0.06843527191217093
878	0.2940899905603427
882	0.04232170338991825
883	0.3038870632593711
884	0.03821479212531659
885	0.5806623414655672
887	0.2269341605309959
888	0.2392566197982094
890	0.2822703303094491
893	0.010666543484684196
894	0.0724196897322824
897	0.010857743468770248
900	0.14346110344919535
904	0.04372413848966748
907	0.04934782353197313
909	0.0010379028880541236
910	0.02500924563651885
911	0.30392101887205014
913	0.2704469867885445
914	0.2819381489198768
918	0.2020436501244861
920	0.22356155622346277
921	0.2266854665391716
922	0.005347658631366936
925	0.2485888359332695
927	0.24284471646707156
930	0.22100316963698868
932	0.019238091740188562
933	0.0019880494749837663
934	0.05800143845797372
935	0.4652681748328439
936	0.22874227802054936
937	0.2751388195604295
940	0.04283390881822634
941	0.26371625883788197
942	0.06874482005505807
0	0.0
0	0.0
0	0.0
0	0.0
0	0.0
0	0.0
0	0.0
0	0.0
0	0.0
0	0.0
0	0.0
0	0.0
0	0.0
0	0.0
0	0.0
0	0.0
0	0.0
0	0.0
0	0.0
0	0.0
0	0.0
0	0.0
0	0.0
0	0.0
0	0.0
0	0.0
0	0.0
0	0.0
0	0.0
0	0.0
0	0.0
0	0.0
0	0.0
0	0.0
0	0.0
0	0.0
0	0.0
0	0.0
0	0.0
0	0.0
0	0.0
0	0.0
0	0.0
0	0.0
0	0.0
0	0.0
0	0.0
0	0.0
0	0.0
0	0.0
0	0.0
0	0.0
0	0.0
0	0.0
0	0.0
0	0.0
0	0.0
0	0.0
0	0.0
0	0.0
0	0.0
0	0.0
0	0.0
0	0.0
0	0.0
0	0.0
0	0.0
0	0.0
0	0.0
0	0.0
0	0.0
0	0.0
0	0.0
0	0.0
0	0.0
0	0.0
0	0.0
0	0.0
0	0.0
0	0.0
0	0.0
0	0.0
0	0.0
0	0.0
0	0.0
0	0.0
0	0.0
0	0.0
0	0.0
0	0.0
0	0.0
0	0.0
0	0.0
0	0.0
0	0.0
0	0.0
0	0.0
0	0.0
0	0.0
0	0.0
0	0.0
0	0.0
0	0.0
0	0.0
0	0.0
0	0.0
0	0.0
0	0.0
0	0.0
0	0.0
0	0.0
0	0.0
0	0.0
0	0.0
0	0.0
0	0.0
0	0.0
0	0.0
0	0.0
0	0.0
0	0.0
0	0.0
0	0.0
0	0.0
0	0.0
0	0.0
0	0.0
0	0.0
0	0.0
0	0.0
0	0.0
0	0.0
0	0.0
0	0.0
0	0.0
0	0.0
0	0.0
0	0.0
0	0.0
0	0.0
0	0.0
0	0.0
0	0.0
0	0.0
0	0.0
0	0.0
0	0.0
0	0.0
0	0.0
0	0.0
0	0.0
0	0.0
0	0.0
0	0.0
0	0.0
0	0.0
0	0.0
0	0.0
0	0.0
0	0.0
0	0.0
0	0.0
0	0.0
0	0.0
0	0.0
0	0.0
0	0.0
0	0.0
0	0.0
0	0.0
0	0.0
0	0.0
0	0.0
0	0.0
0	0.0
0	0.0
0	0.0
0	0.0
0	0.0
0	0.0
0	0.0
0	0.0
0	0.0
0	0.0
0	0.0
0	0.0
0	0.0
0	0.0
0	0.0
0	0.0
0	0.0
0	0.0
0	0.0
0	0.0
0	0.0
0	0.0
0	0.0
0	0.0
0	0.0
0	0.0
0	0.0
0	0.0
0	0.0
0	0.0
0	0.0
0	0.0
0	0.0
0	0.0
0	0.0
0	0.0
0	0.0
0	0.0
0	0.0
0	0.0
0	0.0
0	0.0
0	0.0
0	0.0
0	0.0
0	0.0
0	0.0
0	0.0
0	0.0
0	0.0
0	0.0
0	0.0
0	0.0
0	0.0
0	0.0
0	0.0
0	0.0
0	0.0
0	0.0
0	0.0
0	0.0
0	0.0
0	0.0
0	0.0
0	0.0
0	0.0
0	0.0
0	0.0
0	0.0
0	0.0
0	0.0
0	0.0
0	0.0
0	0.0
0	0.0
0	0.0
0	0.0
0	0.0
0	0.0
0	0.0
0	0.0
0	0.0
0	0.0
0	0.0
0	0.0
0	0.0
0	0.0
0	0.0
0	0.0
0	0.0
0	0.0
0	0.0
0	0.0
0	0.0
0	0.0
0	0.0
0	0.0
0	0.0
0	0.0
0	0.0
0	0.0
0	0.0
0	0.0
0	0.0
0	0.0
0	0.0
0	0.0
0	0.0
0	0.0
0	0.0
0	0.0
0	0.0
0	0.0
0	0.0
0	0.0
0	0.0
0	0.0
0	0.0
0	0.0
0	0.0
0	0.0
0	0.0
0	0.0
0	0.0
0	0.0
0	0.0
0	0.0
0	0.0
0	0.0
0	0.0
0	0.0
0	0.0
0	0.0
0	0.0
0	0.0
0	0.0
0	0.0
0	0.0
0	0.0
0	0.0
0	0.0
0	0.0
0	0.0
0	0.0
0	0.0
0	0.0
0	0.0
0	0.0
0	0.0
0	0.0
0	0.0
0	0.0
0	0.0
0	0.0
0	0.0
0	0.0
0	0.0
0	0.0
0	0.0
0	0.0
0	0.0
0	0.0
0	0.0
0	0.0
0	0.0
0	0.0
0	0.0
0	0.0
0	0.0
0	0.0
0	0.0
0	0.0
0	0.0
0	0.0
0	0.0
0	0.0
0	0.0
0	0.0
0	0.0
0	0.0
0	0.0
0	0.0
0	0.0
0	0.0
0	0.0
0	0.0
0	0.0
0	0.0
0	0.0
0	0.0
0	0.0
0	0.0
0	0.0
0	0.0
0	0.0
0	0.0
0	0.0
0	0.0
0	0.0
0	0.0
0	0.0
0	0.0
0	0.0
0	0.0
0	0.0
0	0.0
0	0.0
0	0.0
0	0.0
0	0.0
0	0.0
0	0.0
0	0.0
0	0.0
0	0.0
0	0.0
0	0.0
0	0.0
0	0.0
0	0.0
0	0.0
0	0.0
0	0.0
0	0.0
0	0.0
0	0.0
0	0.0
0	0.0
0	0.0
0	0.0
0	0.0
0	0.0
0	0.0
0	0.0
0	0.0
0	0.0
0	0.0
0	0.0
0	0.0
0	0.0
0	0.0
0	0.0
0	0.0
0	0.0
0	0.0
0	0.0
0	0.0
0	0.0
0	0.0
0	0.0
0	0.0
0	0.0
0	0.0
0	0.0
