3	0.18143620589543158
4	0.005652283762844157
5	0.5403209825284346
7	0.05116327435551202
8	0.2732587441017995
10	0.03494562810267257
12	0.24873438816955407
13	0.09794272698439502
14	0.026737406411758827
16	0.012176150280253192
17	0.011511429402135988
18	0.03303994604834526
19	0.001212302263603103
20	0.004052283068443428
21	0.4270814370599464
22	0.012761167559081889
23	0.013770574849671521
24	0.5006301492699365
25	0.012075645708648317
27	0.05562212315115872
29	0.29659208716556995
31	0.20695263522658425
33	0.01615237912098825
38	0.3112694298721136
40	0.007215197592043955
41	0.26024399197319775
42	0.2761140759841699
45	0.025155676392524404
46	0.21852808750177222
47	0.0064801458952637656
50	0.015660681032243697
51	0.2788182722323631
52	0.025341842318745117
53	0.02186286985200482
54	0.035759013086096296
55	0.019397398120076202
56	0.037590618342481216
58	0.2815111439812885
59	0.2837094023216338
62	0.012010422738627617
66	0.01996161164296926
67	0.035173437299843256
68	0.2797055389828827
71	0.0010655272036591348
72	0.021980880027437096
73	0.05122172344602039
75	0.2978902608358649
76	0.29985269127936404
77	0.06232602614790142
79	0.021504200629755797
80	0.2830319487381912
82	0.3057559429421221
84	0.024856947102864034
87	0.029350095771994725
88	0.2856762044339974
89	0.2612619589183454
92	0.28156446459234896
94	0.0371072270147155
98	0.2691388965635051
99	0.27797605782681367
100	0.004771662352798203
101	0.038011035702451935
102	0.2901141809779536
103	0.2874792695180114
105	6.431033066815056e-05
107	0.07803654866784522
108	0.23048052880337278
109	0.2575463937315369
113	0.22620162009885988
114	0.028130198440868573
116	0.35084751155900323
117	0.2737735285404259
120	0.48675000186453055
121	0.24685119994209775
122	0.0003814312657894267
123	0.5326028859013903
124	0.005464260808788229
125	0.2817925028268075
126	0.023767810623660166
127	0.016387412205671824
128	0.019824821733217826
129	0.2828335907011274
133	0.004367469443683457
134	0.07643314489590781
135	0.48953154849027936
136	0.23662717960906712
138	0.310526672466255
139	0.24266261100433503
140	0.005704482076720918
142	0.0447334470882618
144	0.0003616475993417981
145	0.33637934314882034
147	0.26466084714182
149	0.04553047102460172
151	0.0002502252832948665
154	0.24215097284068396
156	0.5218305955207513
157	0.035675021785395715
158	0.04841309812762648
162	0.03518694945999368
165	0.4884932152159561
167	0.3112471981958901
168	0.2604575886439372
171	0.22707860989163436
172	0.05450460785919511
174	0.04282595336384442
176	0.0025827900048137342
177	0.24268527768532605
178	0.5494849025790547
182	0.025195344976500444
183	0.37021104518870473
188	0.2685033711986047
191	0.22528304642550567
192	0.03352585327260028
193	0.3001261559015439
194	0.05966815355313043
197	0.33556818877296446
198	0.00548782922949248
204	0.2967165640698042
208	0.5419729256848153
209	0.21962909149300539
212	0.017725124191778976
214	0.03246407207898262
215	0.016992495559961518
216	0.02783591255882536
218	0.08680361076269036
221	0.05042843444171267
225	0.2847887552988958
226	0.25059150539042496
228	0.18701199710115357
230	0.0055431016411793335
231	0.0418571932202602
233	0.4793107959747031
234	0.0328452214129218
235	0.27439590271312614
236	0.30909598587410403
237	0.511848201147933
238	0.047872367226845215
240	0.21871021909359106
241	0.03953057498016406
242	0.020377167246896928
243	0.23335575353441956
244	0.3066025909552723
245	0.030594637837954512
246	0.035900927163697256
248	0.007502109598812354
249	0.2992262072581782
250	0.04213866038502052
251	0.20920665150620596
252	0.04050270954804021
253	0.05519658466516983
256	0.049927659242728906
257	0.0128226995898056
258	0.05778854065261776
259	0.0281018192661681
260	0.25104416761561427
262	0.23636473422634224
263	0.045657817987598465
265	0.011101794115649148
266	0.20752924782395749
267	0.3113485773640182
268	0.06866405347302856
270	0.01733560217366338
271	0.03216572576477718
272	0.014145217702259745
274	0.023663162995114298
275	0.23840439611529615
276	0.2577299635489152
277	0.027198396048955298
279	0.23343718391809018
283	0.28248906550842984
287	0.06011957050409005
288	0.03793427917591696
291	0.2557242214773905
292	0.26219618393884997
294	0.048753727203606476
296	0.5138977954885993
298	0.5253719108582302
299	0.07481510137513245
301	0.2930310631064661
302	0.037175325663979256
303	0.2656939149827636
305	0.7111051840318905
306	0.27184207846706754
307	0.24781586014549684
308	0.005095205417210778
310	0.04511673832079431
314	0.2689701063973142
316	0.023752954384277353
317	0.005704482076720904
320	0.30893208910702263
321	0.11532287433319358
322	0.2471669449824953
323	0.523115840702815
324	0.23156012958234928
325	0.03139845255941088
326	0.025102223377986045
327	0.07451571571569639
328	0.055083380201043766
329	0.24540103343530523
332	0.5033706035481822
333	0.027175611288384104
335	0.017022277719750033
336	0.021823922396739484
337	0.21043732289682113
339	0.007686928831098491
340	0.027455936057621665
342	0.040193910731267074
343	0.5217716983189042
345	0.004963620050714129
346	0.2683660680980197
347	0.5636402461994113
348	0.034478497104470145
349	0.22384300959454614
350	0.27501608837790537
353	0.21861449972389468
357	0.029369241777572185
359	0.2784027418439336
360	0.28928158303851614
361	0.031219631084789368
362	0.07351922425698755
363	0.24069186297652628
365	0.02141266318588974
366	0.25259891452549516
367	0.24114091422681508
368	0.25835790844075873
369	0.024410301476937256
373	0.03158764391072436
374	0.2680763948310405
376	0.26504480871394615
377	0.28020734747771875
378	0.29769734636685363
379	0.020999140011146
380	0.24864973753241992
382	0.28362114854800036
383	0.00493516797001637
385	0.070119765706914
386	0.2918925783755305
388	0.01567125894972391
389	0.02225203861049798
391	0.28948118049201
393	0.2939931914159611
394	0.009473360359711379
395	0.06573489039867537
396	0.00552331054674958
397	0.2558542530721477
398	0.5166075529495543
399	0.008501512244144506
402	0.3182276678848682
403	0.2658418768286057
406	0.2590420109282542
407	0.016018823333152944
409	0.05500322100202934
410	0.27413722093568144
411	0.2661298579004054
413	0.01685520676851692
414	0.24342112343558617
415	0.24313897064066572
416	0.2260723054689902
417	0.2849184884579464
419	0.2641190617999865
420	0.02345940066739105
421	0.034637878717644
423	0.22945808705139747
424	0.02900533730507772
425	0.006580295085165
427	0.2613941424512661
429	0.29042951929303656
431	0.005977338596747185
432	0.22608717884579996
433	0.226848324932185
435	0.2958032677660001
438	0.015794955122994794
439	0.018164808723510235
440	0.2717433373425334
441	0.04263413155294683
442	0.250995155787883
443	0.015633036190688544
444	0.04934154441309993
445	0.022198916649507267
447	0.24632982084469968
449	0.029863142680319553
450	0.26881533803995744
453	0.0248153213734739
455	0.2837966350979423
457	0.28942786081711425
458	0.027723972304697322
459	0.25195560868595057
460	0.017076285882435413
461	0.023540604541595365
464	0.006981496482912818
465	0.023389728819704206
466	0.026465368400911286
468	0.03716399671032673
469	0.24692297020061807
470	0.03293481794306504
471	0.011426214268810658
472	0.03482448790183324
474	0.25412063840387555
475	0.26527161800431465
476	0.01517402031134956
479	0.0007424825541932287
480	0.24824685465070112
481	0.3021904337081963
482	0.24346987812465123
483	0.24214994001976975
485	0.018802526814862268
486	0.2263032299587141
487	0.5354653002522177
488	0.29472691979335974
491	0.03907179511126299
492	0.2636062832620345
493	0.31106404225285667
494	0.21538042473042898
495	0.5310547131760993
496	0.05105710803349083
497	0.2929199888096799
498	0.05627004219588469
500	0.28792892018425015
501	0.04384374942220118
503	0.0421039476946037
504	0.03444534876327071
505	0.28201449091024217
506	0.31177044641064544
511	0.03895504743960507
512	0.5316207484486037
513	0.29445037776011806
514	0.024790467118994734
516	0.02977760275972518
517	0.04182299277182729
519	0.020175185774009792
520	0.049510595606110645
521	0.003477094139920839
522	0.29066382206366304
523	0.02870512729562394
524	0.28486242291509234
525	0.273443204280385
526	0.21032993929908372
527	0.26747927667618343
528	0.2976272902866887
531	0.020931349160322132
532	0.2884443077575438
533	0.015239776417633244
534	0.27773291845696796
536	0.26035760604448854
537	0.0023799284703746384
538	0.3254359367852051
539	0.26221978573678206
540	0.2507437593293305
541	0.04149650427493294
546	0.26033846507540215
549	0.3097630198837583
551	0.540048554120709
552	0.036199975941224156
553	0.2664395413958923
554	0.03434143600068026
555	0.26076217390617296
556	0.2670239873586636
558	0.03857739912482612
559	0.004596591962528568
560	0.06040242992672601
561	0.2591609211423696
567	0.04891461956793268
568	0.007593602597491804
569	0.26736354258966816
570	0.028005141587212845
571	0.0302341322607345
573	0.2855223010026916
576	0.5300865842730041
577	0.2871639883309728
578	0.24016022239431375
579	0.32873453672676944
581	0.35017234311667206
582	0.5050606697775318
583	0.22071178683203313
584	0.031890823722844505
585	0.07614805828194951
586	0.2694992803951409
588	0.013514025992768762
589	0.06131408963884963
590	0.009330546957022692
591	0.05771955965348152
592	0.2759131396916371
593	0.006648472004048632
594	0.2586779014482288
595	0.243430599201697
596	0.006901149438651236
598	0.28507845929571923
599	0.026124395567151244
600	0.039283282725375526
602	0.5244262930450225
603	0.03289998154260002
605	0.2371581214916091
606	0.28065237951795985
607	0.26689589331516556
610	0.012091052188409397
611	0.021223216506403325
612	0.06258706586058535
613	0.25349535072024154
614	0.47103448364305245
616	0.01686437006407388
617	0.016406549070901777
618	0.26755528842510906
619	0.013434860000189647
620	0.01304754652163223
621	0.08810996488446977
622	0.024922617907204063
623	0.32490329238114235
625	0.30807759660918965
627	0.2920060965186807
629	0.0025139431443114493
630	0.2382062600454437
632	0.020523709103276777
634	0.022374037107156103
635	0.0556045061871881
636	0.018567285761035106
637	0.10263028214981741
640	0.043972376418550535
643	0.30874596710370195
644	0.2481627336972955
647	0.5438983195758669
649	0.4489932883207334
652	0.04891426381025
653	0.51394146620526
654	0.23546578089080036
657	0.29798257216792023
658	0.04929123286465481
659	0.0677175695304146
660	0.26962622788555807
661	0.5098843930909999
662	0.0653936264473348
663	0.03881282957786575
664	0.25510905853309845
666	0.24870017657484977
667	0.02559294792477472
669	0.05550772491307715
670	0.023491180394374485
672	0.4665521253045501
673	0.027202532547626945
674	0.2827665809027145
675	0.23780004808768124
676	0.2620646912356352
677	0.037857722550956485
678	0.28102866453762304
679	0.026835974910201794
680	0.4913558073586252
681	0.008207663275493333
682	0.5325547739960655
683	0.24091711321563997
684	0.2632586792243976
686	0.01022427417488183
688	0.0014445032567365276
689	0.011822213057512812
691	0.28475923235990014
692	0.017465809897673046
693	0.09197467564612262
694	0.2791434003585257
695	0.28758948771228526
696	0.014211314569032601
698	0.010661155292708294
700	0.02330441188484915
701	0.24339303682049496
702	0.05282163133759408
703	0.2739628249411689
704	0.051463757785378185
705	0.28903012077069584
706	0.020719082515769822
708	0.012804744362469166
709	0.5600654518351011
710	0.05351849968747879
712	0.2550597499604852
714	0.0077996082518343515
715	0.05900889226019942
716	0.003934927348034606
719	0.03214254951328133
720	0.03690523817206295
721	0.2561881202745553
723	0.025294452818976035
725	0.052504735903639174
727	0.20803195996405704
728	0.29201308141882887
730	0.2333371217436709
732	0.291581269767343
733	0.005779189836529898
734	0.026168957522128042
735	0.028706482781030822
736	0.45814966859636713
737	0.2613904396046208
738	0.25849185908208483
739	0.21979225986941972
741	0.041947916098990595
742	0.042523522565704366
743	0.020570172548454245
745	0.01425235064766904
746	0.03905712076244698
747	0.29765320294552944
748	0.015151729885341018
749	0.29968594175427177
750	0.013655094688985812
751	0.27597348704822566
753	0.4793475817889281
754	0.01190157624140114
755	0.07651081611308146
756	0.2582543353522142
757	0.02097730003143533
758	0.2550310108583237
759	0.25570655304361223
761	0.06167861024050937
762	0.011886503114146102
763	0.03329910773419727
764	0.0304569763603858
767	0.07944424082173014
768	0.10281297394150218
769	0.2742956235880269
773	0.03474827936597293
774	0.07090481903445832
775	0.0006506430505808097
776	0.5493753079433656
777	0.2822379764653843
779	0.24948687618313134
780	0.5101504371142276
781	0.22807168210911263
785	0.29152262970635645
787	0.014592797695126128
792	0.29373741014026095
793	0.4173736563877543
794	0.007206960566709775
795	0.01615751469961895
797	0.4131497688371001
798	0.24789770258296648
799	0.01988234991663903
800	0.028706482781030877
802	0.048205072450497
803	0.23994903433190307
804	0.056862084638772875
805	0.07990714886401581
806	0.01855836091948626
807	0.02036305898077062
810	0.02192953989840314
811	0.04113973321387777
813	0.009258859529623492
815	0.07244880978118416
817	0.27719150345089366
819	0.011173911443384345
820	0.028130803042808676
822	0.23666830244021358
823	0.06441576544350751
825	0.003549518430029021
828	0.004813298603627364
829	0.5014310435558316
830	0.02826934812423028
831	0.03164932592598252
832	0.2349228166077144
833	0.27477189379116385
834	0.025510368517615893
835	0.2886404253606272
836	0.24761470153640253
839	0.26850155122517017
841	0.005254279329930965
844	0.4723676740945989
845	0.04452019988746051
849	0.26277398374719435
850	0.26287260026741033
851	0.028275678252176646
852	0.2933031692629371
854	0.05893751155251392
858	0.25057489314370596
860	0.004099652897413805
862	0.03377538764646812
863	0.034731328080049716
864	0.27409400395677774
868	0.26842344905179594
869	0.2655931247253861
870	0.23901336896437686
871	0.2269034255049841
874	0.0183603178598592
876	0.026847343729424503
877	0.3012222779442719
878	0.29320867391334576
879	0.2627030589996635
880	0.003089069030487647
882	0.04344186271489936
883	0.2965399727342366
884	0.5268141720989645
885	0.35739539698984524
886	0.027253909233579753
887	0.0076309402641129495
889	0.23996510647756347
891	0.2249224712497926
892	0.0037843248677571703
893	0.5179044918475344
894	0.06151099751410649
895	0.26410957203257374
896	0.01487614835827733
897	0.019098960068845518
900	0.3730723740927029
901	0.10639993337955997
902	0.019423682114039123
904	0.01668168107884191
906	0.004947693676495626
907	0.05302064524330488
910	0.2570574900652585
911	0.2689373302155289
913	0.05351874627811465
915	0.025262740626046172
917	0.2062409487823989
922	0.22748326623376983
923	0.018552523519716722
926	0.23873768294426506
927	0.02222126797066893
928	0.25578961672038253
929	0.03926292394822113
932	0.015433301414042463
933	0.24730883417879337
934	0.26974588934823146
936	0.03796943653833552
937	0.06449624723988569
938	0.23266720539767877
939	0.25412490092607365
940	0.05696290122920129
941	0.039090722231860005
942	0.5306551732955425
0	0.0
0	0.0
0	0.0
0	0.0
0	0.0
0	0.0
0	0.0
0	0.0
0	0.0
0	0.0
0	0.0
0	0.0
0	0.0
0	0.0
0	0.0
0	0.0
0	0.0
0	0.0
0	0.0
0	0.0
0	0.0
0	0.0
0	0.0
0	0.0
0	0.0
0	0.0
0	0.0
0	0.0
0	0.0
0	0.0
0	0.0
0	0.0
0	0.0
0	0.0
0	0.0
0	0.0
0	0.0
0	0.0
0	0.0
0	0.0
0	0.0
0	0.0
0	0.0
0	0.0
0	0.0
0	0.0
0	0.0
0	0.0
0	0.0
0	0.0
0	0.0
0	0.0
0	0.0
0	0.0
0	0.0
0	0.0
0	0.0
0	0.0
0	0.0
0	0.0
0	0.0
0	0.0
0	0.0
0	0.0
0	0.0
0	0.0
0	0.0
0	0.0
0	0.0
0	0.0
0	0.0
0	0.0
0	0.0
0	0.0
0	0.0
0	0.0
0	0.0
0	0.0
0	0.0
0	0.0
0	0.0
0	0.0
0	0.0
0	0.0
0	0.0
0	0.0
0	0.0
0	0.0
0	0.0
0	0.0
0	0.0
0	0.0
0	0.0
0	0.0
0	0.0
0	0.0
0	0.0
0	0.0
0	0.0
0	0.0
0	0.0
0	0.0
0	0.0
0	0.0
0	0.0
0	0.0
0	0.0
0	0.0
0	0.0
0	0.0
0	0.0
0	0.0
0	0.0
0	0.0
0	0.0
0	0.0
0	0.0
0	0.0
0	0.0
0	0.0
0	0.0
0	0.0
0	0.0
0	0.0
0	0.0
0	0.0
0	0.0
0	0.0
0	0.0
0	0.0
0	0.0
0	0.0
0	0.0
0	0.0
0	0.0
0	0.0
0	0.0
0	0.0
0	0.0
0	0.0
0	0.0
0	0.0
0	0.0
0	0.0
0	0.0
0	0.0
0	0.0
0	0.0
0	0.0
0	0.0
0	0.0
0	0.0
0	0.0
0	0.0
0	0.0
0	0.0
0	0.0
0	0.0
0	0.0
0	0.0
0	0.0
0	0.0
0	0.0
0	0.0
0	0.0
0	0.0
0	0.0
0	0.0
0	0.0
0	0.0
0	0.0
0	0.0
0	0.0
0	0.0
0	0.0
0	0.0
0	0.0
0	0.0
0	0.0
0	0.0
0	0.0
0	0.0
0	0.0
0	0.0
0	0.0
0	0.0
0	0.0
0	0.0
0	0.0
0	0.0
0	0.0
0	0.0
0	0.0
0	0.0
0	0.0
0	0.0
0	0.0
0	0.0
0	0.0
0	0.0
0	0.0
0	0.0
0	0.0
0	0.0
0	0.0
0	0.0
0	0.0
0	0.0
0	0.0
0	0.0
0	0.0
0	0.0
0	0.0
0	0.0
0	0.0
0	0.0
0	0.0
0	0.0
0	0.0
0	0.0
0	0.0
0	0.0
0	0.0
0	0.0
0	0.0
0	0.0
0	0.0
0	0.0
0	0.0
0	0.0
0	0.0
0	0.0
0	0.0
0	0.0
0	0.0
0	0.0
0	0.0
0	0.0
0	0.0
0	0.0
0	0.0
0	0.0
0	0.0
0	0.0
0	0.0
0	0.0
0	0.0
0	0.0
0	0.0
0	0.0
0	0.0
0	0.0
0	0.0
0	0.0
0	0.0
0	0.0
0	0.0
0	0.0
0	0.0
0	0.0
0	0.0
0	0.0
0	0.0
0	0.0
0	0.0
0	0.0
0	0.0
0	0.0
0	0.0
0	0.0
0	0.0
0	0.0
0	0.0
0	0.0
0	0.0
0	0.0
0	0.0
0	0.0
0	0.0
0	0.0
0	0.0
0	0.0
0	0.0
0	0.0
0	0.0
0	0.0
0	0.0
0	0.0
0	0.0
0	0.0
0	0.0
0	0.0
0	0.0
0	0.0
0	0.0
0	0.0
0	0.0
0	0.0
0	0.0
0	0.0
0	0.0
0	0.0
0	0.0
0	0.0
0	0.0
0	0.0
0	0.0
0	0.0
0	0.0
0	0.0
0	0.0
0	0.0
0	0.0
0	0.0
0	0.0
0	0.0
0	0.0
0	0.0
0	0.0
0	0.0
