1	0.322074102392851
2	0.09374200493068506
3	0.17430977565124522
4	0.23449094198376996
5	0.06215655911594104
6	0.07773158515754089
10	0.30218490616252414
13	0.5205827118749953
14	0.31828930152740387
18	0.5283570671296345
21	0.11379544997673467
22	0.28218733992332584
23	0.7841092661541534
24	0.07974504210400604
25	0.3011298192461448
26	0.3066833342828626
29	0.45162183400871625
30	0.0783165492449697
31	0.022145173615928514
33	0.31018731792545334
34	0.455275473896315
35	0.08082542058164874
37	0.31029999734537467
38	0.030219671228389644
39	0.09634615183540704
40	0.5300412926642885
43	0.01425235064766904
44	0.12159257409918649
47	0.24702349082928743
48	0.0555366648086334
53	0.25537316117744147
57	0.00537441304963248
58	0.48196359985557236
59	0.2730352008693343
60	0.5455969637188752
61	0.1540663367217251
62	0.08304125836219559
63	0.20265780558757274
65	0.2811461655609789
66	0.23333350274381148
67	0.22189225519563466
70	0.24553852795262956
72	0.5226489115430941
73	0.2880692389153457
74	0.7820531206365466
75	0.009356373968569323
80	0.2470668689886138
82	0.595392273126402
83	0.10698688288345944
88	0.0069240744856943065
90	0.31288930012799265
91	0.08383614265136266
92	0.24206542039348106
94	0.4399808463486391
98	0.2280193706151173
100	0.34700345866200394
103	0.06446536670796749
104	0.07247860624827687
105	0.8076249653029023
106	0.3249611494613061
107	0.2871719779382983
109	0.03410387922410688
110	0.07949327583919855
111	0.09613688127759515
112	0.5093008676663684
113	0.08074139233329314
114	0.053807559123822374
115	0.47607431239568815
116	0.15122273251163162
122	0.0184010802125779
124	0.008794084721922953
129	0.33806057754927843
131	0.04398373989462391
132	0.7898082074999715
135	0.20444679736653842
136	0.5491561922993177
137	0.056005077663594936
138	0.29987446621087605
139	0.2316906407372175
140	0.530320749956694
141	0.33356712715856635
143	0.3050862342676296
145	0.26081987978456667
146	0.18727226314359424
148	0.06836887275558566
149	0.2734432278192108
153	0.6639013708300383
156	0.21059951304944907
159	0.3123938486736564
160	0.03397653610674141
161	0.2144608201283322
162	0.2057655052375718
164	0.49572099943614406
166	0.01830487768568536
167	0.46621907756001496
168	0.07391967355572157
169	0.01468474687868633
170	0.30703555188675113
171	0.24122384681212716
172	0.7578731473404466
173	0.7759083709597908
174	0.5026075919817804
176	0.24474841890288582
177	0.30489241896281927
179	0.31170802863273034
183	0.43715606459944595
184	0.2972918693361233
186	0.5212081601816283
188	0.5161664906981691
191	0.02441466169124973
192	0.2582192873193474
194	0.19735150111853492
195	0.26430097890591625
200	0.0259051553171699
205	0.25052736824647337
206	0.43254352683130015
207	0.27613145493171254
208	0.22953271637512573
210	0.7876595645218208
213	0.22724721388521749
214	0.24790934542658327
216	0.5001886834642194
217	0.5439194913958114
218	0.518655083593261
219	0.04277021155366123
220	0.14612383841384458
221	0.23038974725529504
222	0.24161621932850968
225	0.19720743999540527
226	0.06516369344230678
227	0.48973311960273325
232	0.3635742318267016
234	0.2926305939280403
237	0.20478940724556535
239	0.5331803853873873
240	0.5553163612329813
242	0.016403519772823942
243	0.07393447541797485
244	0.1954579223998553
248	0.3018221019104928
249	0.4716893531239285
252	0.021938242724367493
254	0.020163765393610443
255	0.27354302480287934
256	0.05748700961346255
257	0.046111854683269664
259	0.6884902116386356
260	0.23852696792268802
263	0.18697922272980289
264	0.07428213860015347
265	0.03233783202816266
266	0.22739316121232814
267	0.5042075066465805
268	0.49812062171290045
269	0.23253421615350478
271	0.28778416409413565
272	0.600313240463171
274	0.023451543341813798
276	0.25768527812514247
277	0.2800948183186781
280	0.004099362625750488
283	0.015216714861393768
284	0.5189852783127868
285	0.6259858829082423
286	0.24546364924694755
287	0.28474806104174055
288	0.24854396953435712
289	0.09542605553127595
291	0.2685782580998476
292	0.2909116516652061
295	0.01637685747877462
296	0.07063025414883245
297	0.5871849541165488
298	0.2890725554144892
299	0.4980010915002441
300	0.017139756110683607
301	0.18912169106282883
303	0.765620675176787
308	0.3336266711925361
309	0.29346844156172536
312	0.3381161281736891
313	0.36138438471774276
315	0.23036258136832355
316	0.32555029533466834
317	0.03859581858626171
318	0.22008275131710087
319	0.49896239336681103
320	0.5066168195930217
321	0.2402831596550138
322	0.3280691098117963
325	0.02211496953288273
329	0.3098154403098148
331	0.3682676227813048
332	0.27871677371614684
333	0.2449339795379558
334	0.28660464542043806
335	0.3375751653656402
338	0.567938596654933
339	0.5124164758827034
341	0.29540053712408787
342	0.014521575918210863
343	0.1951153899116042
344	0.2364006430355279
345	0.2893175895346751
346	0.29738731758680786
347	0.493321528286633
349	0.0009198651222124057
350	0.29952617700543593
351	0.5259952500588784
352	0.2597919754543025
353	0.24905844110256312
354	0.7815784619075201
357	0.2349531683863031
360	0.4963528211447238
361	0.26725591037292284
362	0.5505188777038653
364	0.8059530326682409
367	0.05482522127939621
370	0.31178439834826704
372	0.28606389976937513
374	0.16686656465955435
376	0.2186492627504576
378	0.2243272295854543
379	0.5928684675942142
380	0.3419950945958748
382	0.49092288197297884
384	0.2949394236133429
385	0.56625015398703
386	0.5030475939357772
387	0.12315257669372401
388	0.07038705009090906
389	0.35368562047962576
390	0.08918419602577976
391	0.01673278079877033
392	0.2292753895890553
393	0.23809610444634086
394	0.03363491435572865
395	0.24969712818711592
397	0.520265311160947
399	0.33302798035723175
401	0.47228827635721815
403	0.08000437620161399
404	0.3486812233948329
406	0.05248827379789295
407	0.330541616073747
408	0.25637133319962824
409	0.507005148231179
411	0.0850665620230587
414	0.5631903529365381
415	0.24394082734405365
416	0.2196626125950558
417	0.4450679435810254
419	0.2394483853581817
420	0.5399999842534747
421	0.27039027387827547
423	0.23690308144719568
424	0.5103074046172302
425	0.3896046151786168
426	0.542428987542606
428	0.3650104986062975
429	0.7270545069153593
430	0.7736446208944593
431	0.27779536600930743
433	0.4525677206709391
435	0.28570669287353745
436	0.5202967447473046
439	0.0023547352310387126
440	0.26068156975418677
442	0.45755635072215983
443	0.24305714408606402
444	0.5043432347318657
445	0.018895074906194475
446	0.29873880365952565
447	0.24019058120076756
450	0.2588195382299687
451	0.35441355928753354
452	0.01958432264401478
456	0.27858367359074865
457	0.2023720840894977
458	0.3333669410067791
460	0.5297187110717885
461	0.24987614263920896
462	0.25516296301477903
463	0.574426265383727
464	0.24549947967792293
465	0.27354506294935593
466	0.46876750467233663
467	0.07409608363884213
469	0.5859064456852593
473	0.027380225356282914
474	0.5272207848150657
475	0.2967695619297313
476	0.09054199553038492
479	0.24575407903782234
480	0.28152182339909665
481	0.07535583389768306
482	0.0026424453116349264
484	0.27311294047881096
485	0.43474191480635527
486	0.28002587887873787
487	0.1974091389975178
488	0.21665987537807468
490	0.343683242040418
491	0.5725868372366157
492	0.08391333681384815
496	0.23698338704036648
497	0.2213108664297433
498	0.30920593684203757
499	0.5608412443591956
500	0.565791469047049
501	0.27817572412986286
502	0.0715961320827585
504	0.4829314089182624
505	0.28520017300901884
506	0.03996026731809395
507	0.048025938487643936
508	0.022501309790723636
510	0.457389675482263
513	0.0031956951709371795
516	0.30650986048785306
518	0.0063499726895522995
522	0.49042634712345873
524	0.2875165527195218
526	0.013627463122581222
528	0.002772688177181945
530	0.27406069429542124
531	0.5249096321878681
532	0.23685162006180965
534	0.04606034268759823
537	0.2540883517972319
538	0.291727721112083
541	0.0058921051765318255
542	0.5139951993019558
543	0.5469681269743422
544	0.29663124386651174
545	0.07887733542494835
547	0.5406254547037294
548	0.5651674402170479
549	0.22196719089870137
550	0.011806225982253206
551	0.4801895795165541
553	0.7970226346732763
558	0.265827353798095
559	0.30334067003531545
560	0.5603538762340592
561	0.7625740588984332
562	0.0460554408743665
565	0.27618955758478536
566	0.7903358584115372
567	0.5329376121876815
568	0.27123239184659803
569	0.04550348134550466
570	0.5836182328817111
571	0.28180681746199515
572	0.1289425260672714
573	0.7498164844052195
574	0.036328878084308826
575	0.13986792234257533
578	0.017128373090589365
579	0.3011142838886299
581	0.46141312203734414
582	0.041962760040565296
583	0.0816741899091579
585	0.04317697611856919
586	0.3303619561006611
587	0.4804647886840606
590	0.26524917916142915
591	0.7464875438498223
594	0.24491512634561033
595	0.1517682349962974
596	0.07501899155585331
598	0.021085289767712158
600	0.45480071725278776
601	0.021975670926380253
603	0.23829386422354568
606	0.05042879670234002
607	0.32956217932794124
608	0.5327881553180418
609	0.054963341787975184
610	0.027368442169833244
611	0.5136023823732885
613	0.3251378020496378
615	0.5097768519693882
616	0.008632023793368873
617	0.5371195682754943
619	0.05249602196470939
621	0.5038499974514099
622	0.2637820995086696
623	0.06599861446073968
624	0.5183722503142975
625	0.025670401544009444
626	0.5634947757911388
627	0.517060455253263
628	0.5784082004448613
630	0.05379398770777442
631	0.2283345145324318
633	0.05973675642476535
634	0.32279196225065804
635	0.5233687334295434
638	0.0283934385207694
639	0.5978737278388379
640	0.016546676357277017
641	0.07992875927542842
643	0.018210549720371574
645	0.5286108103380132
647	0.0076515901815401716
648	0.36267800514446463
649	0.07796596181353102
650	0.10856384698869911
651	0.3488942263968928
652	0.2778102901622307
653	0.050539382125453954
654	0.13175549059153852
656	0.1714197395980567
658	0.4870287651963717
659	0.26188046191426345
660	0.24001075808088046
661	0.08225333081574818
662	0.2768627589785257
663	0.24219268274266398
664	0.35324356627113207
666	0.541546754279667
667	0.5030678085780247
669	0.2780313553838012
670	0.5915507800291685
672	0.01908623047340567
673	0.2577319396717948
674	0.2818496877281136
676	0.0695517764728384
677	0.3051639858072714
678	0.029299511599362574
682	0.24546376550974486
683	0.04137336851573289
686	0.5366929543823634
688	0.0036947972943841764
690	0.23891012808817785
691	0.2166473210781742
693	0.23433670571990223
695	0.054489800460842015
696	0.5363940779563848
697	0.31556123385499574
699	0.2700731756837348
704	0.5030720106770933
705	0.02527176186110283
707	0.753872253125857
709	0.18933162330071812
710	0.9882642167842363
711	0.33364379455724885
712	0.029080727222423178
713	0.5544752683522497
714	0.06637461174418241
716	0.23534427348607811
717	0.26867738158592436
718	0.32284125582796447
719	0.46737499216447365
720	0.7543042434684316
724	0.43254352683130015
725	0.30198818469101996
727	0.11575658571652953
728	0.5245136596698394
729	0.23670932738991285
731	0.013042656461570226
733	0.5186556865392411
737	0.2538701792145759
738	0.24649717264959586
739	0.07910145623060993
740	0.7729711802864921
741	0.5110556233504668
742	0.2842202545528816
743	0.5545094139949684
744	0.40325912767668226
747	0.04626408364038209
748	0.34246446576566114
749	0.050025341408581454
752	0.37509240104898917
754	0.2739154834614365
755	0.2185920604717962
756	0.08046401026703437
757	0.30156847791332214
758	0.2957071413213049
761	0.01860876250405004
762	0.11736843956613546
763	0.024621043437953183
766	0.30587414110093625
768	0.041437362897150956
772	0.3079891218533458
773	0.0052973970289239836
776	0.22484446879930953
778	0.33021349414755063
780	0.004536166172863523
781	0.07790850559257925
782	0.055806415095555104
783	0.088935482142323
784	0.24744864723643734
787	0.25193642487583057
788	0.2751700040648106
789	0.48641509048401504
790	0.2514255474716545
791	0.2343934662530054
795	0.262917351802682
796	0.3482081388348314
798	0.024394947909165444
800	0.31632391236321045
801	0.2861887883908199
802	0.24788558245241582
804	0.4718055296776258
805	0.459021853765602
806	0.056110089415670035
807	0.2296908224761674
808	0.5570879085101812
809	0.3560397931105799
810	0.2728414964583769
812	0.09226804093031557
813	0.236149605619501
814	0.5157004594476909
815	0.22355736873335902
816	0.22652391769858976
818	0.06772284909528804
819	0.6019207120380488
820	0.598339636584166
821	0.2772492143040577
822	0.37075458530756533
823	0.20878887699178272
824	0.5373430543793157
825	0.08748063361827943
826	0.03617419144363801
827	0.07368402001807586
828	0.5701574302801258
829	0.0673438386856422
830	0.5152638079925947
833	0.2423664743944235
835	0.46142851460371725
836	0.08493619662527177
837	0.03226319299562916
838	0.020584780300209098
840	0.07857059588069187
841	0.3464106711898073
842	0.31550142296501443
843	0.062417214173149015
846	0.5650155983867933
847	0.2745201338852377
848	0.12061399891897234
851	0.24287058303832765
853	0.5958548993514119
854	0.1931749878755618
855	0.5077374075700454
856	0.24674243768899795
858	0.2515085517788668
859	0.2510688113871341
860	0.2623127549745547
863	0.05337298807723738
864	0.24903498974048752
865	0.5726325353768275
867	0.3098512666718674
868	0.267657759861536
870	0.05627377081429653
871	0.2791561961469866
873	0.28480019207863155
874	0.5441608382058384
878	0.7241159172928678
879	0.02961741057338675
880	0.5460000982147004
881	0.5333203349865389
882	0.5113234859215335
883	0.5535562997176069
884	0.0013503767786510051
887	0.12046898553277355
888	0.0676457112714909
890	0.7179286589265419
892	0.773099048806506
898	0.22961784291080403
899	0.08290759618915759
900	0.4909918272454813
901	0.2955491787399781
903	0.003677918565844762
905	0.788106431122997
907	0.0015053364154100218
911	0.30555612277702626
913	0.9845922929179469
914	0.08856356112872979
915	0.020036748482944358
916	0.21588775222965942
917	0.022978914039137315
918	0.5325790961263658
919	0.2501453008617759
920	0.26398755921407374
923	0.27246554932696204
925	0.5311348376349884
926	0.07869910324396956
927	0.3315839880452552
929	0.17764665086700707
930	0.30307611934660694
931	0.5470695938214979
932	0.31921731712866025
933	0.5528229756601105
934	0.7494838598300153
935	0.2612283918322593
936	0.01401624619526693
937	0.05444641575646809
938	0.042587793334308024
940	0.5099999882669698
941	0.019671786702577132
942	0.21828566026914692
943	0.5273559956752616
0	0.0
0	0.0
0	0.0
0	0.0
0	0.0
0	0.0
0	0.0
0	0.0
0	0.0
0	0.0
0	0.0
0	0.0
0	0.0
0	0.0
0	0.0
0	0.0
0	0.0
0	0.0
0	0.0
0	0.0
0	0.0
0	0.0
0	0.0
0	0.0
0	0.0
0	0.0
0	0.0
0	0.0
0	0.0
0	0.0
0	0.0
0	0.0
0	0.0
0	0.0
0	0.0
0	0.0
0	0.0
0	0.0
0	0.0
0	0.0
0	0.0
0	0.0
0	0.0
0	0.0
0	0.0
0	0.0
0	0.0
0	0.0
0	0.0
0	0.0
0	0.0
0	0.0
0	0.0
0	0.0
0	0.0
0	0.0
0	0.0
0	0.0
0	0.0
0	0.0
0	0.0
0	0.0
0	0.0
0	0.0
0	0.0
0	0.0
0	0.0
0	0.0
0	0.0
0	0.0
0	0.0
0	0.0
0	0.0
0	0.0
0	0.0
0	0.0
0	0.0
0	0.0
0	0.0
0	0.0
0	0.0
0	0.0
0	0.0
0	0.0
0	0.0
0	0.0
0	0.0
0	0.0
0	0.0
0	0.0
0	0.0
0	0.0
0	0.0
0	0.0
0	0.0
0	0.0
0	0.0
0	0.0
0	0.0
0	0.0
0	0.0
0	0.0
0	0.0
0	0.0
0	0.0
0	0.0
0	0.0
0	0.0
0	0.0
0	0.0
0	0.0
0	0.0
0	0.0
0	0.0
0	0.0
0	0.0
0	0.0
0	0.0
0	0.0
0	0.0
0	0.0
0	0.0
0	0.0
0	0.0
0	0.0
0	0.0
0	0.0
0	0.0
0	0.0
0	0.0
0	0.0
0	0.0
0	0.0
0	0.0
0	0.0
0	0.0
0	0.0
0	0.0
0	0.0
0	0.0
0	0.0
0	0.0
0	0.0
0	0.0
0	0.0
0	0.0
0	0.0
0	0.0
0	0.0
0	0.0
0	0.0
0	0.0
0	0.0
0	0.0
0	0.0
0	0.0
0	0.0
0	0.0
0	0.0
0	0.0
0	0.0
0	0.0
0	0.0
0	0.0
0	0.0
0	0.0
0	0.0
0	0.0
0	0.0
0	0.0
0	0.0
0	0.0
0	0.0
0	0.0
0	0.0
0	0.0
0	0.0
0	0.0
0	0.0
0	0.0
0	0.0
0	0.0
0	0.0
0	0.0
0	0.0
0	0.0
0	0.0
0	0.0
0	0.0
0	0.0
0	0.0
0	0.0
0	0.0
0	0.0
0	0.0
0	0.0
0	0.0
0	0.0
0	0.0
0	0.0
0	0.0
0	0.0
0	0.0
0	0.0
0	0.0
0	0.0
0	0.0
0	0.0
0	0.0
0	0.0
0	0.0
0	0.0
0	0.0
0	0.0
0	0.0
0	0.0
0	0.0
0	0.0
0	0.0
0	0.0
0	0.0
0	0.0
0	0.0
0	0.0
0	0.0
0	0.0
0	0.0
0	0.0
0	0.0
0	0.0
0	0.0
0	0.0
0	0.0
0	0.0
0	0.0
0	0.0
0	0.0
0	0.0
0	0.0
0	0.0
0	0.0
0	0.0
0	0.0
0	0.0
0	0.0
0	0.0
0	0.0
0	0.0
0	0.0
0	0.0
0	0.0
0	0.0
0	0.0
0	0.0
0	0.0
0	0.0
0	0.0
0	0.0
0	0.0
0	0.0
0	0.0
0	0.0
0	0.0
0	0.0
0	0.0
0	0.0
0	0.0
0	0.0
0	0.0
0	0.0
0	0.0
0	0.0
0	0.0
0	0.0
0	0.0
0	0.0
0	0.0
0	0.0
0	0.0
0	0.0
0	0.0
0	0.0
0	0.0
0	0.0
0	0.0
0	0.0
0	0.0
0	0.0
0	0.0
0	0.0
0	0.0
0	0.0
0	0.0
0	0.0
0	0.0
0	0.0
0	0.0
0	0.0
0	0.0
0	0.0
0	0.0
0	0.0
0	0.0
0	0.0
0	0.0
0	0.0
0	0.0
0	0.0
0	0.0
0	0.0
0	0.0
0	0.0
0	0.0
0	0.0
0	0.0
0	0.0
0	0.0
0	0.0
0	0.0
0	0.0
0	0.0
0	0.0
0	0.0
0	0.0
0	0.0
0	0.0
0	0.0
0	0.0
0	0.0
0	0.0
0	0.0
0	0.0
0	0.0
0	0.0
0	0.0
0	0.0
0	0.0
0	0.0
