2	0.03356205040489822
3	0.19974157687391447
4	0.2744680991366647
6	0.2593847089842861
8	0.06385714997257115
9	0.2344762849352136
11	0.22520029354909774
12	0.27710660731356285
13	0.00767540130503519
15	0.09921116941263784
17	0.4929599730613137
18	0.056899250109537544
19	0.21120950753495674
20	0.044601579998143584
22	0.2740134429248745
23	0.2561796220386813
24	0.011329524088863133
25	0.24194996123667023
26	0.23743393125071854
27	0.5471435080759477
28	0.5166400327933216
29	0.5083821842332834
32	0.0793384538849472
33	0.2527401747732563
34	0.4881048643841605
35	0.06837588542725755
37	0.07796716854211945
39	0.05201076814632634
40	0.2573741918330312
46	0.5439321008137613
47	0.2782100303113395
48	0.26299279407978393
50	0.6627155587657736
53	0.3199603090630061
54	0.268630655191483
55	0.29672260779637194
56	0.23456260042559524
57	0.23258227739951792
58	0.216484903117751
59	0.012416623901801066
60	0.027300768951529147
61	0.21143530561943719
63	0.04148012084300683
64	0.2576967234193908
65	0.016355452496695323
66	0.5250571542468447
67	0.537832980651224
68	0.28497944586664054
69	0.03551943376877827
70	0.5004130339586454
71	0.5430895617354603
72	0.2906445015189864
73	0.2201763144159918
74	0.5403356920551473
75	0.06906333237950615
76	0.26149144347014663
77	0.46282567337552705
78	0.04156178389595806
79	0.04409741947352651
80	0.7096505318493997
82	0.04448381686282106
83	0.04585991037257897
84	0.2650098262789542
86	0.230175860310002
88	0.5156737133024172
91	0.015321542996714545
92	0.2933533393191523
93	0.012124036250727999
94	0.020249326928412893
95	0.05372188491236639
98	0.06638462153517005
100	0.29194196854896864
101	0.016101748016049622
102	0.03892264028188892
103	0.579494513675524
105	0.4396629921310351
106	0.019747605210269185
107	0.5110858275070201
108	0.24096855409348017
110	0.017006459739088303
111	0.030159181944020813
112	0.5687920181443856
113	0.2534064107191652
115	0.47743735925275277
117	0.3057050067749088
119	0.2654151863001203
120	0.005552714979229129
122	0.27609752347894573
124	0.30013561838234715
126	0.23139960265894555
127	0.2261842058958125
128	0.2879266715663243
129	0.2312663082413255
130	0.03806680330819055
131	0.290551591173516
132	0.5039587683607285
133	0.039792108120591904
135	0.5492750891033182
136	0.23935980138165705
137	0.02493612028824735
139	0.706654125569249
140	0.05402703786149626
141	0.27146830159111857
142	0.3097340953232334
143	0.25408968423135225
145	0.22045758145333097
146	0.24131990885759724
147	0.22318473250580706
148	0.27124726355647044
149	0.311022249572343
150	0.28104655435023734
152	0.04312963382336872
153	0.4521759649071655
154	0.4970288944417636
155	0.4892149480901081
156	0.26304363656740665
157	0.04068038490945727
158	0.21984507232774947
159	0.04929969379116908
160	0.2521114909858189
161	0.773426084270749
162	0.26429092750266464
163	0.4874943770820882
164	0.5195020755546478
166	0.4952645668714903
167	0.2749267971380061
168	0.010242749391243752
169	0.06413113655703269
170	0.009937195250075626
171	0.5227326983786021
172	0.21976104798449644
173	0.5308213863502064
174	0.3378251237103312
176	0.7617264687163402
177	0.2587467408148651
179	0.06146659137072505
180	0.04906077669440781
182	0.056262328671395606
183	0.6871676492580294
185	0.005416985509165251
186	0.23397505750500058
187	0.2845504732738129
190	0.32083859082221866
191	0.33449491492574335
192	0.5050407243626606
193	0.05205115956051381
194	0.29046904206132546
195	0.4847011622454222
196	0.22578805540211055
198	0.20080322609652498
199	0.31371013759561917
202	0.03956158540889925
203	0.5152898024308802
204	0.5222258137382922
205	0.2278736601829947
207	0.015290698645753054
208	0.5264816976572843
210	0.48688527480417043
212	0.2903815172509898
213	0.7605548153194771
214	0.04613825914278433
215	0.28030451651939525
216	0.28457262116290516
217	0.5448384541410902
218	0.022502451674264734
219	0.27133303406576276
220	0.42893760545682025
221	0.5393454472606459
222	0.010350876884248336
225	0.5200292250896303
227	0.5390595619129861
229	0.5561651412205882
233	0.2812654822763999
235	0.038366881355915594
237	0.25445447241777736
239	0.019268205250780483
240	0.24127103828608099
241	0.4856285780928575
242	0.3297940909482655
244	0.5198028496227056
246	0.265035047195654
247	0.29405339635715183
248	0.20409473807738138
249	0.2918215378693526
251	0.24528203770490056
252	0.026082406776485993
254	0.030493193894353083
255	0.44017503904875716
257	0.048453378989493576
258	0.44641931134666707
259	0.01612103651084077
260	0.24562430216502626
261	0.5399150552867822
262	0.5487585162381318
263	0.5018306589494174
265	0.24524937063079844
266	0.7578421702107038
270	0.24633046646262097
272	0.042225937228716155
273	0.35238007068342514
274	0.24574130266735317
275	0.017622220690606552
276	0.26932924499164196
277	0.7944230545803066
278	0.30176970616136717
280	0.030996121411355895
281	0.26062450293837336
282	0.5084568662401286
283	0.47905061851993047
284	0.48559117708132615
285	0.017192509144156327
286	0.02419989535606243
287	0.3211938747698979
288	0.5292180870995776
289	0.1513996511378724
290	0.0496754680810341
291	0.3021813780976717
292	0.032477573761160304
294	0.004929307602375123
295	0.031241637877408218
296	0.055112731630556785
297	0.22757143657411097
300	0.5516611500739992
301	0.02941664422896758
303	0.016161956389162457
304	0.5260230662018783
306	0.206820602486942
309	0.04011720502414851
312	0.01149378621967899
313	0.0029955059701293058
315	0.2619599943789977
316	0.024981219978736424
317	0.28104655435023734
318	0.5380543804177447
319	0.7812751779944103
320	0.2880162418439566
324	0.00038622715044722006
325	0.03922636332615144
331	0.041328518728978095
333	0.02612050567028995
335	0.5252646921438721
336	0.0207166198781277
337	0.017077249284951104
338	0.287062596623173
339	0.017958856554298103
341	0.5000771897501621
343	0.03214041572786115
345	0.016875170758799258
346	0.2804880388440939
347	0.04419896788512569
348	0.020502224060534806
349	0.576372293934089
350	0.25822995966370904
351	0.2911097672859361
352	0.053977355357486156
353	0.801156396391063
354	0.28191882047308564
355	0.4819146361100946
356	0.20417700771556097
357	0.5555177552269365
359	0.26264756759230684
360	0.020688257732722495
362	0.05103409515765253
364	0.5304798629867984
365	0.2590087366899035
366	0.7441223002823047
367	0.04570433983056893
368	0.08763502881821318
369	0.07049916685062099
370	0.017846957283803852
371	0.014526138743070766
372	0.5131876761580723
375	0.2902816488035762
376	0.27526305788228106
377	0.5228828052576732
379	0.04617866392866438
381	0.025515847274329692
382	0.2461009093361757
383	0.012547759352732533
384	0.25756958592266166
386	0.06235909030847535
391	0.0027797811997973404
392	0.27151862615979333
394	0.029565453036417045
401	0.4965541325661773
404	0.23212120546283269
408	0.20227760224075506
410	0.26081927568140917
412	0.25139148744208345
413	0.05373135908524827
414	0.26671002071297323
415	0.5202850542581018
417	0.026226825099143626
418	0.27747583777699425
419	0.5694638691494581
420	0.03525564053635477
421	0.025492383009529884
422	0.03529531532206791
423	0.03746190983692884
424	0.2872244411538627
425	0.21275104628416364
426	0.2802038420233709
427	0.2405442609429615
429	0.006203284818393891
430	0.24845199506965812
431	0.2658107072490241
432	0.5293720530244611
433	0.4646349490877702
434	0.25012108555311474
435	0.045763292545157874
436	0.045593893441542015
438	0.0453951918046192
439	0.3245872808472548
440	0.04554009821191665
442	0.021798502669740157
443	0.5397442392690037
444	0.5339589486287578
449	0.27028070191210574
450	0.30081838509293257
451	0.2331811000422616
453	0.2637298017136316
456	0.040385520841500516
460	0.03426106315365466
461	0.08853907951310737
462	0.4714288406836419
464	0.4737421513604627
465	0.03294796879266639
466	0.2693978161387303
467	0.011431393500206798
469	0.045453216936201496
470	0.2576533262392358
471	0.04511320289256348
472	0.27797950345555206
473	0.29071837790477867
474	0.030668469959593166
475	0.2510346202785746
476	0.04610394873797496
477	0.5118458343879624
478	0.23690514918414568
479	0.2284561363521052
482	0.2868868215497606
483	0.25766873729487105
484	0.060233617631874736
485	0.005940531011049147
487	0.2990541680747317
489	0.005253566029230633
491	0.005021888395529334
494	0.24721908267855042
496	0.461051115167223
497	0.5316711938236414
499	0.4872916497750418
502	0.2536806567925951
504	0.04545203054501537
505	0.044649007899702345
507	0.011415802831509628
510	0.5560235907660813
511	0.463802012337666
512	0.008246126371495771
513	0.05122325209102885
515	0.01082177380142646
516	0.3054615437757997
518	0.013442528581582111
520	0.22819481239317896
521	0.025666800157211362
522	0.4722576773486129
524	0.01028459465836068
525	0.007033663435742792
528	0.00914988355970877
529	0.24752601460083057
530	0.7421078797137204
531	0.27129099419668923
534	0.2744767382433568
537	0.2768151828436757
540	0.2742077727897952
541	0.009863329941104233
543	0.2307266132854156
544	0.2348476041087582
545	0.033396711988433
547	0.002579332307933946
549	0.21577583346877766
550	0.001188858990949889
551	0.03351953719244281
552	0.3089743279600911
553	0.03642210067650221
554	0.025138353016367805
555	0.24539248882071388
556	0.05401827126442234
557	0.052342486152154685
558	0.8013193758295524
559	0.039160483243548275
560	0.04636021565663292
561	0.03733824012581056
563	0.05422163267577375
564	0.020793901926156606
565	0.03207892832122776
566	0.528272946933968
568	0.02791586850453456
570	0.2839889978905715
572	0.22317122872056713
573	0.03662234875278011
574	0.25940362432621616
575	0.019658603908414778
578	0.2814019540510182
579	0.019281684413780406
580	0.002562834085860631
581	0.28691359400181354
582	0.10469459961822358
583	0.22791954972902348
585	0.2380318712315087
586	0.3073787050222247
587	0.47723221028116136
590	0.25363150774793164
591	0.2908592994564557
593	0.003931855229054929
594	0.3045770681625544
596	0.037803002234669196
598	0.33650035346243196
599	0.4794399669401216
600	0.22195809379110132
601	0.00788706358947883
602	0.07997145658397567
603	0.25654033828868505
605	0.26402002583221074
607	0.2904852876866558
608	0.27968247512702943
609	0.38292958954819556
610	0.5072633812832101
611	0.2912919874717615
612	0.27962255970304356
616	0.04039721347972995
621	0.020093367601277487
622	0.2885818456846372
624	0.2945724758737907
626	0.26386494430446084
628	0.25937894143528417
630	0.507007062105492
631	0.7179407152919242
635	0.03671588712885306
638	0.24366934827141581
639	0.016928163870847047
644	0.0013502216258433342
645	0.007877275041177034
646	0.032632146916281204
652	0.03932942781385114
656	0.16511939214351817
657	0.2634365222948591
658	0.013298656015487964
660	0.051922749950226756
662	0.7990739086551101
663	0.30232559356717315
664	0.016199291928301676
666	0.03069439732618885
667	0.2867384398175261
670	0.03854204417545135
671	0.02348880075066418
672	0.2880261473054265
673	0.2647959626631129
674	0.3402441130936545
675	0.27944836981553617
676	0.029596415701729252
677	0.24510469497173937
678	0.03776782975232708
679	0.050433423723482
681	0.08344231539647012
686	0.48412354544642106
687	0.5133414309490519
688	0.016880216823566115
690	0.0017425069971775536
691	0.5294554966197694
693	0.015813614566913686
695	0.2419009650124833
696	0.2296794435515892
697	0.04018461910752545
698	0.022849760331227955
699	0.2712933973136824
701	0.05857539750307236
703	0.008969825607756377
704	0.22014200966234534
705	0.28742707385919464
707	0.027652764279722228
709	0.018958581451822
710	0.28852034570099916
711	0.03460977216769523
712	0.2987676775188325
713	0.22410993995237014
715	0.26457859264151773
716	0.27524512987142435
717	0.2922550320629627
718	0.263473626195978
719	0.2707392062196025
720	0.2531884836727034
722	0.008304351673064165
723	0.012520405695441918
725	0.31754375422527104
727	0.0008759498654282542
728	0.33510919989669086
729	0.24387703743147288
731	0.26442553661931373
732	0.0011331042923473957
733	0.0017305443377181248
736	0.21503921705043014
737	0.2802445694413344
738	0.028913933820647136
739	0.0045426838441905565
740	0.46219650778708915
742	0.3089705088110402
743	0.2810418128277686
745	0.2510688113871341
746	0.024299943316303658
750	0.013209641012930741
752	0.03354598690904034
754	0.3125943529195312
755	0.004651221482572417
756	0.03721971917914077
761	0.2515870083209487
763	0.03286224722121182
765	0.3035251484140804
767	0.027050959935524102
768	0.029071655947912868
769	0.23254847401146062
770	0.27383823735239776
775	0.2527963895292317
776	0.04096492105744104
777	0.21422391264575869
778	0.32143788935554474
782	0.00787073354078461
783	0.00946672005749237
784	0.25305703857266687
787	0.04724601908840104
788	0.030644644311613182
789	0.26836600674525074
790	0.24580994199915712
791	0.013610134304314604
792	0.03369876991318789
794	0.5133738712704248
795	0.023449165877852406
796	0.04363091054662604
798	0.031934069473515986
799	0.006720204160137487
800	0.04034783533437754
801	0.5274005385315276
803	0.2493513364889859
804	0.03059790163937285
805	0.19134559593082637
807	0.30474116085035946
808	0.4930349584914883
809	0.29734751854578195
810	0.04573476487261705
812	0.48694014912083583
813	0.5153267203576596
814	0.7809403339318232
815	0.03943989519456805
816	0.7787130262103834
817	0.49266859203429897
818	0.2439756913541849
819	0.049158440941001254
820	0.2656062538835632
821	0.011264359376377604
822	0.527401364012494
824	0.43938105047748294
826	0.247002234247362
827	0.4729874844198071
828	0.032272289933090115
830	0.016240898450220066
832	0.30263676072289686
834	0.011583702275471897
835	0.015576264024446632
836	0.01575767871291906
838	0.053202456254159196
841	0.02856435252130792
842	0.24823023402369232
844	0.30953823514161555
845	0.1714053022631437
847	0.292787763411963
848	0.020047344412599408
850	0.017927902216442585
851	0.036811456277310355
852	0.2598611348781915
853	0.021203642895231897
854	0.24902115247813797
855	0.2538181321084973
856	0.5330259563030912
857	0.2601695705303037
858	0.2835235959762672
860	0.2773661193310384
861	0.4575228056146742
862	0.04880782303707519
863	0.017425338604277262
865	0.053246236851000946
866	0.41362110547803554
868	0.03163997058803274
872	0.2354761399360007
873	0.46469937784969284
874	0.0021319396792754304
876	0.03324903892402442
878	0.2641308958825107
879	0.5442673701234534
880	0.24120196377243563
881	0.012642185757578642
884	0.22474384531450234
888	0.2639558495248605
889	0.24146079104139737
890	0.012903112245963216
891	0.5021287509793995
892	0.25414198277486605
893	0.029264517816078042
898	0.21389284091731248
900	0.0009304994639136449
901	0.026411850751452512
902	0.2351283413188739
904	0.46824958437850095
905	0.2345059143791696
906	0.29915103342908683
907	0.03968080540740432
909	0.2802185462144729
910	0.45963366234723096
911	0.22024720283933952
913	0.2617563671459903
914	0.5476629413631144
915	0.26418319994353456
916	0.2352178780717588
917	0.5731999103372997
918	0.030505980627007767
919	0.03174491387821299
920	0.2852227712956134
923	0.5227481621477283
925	0.5052276150847095
926	0.25934076466860045
927	0.04993151094221983
928	0.26309456645354506
929	0.29039186205555434
930	0.5401498780728988
931	0.29350967906514475
933	0.049963054600011804
934	0.020929093133057325
935	0.30239626074080495
936	0.0497344406973
938	0.01916183507296755
939	0.5266063204596255
940	0.015113877956489545
941	0.037733320116250864
943	0.5239542884456068
0	0.0
0	0.0
0	0.0
0	0.0
0	0.0
0	0.0
0	0.0
0	0.0
0	0.0
0	0.0
0	0.0
0	0.0
0	0.0
0	0.0
0	0.0
0	0.0
0	0.0
0	0.0
0	0.0
0	0.0
0	0.0
0	0.0
0	0.0
0	0.0
0	0.0
0	0.0
0	0.0
0	0.0
0	0.0
0	0.0
0	0.0
0	0.0
0	0.0
0	0.0
0	0.0
0	0.0
0	0.0
0	0.0
0	0.0
0	0.0
0	0.0
0	0.0
0	0.0
0	0.0
0	0.0
0	0.0
0	0.0
0	0.0
0	0.0
0	0.0
0	0.0
0	0.0
0	0.0
0	0.0
0	0.0
0	0.0
0	0.0
0	0.0
0	0.0
0	0.0
0	0.0
0	0.0
0	0.0
0	0.0
0	0.0
0	0.0
0	0.0
0	0.0
0	0.0
0	0.0
0	0.0
0	0.0
0	0.0
0	0.0
0	0.0
0	0.0
0	0.0
0	0.0
0	0.0
0	0.0
0	0.0
0	0.0
0	0.0
0	0.0
0	0.0
0	0.0
0	0.0
0	0.0
0	0.0
0	0.0
0	0.0
0	0.0
0	0.0
0	0.0
0	0.0
0	0.0
0	0.0
0	0.0
0	0.0
0	0.0
0	0.0
0	0.0
0	0.0
0	0.0
0	0.0
0	0.0
0	0.0
0	0.0
0	0.0
0	0.0
0	0.0
0	0.0
0	0.0
0	0.0
0	0.0
0	0.0
0	0.0
0	0.0
0	0.0
0	0.0
0	0.0
0	0.0
0	0.0
0	0.0
0	0.0
0	0.0
0	0.0
0	0.0
0	0.0
0	0.0
0	0.0
0	0.0
0	0.0
0	0.0
0	0.0
0	0.0
0	0.0
0	0.0
0	0.0
0	0.0
0	0.0
0	0.0
0	0.0
0	0.0
0	0.0
0	0.0
0	0.0
0	0.0
0	0.0
0	0.0
0	0.0
0	0.0
0	0.0
0	0.0
0	0.0
0	0.0
0	0.0
0	0.0
0	0.0
0	0.0
0	0.0
0	0.0
0	0.0
0	0.0
0	0.0
0	0.0
0	0.0
0	0.0
0	0.0
0	0.0
0	0.0
0	0.0
0	0.0
0	0.0
0	0.0
0	0.0
0	0.0
0	0.0
0	0.0
0	0.0
0	0.0
0	0.0
0	0.0
0	0.0
0	0.0
0	0.0
0	0.0
0	0.0
0	0.0
0	0.0
0	0.0
0	0.0
0	0.0
0	0.0
0	0.0
0	0.0
0	0.0
0	0.0
0	0.0
0	0.0
0	0.0
0	0.0
0	0.0
0	0.0
0	0.0
0	0.0
0	0.0
0	0.0
0	0.0
0	0.0
0	0.0
0	0.0
0	0.0
0	0.0
0	0.0
0	0.0
0	0.0
0	0.0
0	0.0
0	0.0
0	0.0
0	0.0
0	0.0
0	0.0
0	0.0
0	0.0
0	0.0
0	0.0
0	0.0
0	0.0
0	0.0
0	0.0
0	0.0
0	0.0
0	0.0
0	0.0
0	0.0
0	0.0
0	0.0
0	0.0
0	0.0
0	0.0
0	0.0
0	0.0
0	0.0
0	0.0
0	0.0
0	0.0
0	0.0
0	0.0
0	0.0
0	0.0
0	0.0
0	0.0
0	0.0
0	0.0
0	0.0
0	0.0
0	0.0
0	0.0
0	0.0
0	0.0
0	0.0
0	0.0
0	0.0
0	0.0
0	0.0
0	0.0
0	0.0
0	0.0
0	0.0
0	0.0
0	0.0
0	0.0
0	0.0
0	0.0
0	0.0
0	0.0
0	0.0
0	0.0
0	0.0
0	0.0
0	0.0
0	0.0
0	0.0
0	0.0
0	0.0
0	0.0
0	0.0
0	0.0
0	0.0
0	0.0
0	0.0
0	0.0
0	0.0
0	0.0
0	0.0
0	0.0
0	0.0
0	0.0
