3	0.002536469382252368
4	0.05597274677079228
5	0.10127757044589526
6	0.2361629970353538
7	0.05740591276698039
8	0.2889172733058052
11	0.25274516933377716
12	0.2409392962562994
14	0.008763842447374263
15	0.5178059110221175
17	0.2277397661603957
18	0.3209067051140453
19	0.5042067481382925
20	0.27133370848219307
22	0.5158248429272732
23	0.24368976596889172
24	0.050307402047865726
25	0.004313499487861749
26	0.6667219629811614
27	0.19543570076376032
28	0.5177229129154995
29	0.2919177317421317
30	0.02484324352980853
32	0.306176710292052
33	0.007966402095053577
34	0.47775960045010424
35	0.4951231153137198
37	0.29830087417183226
39	0.0021026025476507566
40	0.012813622555223413
41	0.0306977606350135
42	0.2768988940641659
43	0.029369241777572185
45	0.04366928676161095
46	0.31687828839199783
47	0.07800177463605815
50	0.1672689547648739
51	0.041303935277139055
52	0.2724234642382493
53	0.5351323543739224
54	0.30537734556668705
55	0.5084489001189513
56	0.3089840019689964
57	0.27848501416240085
58	0.021688037706710572
59	0.04020175320318411
60	0.257927164382744
61	0.5124361600016097
62	0.2599047017930597
63	0.23256549418895955
64	0.05861311033433929
65	0.0001471882633401235
66	0.2776818335656416
67	0.5039078443637109
68	0.4994452247867234
70	0.5302489503609296
71	0.49262138526180577
72	0.5095621472977682
73	0.31283232894184826
74	0.5093971621506116
75	0.08494610635356671
76	0.3058518594749027
77	0.21526454564517472
79	0.29401844383671216
80	0.8142092932046395
81	0.28299594446069387
82	0.2440693724868349
84	0.49533447594415475
85	0.010862546882282005
86	0.4632142972139522
87	0.04691969405150331
88	0.7951658734126715
89	0.29451355623635267
91	0.0008819790735406716
92	0.5397198924880743
93	0.2076285283581368
94	0.03506586128643353
95	0.4725597667607996
96	0.029527445082774165
98	0.08259016065019925
99	0.2721908476280943
100	0.4809053784824316
101	0.02659192818526504
102	0.2817695526042804
103	0.5811047958954824
105	0.23868793125249363
106	0.24727833609048308
107	0.08184117325224477
108	0.25466302055725226
110	0.44163200770643957
111	0.20745094230059757
112	0.5347731005269944
113	0.019451476366246796
115	0.230912711991467
117	0.5597584132381338
118	0.02396125358826457
119	0.30529771695588104
120	0.27167350519798816
121	0.0207434925949057
122	0.03541906738232631
123	0.25267217068316383
124	0.04015866100216224
128	0.5130419993143599
129	0.26694641047999507
130	0.25330987592334586
131	0.26803831522852817
132	0.2792136116926955
133	0.266094229187539
134	0.4932951892399955
135	0.3079279525273236
136	0.308504133207022
138	0.04231242067859824
139	0.5529010642879868
140	0.30276477528402046
141	0.2321810457895581
142	0.5607092022963855
144	0.026705424877014577
145	0.25632600416504514
146	0.48791866198383804
147	0.5092718710734193
149	0.5499326093178207
150	0.24651510322317904
151	0.007177329346886283
152	0.2417304998379961
153	0.43555515973431175
154	0.27975634528626486
155	0.231346771991968
156	0.30107222921196286
157	0.3103106010152873
158	0.23483083801381135
159	0.25848131230759674
160	0.2374455277440058
161	0.4994810749389469
162	0.5058018600539907
163	0.2453498802507062
164	0.26027385355732235
165	0.028506077256754737
166	0.4628528008304756
167	0.48984495392088195
168	0.30379740976461156
169	0.04424702861779057
170	0.22881681093475695
171	0.2904446568882894
172	0.21003938528254754
173	0.49784868337508414
174	0.5823750342049211
175	0.040057632690113046
176	0.772986233537021
177	0.25396023426579756
178	0.029234127424940845
179	0.2536736670867555
180	0.03581098809654662
182	0.48314152857754755
183	0.42593670397404304
184	0.02723701571766541
185	0.03380608983069357
186	0.19924049595531074
187	0.2991827765542557
188	0.03719313642957349
189	0.0014586043639860866
190	0.2809350703809287
191	0.24223451271484575
192	0.30845959513489457
193	0.5390172806843981
194	0.5253057174481867
195	0.27665019806556823
196	0.015389259969653298
197	0.01763250272909901
198	0.25999204033135387
199	0.2750476277475816
202	0.013604833403947952
203	0.22877491668798097
204	0.5947578438171115
207	0.027828133251487083
208	0.31393788497740405
209	0.02616485644589783
210	0.2607527537735185
211	0.26629335521218533
212	0.562584500089348
213	0.5091676732447932
214	0.296221878789964
215	0.7638350598169829
216	0.525237449940272
217	0.3287468804948602
218	0.2691312072888488
219	0.2642128292206877
220	0.1858363748884501
221	0.5074163733097538
222	0.21485390704540724
225	0.28489359933629993
227	0.5111759503047698
228	0.551219812384205
229	0.47741908410369327
230	0.22900319550461962
231	0.0770589636762955
233	0.31143048613201846
234	0.028474797631965667
235	0.5482454937807925
237	0.03177793515694469
239	0.0340455021539841
240	0.29989094078263684
241	0.5899709995467891
242	0.4960646753158116
243	0.2394636841118592
244	0.3000479468652003
246	0.2865198362729455
247	0.2999077999827965
249	0.5168974818633343
250	0.01874346976814718
251	0.26963469898900716
252	0.5090127180057847
253	0.2455415150567739
254	0.3060326594882651
255	0.18287675795679806
256	0.22235826634738115
257	0.2635789386937853
258	0.4929664786914341
259	0.0306277757549534
260	0.33492209440608595
261	0.521447593570061
262	0.3153435501894019
263	0.28174013699469347
265	0.2908369983562619
266	0.5689857915323464
267	0.01615230688837071
268	0.05093323407074497
270	0.5339342011839076
271	0.038549377076854734
272	0.018077937645471234
273	0.3057868433573336
274	0.26247813693464955
275	0.03468653123048751
276	0.5103130569815936
277	0.541606681576077
278	0.2815490632034201
280	0.2477357045448073
281	0.2167163109094184
282	0.03661720897879929
283	0.012262733936022271
284	0.05455469831794229
286	0.25462438445264757
287	0.31691155107681274
288	0.26579448019074536
289	0.4043063327059267
290	6.241468030124958e-05
291	0.2956326965003423
292	0.2824097715665052
294	0.5308992162830974
295	0.24807679242254588
296	0.28344651155303463
298	0.2768534592726583
299	0.04725525335169623
300	0.06063063819451789
301	0.29628110119069667
302	0.08904506544963363
303	0.030757440200745605
304	0.45650356472555764
306	0.24877783782936738
309	0.012581702319091014
310	0.05750864996682157
314	0.021162158528768023
315	0.06428934436744375
316	0.436110515376332
317	0.045930375473699235
318	0.5032278747388402
319	0.5285034900613312
320	0.4885960890447579
323	0.2908194732589659
324	0.020880159923211915
325	0.2774446109109269
327	0.04452137433035781
328	0.036790248692669045
329	0.02528307563252332
330	0.020107283420003386
332	0.03930749352861447
333	0.04110604417618509
335	0.05618097033653639
336	0.26182439478600006
337	0.33106864101564243
338	0.24787180564958478
339	0.03270093664490982
341	0.2953873029274884
343	0.273085401916737
344	0.22523043138703128
345	0.2658924386754461
346	0.5094082258396339
347	0.3010516229260968
348	0.060451519312075784
349	0.589838168491151
350	0.2695771536565698
351	0.2804640727073795
352	0.3311279179372314
353	0.7857075410756122
354	0.269952146859829
355	0.02399880101790201
358	0.024801709916173354
359	0.26071149323835247
360	0.26088342561078726
361	0.02900488892307956
362	0.3215412110903123
363	0.028570284131138036
364	0.4971310576443004
365	0.23069382122211074
366	0.308786368282271
367	0.2890481343483977
368	0.028676194132735075
369	0.33194064939977475
370	0.01189860173686344
371	0.45867181903462034
372	0.2513809519964071
373	0.20077030058700673
374	0.20696486955446375
375	0.04177699738166202
376	0.511589880239559
377	0.06340576004957298
378	0.03411271119793818
379	0.2604413508868039
382	0.2918114275645863
383	0.2404669907471344
384	0.02013663376404819
386	0.30475868390228517
389	0.04419269825193789
392	0.5021042137770325
393	0.04749951393740184
394	0.26560879104216323
395	0.021105337065243604
397	0.013347353826307584
399	0.029579435373875713
400	0.021410901114000905
401	0.21712752143058345
403	0.2734537415333777
404	0.2625491857576485
406	0.2762499049702467
409	0.028803386516670894
410	0.3162995613431844
411	0.05441162376583653
412	0.053913579716906405
413	0.28646764379540274
414	0.2982863296451099
415	0.29970645208366664
416	0.01119462058372591
417	0.3062760583315742
419	0.7715188300377128
420	0.2983777803586136
421	0.27228712629720564
422	0.2481985599097006
423	0.5520293065885331
424	0.28215981652078437
426	0.4882624367068816
429	0.281355563207222
430	0.4783152569718405
431	0.2679503213366499
432	0.5489122462514735
433	0.233800405051399
434	0.23013178886251223
435	0.2797337561553269
436	0.060790303789971134
438	0.2908418963746353
439	0.07868963090449262
440	0.29527459499991365
441	0.2599303401634182
442	0.25980883807636357
443	0.5475259679643206
444	0.2617659246375197
445	0.05298115554380716
447	0.008680545748526107
449	0.5408053166386492
450	0.5427489155728613
451	0.008206150217786343
453	0.5180186112377498
456	0.27246339539357217
457	0.035231045962985826
458	0.002174499116903497
460	0.28616441466580916
461	0.311634568094507
462	0.22103337214866353
464	0.04714032882670467
465	0.0480203579468184
466	0.5202606909033624
467	0.005176345120982161
468	0.2505733864989146
469	0.2619837858666498
470	0.2884341744640426
472	0.30107973818937334
473	0.2440714075419551
474	0.29676918861076246
475	0.2343712417956272
476	0.03747325186235009
477	0.2402633471452119
478	0.2686028718329536
479	0.25880913155777985
480	0.0557647569233639
482	0.4791101308427667
483	0.27338880438950264
484	0.3018940340263785
485	0.023572601618667602
486	0.018509474707933005
487	0.5336419871252117
488	0.04017123409571739
490	0.010504337546580155
492	0.06889288159603728
495	0.044986555886636005
496	0.5375432614710376
497	0.7542986355414243
499	0.24023778140513036
501	0.02631684895632
502	0.23422863374096367
503	0.006711228406924265
504	0.2702012797625823
505	0.25711149476080614
508	0.01396429939076067
510	0.5200142997366956
511	0.34474195474111824
512	0.038203702481186715
513	0.258930722444825
516	0.25645263507503757
517	0.06800492608572081
519	0.028620468679388993
520	0.5299605113232292
521	0.2754394929721427
522	0.056536028330133055
524	0.033928963235083154
525	0.5155148460036375
528	0.042623603274464676
530	0.25733910155977185
531	0.5185517108801946
532	0.03348974506079631
534	0.26828570491382436
536	0.019988715212425637
537	0.5122315809229886
538	0.2522427859528936
539	0.02836402502510261
540	0.27465377136239766
541	0.0007397628681092699
543	0.003746046951874988
544	0.45413919166135747
545	0.22510257219812668
546	0.04482736228683286
547	0.016602193613770515
549	0.2831617817778429
550	0.06675149397941726
551	0.04881597539431341
552	0.5560036205517201
553	0.25117833376758675
554	0.2859674976708582
555	0.02587738119093956
556	0.3199971390704449
557	0.5328468132283563
558	0.531689433607978
559	0.2604203684626736
560	0.03058144654678239
561	0.2743245356489117
563	0.3049571626066321
564	0.03675212201061355
565	0.26467383566700897
566	0.4967390045894397
568	0.254066538894154
569	0.2743952408507318
570	0.28001967760668073
573	0.2891058201723761
574	0.2471173824407903
575	0.006643178714916015
577	0.013138634003935633
578	0.47771915957901717
579	0.237460033459665
581	0.27016683596231555
582	0.3606893001932593
584	0.27633376330483256
586	0.4995644757464608
587	0.2535895164071369
588	0.0064129181948757545
590	0.5090349252054928
591	0.2790062763664296
592	0.03454345249086627
593	0.01604356700570675
594	0.5258895644644858
595	0.22398531786308873
596	0.24084649503069866
598	0.5762471143232223
599	0.2489305151891538
600	0.2437953182037957
601	0.22714926719493184
602	0.32661658335513977
603	0.24958535420319644
605	0.4962143899025692
607	0.27741117415546507
609	0.35099745587763026
610	0.48697629213747035
611	0.519707229835653
612	0.24387820099049468
614	0.29134817818899844
616	0.27007509531426244
619	0.005148630485825919
620	0.0332464863559222
621	0.24054246101863494
622	0.533324792974042
624	0.28907041945553075
626	0.49231110331245453
627	0.04761338296098681
628	0.015146806831614547
629	0.23656049785154507
630	0.03650820145190046
631	0.4952721313833065
634	0.04403306817002156
635	0.289694012438615
637	0.2634910527485909
638	0.19943317899234198
639	0.2240168279688784
640	0.03111630201775223
642	0.05151850799474664
643	0.02350499194969724
644	0.0142802218779388
645	0.23785974788612463
646	0.27117642467479364
647	0.03162114648774909
649	0.035281626071247796
651	0.18574936750538112
652	0.054353621122708605
653	0.03913502746657892
655	0.03712909941717066
657	0.5123353408851774
658	0.27054761978917397
659	0.04137806843079887
660	0.3012075900078342
661	0.06488967786299074
662	0.5464010574519386
663	0.5389036062567633
666	0.28877783522323486
667	0.533753797969646
668	0.003898400809115018
670	0.016483586426260827
672	0.34965005287502765
673	0.3068132090828638
674	0.5642520078202446
675	0.27307850900660546
676	0.2428149247563143
677	0.009060170952336022
678	0.48727324769086666
679	0.2953708699254146
680	0.019990958561757612
681	0.35304841536640846
682	0.03434453216334538
683	0.2213184278914352
684	0.06599740523983513
686	0.061240670549659926
687	0.05722189842542742
688	0.03765428451236517
689	0.006869653544985369
690	0.036724044466127766
691	0.7385516319913726
693	0.006715371799359507
695	0.019289274065692585
696	0.26955133756747346
697	0.26030527272002607
698	0.001560414466520596
699	0.07043971644832157
700	0.2597633545915482
701	0.29090603448953356
702	0.023233927636638726
703	0.037590714698639185
705	0.5033009657908987
706	0.04123499205526545
707	0.011043018750951157
708	0.046073019210683845
709	0.2922362010105919
710	0.27528449727087834
711	0.0261799700275329
712	0.4957353058760976
713	0.2546760811141346
715	0.7285263833192284
716	0.5066107690527658
717	0.2878498835877307
718	0.22837353244808944
719	0.23754538059765762
720	0.5075637856097375
722	0.5195380593870681
723	0.20642388125249786
725	0.5546944162855793
726	0.054390879229780406
727	0.2234641520409275
728	0.5407172507415532
729	0.20256700058554872
730	0.04021353329816849
731	0.03860951182670765
732	0.3164957186295379
733	0.26785418312939097
735	0.020331775511996893
736	0.5414804283727361
737	0.33298671027481946
738	0.25810458504530354
740	0.23360980606276086
741	0.02342733877078227
742	0.5379475509882726
743	0.27607799891620816
745	0.2349531683863031
746	0.05252793831505137
749	0.022116019902935387
750	0.256703743148897
751	0.037609748693801494
752	0.04031820795649603
754	0.30805924459790696
755	0.49107300602374615
756	0.2629599164905525
757	0.2715621511245832
760	0.2365474682881639
763	0.23029987207388533
764	0.019175748141141803
765	0.5158386205752922
766	0.04552856057820176
767	0.247002380923063
768	0.22541102094042953
769	0.5158867013261444
770	0.5012378902597155
772	0.026049331653655878
773	0.04290252046640958
774	0.07885511965381384
776	0.31421315102781355
777	0.015470033316538796
778	0.06601577946096825
780	0.26831639437124744
781	0.008738232570120099
784	0.25417355364939065
786	0.25832992110230113
787	0.5451805165001292
788	0.2934077625959824
789	0.2553421809968384
790	0.02213449766843642
791	0.2672520488829564
792	0.5575333439744349
793	0.017689533686716514
794	0.29005046358877545
795	0.2610866701300515
798	0.26247007381673804
799	0.01296261293628586
800	0.015146806831614582
801	0.27490378889496586
802	0.003132159742057189
803	0.27646856336464576
804	0.2772006345963486
805	0.016881369472257393
806	0.037437527512704724
807	0.5536254719237415
808	0.2788834640645415
809	0.22747147475659024
810	0.29994415790893864
811	0.007859223013869453
813	0.5044768610722574
814	0.5475465564562636
815	0.28632737263664226
816	0.5335473206165894
817	0.29042670578155083
818	0.1872124854585395
819	0.25793455292940154
820	0.08315244712608186
822	0.273170093029105
823	0.026892254972436712
824	0.2192817319898903
825	0.003117692424068067
826	0.2496180033419079
828	0.2716760695251701
829	0.03847916589333516
830	0.2540842320437391
831	0.2748417897818729
832	0.5541156572209257
834	0.022907904794022757
835	0.26164807564128445
837	0.24560903643620818
838	0.2727882858598726
839	0.2746915600369304
841	0.2424170870957265
842	0.010909065739944712
844	0.308271096168785
845	0.5346234226596939
846	0.19905856732223912
847	0.25552594219999064
849	0.020331775511996907
850	0.02275366208345724
851	0.30525960918802897
852	0.5078953321167533
853	0.2332530869913936
854	0.28700622262157416
855	0.2156134090790509
856	0.25183887200488037
857	0.24978556312306588
858	0.26735493547507183
859	0.5555177552269365
860	0.5122505896796539
861	0.5134722683105571
862	0.29283701377960614
863	0.05693422738255234
864	0.026639993630181193
865	0.06659988915245624
866	0.1367007428621834
867	0.01704877950959544
868	0.2952696194213704
869	0.3055075248990562
870	0.2484393669518779
872	0.2601968572162365
873	0.25526501210279035
874	0.26878904229424144
876	0.2825406915086719
877	0.283724677013643
878	0.5008880207345845
879	0.5694365453593139
880	0.28111468991329047
881	0.2651420817047613
882	0.03667730810857489
888	0.2703321933766082
889	0.2892383133128379
891	0.5210885243932218
892	0.4905287377877098
893	0.5077086719727764
894	0.03147572260345075
895	0.31471677212793236
896	0.008094232699407015
898	0.03557650088421285
900	0.24293440422246243
902	0.4900770930019893
903	0.2577883802835195
904	0.03543283474681395
905	0.22451488405441136
906	0.7737883224513125
907	0.022863401374912384
908	0.26473823689257614
909	0.3007165526802598
910	0.49225213151628994
912	0.027537803747632154
913	0.24975631307836701
914	0.31949393206403104
915	0.3043966452523193
916	0.460062619281167
917	0.3473635510438512
918	0.014188052247754348
919	0.2680797858590583
920	0.2800647436509317
921	0.011736720728124102
923	0.5387449213735752
924	0.047164957110600286
925	0.28183130105360293
926	0.25107891824881245
927	0.26961024662083444
928	0.292667379207757
929	0.04685640947836253
930	0.532993181480642
931	0.5203147684044178
932	0.027577445771619462
933	0.30913893714983515
934	0.03565994079053887
935	0.5174514171833071
936	0.29043468481168766
939	0.5625560323790693
940	0.26675380266212356
941	0.5079021471150865
942	0.029935534985584912
943	0.3020985948327524
0	0.0
0	0.0
0	0.0
0	0.0
0	0.0
0	0.0
0	0.0
0	0.0
0	0.0
0	0.0
0	0.0
0	0.0
0	0.0
0	0.0
0	0.0
0	0.0
0	0.0
0	0.0
0	0.0
0	0.0
0	0.0
0	0.0
0	0.0
0	0.0
0	0.0
0	0.0
0	0.0
0	0.0
0	0.0
0	0.0
0	0.0
0	0.0
0	0.0
0	0.0
0	0.0
0	0.0
0	0.0
0	0.0
0	0.0
0	0.0
0	0.0
0	0.0
0	0.0
0	0.0
0	0.0
0	0.0
0	0.0
0	0.0
0	0.0
0	0.0
0	0.0
0	0.0
0	0.0
0	0.0
0	0.0
0	0.0
0	0.0
0	0.0
0	0.0
0	0.0
0	0.0
0	0.0
0	0.0
0	0.0
0	0.0
0	0.0
0	0.0
0	0.0
0	0.0
0	0.0
0	0.0
0	0.0
0	0.0
0	0.0
0	0.0
0	0.0
0	0.0
0	0.0
0	0.0
0	0.0
0	0.0
0	0.0
0	0.0
0	0.0
0	0.0
0	0.0
0	0.0
0	0.0
0	0.0
0	0.0
0	0.0
0	0.0
0	0.0
0	0.0
0	0.0
0	0.0
0	0.0
0	0.0
0	0.0
0	0.0
0	0.0
0	0.0
0	0.0
0	0.0
0	0.0
0	0.0
0	0.0
0	0.0
0	0.0
0	0.0
0	0.0
0	0.0
0	0.0
0	0.0
0	0.0
0	0.0
0	0.0
0	0.0
0	0.0
0	0.0
0	0.0
0	0.0
0	0.0
0	0.0
0	0.0
0	0.0
0	0.0
0	0.0
0	0.0
0	0.0
0	0.0
0	0.0
0	0.0
0	0.0
0	0.0
0	0.0
0	0.0
0	0.0
0	0.0
0	0.0
0	0.0
0	0.0
0	0.0
0	0.0
0	0.0
0	0.0
0	0.0
0	0.0
0	0.0
0	0.0
0	0.0
0	0.0
0	0.0
0	0.0
0	0.0
0	0.0
0	0.0
0	0.0
0	0.0
0	0.0
0	0.0
0	0.0
0	0.0
0	0.0
0	0.0
0	0.0
0	0.0
0	0.0
0	0.0
0	0.0
0	0.0
0	0.0
0	0.0
0	0.0
0	0.0
0	0.0
0	0.0
0	0.0
0	0.0
0	0.0
0	0.0
0	0.0
0	0.0
0	0.0
0	0.0
0	0.0
0	0.0
