1	0.28097260199491103
2	0.26782668853101904
4	0.03844318834175185
5	0.10156738683882183
6	0.49732859975125054
7	0.2964962673415886
8	0.03769089224494575
10	0.022214661796912977
12	0.040767723666385924
13	0.2531687693172134
14	0.5495355992897227
15	0.06033894617354463
16	0.019441789439887048
18	0.029054732997632407
19	0.031276033364339234
20	0.02527666409103176
21	0.541653031369245
22	0.4990728426046843
23	0.011726451009564536
24	0.0644211137795937
26	0.30791954560355794
28	0.05636363451083749
29	0.0031274738405602104
31	0.03403842800586434
32	0.04291763351439237
35	0.07408816189320194
37	0.2761834608090834
38	0.2610235179167565
39	0.26500279870968174
41	0.06361477984695965
42	0.3188460316974051
43	0.055083380201043766
44	0.29797353548053274
45	0.2870689712439786
49	0.3279841376791417
50	0.04792944016710858
51	0.058266691204830794
54	0.28964901233547546
55	0.045815095877441224
57	0.049884907424813184
60	0.04014310021082549
62	0.056133211253884624
63	0.5418726655453849
68	0.011523962325588877
69	0.25429426238407693
70	0.07587493830006946
71	0.03165907672147785
73	0.06195208726659973
76	0.05795700423641057
77	0.06552916200816095
79	0.5600212797664836
80	0.0783847745577117
81	0.044735622505559874
82	0.2006281199963022
84	0.3059524614498794
85	0.7333435743629373
87	0.5112824935380603
88	0.0620983416858624
89	0.03383158502612045
90	0.23738197380958873
92	0.5123923836818087
93	0.11336266749195395
94	0.26907313804718297
95	0.2813118569806839
99	0.06252108700582695
100	0.025204644867025925
101	0.04379803056388064
102	0.2763362554988752
104	0.11640749955766214
108	0.07575895053709858
110	0.2825832410558418
111	0.03866829318999396
113	0.024287213318548856
114	0.277790966194989
116	0.3116666929829831
117	0.05240008953215993
118	0.2872884241023052
119	0.5253546628653335
120	0.056155912255174856
121	0.28588793140806235
123	0.05585662715301272
125	0.07524199285158353
128	0.05363060170557643
129	0.25870770556774453
130	0.2836578862445431
131	0.044025094261956
133	0.012435691136030116
134	0.30696182293482843
136	0.05100295406832936
137	0.003317089163976064
142	0.2893207498978092
144	0.045493005583604
147	0.04011429336000891
148	0.022943995381705048
149	0.30462301335059827
150	0.02070346953309955
151	0.31067366608563757
152	0.04170129579500533
154	0.05171869760406039
157	0.2883786875281482
158	0.541353474845391
160	0.5088574907425492
165	0.3387231054722424
167	0.27612321055772854
173	0.008203192405111269
174	0.26316476641962294
175	0.031212635529113245
177	0.03262285623612482
178	0.05309353200507312
179	0.2450782437254368
182	0.5231077686517048
184	0.2767862872610567
188	0.048885310411008895
189	0.270642838468446
190	0.052572206024165076
192	0.030396187506337973
193	0.3215287183940683
194	0.28015198668013525
195	0.021792453719868425
196	0.03384604598041509
197	0.03359272783908723
198	0.34090430512872605
200	0.26449505976866594
201	0.24676916087252337
204	0.10033430767997495
207	0.05066507197645105
209	0.11216264039602453
211	0.027659657187225854
212	0.10545364547453204
213	0.012186133032962333
214	0.24606772414038042
215	0.25833352250776115
216	0.052089711132132635
218	0.28992660057122904
219	0.017518359355516194
221	0.2731408191517784
222	0.3228947563801129
223	0.27389112620622624
225	0.0025013863279153142
226	0.29464862799122016
227	0.020478181710205268
228	0.10420986580799338
229	0.012624720938809102
230	0.034327377207881746
231	0.06943011025078533
232	0.05071920224090434
233	0.29656281036817533
234	0.5266334458858624
235	0.31015490124214534
236	0.5407510405295912
237	0.043930430602934764
238	0.3024021570295259
239	0.04779244400955816
240	0.0567155990741464
241	0.16893121825761517
243	0.05321088696154597
244	0.029722607080627586
245	0.028276435869313943
246	0.2768859082431436
247	0.3003439056150954
249	0.24501924789659735
250	0.07728899928886054
251	0.022070368140633994
252	0.28908164582430934
253	0.5330278586499739
254	0.07846776061051408
256	0.3203893582364534
257	0.0187277383664124
258	0.07620903743442992
259	0.040448916715412474
261	0.0624746071639887
262	0.24150824886071426
267	0.289764751876581
268	0.07113268322556134
269	0.32938549228387654
270	0.0356526868617675
271	0.5485728201756082
275	0.04937713840019137
276	0.5328881603792405
278	0.2755683503726549
280	0.4978434643693528
281	0.039699120535732435
282	0.024623541580383754
286	0.06344043604777433
288	0.02473981722338115
290	0.2671388688296381
291	0.02819121729850918
292	0.2806504991668236
293	0.5629947489663889
294	0.2878169147631607
295	0.23536246637032143
296	0.29264229094189315
297	0.030913538702952555
299	0.07300957307596223
302	0.08560278163087665
303	0.024936902433697693
305	0.3540395858081967
306	0.035886948455424894
307	0.043889553142658494
308	0.2975259297821977
310	0.3345370669703403
311	0.07250351414729925
312	0.02738228348718297
313	0.037619320978332316
314	0.30431730814330465
315	0.2530429121123134
316	0.00411115243703334
317	0.015588979952965657
318	0.00895451217500087
320	0.254774884784877
321	0.23528933989163234
322	0.04374499657278404
323	0.0680811162704554
325	0.7480878458041412
326	0.3109464390922621
327	0.2439680990256628
329	0.29227029894587575
330	0.2941429340661717
331	0.04654461551818153
332	0.05006771262576542
334	0.28222045220981906
339	0.28232897473694585
340	0.04135326727686442
341	0.03992580244544684
342	0.30909314304634145
343	0.025450820499990347
344	0.3232697830082576
345	0.02390779091194798
346	0.06355366442688723
347	0.028074136520316012
348	0.06125036822949368
349	0.27866402004508234
352	0.2907242043392142
353	0.033887859129949974
355	0.27208090136823093
357	0.036790248692669045
359	0.2796673674012604
360	0.2633691767726776
361	0.26812876760052545
362	0.08774700955583267
363	0.3016239781834425
367	0.3041523104694812
368	0.25277814809993276
369	0.08184188723400111
370	0.02755418191984989
371	0.041184388483139586
373	0.7902792834722013
374	0.334015084140438
375	0.013262113714722017
378	0.527035141660476
379	0.25213207959609213
380	0.29899500083698616
381	0.4897508222023786
383	0.25139829650825307
384	0.2547797615135487
385	0.27585313995040955
387	0.2927263723015346
388	0.04223969536442847
389	0.2948321200939055
390	0.25019966550544526
391	0.028085677787174086
392	0.24995877972830183
394	0.7546091117674032
395	0.045909756583111215
397	0.04995395484315713
398	0.30554626223582493
399	0.28308649211273873
402	0.06240380648657391
404	0.00312183575396531
405	0.32624809560625223
406	0.5220342293834426
407	0.24940545429175617
408	0.0715581668327373
409	0.031416172643965894
410	0.31623781094063325
411	0.28585708913935354
413	0.2726373241689061
414	0.04594735721854323
416	0.33195121687817153
417	0.2898708350194852
419	0.04007079777728485
420	0.054901493266227105
421	0.05248099967616879
422	0.04373327842026543
423	0.029150763042487784
426	0.28177380767177557
427	0.025114903096035156
428	0.02756032809217924
429	0.05985931861658148
432	0.057834821381250956
433	0.0666936797954335
435	0.03929840045090716
437	0.006040674444177042
441	0.3082920366206116
442	0.28710272819686716
443	0.0311705568814929
445	0.020203074532987364
447	0.32374811481492605
448	0.3174094905765945
449	0.044778912087193
450	0.2936928888137319
452	0.07329470429915637
453	0.29986837986332426
454	0.09112321391509101
455	0.01376381506292152
456	0.5207772300532041
457	0.5336903733439251
458	0.2962635617597286
459	0.27650194293310165
460	0.27164678234653633
462	0.03465848910313527
463	0.07444667303735479
464	0.012243692953953316
465	0.016589516187839725
466	0.048274129576333966
467	0.28227696314195083
468	0.31725657988182604
469	0.031372342201590825
470	0.05105140629353966
472	0.0471924283085525
473	0.009327584260575748
474	0.03607718671574639
477	0.0452955173128233
478	0.2731957777641865
479	0.3057530265168871
480	0.017807339724269802
481	0.01379845311428031
482	0.047008060935416277
483	0.04424385440975473
484	0.263532935779439
485	0.06841236797225311
486	0.5477367045604002
487	0.28341776468775287
488	0.02828375197005127
490	0.29259458387090287
491	0.05705605741536032
493	0.5014034876491125
495	0.04463884248033496
496	0.322917651638294
497	0.29911552113657
498	0.012726234294491517
499	0.001243417747238039
500	0.046803482133197204
502	0.04808204151427932
503	0.28387039185166296
504	0.0564518860236926
505	0.051567584439249636
506	0.2811042307391268
509	0.28459118042001397
510	0.02095690413835255
511	0.10892666009968176
513	0.06434132198380807
514	0.5173245012937041
516	0.04556406805019193
517	0.3087306224430232
519	0.27703546790626804
520	0.299949488809413
521	0.29901964558533
523	0.03511772526674362
524	0.0360617427519235
525	0.505458375485424
526	0.3882138409824555
528	0.27917488813238994
529	0.02015978648883732
531	0.2981995966404145
532	0.5173172617805426
533	0.05360263271212992
534	0.04635043471690563
536	0.5099759884859211
537	0.5247335829418716
540	0.028973732967403323
541	0.2838672523227458
542	0.06719404262342407
543	0.019283065773314463
544	0.3421269906101257
545	0.026728924184670762
549	0.11109799840853911
552	0.0414833504205826
553	0.041169631690194636
554	0.047002120170837075
555	0.30070181301894944
556	0.2764319705497715
557	0.5196012477731975
560	0.2523124794648774
561	0.04713685273317265
563	0.06821745438666033
564	0.29081286161543257
566	0.002528828403375049
567	0.26310495657342586
568	0.029865474864708648
569	0.5141013675524772
570	0.0166229685804223
571	0.0227208161967613
572	0.21840455306958834
573	0.02683354470658167
574	0.5048173818414058
576	0.05174608485440411
577	0.7654514354562926
578	0.03095765673830176
580	0.2657984726376671
581	0.020450051054690783
582	0.03559679076168894
584	0.30366392771658274
585	0.00339218499414623
586	0.2726810154091271
588	0.7854453169668132
589	0.05882815624356068
590	0.28962198470001904
592	0.3162802651666268
593	0.030382082746718355
595	0.3276111767712533
596	0.05208849209413437
598	0.26393346211864477
600	0.08106057140152934
601	0.34568503731121525
602	0.49423936176427863
603	0.31936370997788527
605	0.03635298053733491
606	0.757262074204781
607	0.03580188613015717
610	0.029354252641890486
612	0.01967108275586915
613	0.019506293708146688
614	0.07966710965619045
616	0.26803782994835135
617	0.29405423764501404
618	0.294643934943466
619	0.05495680590700824
620	0.04827579962158601
622	0.49688153461736817
624	0.009369481320768033
625	0.05485610023526784
626	0.28110348990733414
627	0.04378431944226645
629	0.2389768354158648
631	0.027274106632258814
632	0.052447524360124426
634	0.052044786838847834
635	0.02334741986881125
636	0.028394047444807106
637	0.5677641152694218
638	0.49989267145758604
639	0.2868075522045894
640	0.3048804482639329
641	0.22862209622129842
642	0.2969531391945176
643	0.5192050665608187
645	0.28403666338493627
646	0.3333573235804769
647	0.27536734010151714
648	0.05696767543215754
650	0.5101279940398151
651	0.2780998138495177
652	0.041831253023966654
653	0.08961743619853144
654	0.3073220490401132
655	0.2820605800847649
657	0.06998775924123471
658	0.043185444417514235
660	0.05754212560832493
661	0.4904975759760749
664	0.2536913621912862
665	0.5017029892156568
666	0.2896070497452788
667	0.04711918158557911
668	0.2936484827626523
669	0.26969611245472375
670	0.016644294712317723
674	0.26610387689205395
675	0.023780233957215673
676	0.27123471130623306
678	0.04725672498214865
679	0.2773423811614988
680	0.061219747599396086
681	0.3643176402751175
682	0.2931537341719164
683	0.5385822830152
684	0.31918082975437484
687	0.022365453296636858
689	0.02074909474897552
691	0.300546300689379
693	0.4853928702328567
696	0.05400074072846729
697	0.29345085971810725
698	0.015166670750406806
700	0.28630275704428004
701	0.2676791053659233
702	0.06663217753994291
704	0.07822161159223387
705	0.3015622037127024
706	0.04909123745310723
708	0.06045630852072223
709	0.0700608613910634
711	0.4592019022509379
712	0.0374206063878997
715	0.30978353379203616
716	0.3162835260947403
717	0.23916470330575929
720	0.07912218509484845
721	0.31902106302580585
722	0.025978546719509592
723	0.013185368505588067
725	0.018561541227689122
727	0.7553470594516818
729	0.051936223816032516
731	0.030665792462589398
733	0.32690781052500645
734	0.28914508531721
735	0.30134915269995427
736	0.07575858448479643
737	0.2691912939387625
738	0.5401485142896594
741	0.27539361658739514
742	0.006043638448554621
743	0.2651741990907466
744	0.02881946453817963
746	0.7570160920284718
747	0.5350772904679146
748	0.26397326461872245
749	0.5112586865380019
750	0.019543934748818666
751	0.3280847619200476
753	0.08647743521638385
755	0.10152262260113992
756	0.5097198570825743
757	0.2981924748534642
758	0.29528221142874994
760	0.2877907979187564
762	0.029505289095209556
763	0.29280389129975565
764	0.5205938885833201
765	0.258311806427016
766	0.06460285814714618
767	0.2638714739754196
768	0.07876671951496259
769	0.30764583461387573
770	0.2736049395056306
771	0.005074043181134868
772	0.052265051066556656
773	0.7789419445748179
774	0.5334474020011951
779	0.04460224300464862
781	0.02889653926824003
785	0.03987005804031124
786	0.017987552357022995
787	0.021343690191423164
788	0.30106914164797155
790	0.036892689556899554
792	0.07673602535723478
793	0.31706462928529494
794	0.037470960274106034
795	0.2763586041989574
796	0.010261664482657147
798	0.04557151084960451
800	0.021880215419810996
802	0.018776941854039983
803	0.2904462727248618
805	0.04355302851602101
806	0.26313197412450356
807	0.5225625813539317
808	0.02915457710258092
809	0.202073012751811
810	0.04100299070265745
815	0.4862175531110631
817	0.02945129885784025
818	0.249616129545419
819	0.04482394519062735
820	0.014189281928954824
821	0.2598647373926557
823	0.28842927502084104
826	0.28164591046289167
827	0.039161825464003985
828	0.04525721902195915
829	0.2857819174668428
830	0.2848597044131982
831	0.05413703797029137
832	0.04792972715485144
833	0.2874293339392738
834	0.038092258586346205
835	0.25738125094835435
836	0.024067287300220147
837	0.04643491588824919
838	0.020570733946487358
839	0.31480528588300905
840	0.005434613599722381
841	0.5155732307648756
842	0.028564391987115093
843	0.02264531207451499
844	0.2689011491222734
845	0.09490943345585046
846	0.3076367728603215
848	0.020412877766228958
849	0.2857819174668428
850	0.5222017045970764
851	0.29176103727747066
852	0.3153421909681846
860	0.28266643892946386
861	0.02795960786864037
862	0.5209057853864864
864	0.09554862047827996
865	0.20622453013724498
866	0.20441545750272275
867	0.2949764743616533
868	0.3115881169997999
869	0.041972809856853505
870	0.27682996612961686
874	0.29041772675400146
875	0.06123158240849707
876	0.32213990962442357
877	0.05733229397181437
879	0.019994956907371686
880	0.03546895311305938
881	0.06703827702743001
882	0.2793965001595759
883	0.04401531885374951
885	0.22121198081242704
886	0.775069831061022
887	0.7474555840301281
888	0.023617340764775167
889	0.08013694418973913
891	0.27567613536243146
892	0.06570506514309829
893	0.30575277353176533
894	0.04030225110276334
895	0.06769792995542748
896	0.99625302858136
897	0.27032761413975326
898	0.06859572307531872
899	0.5030605754043429
901	0.013140465437145393
903	0.32489769785753964
904	0.017686871836173942
906	0.28685861221888304
907	0.24598091692026586
908	0.286767752781187
910	0.03338084586195233
912	0.004469411555934846
915	0.3274299950296279
916	0.5444192345989044
917	0.0037146258021153525
918	0.055788521952568365
919	0.0400220640281895
921	0.28964198359849225
922	0.3105000129617336
923	0.030440302333452466
924	0.49572300778897843
926	0.2371644286522446
928	0.04041476159042438
930	0.02026693472148536
932	0.523187636134732
933	0.25649527549484175
935	0.05779109045495907
936	0.5453106210249383
937	0.07685159229393966
938	0.010983437538841598
939	0.07607750938527774
940	0.028887235871479885
941	0.31185197894138855
942	0.29583760050447006
0	0.0
0	0.0
0	0.0
0	0.0
0	0.0
0	0.0
0	0.0
0	0.0
0	0.0
0	0.0
0	0.0
0	0.0
0	0.0
0	0.0
0	0.0
0	0.0
0	0.0
0	0.0
0	0.0
0	0.0
0	0.0
0	0.0
0	0.0
0	0.0
0	0.0
0	0.0
0	0.0
0	0.0
0	0.0
0	0.0
0	0.0
0	0.0
0	0.0
0	0.0
0	0.0
0	0.0
0	0.0
0	0.0
0	0.0
0	0.0
0	0.0
0	0.0
0	0.0
0	0.0
0	0.0
0	0.0
0	0.0
0	0.0
0	0.0
0	0.0
0	0.0
0	0.0
0	0.0
0	0.0
0	0.0
0	0.0
0	0.0
0	0.0
0	0.0
0	0.0
0	0.0
0	0.0
0	0.0
0	0.0
0	0.0
0	0.0
0	0.0
0	0.0
0	0.0
0	0.0
0	0.0
0	0.0
0	0.0
0	0.0
0	0.0
0	0.0
0	0.0
0	0.0
0	0.0
0	0.0
0	0.0
0	0.0
0	0.0
0	0.0
0	0.0
0	0.0
0	0.0
0	0.0
0	0.0
0	0.0
0	0.0
0	0.0
0	0.0
0	0.0
0	0.0
0	0.0
0	0.0
0	0.0
0	0.0
0	0.0
0	0.0
0	0.0
0	0.0
0	0.0
0	0.0
0	0.0
0	0.0
0	0.0
0	0.0
0	0.0
0	0.0
0	0.0
0	0.0
0	0.0
0	0.0
0	0.0
0	0.0
0	0.0
0	0.0
0	0.0
0	0.0
0	0.0
0	0.0
0	0.0
0	0.0
0	0.0
0	0.0
0	0.0
0	0.0
0	0.0
0	0.0
0	0.0
0	0.0
0	0.0
0	0.0
0	0.0
0	0.0
0	0.0
0	0.0
0	0.0
0	0.0
0	0.0
0	0.0
0	0.0
0	0.0
0	0.0
0	0.0
0	0.0
0	0.0
0	0.0
0	0.0
0	0.0
0	0.0
0	0.0
0	0.0
0	0.0
0	0.0
0	0.0
0	0.0
0	0.0
0	0.0
0	0.0
0	0.0
0	0.0
0	0.0
0	0.0
0	0.0
0	0.0
0	0.0
0	0.0
0	0.0
0	0.0
0	0.0
0	0.0
0	0.0
0	0.0
0	0.0
0	0.0
0	0.0
0	0.0
0	0.0
0	0.0
0	0.0
0	0.0
0	0.0
0	0.0
0	0.0
0	0.0
0	0.0
0	0.0
0	0.0
0	0.0
0	0.0
0	0.0
0	0.0
0	0.0
0	0.0
0	0.0
0	0.0
0	0.0
0	0.0
0	0.0
0	0.0
0	0.0
0	0.0
0	0.0
0	0.0
0	0.0
0	0.0
0	0.0
0	0.0
0	0.0
0	0.0
0	0.0
0	0.0
0	0.0
0	0.0
0	0.0
0	0.0
0	0.0
0	0.0
0	0.0
0	0.0
0	0.0
0	0.0
0	0.0
0	0.0
0	0.0
0	0.0
0	0.0
0	0.0
0	0.0
0	0.0
0	0.0
0	0.0
0	0.0
0	0.0
0	0.0
0	0.0
0	0.0
0	0.0
0	0.0
0	0.0
0	0.0
0	0.0
0	0.0
0	0.0
0	0.0
0	0.0
0	0.0
0	0.0
0	0.0
0	0.0
0	0.0
0	0.0
0	0.0
0	0.0
0	0.0
0	0.0
0	0.0
0	0.0
0	0.0
0	0.0
0	0.0
0	0.0
0	0.0
0	0.0
0	0.0
0	0.0
0	0.0
0	0.0
0	0.0
0	0.0
0	0.0
0	0.0
0	0.0
0	0.0
0	0.0
0	0.0
0	0.0
0	0.0
0	0.0
0	0.0
