2	0.21831303204205035
4	0.020728740643097193
5	0.0997336107406733
6	0.06822113645592916
7	0.28884673942209665
8	0.3015990445078065
9	0.2531266077634795
11	0.20096172570315743
12	0.5607681264196808
13	0.182536978794556
14	0.05214708582856507
15	0.33273653897260846
17	0.266312880188782
18	0.2879817433615658
19	0.2697110901069184
20	0.29441869906671664
21	0.23034170690206512
22	0.2823834115365782
24	0.5120571977401001
25	0.20133357410239613
26	0.23138344495445398
27	0.5283882530240083
28	0.3154054052491835
29	0.2346130827880613
32	0.5418401047461556
34	0.1947339689018056
35	0.3320845334639888
36	0.008776670796452554
37	0.5166970938499454
39	0.014537932682435355
40	0.010582692418051185
41	0.29684690953901305
42	0.30195959519490073
43	0.27413722093568144
45	0.33610283200894325
46	0.2740657627219895
47	0.0039806295655208795
48	0.0070978600842407265
50	0.238540638189236
51	0.3428938632789111
52	0.27785280154897524
53	0.007153748456110474
54	0.5314018122192674
55	0.5438719533317936
56	0.08111893905261361
57	0.29914178633365834
60	0.04927680936392191
61	0.12456445926153092
63	0.24391744836101698
66	0.23451072869790704
67	0.22575361476244182
68	0.261659508478355
70	0.3362869649377661
71	0.5529748160800776
73	0.0715500196379582
74	0.01418800251764556
75	0.2116152704299282
76	0.5471900383499659
77	0.4656942452377095
78	0.04460520884994493
79	0.7211800260156059
80	0.5275861396782788
81	0.2916632985543719
82	0.014110135063647097
83	0.00694039841607387
84	0.31200749475622863
85	0.0018464562266627335
86	0.2845553283930496
87	0.10387538209357969
88	0.5346679769948139
89	0.25566720671481113
91	0.05984599605659043
92	0.520413757574686
93	0.489241071566093
95	0.07563670765372288
99	0.5013255482049213
100	0.06413937636815267
101	0.31288366422924996
102	0.29801901632581707
103	0.49238733148956254
106	0.2596583259489601
107	0.008513660779423476
108	0.1949700245064004
110	0.07006746928525136
112	0.25235475252453743
113	0.009044759570030887
114	0.25479055009753365
117	0.30872770219472967
118	0.31321125949213097
119	0.32233789732333606
120	0.2879399117123157
121	0.05135983756191925
122	0.49916160352525746
123	0.2716701378495596
124	0.4327387393523373
125	0.28908159223778146
126	0.2025953493044955
127	0.24135504031621513
128	0.5526092326625542
129	0.3122284072308266
130	0.23262023851207003
131	0.7377167687441536
133	0.4926632184352602
134	0.7268759499410049
135	0.2799220600649014
136	0.2670390507293105
137	0.013140745839522724
138	0.04707862492388848
139	0.3006898306521522
141	0.19583090893590077
142	0.313147830371107
144	0.18967660794028207
145	0.06647637291155346
147	0.5100300721885123
148	0.03080953902926198
149	0.48414193819540713
152	0.317455283756859
153	0.03993821316359444
154	0.5573465784726341
155	0.2049195379063749
156	0.505731516859184
157	0.5600217644797773
158	0.4901917374663409
159	0.25960211342839734
160	0.05020483793883032
161	0.4212363168138421
162	0.21673368750448496
163	0.45244611417192393
165	0.5135994227262228
166	0.48500213279837445
167	0.11389366342894991
168	0.3015075086589991
169	0.20824470849709964
170	0.2499889896439288
173	0.013756373048376465
174	0.3230557545657851
176	0.23258564629006748
178	0.25866883991386946
179	0.021229859242683606
180	0.02220988166991175
182	0.28973983282354704
183	0.21087621308091664
185	0.2203730127139857
186	0.1915693906772894
187	0.4882433672611109
188	0.046544756713497906
190	0.49605872870157197
191	0.47743737509965734
193	0.5572815159095806
194	0.32214515470802074
196	0.20085139525021733
197	0.2967185340098654
198	0.02802159037270522
199	0.4317207589888946
202	0.2265237796629696
203	0.20153482985890198
204	0.7785794752779154
205	0.20109742039620954
207	0.03595579125880886
208	0.19570853207864847
209	0.19096503580683247
211	0.053952523858394844
212	0.5884326173016199
213	0.0004875891739910647
215	0.2617470016272866
216	0.064212143792329
218	0.11460668561133054
219	0.5014298128392732
220	0.29410577687078704
221	0.21863297173164004
223	0.24346583818392295
225	0.2423964766229496
227	0.013296662106741668
228	0.2978678393897509
229	0.4752015493453998
231	0.2934616767969403
233	0.7650022860958661
234	0.254637941999305
235	0.29105253475758147
236	0.06207905614284712
237	0.2631669403931686
238	0.3020609612184509
240	0.2662627442685213
241	0.8072096670113167
242	0.20616571533446393
243	0.4581046846115401
244	0.2298241044520599
246	0.49733488765943035
247	0.5506500876255478
249	0.2748410704636934
251	0.45047487049205726
252	0.5066443447203677
253	0.29352687890219187
254	0.5450806233195207
256	0.06562692061854027
257	0.49071627332226253
258	0.8197390122464956
260	0.5655120605826485
261	0.7801353676190927
262	0.475118895181421
266	0.34897985918220514
267	0.24577321645013098
268	0.0621434474453569
270	0.024937531032382214
271	0.26278770517812067
273	0.5325391529674343
274	0.05936459656349546
275	0.5498242983442186
276	0.4967290661846494
277	0.2100315066804981
278	0.7243458084957103
280	0.21212718113536566
281	0.07795037836270743
282	0.258395957744348
283	0.21813445388596375
284	0.0066554989207250025
287	0.2106818610121141
289	0.3881308923902704
290	0.02808852560460045
291	0.2289010198535781
292	0.2462350510829045
294	0.4961102804261499
296	0.2988054314024803
299	0.06120734664895368
300	0.37825087335480156
301	0.29018493693367414
302	0.10850832698548182
304	0.5147789681329568
305	0.2516454982682157
306	0.7545046146302855
307	0.0011719037176389883
310	0.36164494085399607
314	0.066793853528681
315	0.001944786443169283
316	0.2584211613830909
317	0.037911719061730846
318	0.004218917869145654
319	0.02454101622839793
320	0.0751110385227827
322	0.05800897591523753
323	0.06648899873108496
325	0.5090446868249274
328	0.31623781094063325
329	0.25859888675178394
330	0.2980290370077019
332	0.05784177120243363
336	0.2842159226144135
337	0.2836380203714571
341	0.46531688176825975
343	0.2306041576623521
345	0.023417245838836042
346	0.10631326688542037
347	0.23868781937549186
348	0.4863220792638945
349	0.5596952756703751
350	0.00430775533360072
352	0.35131629733005143
353	0.53233378587843
355	0.2441202763074032
357	0.3162995613431844
359	0.7542627554852136
360	0.02356789849703357
361	0.03475943982438562
362	0.23146764646638454
363	0.04192236977397437
366	0.2652043245376551
367	0.10245239795721012
368	0.5663005046031068
369	0.5595683810991284
371	0.02572763465648514
372	0.2240565396689989
373	0.2766337797477276
374	0.20937596759215266
375	0.062361089367157896
376	0.04438579991885638
377	0.2493550601317583
378	0.26321082497550685
381	0.028071710762074414
383	0.05013463696964696
384	0.23434425631730926
386	0.27475774000837394
393	0.2869592197574531
394	0.4800384845949896
395	0.02863192080423499
396	0.04161484391713918
398	0.05193626250604941
400	0.20147715390601587
403	0.07650002440522483
406	0.03920786659564843
409	0.03432983831270175
411	0.048266788829277825
412	0.012256517729360972
413	0.30244501357610704
414	0.23394731360580753
415	0.24904314083180543
416	0.017940460496909755
417	0.0723508705314177
419	0.2897549451595087
420	0.2701403617581024
421	0.10146811654988433
422	0.3076184729440574
423	0.058302585258885674
426	0.2901603365723897
427	0.22922677841527503
429	0.05594279704754636
431	0.5295256693442697
432	0.3261769782807754
433	0.23721889645514505
434	0.018938164917604226
435	0.07979018963975784
438	0.21958031031084532
439	0.499480807201526
440	0.03118123749259898
441	0.5374494511835723
442	0.014591966224058714
443	0.3115104525276501
444	0.2446433067043965
449	0.32088745608376334
450	0.5245767772635866
453	0.2904904155563242
454	0.05498227269891573
455	0.011074876594000624
456	0.2871036877852517
457	0.25008123290361567
459	0.035000702352262325
460	0.03110137857665983
462	0.0014022611227261297
466	0.07227230248186475
468	0.26029196617896627
470	0.5310138181514733
471	0.2813064448681608
472	0.31815462243812603
473	0.047949273401571686
474	0.0516871569646093
476	0.016091305135445443
477	0.47387685468626484
479	0.028253417106872788
481	0.05215378336269489
482	0.32550100903820717
483	0.5247926396067955
484	0.31585348181675005
486	0.018437317246318106
487	0.5136386944615481
488	0.04775534464334912
492	0.0575917940216977
493	0.02475058921624159
495	0.26036687893379273
496	0.3129363166810034
497	0.520185234795987
502	0.08933462852216204
503	0.05612008973973298
504	0.053197952041849524
505	0.09318680219450406
506	0.04647553336382029
509	0.0016491342533806429
510	0.2767292017334032
511	0.5885529264846228
512	0.05476114914856801
513	0.1064139156609774
514	0.03840791443867736
516	0.026253709663148217
517	0.49883470011007375
519	0.03898635186137416
520	0.5663325487994499
521	0.033113337482565564
525	0.29764396038338736
526	0.16535010208056355
528	0.10075359637231922
529	0.027944098451375066
530	0.25220628473024176
531	0.28962517429357315
532	0.251684624424671
533	0.06632243286732017
534	0.2660034269650768
536	0.288156855130164
537	0.2826749188959187
540	0.06848118475904022
544	0.44389470054188823
545	0.06603174733024124
546	0.04900726961486529
549	0.3100909304697859
550	0.29595664921731524
552	0.5283353431919967
554	0.535868068335153
555	0.4675829736443338
556	0.05850373128379996
557	0.32337941499137995
558	0.22888474915773777
559	0.2579414342792479
561	0.019927717005302534
563	0.549943380454605
564	0.3188891472042583
565	0.2718089208804548
566	0.008573005271735417
569	0.04741161131376265
572	0.004911341923555853
573	0.037338342593896144
574	0.05362987353492414
575	0.2602000843241569
576	0.27303198460323136
577	0.26900790766450455
578	0.32956147615422665
580	0.033727514894389965
582	0.26374252775719376
583	0.050746950446894715
584	0.3121886805572531
585	0.22565874490197524
586	0.2803950894857671
588	0.2603445769538382
590	0.2940750499794585
592	0.24386154120105774
593	0.07006886903410828
594	0.27338375276333643
595	0.0020073919615623825
596	0.32956395291681556
598	0.49736528308228095
599	0.22832727764233024
600	0.06022796442178496
601	0.05689464976731135
602	0.29116609067837135
603	0.24903215959367014
605	0.24405108438027273
606	0.02747021300064647
607	0.06170651098841698
609	0.12373158566313122
610	0.06862157276645436
611	0.28132525088754534
612	0.4393133938189075
613	0.038170083385457354
614	0.25803911902789795
616	0.28470223931587546
618	0.2924577279210416
619	0.06904480749363738
620	0.32413027241173664
621	0.04000256635291792
622	0.29050778208519573
623	0.03963490865133988
624	0.008797081977575366
625	0.04857237934581483
626	0.262042344163105
629	0.04786346487022827
630	0.19034677551401524
631	0.011236269467533685
637	0.3375608334928212
638	0.04271001349816479
640	0.2710619456010903
642	0.33700059493427204
643	0.04994123242596132
644	0.315451880575664
645	0.045420603039125235
646	0.5001174367586135
647	0.04045520441997947
648	0.03781564263416859
651	0.2955183612558005
652	0.18552586257594875
653	0.30947019842511364
654	0.25720454174151985
655	0.04513063477496902
656	0.1535063425006158
657	0.5461307614707418
660	0.3188257936837635
661	0.03494215023726464
662	0.44085814010116
663	0.28055340330678963
665	0.006249127056404156
666	0.2547297137952568
667	0.07662526434468267
668	0.2032366155582985
671	0.026027789825039782
672	0.5296141732403225
673	0.5590698204680278
674	0.483849504436892
675	0.47901950265146165
676	0.0005837480292488519
677	0.010910193594444052
678	0.23524453181284133
679	0.5407952388080097
680	0.28168924824824204
681	0.5638380393622717
682	0.058989617714268125
683	0.030860791371809578
684	0.28429759827067136
686	0.0037969944331105697
687	0.4618076993412588
688	0.2396316705515421
689	0.28510365022732
691	0.5284902923643171
693	0.1940176525184515
694	0.06211951583724921
696	0.02775445126959323
697	0.274244386322257
698	0.27583359897796966
700	0.09007604019932325
701	0.5051020838728814
702	0.24889130760470474
703	0.04029780241546426
704	0.2289302629896854
705	0.5389992127421928
706	0.24679137840368237
708	0.32735771523724705
709	0.5006447150620233
712	0.30850571304631236
714	0.07086060127343585
715	0.5323351100742487
716	0.2753174021613151
717	0.010221292256074838
718	0.2186282796800664
719	0.02945895374921885
720	0.0588594251944594
721	0.027487373569104738
722	0.26397745725629296
723	0.30299957116070136
725	0.49208602762583054
726	0.15048586411039153
727	0.24564663074907125
728	0.018133053422419717
729	0.20015832175135204
730	0.19754710409958864
731	0.2397919131212525
732	0.03757727636441465
733	0.045745234956267145
734	0.044786526571354596
735	0.04741161131376265
736	0.4954826305180455
737	0.2972051311768833
738	0.47931143629124684
739	0.017470882752447042
741	0.03148531938821389
742	0.21627872272272905
743	0.19284774987837808
746	0.3206080288035239
747	0.04228445991234329
749	0.2887368743590958
750	0.05863786856289355
751	0.08401657983474073
753	0.01135643421728779
754	0.25172079236793177
755	0.2945515409726342
756	0.2810724922258638
757	0.25941022670993974
758	0.034527452558083
759	0.011712936017118966
760	0.1903401613562123
762	0.06232973313494958
764	0.04818749633956512
765	0.5430416626817243
766	0.05450474165006471
767	0.21507212864490133
768	0.27232894707578836
769	0.7446148395478165
770	0.0024253010717217756
772	0.03245015190813367
773	0.26400222396787726
774	0.13534623121450434
775	0.2559783327435683
776	0.2755679599635068
777	0.20118336376556395
779	0.22193121449148906
781	0.022228631167351763
785	0.2647658117071112
786	0.029416276720095183
787	0.03921816254173757
788	0.31433867001591087
790	0.21122919633425077
791	0.2739500875107536
792	0.28641803106722036
793	0.23111954562199777
794	0.22993447594370842
796	0.0163853444766435
797	0.23409127816088204
798	0.0829806612720781
799	0.2189303544300668
801	0.4651905185834454
802	0.07021026781914222
803	0.3071854482481812
804	0.30224203214043655
807	0.32368058582458087
808	0.21516017565541537
810	0.2641840951871025
811	0.06427372066882571
812	0.2383046928604142
813	0.013510991217410388
814	0.026795322371946425
815	0.30207271864844965
816	0.2516980467721459
817	0.2553573979008729
818	0.015239097574494369
819	0.03948240035026285
822	0.19656779520870213
823	0.03560525450215125
825	0.06942321926589602
826	0.2638080773685254
827	0.24175381290503578
828	0.016841141427925574
829	0.04741161131376265
830	0.2730126001658489
831	0.4836589544747316
832	0.5627161470049568
834	0.30258762355240143
835	0.030145475047421696
837	0.01842322646434336
838	0.014079857435909171
839	0.26970139256830683
841	0.036964033219121034
842	0.22574211206217554
844	0.31906903277159054
845	0.5231344835183064
847	0.00805453515924166
848	0.0222116848623114
849	0.04741161131376265
850	0.2951889505448556
851	0.056605362297694445
852	0.32399776648334183
855	0.20328222756648356
856	0.01233213353224059
857	0.23227011219416574
858	0.5276335973706419
859	0.26081927568140917
860	0.28241307820435424
861	0.2070725807990241
862	0.5232444756256923
863	0.06598858565685858
864	0.056123099775286525
866	0.3922196346109006
867	0.023092786540885406
868	0.26790395570356507
869	0.2548378220625512
870	0.02590217502603106
872	0.27715309284052153
873	0.23989003746794327
874	0.03675589062776129
876	0.5091874963078246
877	0.2723212726342967
878	0.052875490984968375
879	0.4958626657292594
880	0.03971835341587518
881	0.06989815920111142
882	0.04393361073537903
885	0.20566285106540608
886	0.04438499168515925
887	0.24999798739285736
888	0.7364746678985742
889	0.045451505594936485
891	0.4966365667228988
892	0.05406717870755515
893	0.3144716673293309
895	0.2840809326303767
896	0.27086701810983127
897	0.2669736280670248
900	0.014850001438627691
901	0.22365594651090884
902	0.29691378692122566
903	0.04863354875976072
904	0.22020488273322936
906	0.312484045508803
908	0.0465053754151559
909	0.4830205229722892
910	0.4637504214130592
912	0.17692406605299577
914	0.37033539249482333
915	0.7524198875876673
916	0.24141348298325718
917	0.2845223464624564
920	0.23158728674718004
921	0.29299613913990513
922	0.22740807293229812
923	0.2924535078471793
924	0.016175501210591386
926	0.2660953634925089
927	0.0622247509237387
928	0.21724237897403162
930	0.5322331685925765
932	0.24298747612978316
933	0.25105750280805683
935	0.5432956702528898
936	0.5255068452807206
939	0.5796755036675173
941	0.5191873568715011
942	0.25691985847560783
0	0.0
0	0.0
0	0.0
0	0.0
0	0.0
0	0.0
0	0.0
0	0.0
0	0.0
0	0.0
0	0.0
0	0.0
0	0.0
0	0.0
0	0.0
0	0.0
0	0.0
0	0.0
0	0.0
0	0.0
0	0.0
0	0.0
0	0.0
0	0.0
0	0.0
0	0.0
0	0.0
0	0.0
0	0.0
0	0.0
0	0.0
0	0.0
0	0.0
0	0.0
0	0.0
0	0.0
0	0.0
0	0.0
0	0.0
0	0.0
0	0.0
0	0.0
0	0.0
0	0.0
0	0.0
0	0.0
0	0.0
0	0.0
0	0.0
0	0.0
0	0.0
0	0.0
0	0.0
0	0.0
0	0.0
0	0.0
0	0.0
0	0.0
0	0.0
0	0.0
0	0.0
0	0.0
0	0.0
0	0.0
0	0.0
0	0.0
0	0.0
0	0.0
0	0.0
0	0.0
0	0.0
0	0.0
0	0.0
0	0.0
0	0.0
0	0.0
0	0.0
0	0.0
0	0.0
0	0.0
0	0.0
0	0.0
0	0.0
0	0.0
0	0.0
0	0.0
0	0.0
0	0.0
0	0.0
0	0.0
0	0.0
0	0.0
0	0.0
0	0.0
0	0.0
0	0.0
0	0.0
0	0.0
0	0.0
0	0.0
0	0.0
0	0.0
0	0.0
0	0.0
0	0.0
0	0.0
0	0.0
0	0.0
0	0.0
0	0.0
0	0.0
0	0.0
0	0.0
0	0.0
0	0.0
0	0.0
0	0.0
0	0.0
0	0.0
0	0.0
0	0.0
0	0.0
0	0.0
0	0.0
0	0.0
0	0.0
0	0.0
0	0.0
0	0.0
0	0.0
0	0.0
0	0.0
0	0.0
0	0.0
0	0.0
0	0.0
0	0.0
0	0.0
0	0.0
0	0.0
0	0.0
0	0.0
0	0.0
0	0.0
0	0.0
0	0.0
0	0.0
0	0.0
0	0.0
0	0.0
0	0.0
0	0.0
0	0.0
0	0.0
0	0.0
0	0.0
0	0.0
0	0.0
0	0.0
0	0.0
0	0.0
0	0.0
0	0.0
0	0.0
0	0.0
0	0.0
0	0.0
0	0.0
0	0.0
0	0.0
0	0.0
0	0.0
0	0.0
0	0.0
0	0.0
0	0.0
0	0.0
0	0.0
0	0.0
0	0.0
0	0.0
0	0.0
0	0.0
0	0.0
0	0.0
0	0.0
0	0.0
0	0.0
0	0.0
0	0.0
0	0.0
0	0.0
0	0.0
0	0.0
0	0.0
0	0.0
0	0.0
0	0.0
0	0.0
0	0.0
0	0.0
0	0.0
0	0.0
0	0.0
0	0.0
0	0.0
0	0.0
0	0.0
0	0.0
0	0.0
0	0.0
0	0.0
0	0.0
0	0.0
0	0.0
0	0.0
0	0.0
0	0.0
0	0.0
0	0.0
0	0.0
0	0.0
0	0.0
0	0.0
0	0.0
0	0.0
0	0.0
0	0.0
0	0.0
0	0.0
0	0.0
0	0.0
0	0.0
0	0.0
0	0.0
0	0.0
0	0.0
0	0.0
0	0.0
0	0.0
0	0.0
0	0.0
0	0.0
0	0.0
0	0.0
0	0.0
0	0.0
0	0.0
0	0.0
0	0.0
0	0.0
0	0.0
0	0.0
0	0.0
0	0.0
0	0.0
0	0.0
0	0.0
0	0.0
0	0.0
0	0.0
0	0.0
0	0.0
