1	0.10982803204083225
2	0.533506096753483
5	0.47546361020786243
6	0.09608119069178676
7	0.03598820425092725
9	0.02011647716706804
10	0.29641311118474956
12	0.24169182346895285
13	0.29759459863812593
14	0.5375594232947178
18	0.5214153779975732
20	0.2506880238313509
21	0.3745302482802277
22	0.11807179039390749
23	0.3245265374575206
24	0.48782172237228993
25	0.04488540811510261
26	0.15807436953386614
31	0.03040830312237949
32	0.21259157887950778
33	0.012594381218426393
35	0.25678509878136463
36	0.2357007639814872
37	0.513923808416378
38	0.3009324845978927
39	0.09005461027533003
40	0.30319628792483827
41	0.4689046783887899
42	0.2577736857075194
43	0.23546578089080036
44	0.3451820573031756
45	0.5375820584505658
51	0.2742265693573222
52	0.2460757228610464
54	0.021514219532778708
55	0.24595712343293408
57	0.04184565784825053
59	0.018030316258956278
60	0.3317574945520008
62	0.02898580757003052
63	0.2055425205756494
65	0.23570954063696778
67	0.008507679825697056
68	0.044922944824418144
69	0.04234545170918784
70	0.04400181284613704
72	0.012083747916143823
73	0.0870015596040289
74	0.0762303774220526
75	0.22081351063704013
79	0.215785010223703
81	0.02066021240027734
82	0.28730026317594753
83	0.2410383046281547
84	0.02693133621296482
85	0.056457147779221145
87	0.29943322240036585
89	0.2157374802527337
90	0.07106089531847284
91	0.2542003477222397
92	0.3043649235927286
93	0.07910710588221237
96	0.06240089675191973
99	0.487675628194438
100	0.046470311735222994
101	0.2613600679955501
102	0.0039534454892506815
104	0.33652975913207567
105	0.14514282743490167
106	0.49792823676006587
109	0.25053789754704625
110	0.048890976428513575
111	0.10164814892636412
113	0.09294996071193715
114	0.318405696538043
117	0.02261061866414179
118	0.013556584662699718
120	0.01724450401117349
121	0.50826382334409
122	0.23693410802864906
123	0.23429752953884225
125	0.4762955968309051
127	0.005318670846896387
128	0.2543103375791958
129	0.3495671071290956
131	0.23845745773382215
132	0.08062560306475675
133	0.21483028324931605
134	0.2835863266118243
136	0.34003076214375244
137	0.3117961730487231
138	0.2299002951890768
140	0.283443230248495
141	0.2606714685499596
143	0.23920899668290674
145	0.012442726032457024
147	0.047135470554163506
148	0.06814106963136299
149	0.2919666065111035
151	0.23219320659290707
152	0.016956935166274688
153	0.026430406889812293
154	0.012625579972288102
156	0.00726400361649298
157	0.2613030207774853
158	0.03050927669838358
159	0.47193214639151065
160	0.06500067543907784
162	0.0026238106742938992
165	0.24197155922083294
167	0.05970219575898515
168	0.25830431532434284
169	0.20192492514124422
170	0.5075143014087985
172	0.3581242289886305
173	0.08542251343886692
174	0.2698337213736064
177	0.30111152749709885
178	0.2393741336840826
179	0.27095136860558916
182	0.011641439690153334
184	0.3093673219046405
186	0.031110492804732576
188	0.5555290712830375
189	0.03917224460465584
191	0.1675310612984106
193	0.050267420980089995
197	0.22170196674253245
200	0.08423957724387071
202	0.01590431355678717
204	0.015421488934035346
205	0.1476887429467701
206	0.339536423213233
207	0.3138709223306777
210	0.0900504556074037
214	0.05133686533610443
216	0.0936363435889262
218	0.3414149706142169
219	0.2488018925142129
222	0.034482211766365414
223	0.02229331406724632
224	0.2133479057453605
226	0.10532798846630761
228	0.18818689997012267
230	0.00698126691985098
231	0.2429027144870461
232	0.3125228924279866
233	0.23991375447079577
234	0.5652072766820645
235	0.027650442278128552
236	0.3051434349800356
237	0.28654659326637905
238	0.4914292267813408
239	0.09468651430385674
240	0.3409320499549263
241	0.04867991940625324
243	0.31201235212293604
245	0.21721192186230603
246	0.024662813204387065
248	0.13504926312419988
249	0.05394722156837362
250	0.012862093162361185
252	0.2701947065741652
253	0.26594822980870303
254	0.28098705373647725
256	0.3416941069339004
257	0.48156538066915705
258	0.08510258710408594
259	0.04646363905986879
260	0.27360951519332044
261	0.003174678693203755
264	0.5073390954979891
267	0.5326544564235929
268	0.3358448326348026
269	0.2761806697592101
271	0.5555315192891196
272	0.5224766550122031
274	0.006014395943882027
275	0.2530562474563789
276	0.33315448370560935
278	0.20725729019231187
280	0.06036984147149069
284	0.06689847275301705
285	0.5486607165170153
287	0.21472073841855188
289	0.08529144292877394
291	0.23629505611363755
292	0.2691143439842835
293	0.09498353390332845
294	0.03395874015839975
296	0.47654897487579956
297	0.09155353958918966
298	0.2449689323477502
299	0.3476007006250611
301	0.02121447577589615
302	0.26212990030794436
303	0.32155836684721417
305	0.02257181646348007
306	0.3044635919342852
307	0.002970982884013793
308	0.30473349666923283
309	0.1997583433948932
310	0.28656551652330575
311	0.19881652041085843
312	0.2869841409163035
313	0.33294416945935146
314	0.24693956895653968
316	0.0996672168259912
317	0.27219570674087196
320	0.06086253982271685
321	0.04751018212881297
322	0.5588669706866941
323	0.26283350480525813
325	0.32117298345995826
326	0.30424317356840175
328	0.3073220490401132
329	0.7755251673799319
330	0.214465557492879
331	0.3277394861787176
332	0.5340902158637042
333	0.2555954807714492
334	0.27288499595569954
336	0.2340725969171097
338	0.08918620152875878
339	0.28891615484379857
340	0.21333627921288967
341	0.08444775696314286
342	0.06507875840443024
344	0.0858968198372188
345	0.052238164205796946
346	0.27235373539536967
347	0.2119247531953055
348	0.2333617912918164
351	0.0034948467188936523
352	0.3179518046272353
354	0.07538356128851945
358	0.02591757050833586
359	0.02356026859648104
360	0.0878083209549905
361	0.5437068929503173
362	0.5296637448069278
363	0.54306399312072
364	0.08496709870150683
367	0.31860174264411634
368	0.46068804364604155
369	0.22946692603700677
370	0.04660275476506294
372	0.014549062585588118
373	0.013937893325316773
375	0.03279170989693353
376	0.02310955932008566
378	0.3241428591006027
379	0.3122105231188291
380	0.5127674120281649
383	0.005825452562349721
384	0.08655911238887942
385	0.33716258299355684
386	0.1919644519361006
387	0.34409824076090295
388	0.5249491682587443
389	0.33634342169870274
390	0.293954804141831
393	0.47892284673247276
394	0.3225787314534113
395	0.09112176344990311
396	0.41764740377295306
397	0.31753594533521556
398	0.23966305620784903
399	0.328630107334627
403	0.49824024117016597
404	0.0930292808912258
406	0.299274282784047
407	0.30135306814966567
409	0.3010827431672932
410	0.25720454174151985
411	0.263077485234866
413	0.018050791226412233
414	0.3141977345275385
415	0.015653061670056173
416	0.30764950389577794
417	0.10224954433455857
420	0.5471318635340711
421	0.3194468084513539
423	0.282547360500387
425	0.11009644804519642
426	0.33326605715300184
428	0.5313120895707918
429	0.34035290778114524
430	0.09992491404638652
431	0.25459617945321966
432	0.004654172456785181
435	0.032594218746108496
436	0.26432766761161225
439	0.19063255728907536
440	0.248042188912732
441	0.2419649567194867
442	0.07774933845020257
443	0.0011961837747861484
445	0.2546795780326668
446	0.2466301952900242
447	0.06609602759086872
448	0.25310792705561047
450	0.2534988890843009
451	0.028975684187999014
454	0.004063278339641142
456	0.3020425235020895
457	0.27543251994622286
458	0.31925646168556376
459	0.23145174102668853
460	0.30922059443695527
461	0.024904051607661556
463	0.17613488219832418
465	0.014802171065528783
466	0.08507107130179743
467	0.048742692858727496
468	0.02000346129015969
469	0.5343183616102803
470	0.25187775280461017
471	0.22068786720442418
472	0.013691459361525
473	0.01516001716868073
474	0.5473348842459619
475	0.03563503746048889
476	0.21136652826328753
479	0.10333981040348254
480	0.4884342285934993
481	0.24368274948272692
482	0.2539191653370269
483	0.022252759245999298
484	0.29490641958277747
485	0.34844011897376626
486	0.46877127385173334
487	0.009612233245801967
488	0.293805434565638
490	0.3404582012512251
491	0.5575320871469421
492	0.44736120315446865
495	0.22112942193917673
496	0.13071009655390753
497	0.03150353934538847
498	0.040263236166780875
499	0.09879359089159208
500	0.3311943584355247
502	0.05470121167240858
503	0.024867724532891527
504	0.02030082502381502
505	0.26711540061847583
506	0.3010146011194977
507	0.053832245469228955
508	0.040908885474774434
509	0.34329883474756073
510	0.04753501406897826
511	0.058019232632541884
512	0.2360890982937246
513	0.014385505308753897
514	0.3068379331352221
516	0.01665185498277304
517	0.24429247432911486
519	0.31136717571185957
520	0.07742012435193232
523	0.2240215496488553
524	0.0801956160594862
525	0.03870563704993121
526	0.33357618328382876
528	0.3156242054144686
529	0.006019344138118658
531	0.3423312617068436
532	0.3155742917329178
533	0.4811761280625725
534	0.22706999148622653
536	0.5267784480277276
537	0.0892218793965418
538	0.016834742977547487
540	0.008066787580425335
542	0.0834206097514781
543	0.3212748599660474
544	0.3664838586120387
545	0.03127673478480763
546	0.23087554313608033
547	0.34937448711261454
548	0.2856549468996814
549	0.29204497289053283
550	0.2667488699795988
551	0.22658016984450735
552	0.010284130517434438
553	0.3227198223657524
554	0.2605892146570511
555	0.02119345427998687
556	0.015999519180278834
557	0.0808467922718689
559	0.4822406055727052
560	0.07589576294507014
561	0.3261441660392568
563	0.21802995191605476
565	0.2553915574206788
566	0.08912034371531637
567	0.06012885649014813
568	0.06589611823583719
569	0.29884547076065304
570	0.3113320912188908
571	0.5342959024128943
573	0.31059753701902487
574	0.04958819875863586
575	0.2678544353452266
576	0.460786511415582
577	0.0035248881683194733
578	0.25849029685962244
582	0.1996452655891105
583	0.25866193796981596
584	0.016651490862057527
586	0.2467751222334194
588	8.647724065596885e-05
589	0.030619147251449423
590	0.0539035720246357
593	0.008132368572728695
594	0.22736556991679246
596	0.49376899139047314
597	0.18820745889279028
600	0.12829377330742026
601	0.004091395258885747
602	0.23153117914138063
603	0.12660201404593394
606	0.3142493486066213
607	0.00948303112606326
608	0.045635156930627675
611	0.25214227970565334
612	0.24230566948491702
613	0.30840646091153245
614	0.03905899131850672
615	0.28820172028675617
616	0.3151544957255372
617	0.27729469471349444
618	0.47239863985768105
619	0.5317797111450537
620	0.2430017890359793
621	0.015844719114148684
622	0.09377224700120114
623	0.45085866320968065
624	0.06319224811314254
625	0.23782721025258702
626	0.348801203478874
627	0.3206495968385821
628	0.0657236952634684
629	0.0034247917292170756
632	0.2556470563144076
634	0.32120538186874065
635	0.2935870153069908
637	0.28917311224322473
638	0.04271686768154201
639	0.34622637918228877
640	0.2668941967302763
641	0.27817579524609826
642	0.25187035813735176
643	0.2934704324168495
644	0.253858388936835
645	0.3279651651745705
646	0.2058834499404609
647	0.007075509775472111
648	0.5581324013611645
649	0.2591122118157095
650	0.3282160585147911
651	0.5926133291502402
652	0.22804892036862995
653	0.7198856147340903
658	0.30832062410077304
660	0.260410545236068
661	0.5098957521197894
663	0.007686850398875924
664	0.30753754894592594
665	0.07751224211210254
666	0.5517517583941207
667	0.034107181628666924
668	0.32385662662014447
669	0.3030733713696014
670	0.30389365272454816
672	0.22223079807513035
673	0.2555242543154188
674	0.21339964838730854
675	0.23674161822305126
676	0.31170932212827146
677	0.25026030796820603
678	0.2047342019718243
679	0.5262658073568509
680	0.25224095567913846
681	0.19367142219431369
682	0.3105529425419226
683	0.29752105720271704
684	0.24369240332708253
686	0.06713731479195353
688	0.28254324869791286
689	0.47184385921454575
690	0.0019249603215942754
691	0.03227592634274054
693	0.057954531494606255
694	0.24026026485710608
695	0.10750518382124624
696	0.3420728794661872
697	0.3397468496320259
698	0.2275927329444208
700	0.0243977949560091
701	0.22389268155042635
702	0.22076219275163048
703	0.24219104987514029
704	0.33639023933425766
705	0.2545983892963782
706	0.20133723682152377
707	0.06304663323242951
708	0.4562561902796891
709	0.24769487687986036
710	0.0634809013935331
711	0.11090127328283403
712	0.2437532559932033
713	0.12358096503332615
714	0.4825272544413865
715	0.042865882870066416
716	0.007034409690820708
718	0.05996446330100304
719	0.010429102347487638
720	0.34872413669185465
722	0.01227273080539808
723	0.2703633565828927
724	0.339536423213233
725	0.23509101138533428
727	0.37484192374471725
728	0.20332179362873495
729	0.024161282446562807
730	0.0034138346212053694
731	0.016563946509502
732	0.23213965455853275
733	0.3498011448109939
734	0.2494835492104584
735	0.25319924898498053
736	0.03528464516713434
737	0.06712277805896244
738	0.346467769398394
739	0.24867247882434176
740	0.11686781515239943
741	0.3254726307165786
742	0.0031298825607771023
743	0.3183644834329761
744	0.3353290187838004
745	0.13175549059153852
746	0.3015390546452357
747	0.31614517639222356
748	0.30765857651097717
749	0.2556885150976802
750	0.015024279280970023
751	0.2565066480444115
752	0.28900686761402117
754	0.22558455144741685
755	0.277202607709727
756	0.26276836090148026
757	0.5518431273903298
758	0.2771948851250718
759	0.23396890571228365
762	0.8017234555288324
764	0.2906274869543709
766	0.34588625867195705
768	0.2708707066144034
769	0.04185002525769398
771	0.030816514663741766
772	0.5579863963097927
773	0.32162568320703566
774	0.07896124330026474
775	0.23061978455874016
776	0.20888572736055683
777	0.028586669919750087
779	0.22638557112734056
781	0.5303900234469066
782	0.004042963077535766
783	0.28883565409154316
784	0.05659781310179675
785	0.49228230526847944
787	0.06151960851547292
788	0.3385931333503577
789	0.007734187061808069
790	0.09268243311069985
791	0.24148415819621658
792	0.03637678371053721
793	0.19067299459607998
795	0.08500854660924999
796	0.3025517832742907
797	0.27139803994134976
798	0.25320463469944
799	0.0017701169393232047
800	0.008665918043877709
801	0.010612933727755451
802	0.286179077118621
803	0.0323135565931718
804	0.2698269890040892
806	0.07630000369670971
807	0.07307708876760069
808	0.1052185311964255
809	0.2734323907309687
810	0.23725271010087381
811	0.2518818266901049
812	0.017552642319150717
815	0.07446530576189855
818	0.10132129529826406
819	0.5340506604213978
820	0.29039883865696187
821	0.06603409390748127
822	0.009289726390293924
823	0.05901791289234058
824	0.07075666092881139
825	0.4891438672316698
826	0.10612899365117878
827	0.08190486172773426
828	0.34148434562231333
829	0.48143035786334315
830	0.36561410525608434
831	0.2318349212289913
832	0.24011168148410195
833	0.07351558455386772
834	0.24465865861102554
835	0.060043813590865004
836	0.30660067449374406
837	0.2534961092976083
838	0.003465629055483529
839	0.23057518689547418
840	0.27822102048091246
841	0.31275225164713544
842	0.11008237085828815
843	0.06486876924029919
846	0.31989271479719983
847	0.011989444777780786
848	0.09661648784133697
849	0.24178769354106242
850	0.24186233342948976
851	0.08029686013633164
852	0.04276292772605869
853	0.31826966811187307
855	0.0362742443599171
858	0.23253181013742072
860	0.10172470391101597
862	0.3000716298172794
863	0.2377493279672665
864	0.22931028988240137
865	0.1667105518680138
867	0.32869386641524434
868	0.33634695759495015
869	0.21214190559070975
870	0.30090667980364966
871	0.31822388591626305
872	0.019725495281085394
873	0.059761011192880034
874	0.37035692971568274
876	0.23128580748595176
877	0.018251524896906728
878	0.039612694727074814
880	0.33022327232291193
881	0.35564349216186997
882	0.3312236500211888
883	0.31785695774949974
885	0.1960075736838922
886	0.33595390036534784
887	0.5466850611539614
888	0.2649912822891394
889	0.005246071286162186
890	0.0500171682269669
892	0.34941391166849145
893	0.2681363559377385
895	0.2462046418146107
896	0.29671606053762284
897	0.22690996296876914
898	0.03462381147864592
899	0.27714622504132774
901	0.21829067641456
903	0.023784666769163146
905	0.14539411289114376
908	0.06612501041038868
911	0.007942342008207107
913	0.08372319835269959
915	0.31619057622925656
916	0.06334142445467343
918	0.2873899572247228
920	0.007305627375599307
921	0.23321296590399082
922	0.7595828551701906
923	0.022052083104234857
925	0.014023696482841911
926	0.07305946417675337
927	0.25499079802173685
930	0.012516949416646866
931	0.07563872665664233
932	0.5680864383366435
933	0.5296811339651718
934	0.31508518391122753
935	0.25244178529887856
936	0.2491312436371583
937	0.2622993119928655
938	0.26431303364127273
940	0.31166619950044383
941	0.2772881272881231
942	0.5462641142438853
0	0.0
0	0.0
0	0.0
0	0.0
0	0.0
0	0.0
0	0.0
0	0.0
0	0.0
0	0.0
0	0.0
0	0.0
0	0.0
0	0.0
0	0.0
0	0.0
0	0.0
0	0.0
0	0.0
0	0.0
0	0.0
0	0.0
0	0.0
0	0.0
0	0.0
0	0.0
0	0.0
0	0.0
0	0.0
0	0.0
0	0.0
0	0.0
0	0.0
0	0.0
0	0.0
0	0.0
0	0.0
0	0.0
0	0.0
0	0.0
0	0.0
0	0.0
0	0.0
0	0.0
0	0.0
0	0.0
0	0.0
0	0.0
0	0.0
0	0.0
0	0.0
0	0.0
0	0.0
0	0.0
0	0.0
0	0.0
0	0.0
0	0.0
0	0.0
0	0.0
0	0.0
0	0.0
0	0.0
0	0.0
0	0.0
0	0.0
0	0.0
0	0.0
0	0.0
0	0.0
0	0.0
0	0.0
0	0.0
0	0.0
0	0.0
0	0.0
0	0.0
0	0.0
0	0.0
0	0.0
0	0.0
0	0.0
0	0.0
0	0.0
0	0.0
0	0.0
0	0.0
0	0.0
0	0.0
0	0.0
0	0.0
0	0.0
0	0.0
0	0.0
0	0.0
0	0.0
0	0.0
0	0.0
0	0.0
0	0.0
0	0.0
0	0.0
0	0.0
0	0.0
0	0.0
0	0.0
0	0.0
0	0.0
0	0.0
0	0.0
0	0.0
0	0.0
0	0.0
0	0.0
0	0.0
0	0.0
0	0.0
0	0.0
0	0.0
0	0.0
0	0.0
0	0.0
0	0.0
0	0.0
0	0.0
0	0.0
0	0.0
0	0.0
0	0.0
0	0.0
0	0.0
0	0.0
0	0.0
0	0.0
0	0.0
0	0.0
0	0.0
0	0.0
0	0.0
0	0.0
0	0.0
0	0.0
0	0.0
0	0.0
0	0.0
0	0.0
0	0.0
0	0.0
0	0.0
0	0.0
0	0.0
0	0.0
0	0.0
0	0.0
0	0.0
0	0.0
0	0.0
0	0.0
0	0.0
0	0.0
0	0.0
0	0.0
0	0.0
0	0.0
0	0.0
0	0.0
0	0.0
0	0.0
0	0.0
0	0.0
0	0.0
0	0.0
0	0.0
0	0.0
0	0.0
0	0.0
0	0.0
0	0.0
0	0.0
0	0.0
0	0.0
0	0.0
0	0.0
0	0.0
0	0.0
0	0.0
0	0.0
0	0.0
0	0.0
0	0.0
0	0.0
0	0.0
0	0.0
0	0.0
0	0.0
0	0.0
0	0.0
0	0.0
0	0.0
0	0.0
0	0.0
0	0.0
0	0.0
0	0.0
0	0.0
0	0.0
0	0.0
0	0.0
0	0.0
0	0.0
0	0.0
0	0.0
0	0.0
0	0.0
0	0.0
0	0.0
0	0.0
0	0.0
0	0.0
0	0.0
0	0.0
0	0.0
0	0.0
0	0.0
0	0.0
0	0.0
0	0.0
0	0.0
0	0.0
0	0.0
0	0.0
0	0.0
0	0.0
0	0.0
0	0.0
0	0.0
0	0.0
0	0.0
0	0.0
0	0.0
0	0.0
0	0.0
0	0.0
0	0.0
0	0.0
0	0.0
0	0.0
