2	0.23517521771297867
3	0.2250326129561097
4	0.052650460357257914
5	0.5091534911980493
7	0.2421014003058288
8	0.23511035574094272
9	0.24163103604508093
12	0.01029086154304154
13	0.0155916305108285
15	0.010749621917698574
16	0.022877541069607436
17	0.27676029699630744
18	0.2939252101931385
20	0.24765315520909112
21	0.07089028358999562
22	0.05045979443843975
23	0.2797431434398911
24	0.2930892776690745
25	0.22854670025331136
26	0.01593542905214067
29	0.03464384664039401
31	0.26225629773572373
32	0.4685238337724938
33	0.2769599660803612
34	0.17631813270623545
36	0.25383869376843143
38	0.047604070278079814
40	0.032746610373163294
41	0.47042752371233115
42	0.263174429819538
43	0.2978902608358649
45	0.21178090087308016
46	0.49956594411803495
47	0.30344992785299124
49	0.01456925914134307
51	0.23450408703253958
52	0.4830669254928459
53	0.5461578007820134
54	0.2545006016877123
55	0.2600976525139129
56	0.2504645526249063
57	0.004576284805527065
58	0.01946100237338652
59	0.03690893310370941
61	0.1426027751134079
62	0.023426912654097926
64	0.27016723857811376
65	0.21712477160237548
66	0.4928151442572501
67	0.5305862633355317
68	0.5367589441505554
69	0.007215624634078897
71	0.011766917347849161
72	0.29868358832314224
73	0.03768477021286175
74	0.07014355269836808
77	0.03826167728609672
78	0.216047694048054
79	0.21901589873943103
80	0.12891936419942432
81	0.23170512457866524
83	0.21211583257894193
84	0.013563536087311551
86	0.07546165059044116
87	0.00625486955988842
88	0.08047031259811127
89	0.502718565652867
92	0.31699071307483645
93	0.5296695509557208
94	0.03286022447092477
96	0.23438335146480724
98	0.49953543579703885
99	0.4981207869172336
100	0.012652510572101913
101	0.19712202032008602
102	0.004116194529630898
103	0.32650622683749403
104	0.3438822866011638
105	0.06065064006110135
106	0.20334740787449126
107	0.2804889626099257
108	0.2979532173147896
112	0.2899688830278703
113	0.2568958920717515
115	0.03643274590140461
116	0.25350440970864385
117	0.29802311393525954
120	0.2809843818984324
121	0.005940547162905582
122	0.26215891081972836
123	0.2695659135765661
124	0.44969749959115835
125	0.5150411819579656
126	0.23740017055323853
127	0.243094170529877
128	0.24535349278936625
130	0.04672842788818746
132	0.0682234216611391
133	0.2443307324424811
134	0.2459258192534336
135	0.2658437419958707
136	0.05364706748074332
137	0.24156195853485832
138	0.25144871311702943
139	0.05670446172771163
140	0.3056554011274576
141	0.19000800189562017
142	0.2573341112820051
143	0.26226991812242517
144	0.01509252598967372
145	0.011920065573748015
146	0.23623839287797224
147	0.017767523645583764
149	0.24352243779280122
153	0.3656290993571739
154	0.016925913043964
155	0.15877721988752258
156	0.2874161205640661
157	0.24139061885763974
158	0.049880517530918364
159	0.24573408735459057
162	0.5236669304701524
163	0.2866913681119295
164	0.27562806017327135
165	0.2510533014270945
166	0.06907237015941553
168	0.02068079933477156
169	0.6992559567325914
170	0.2177358858173301
171	0.5313269426452224
172	0.2947564085441261
173	0.045740169765676
174	0.08095151233136025
176	0.08547749694406412
177	0.050421873768140044
178	0.27148740829358137
180	0.4940016696341034
183	0.03026936130096472
184	0.026742275580195755
187	0.23671726055916742
190	0.15038610408833641
191	0.24373435629902765
192	0.11631951669763635
193	0.05574214312088627
195	0.07029908119727038
197	0.1751635754731269
198	0.019422096856385206
199	0.4679013102470103
200	0.2297358961077034
202	0.24108836011410395
204	0.22526174665503715
208	0.33212263382351304
209	0.24899966355536582
210	0.0397879187231996
213	0.06220300304120298
214	0.3109759761828789
215	0.04772492755988286
216	0.06028957539157494
217	0.09775459926420382
219	0.0022715374159916896
220	0.2658180611662918
221	0.3255218369733549
223	0.04990602738996703
224	0.21538910897024255
225	0.05259207092198021
227	0.09458851107083734
228	0.07351904688757482
231	0.4443570343160476
233	0.263334809518215
234	0.013201745669268669
235	0.2973122661416275
237	0.5486353181431342
238	0.22593159156357065
239	0.24466673636842323
240	0.05346768398102526
242	0.27381964817758486
243	0.009335804459033377
244	0.31859227222819625
245	0.4923789105054532
246	0.19390489483140588
248	0.24166128843286644
249	0.049377043910536114
250	0.28050201601319824
251	0.011696695784261007
252	0.030016576634567856
254	0.19026438589013936
257	0.25338890717688395
258	0.025244428345165656
259	0.028998121901787445
260	0.27255404237936026
261	0.002815754276579263
262	0.300159085061432
263	0.04874240934768738
264	0.23865713856277515
265	0.2582834965379781
266	0.31522036220942395
267	0.033486736264171715
269	0.01737874661929488
270	0.05365134067186326
271	0.022353819591201807
272	0.27125795307757955
273	0.23535261212545422
274	0.25269492715461794
275	0.23467110496065585
276	0.2822585675223638
277	0.2727205850794346
278	0.21726291250549995
279	0.24545882190697355
280	0.036384369626567076
281	0.041025105933684344
283	0.0250106915083462
284	0.05017567791591179
285	0.22751327188520754
286	0.0379375330940394
287	0.5549869222291774
289	0.3007570493325705
290	0.013636812322475565
291	0.5361824206350051
292	0.2981490322811858
294	0.21815826906199448
296	0.31776186072127305
298	0.05853222175365322
300	0.13394938755999303
301	0.49015505924003444
302	0.21239856524555598
303	0.2588463384359053
304	0.03362324938281442
305	0.09524158323936707
306	0.26814535548206053
307	0.25267169874716205
308	0.03656657408366067
309	0.4914138121100436
310	0.18258503220431155
311	0.19900547372079655
314	0.2561837583813085
315	0.061113700849318345
317	0.2706574135799447
318	0.04062495857504336
319	0.06756987666932904
323	0.5098331563361699
324	0.269152115032485
325	0.0376626800452079
327	0.023053844155180636
329	0.2653524048867806
332	0.26632386406495123
333	0.5370607494229773
335	0.054826395643173056
336	0.4806420906692635
337	0.22479455090414613
339	0.27289037009911055
340	0.25247452331770937
341	0.2591831349007636
342	0.07140228486290687
343	0.2909217084128226
344	0.2398955167269206
345	0.24609368551810798
346	0.04030945887171805
347	0.28794852381644914
348	0.4205313642568531
349	0.07534104819432275
351	0.28827043910976424
353	0.10632511055332525
354	0.06063675580080896
356	0.2561630693317304
357	0.08494610635356671
358	0.28159356302860233
359	0.26372427200368037
360	0.03328177853385526
361	0.04841806739515698
362	0.25463042472038816
363	0.21396564113360456
364	0.05443671906173806
365	0.252182530687222
366	0.309595249120444
367	0.23251755450315842
369	0.43293033715770074
375	0.23285981233269681
376	0.5136928477096501
377	0.29904901032113607
378	0.031349473548420166
380	0.2902408449447465
382	0.05021286630094632
386	0.2751807455884858
388	0.24652873131557607
389	0.01879404540252254
390	0.01152342245475109
391	0.01649728019971705
392	0.03706329457233118
393	0.2426113226925808
394	0.005371023153985289
396	0.19816305336597412
398	0.03495595278583907
400	0.47678739131318804
402	0.25404957344532125
403	0.27296407690659824
406	0.05788461615647772
407	0.04814681052280023
410	0.2116152704299282
411	0.049059764087926366
412	0.512586384230214
413	0.24407515255598772
414	0.07564864096410387
415	0.3109638966777954
417	0.03893261786616875
418	0.2972155609415802
419	0.30830196454874365
420	0.26433899208618566
421	0.24422345599117576
423	0.278436620679724
424	0.05942581912635351
425	0.04349747402604608
427	0.2868699472879301
428	0.004834238218477213
429	0.01869163476573392
430	0.02877194084169942
431	0.014760174892361946
432	0.26898540334267657
435	0.024297040538888606
436	0.2720800848875291
438	0.7584594667833734
439	0.23594741162296018
440	0.53578973104017
441	0.24067159005131988
442	0.0351918104431601
443	0.06826182546743487
444	0.2579034069229518
445	0.025056962021001244
446	0.0265419927937212
448	0.15660465537542728
449	0.2673605660677214
450	0.30508599008759
451	0.2205503171036463
453	0.0315204998396766
457	0.017709608957334803
458	0.05976757988462096
459	0.24120860750063677
460	0.04850845063925488
461	0.5704187152964514
463	0.16549231442679382
464	0.04697969008116443
465	0.5124147452957698
466	0.2648982082005153
468	0.2478932622307793
469	0.051350393884625894
470	0.23573170368654195
471	0.21382686813012852
472	0.2625263205733715
473	0.28681033773295345
474	0.2837846155612767
475	0.09218768069736605
476	0.2573374987161323
479	0.016863692320210236
480	0.28762408366577497
482	0.2814555463901882
483	0.24509209437888915
484	0.01633770256319473
485	0.05457229339176587
486	0.03204568441384317
487	0.3041747340418178
488	0.23679867087372866
489	0.20056760361754683
490	0.005851672161254023
491	0.28567165208920986
492	0.5127709515326084
494	0.478450768589748
495	0.25217695141773666
496	0.020049444098766037
497	0.3127290635452292
500	0.05137088946881802
501	0.024996148738848173
507	0.2542745580660884
508	0.02634569454991299
510	0.27192805018653315
512	0.2623900393710533
514	0.021295405380445186
515	0.24924702143095454
516	0.26705745315631113
517	0.435372898072985
518	0.4652759180089409
519	0.010085559864642067
520	0.2507038692723052
521	0.2573876462869661
522	0.05470626340215754
523	0.4787220852948665
525	0.054266269294912815
526	0.2373324536920696
527	0.22168944554715447
531	0.02835310684382601
532	0.023471570892810135
533	0.23379073275490242
534	0.30072040980468084
536	0.255900345834245
537	0.04156462580269453
540	0.2750122221480506
543	0.031343781026156814
544	0.18418969487749853
546	0.5185262834977434
547	0.4537752453407718
549	0.31874715972693113
550	0.19214005843173534
551	0.536540705692951
552	0.5011326058163399
554	0.4671888364523195
555	0.2876123479630923
556	0.3074499314596235
558	0.06282469407899903
559	0.22837037909914734
561	0.05113395037971633
563	0.441703141190745
565	0.21341518093378553
566	0.05512123338402223
568	0.009170709569733607
569	0.06204919783327525
570	0.28527194725945404
571	0.4915503738148291
573	0.05037389456932086
576	0.4829275946130644
578	0.29715022938577557
579	0.026043722203859754
581	0.3048741734677083
582	0.7721815803721231
586	0.07352514735137067
587	0.279538814433538
589	0.07223025060986128
590	0.035510188250172756
591	0.06195416044554105
592	0.011801006243206125
593	0.009053602669002098
594	0.5448851570956115
595	0.0019069125386065727
596	0.001022365454658447
597	0.20372733347563565
598	0.3301573956552816
599	0.038285846575410246
602	0.31407450749651544
603	0.48441159362914066
604	0.1715409647823271
605	0.28559312655037244
609	0.38988550123034516
611	0.28664600966990395
612	0.5319971095198214
614	0.29503203675340717
615	0.21321049425937394
616	0.24321953575071475
618	0.25950859901381906
619	0.22017955939293832
620	0.21670425294221354
622	0.056791212420756604
623	0.20948640154288972
624	0.05045665913926973
625	0.01937804568224149
626	0.053527934429530494
627	0.015611249154207474
628	0.028365347580925813
630	0.2832434750009466
631	0.07291539975034007
634	0.00978504675643111
635	0.30797480301836694
636	0.49461812199829025
640	0.04361389511618828
644	0.22966514028304705
646	0.20858691481333466
647	0.05485954569804662
649	0.2911916665711468
652	0.5167450299307361
653	0.5238808567925305
654	0.22081351063704013
656	0.16461146755281392
658	0.3112318541645552
660	0.0067613643312075394
661	0.32421047369789835
662	0.32970953080352444
663	0.5048314599297171
664	0.07570854388217504
666	0.28487930240319265
667	0.05483329441600602
670	0.0654924588515434
672	0.5338518829607235
673	0.020606017173476352
674	0.32661935074117676
675	0.11339337555528274
676	0.3031506390783083
677	0.3005338750000092
678	0.31426228448742216
679	0.2460514513968293
680	0.2673020843030419
681	0.15926805134102498
682	0.2818602031292486
683	0.05564169166879869
684	0.4732656006550695
686	0.059400059694908885
688	0.2557313367842845
689	0.24541140668774727
691	0.32865384908844253
692	0.26208083165130514
693	0.015966524271672652
694	0.224721197039844
695	0.31597630322890624
696	0.026196820747937766
698	0.23473779169718575
699	0.2871195782458611
700	0.012952714868533537
701	0.4974535500107814
702	0.47593786816401074
703	0.5161966643559642
704	0.07015946498688659
705	0.2921301610396801
706	0.45641710185408535
708	0.22407756324424583
709	0.5053723528836234
710	0.05236128730369281
712	0.2832286247177231
713	0.031973955506210475
714	0.24077818705094756
715	0.04551123693052411
716	0.03441506326398601
717	0.055905982834862214
718	0.20633562834186356
720	0.026007038371011038
723	0.26840367541607324
725	0.3046232081724244
726	0.36713276355813984
727	0.0044659581085773545
728	0.36669119992549337
730	0.5061281956050224
731	0.013972740683043793
732	0.2918132595334864
733	0.01388979547635107
735	0.011523422454751124
736	0.31786083143055416
737	0.0781515559796285
738	0.012695756213991681
739	0.2588065927252023
740	0.033785702346966186
742	0.32827525549640196
743	0.28731999650702233
745	0.009356373968569323
748	0.2682774161458162
751	0.016131737625300017
752	0.03508294202350323
753	0.037553323123368836
754	0.537781168608491
755	0.0451252451531287
756	0.05454118975480708
757	0.02734282210566588
759	0.24955354309110298
760	0.22244956339778138
762	0.21968266251053112
763	0.06773763173009359
767	0.037081498395585596
768	0.3520596280513083
769	0.02957756565728076
770	0.03859872338226057
772	0.22604738965510524
773	0.012444620997921617
775	0.010937799871613328
776	0.4763052356937573
777	0.3010080407918774
778	0.27019157994355764
779	0.2655913899147857
780	0.06948469160625806
781	0.49654472198786354
782	0.016914947906245002
783	0.47225110346039634
784	0.009152082350936425
785	0.49354848981610516
787	0.2705691863252691
789	0.5135808821655323
791	0.5043623626348464
792	0.49671934975605314
793	0.00666180235567998
794	0.2690638719030137
795	0.28162610746853645
797	0.5207045419364219
798	0.269835022818186
799	0.4822299458877223
800	0.28099422447354644
802	0.003396935092672318
803	0.29411735434114
804	0.005209460971140792
805	0.0157081853334108
806	0.24741403378520513
807	0.046335040755061285
808	0.048039926798568514
810	0.27805031279445214
811	0.23983651690397656
813	0.26037904184382443
814	0.08735730577560735
816	0.2890919314064824
817	0.08212603619433488
819	0.029549982389091605
820	0.2730893852393097
822	0.06292204901799034
824	0.258196945383388
825	0.22160417391830478
828	0.24715130033663577
829	0.3045729196501911
831	0.4821761948115463
832	0.5141684683285029
833	0.030188665750962358
834	0.22765852720044125
835	0.027767793834402782
836	0.28516978134872895
838	0.023315189549613126
839	0.2780142464959889
843	0.010829027321560464
844	0.06301855395625505
847	0.25003558875551846
849	0.25404714427166697
850	0.033902767243894225
851	0.26292037395714524
852	0.06763583624430004
853	0.004508551117551607
854	0.04366511550663686
855	0.0004711612437183349
857	0.09888026072344397
858	0.2781614161771637
859	0.06906333237950615
860	0.2526955843051019
861	0.018326966143454786
862	0.24713158078781275
863	0.24675085044499964
864	0.008048050872586435
865	0.06671291013336693
868	0.4920670761698125
869	0.2602124328427467
870	0.04716456376819518
871	0.46493327835026077
872	0.2151142886227893
873	0.27344937380916173
874	0.015482673982510256
876	0.22251663229445026
877	0.251521070351414
878	0.0395784693102343
879	0.3162237851627891
880	0.041675466238457776
883	0.04670532458546069
884	0.29024303410152613
885	0.23385089813190388
886	0.00027060045507063674
889	0.27510284891736525
891	0.063663884158021
892	0.03003856591279018
893	0.2991445178465498
894	0.03122336200648962
895	0.45495956937933735
897	0.00904605110933675
898	0.24737210439759494
900	0.20096091700457303
901	0.019877514149453365
905	0.23586251714219345
906	0.035637057454043636
909	0.0014332415583861655
910	0.2914893124259723
912	0.004801512272136585
913	0.038490731133529375
916	0.017005394462034137
917	0.30341265097299275
919	0.04550748014145635
920	0.5033706313687145
922	0.23179502427893656
923	0.059984825122695734
925	0.27973386147019597
926	0.06070046953709243
927	0.24946930288740454
928	0.3075322791946344
929	0.25275261851012515
931	0.0608117463958112
932	0.011299660119927647
933	0.29177844861428515
934	0.2716292772672297
936	0.046188480393891174
937	0.28445602879301163
938	0.4984431003623314
939	0.2376951271774505
940	0.3024837425191787
941	0.006240190687888999
942	0.2669379613766889
943	0.07966889617545511
0	0.0
0	0.0
0	0.0
0	0.0
0	0.0
0	0.0
0	0.0
0	0.0
0	0.0
0	0.0
0	0.0
0	0.0
0	0.0
0	0.0
0	0.0
0	0.0
0	0.0
0	0.0
0	0.0
0	0.0
0	0.0
0	0.0
0	0.0
0	0.0
0	0.0
0	0.0
0	0.0
0	0.0
0	0.0
0	0.0
0	0.0
0	0.0
0	0.0
0	0.0
0	0.0
0	0.0
0	0.0
0	0.0
0	0.0
0	0.0
0	0.0
0	0.0
0	0.0
0	0.0
0	0.0
0	0.0
0	0.0
0	0.0
0	0.0
0	0.0
0	0.0
0	0.0
0	0.0
0	0.0
0	0.0
0	0.0
0	0.0
0	0.0
0	0.0
0	0.0
0	0.0
0	0.0
0	0.0
0	0.0
0	0.0
0	0.0
0	0.0
0	0.0
0	0.0
0	0.0
0	0.0
0	0.0
0	0.0
0	0.0
0	0.0
0	0.0
0	0.0
0	0.0
0	0.0
0	0.0
0	0.0
0	0.0
0	0.0
0	0.0
0	0.0
0	0.0
0	0.0
0	0.0
0	0.0
0	0.0
0	0.0
0	0.0
0	0.0
0	0.0
0	0.0
0	0.0
0	0.0
0	0.0
0	0.0
0	0.0
0	0.0
0	0.0
0	0.0
0	0.0
0	0.0
0	0.0
0	0.0
0	0.0
0	0.0
0	0.0
0	0.0
0	0.0
0	0.0
0	0.0
0	0.0
0	0.0
0	0.0
0	0.0
0	0.0
0	0.0
0	0.0
0	0.0
0	0.0
0	0.0
0	0.0
0	0.0
0	0.0
0	0.0
0	0.0
0	0.0
0	0.0
0	0.0
0	0.0
0	0.0
0	0.0
0	0.0
0	0.0
0	0.0
0	0.0
0	0.0
0	0.0
0	0.0
0	0.0
0	0.0
0	0.0
0	0.0
0	0.0
0	0.0
0	0.0
0	0.0
0	0.0
0	0.0
0	0.0
0	0.0
0	0.0
0	0.0
0	0.0
0	0.0
0	0.0
0	0.0
0	0.0
0	0.0
0	0.0
0	0.0
0	0.0
0	0.0
0	0.0
0	0.0
0	0.0
0	0.0
0	0.0
0	0.0
0	0.0
0	0.0
0	0.0
0	0.0
0	0.0
0	0.0
0	0.0
0	0.0
0	0.0
0	0.0
0	0.0
0	0.0
0	0.0
0	0.0
0	0.0
0	0.0
0	0.0
0	0.0
0	0.0
0	0.0
0	0.0
0	0.0
0	0.0
0	0.0
0	0.0
0	0.0
0	0.0
0	0.0
0	0.0
0	0.0
0	0.0
0	0.0
0	0.0
0	0.0
0	0.0
0	0.0
0	0.0
0	0.0
0	0.0
0	0.0
0	0.0
0	0.0
0	0.0
0	0.0
0	0.0
0	0.0
0	0.0
0	0.0
0	0.0
0	0.0
0	0.0
0	0.0
0	0.0
0	0.0
0	0.0
0	0.0
0	0.0
0	0.0
0	0.0
0	0.0
0	0.0
0	0.0
0	0.0
0	0.0
0	0.0
0	0.0
0	0.0
0	0.0
0	0.0
0	0.0
0	0.0
0	0.0
0	0.0
0	0.0
0	0.0
0	0.0
0	0.0
0	0.0
0	0.0
0	0.0
0	0.0
0	0.0
0	0.0
0	0.0
0	0.0
0	0.0
0	0.0
0	0.0
0	0.0
0	0.0
0	0.0
