2	0.32617435436651954
6	0.031052422181124514
8	0.017985968657717517
9	0.2708862561233839
11	0.3666099727102786
12	0.5401706456271935
15	0.2182044028281495
17	0.4382967951715324
18	0.0797570370842263
19	0.44409820403439354
20	0.383369730116561
23	0.03032086224491301
24	0.0276716327903197
25	0.22953823604857435
26	0.14839350707304524
27	0.239324182763747
28	0.2765662791895884
29	0.19112165073549064
32	0.3220610426920927
34	0.18340719564168698
35	0.5182489737212264
36	0.2565903764507025
37	0.2979910689552385
39	0.32411499949437184
40	0.24204284046392618
41	0.041704873563371304
42	0.03530392735779102
45	0.06338919669323578
46	0.22971156805403314
48	0.30184437050498114
50	0.18504086687537832
51	0.07030021751570106
52	0.2671953484375634
53	0.5433510784948088
54	0.011334426015031936
55	0.5690996513838267
60	0.038359488658519056
61	0.776505206889209
65	0.3101694428920017
66	0.5516680917774927
67	0.5503572436174984
70	0.26436468331466806
71	0.4879914507827977
72	0.25450857916925707
74	0.259215554127145
75	0.06907237015941553
76	0.19455277685319264
77	0.35556182044962975
78	0.0904705907276829
79	0.27568462188974885
80	0.3670911010753347
81	0.2659033566024848
83	0.3288091951455757
84	0.23986833241882632
86	0.39141664445107954
88	0.3518128514898672
89	0.049924570076700106
91	0.12215836221165857
93	0.40817937259279513
95	0.23545780642800346
98	0.08117928552248226
99	0.2723391000502628
100	0.034666388575831965
101	0.038315327744293415
103	0.19227439623457565
105	0.15443922248801573
106	0.3064603758532833
108	0.13853534317149507
110	0.1978636294774867
111	0.21322918263491364
112	0.5720884104187203
114	0.01644069427824566
115	0.002681751164238917
118	0.07387846208362608
119	0.008046283922991043
122	0.5271201123128011
123	0.050372464461793304
124	0.5675520927624552
126	0.20707458051477146
127	0.2554065833469018
128	0.5721927347092954
130	0.18753595460885236
131	0.4907673035578322
132	0.23305983835061503
133	0.2758265497868207
134	0.45850781053902334
135	0.2342369863690137
137	0.3199060067113331
139	0.22994231399788145
141	0.5293697756382594
142	0.00029127224389859097
143	0.11201531103527826
144	0.1656384849718457
145	0.08374753086623954
146	0.2556637395317534
147	0.37516233987530456
148	0.23529187555648706
149	0.24167187084951355
150	0.2510713560589619
152	0.3356484471233809
153	0.43299439639571524
154	0.2657578344866498
155	0.19037019569539565
156	0.27101151516155886
157	0.29449418144242334
159	0.3467459307259655
161	0.7231451778790992
162	0.5422148558610473
163	0.6960706555673823
164	0.034261026838672555
167	0.03641667101425475
168	0.21876582270994185
169	0.3927837273118555
170	0.3136562605515772
171	0.2293439817952334
173	0.26050816935463644
174	0.021416815039206102
176	0.6631100994872692
179	0.258290991115841
180	0.35652248344116977
182	0.23748320889926808
183	0.3815739274060561
185	0.45557834466141445
186	0.4993732759800073
187	0.7242033483039554
190	0.25361501089224564
191	0.588490589873519
192	0.1797305866571178
193	0.20223911570740113
194	0.2672562580303934
196	0.16408190426756641
197	0.038309436152596396
199	0.5733252278895464
202	0.5807420817224114
203	0.34875326331270906
204	0.4317126276760448
205	0.5231628386511736
208	0.15498859818225386
209	0.20341671052700902
210	0.038937627837050195
212	0.40161848592717725
213	0.25190566751269106
215	0.19671955330210028
216	0.040681518715181726
217	0.06250776453097123
218	0.015071542457267606
219	0.2859668990352695
220	0.6086380751733851
221	0.24796520884266868
223	0.2381758740850176
224	0.040299753316844183
225	0.1985442760210524
227	0.24414106229957305
228	0.18800924646628348
229	0.5104976537248006
230	0.006028190649286308
231	0.04702967745151884
232	0.0001242902138497981
233	0.21176159576397718
241	0.6675850645050048
242	0.4842269867697281
243	0.12843772150186572
244	0.002095694694763832
245	0.10451195848286457
247	0.22227439063766197
251	0.1717154083930033
252	0.19104139275017157
254	0.2654929768472756
257	0.28264810626370407
258	0.7178669682695593
260	0.2805223417098018
261	0.7823118166121618
262	0.23079330766347952
265	0.3402062751394554
266	0.30943503802566863
272	0.09407228792206235
273	0.7250812829872785
274	0.08833942587231507
275	0.26562935432135093
277	0.47111255446130496
278	0.31445277121053483
280	0.18208535749403043
281	0.03912250551334963
282	0.21168274554829808
283	0.2302433437023229
285	0.07509436242658386
287	0.27055116156015124
288	0.05748731852870652
289	0.4503475130035434
290	0.036952441748862475
291	0.007157408908578036
294	0.19903786870838192
295	0.18258780568035893
300	0.6538451573908836
301	0.07925239888905362
304	0.9896860560191334
306	0.4741332248797796
309	0.13873045082952237
310	0.10955396264782127
316	0.14715802768881364
317	0.08504969369978757
318	0.2684407211517573
319	0.2715006677434813
320	0.02648691605736702
321	0.003644468704661792
330	0.06619905981965399
331	0.02794590311438537
333	0.0844360962564241
335	0.22563143638430494
336	0.30978964446830887
337	0.2209361361732063
338	0.26654156620597697
340	0.3063164830409877
341	0.4887619526852487
346	0.02630240839605745
348	0.04824353874052503
349	0.2434217873816842
350	0.1575679579259887
351	0.31362276936787403
352	0.010218630900055366
353	0.4745562310341025
354	0.024546460889355602
355	0.19766286809447225
356	0.2968707121947445
357	0.4628528008304756
359	0.1956585502592067
362	0.0007096810108491274
364	0.2517150830679097
365	0.22743690287563154
366	0.2204729704553308
368	0.2931853278864612
369	0.29322791330262526
371	0.22291607275982522
372	0.5595124495030551
374	0.0036376109533577186
375	0.11017593492170746
376	0.031755530452741834
377	0.25535150342250534
382	0.15616297899091375
384	0.19073063587152292
386	0.08903519735075816
388	0.09347384901042059
391	0.01766372691886843
392	0.19318567029576839
393	0.07443609628434958
400	0.44977417486002624
401	0.22934292129278147
403	0.02652159860731987
404	0.15758942744620133
408	0.012440843522984843
410	0.48500213279837445
412	0.10149783759928922
413	0.00835819363711942
415	0.20627692195778793
418	0.013341312254476122
419	0.2589412500436865
420	0.05925675491408451
421	0.11770431127307346
422	0.16549898092767512
423	0.005214951892712646
426	0.25552427272790224
427	0.04259458405564883
428	0.3065104667099985
430	0.23466305021703587
431	0.5501667228413987
432	0.024935187130219204
433	0.191889538343042
434	0.41863142264329545
436	0.05443917531915028
437	0.13942873525210195
438	0.2921021339375564
439	0.5101304349955788
441	0.2532489124934495
443	0.01553639062966701
444	0.5226283629333429
445	0.007928739263228395
446	0.0781225354980735
450	0.008834562951550641
451	0.11631782290613263
454	0.021967518322038172
462	0.2296321598216998
466	0.038611437890334124
470	0.2767230993351597
471	0.28820522965096884
472	0.07200241921278067
473	0.38009411674900984
475	0.19636193694878704
477	0.7343870780955394
478	0.2005669425835535
482	0.34774769814414275
483	0.18984726675884442
484	0.01543781135851608
487	0.007532479692707837
489	0.10595693805009576
491	0.07459975378199227
494	0.013131241519977348
497	0.24973858034250807
499	0.25259076555345206
502	0.01055755920793483
504	0.05626578206508564
505	0.03485664072740584
510	0.5960705781920892
511	0.19708194074412697
513	0.0377494339165002
515	0.24357202321806798
516	0.06360298812833065
517	0.05240278472395593
518	0.11587431311501739
520	0.2737965832126238
530	0.469280535818141
534	0.1042696673599535
539	0.17123054013342567
543	0.030143820066420808
544	0.22628724305135547
545	0.02301035835963196
547	0.06923818209914609
548	0.08619443098648256
550	0.04576863516094046
552	0.2912978437255023
554	0.28190958577736275
555	0.17903781751141348
557	0.2035503042213144
558	0.4806136001928803
559	0.3344092872032443
563	0.3003210725729907
565	0.33434159756240284
566	0.2656483969588493
572	0.18974474149734516
575	0.33155601374336036
578	0.3586294521892128
581	0.03486943785567141
585	0.49860188421007823
586	0.030557942241030603
587	0.03785665155643665
591	0.05110314474742583
594	0.3459289584034539
596	0.32980360667466213
597	0.019382180385306758
598	0.00474608621208562
599	0.4472192846236913
600	0.011359995252160249
604	0.01501841656407328
607	0.008762754375074434
609	0.35028803696637767
610	0.031132827317946817
611	0.35433155823513646
612	0.5352834401652605
615	0.07334264870787906
619	0.0902079490583766
620	0.07318853146445112
621	0.03004824296785978
624	0.003943077402763576
630	0.29440340094658723
631	0.2600489573758408
633	0.30416131551325204
638	0.008921465269874414
642	0.07598780618579308
644	0.30132899737791763
645	0.017625782667236297
646	0.266115570755908
648	0.0885520460581527
651	0.31258629150997197
652	0.03760435708834333
656	0.12710006919357386
657	0.3821055739079616
660	0.007307549361242907
662	0.7037908046037564
663	0.33370725381336536
667	0.0523770022617506
668	0.23187873553174154
672	0.28241851221152103
673	0.5373232121710028
674	0.0014591992377162716
675	0.2104010668509322
677	0.12551159112185992
678	0.2858435791603913
679	0.29961314581106857
681	0.2766801298316508
687	0.47950915591579485
688	0.48937093284193917
689	0.05272790002772245
690	0.2768116193828514
691	0.25775033847551365
698	0.04731268365984829
701	0.013744935511661952
702	0.24341768767848995
704	0.20896467319399428
705	0.3187703180789551
706	0.27303428235282207
707	0.0386747327773563
708	0.07714846272137646
709	0.05913701729632534
710	0.04827300861360194
712	0.3376182248540863
714	0.12156524291918988
715	0.44517953088778944
717	0.006649510282400489
718	0.5367919879762635
719	0.03355593117079895
720	0.018742080760813584
722	0.20282261710966962
723	0.32840286062931456
725	0.26726175189353507
726	0.22971297805189866
728	0.029768839626406855
729	0.5237785305201238
730	0.1649165321245915
731	0.19540013733058867
732	0.02809085497966776
736	0.18450413753590691
739	0.05155270386056269
740	0.007227184573248904
742	0.19842729899713746
744	0.005621526529689447
745	0.01830487768568536
754	0.3162985284158074
755	0.22374552473638137
760	0.17092010552443823
761	0.028183621815803687
765	0.4313908471361025
767	0.1813423461706353
768	0.22344942629231052
769	0.38140014628680885
770	0.19752606621022295
775	0.26522849985094155
776	0.04980224083866282
777	0.16613135024868886
778	0.1080938742786349
779	0.2289606623670696
784	0.5460996114072365
789	0.339101365647168
790	0.2697875304826084
791	0.07763401685252044
794	0.18869284721925966
796	0.32364878581575496
798	0.1263182960010773
799	0.45374004745010876
801	0.7586655049382216
802	0.11914251480285662
804	0.3429058567503029
807	0.016087263696981557
808	0.17468178548946828
810	0.06505923867864051
811	0.07818821363665585
812	0.5227784224854418
813	0.048549964713231475
814	0.30107248562638
816	0.5595240898830222
817	0.18251299117848196
819	0.10528213897761508
822	0.22095738286898065
824	0.00010768802445764586
825	0.12156715668012656
827	0.488770729233444
831	0.2731864801211679
832	0.32482157826339286
834	0.050005871205091534
836	0.018704316688900574
838	0.20508442854553016
839	0.03673558690226404
842	0.1827123649955248
845	0.32215475043777264
847	0.26792544696058845
853	0.28561163608176704
855	0.5557731526262308
856	0.26252573271665514
857	0.358562298643032
858	0.30925024197211115
859	0.4952645668714903
861	0.3957748044271635
862	0.004400535216938655
866	0.34068994607536873
869	0.0337496436865297
872	0.31608132364181785
873	0.30867280514961265
876	0.2601951081305472
878	0.0324456336034525
879	0.17971723077208968
881	0.023276967830286464
885	0.030333704781604312
888	0.47497484354772496
890	0.023404736028412212
891	0.1814547458022115
892	0.032771483862931064
901	0.3126269098478404
902	0.421614290491711
904	0.1820160577208655
906	0.21864632188988545
909	0.7291737339050142
910	0.40509555828858385
911	0.000860463189528024
912	0.16307832648951756
913	0.03184250672870635
914	0.7691430706896523
915	0.4463227476395715
917	0.24337093549748132
918	0.3217225784883431
920	0.2938348772448225
921	0.06804406212867314
922	0.018536090552224646
923	0.003155600074545087
925	0.3490013959592162
927	0.11859431730717895
928	0.18229746646431255
930	0.4929088260528646
931	0.19173626215538317
935	0.5728137692196157
936	0.006007815667742736
939	0.2187252098097618
941	0.18494080473869232
943	0.049793255614113414
0	0.0
0	0.0
0	0.0
0	0.0
0	0.0
0	0.0
0	0.0
0	0.0
0	0.0
0	0.0
0	0.0
0	0.0
0	0.0
0	0.0
0	0.0
0	0.0
0	0.0
0	0.0
0	0.0
0	0.0
0	0.0
0	0.0
0	0.0
0	0.0
0	0.0
0	0.0
0	0.0
0	0.0
0	0.0
0	0.0
0	0.0
0	0.0
0	0.0
0	0.0
0	0.0
0	0.0
0	0.0
0	0.0
0	0.0
0	0.0
0	0.0
0	0.0
0	0.0
0	0.0
0	0.0
0	0.0
0	0.0
0	0.0
0	0.0
0	0.0
0	0.0
0	0.0
0	0.0
0	0.0
0	0.0
0	0.0
0	0.0
0	0.0
0	0.0
0	0.0
0	0.0
0	0.0
0	0.0
0	0.0
0	0.0
0	0.0
0	0.0
0	0.0
0	0.0
0	0.0
0	0.0
0	0.0
0	0.0
0	0.0
0	0.0
0	0.0
0	0.0
0	0.0
0	0.0
0	0.0
0	0.0
0	0.0
0	0.0
0	0.0
0	0.0
0	0.0
0	0.0
0	0.0
0	0.0
0	0.0
0	0.0
0	0.0
0	0.0
0	0.0
0	0.0
0	0.0
0	0.0
0	0.0
0	0.0
0	0.0
0	0.0
0	0.0
0	0.0
0	0.0
0	0.0
0	0.0
0	0.0
0	0.0
0	0.0
0	0.0
0	0.0
0	0.0
0	0.0
0	0.0
0	0.0
0	0.0
0	0.0
0	0.0
0	0.0
0	0.0
0	0.0
0	0.0
0	0.0
0	0.0
0	0.0
0	0.0
0	0.0
0	0.0
0	0.0
0	0.0
0	0.0
0	0.0
0	0.0
0	0.0
0	0.0
0	0.0
0	0.0
0	0.0
0	0.0
0	0.0
0	0.0
0	0.0
0	0.0
0	0.0
0	0.0
0	0.0
0	0.0
0	0.0
0	0.0
0	0.0
0	0.0
0	0.0
0	0.0
0	0.0
0	0.0
0	0.0
0	0.0
0	0.0
0	0.0
0	0.0
0	0.0
0	0.0
0	0.0
0	0.0
0	0.0
0	0.0
0	0.0
0	0.0
0	0.0
0	0.0
0	0.0
0	0.0
0	0.0
0	0.0
0	0.0
0	0.0
0	0.0
0	0.0
0	0.0
0	0.0
0	0.0
0	0.0
0	0.0
0	0.0
0	0.0
0	0.0
0	0.0
0	0.0
0	0.0
0	0.0
0	0.0
0	0.0
0	0.0
0	0.0
0	0.0
0	0.0
0	0.0
0	0.0
0	0.0
0	0.0
0	0.0
0	0.0
0	0.0
0	0.0
0	0.0
0	0.0
0	0.0
0	0.0
0	0.0
0	0.0
0	0.0
0	0.0
0	0.0
0	0.0
0	0.0
0	0.0
0	0.0
0	0.0
0	0.0
0	0.0
0	0.0
0	0.0
0	0.0
0	0.0
0	0.0
0	0.0
0	0.0
0	0.0
0	0.0
0	0.0
0	0.0
0	0.0
0	0.0
0	0.0
0	0.0
0	0.0
0	0.0
0	0.0
0	0.0
0	0.0
0	0.0
0	0.0
0	0.0
0	0.0
0	0.0
0	0.0
0	0.0
0	0.0
0	0.0
0	0.0
0	0.0
0	0.0
0	0.0
0	0.0
0	0.0
0	0.0
0	0.0
0	0.0
0	0.0
0	0.0
0	0.0
0	0.0
0	0.0
0	0.0
0	0.0
0	0.0
0	0.0
0	0.0
0	0.0
0	0.0
0	0.0
0	0.0
0	0.0
0	0.0
0	0.0
0	0.0
0	0.0
0	0.0
0	0.0
0	0.0
0	0.0
0	0.0
0	0.0
0	0.0
0	0.0
0	0.0
0	0.0
0	0.0
0	0.0
0	0.0
0	0.0
0	0.0
0	0.0
0	0.0
0	0.0
0	0.0
0	0.0
0	0.0
0	0.0
0	0.0
0	0.0
0	0.0
0	0.0
0	0.0
0	0.0
0	0.0
0	0.0
0	0.0
0	0.0
0	0.0
0	0.0
0	0.0
0	0.0
0	0.0
0	0.0
0	0.0
0	0.0
0	0.0
0	0.0
0	0.0
0	0.0
0	0.0
0	0.0
0	0.0
0	0.0
0	0.0
0	0.0
0	0.0
0	0.0
0	0.0
0	0.0
0	0.0
0	0.0
0	0.0
0	0.0
0	0.0
0	0.0
0	0.0
0	0.0
0	0.0
0	0.0
0	0.0
0	0.0
0	0.0
0	0.0
0	0.0
0	0.0
0	0.0
0	0.0
0	0.0
0	0.0
0	0.0
0	0.0
0	0.0
0	0.0
0	0.0
0	0.0
0	0.0
0	0.0
0	0.0
0	0.0
0	0.0
0	0.0
0	0.0
0	0.0
0	0.0
0	0.0
0	0.0
0	0.0
0	0.0
0	0.0
0	0.0
0	0.0
0	0.0
0	0.0
0	0.0
0	0.0
0	0.0
0	0.0
0	0.0
0	0.0
0	0.0
0	0.0
0	0.0
0	0.0
0	0.0
0	0.0
0	0.0
0	0.0
0	0.0
0	0.0
0	0.0
0	0.0
0	0.0
0	0.0
0	0.0
0	0.0
0	0.0
0	0.0
0	0.0
0	0.0
0	0.0
0	0.0
0	0.0
0	0.0
0	0.0
0	0.0
0	0.0
0	0.0
0	0.0
0	0.0
0	0.0
0	0.0
0	0.0
0	0.0
0	0.0
0	0.0
0	0.0
0	0.0
0	0.0
0	0.0
0	0.0
0	0.0
0	0.0
0	0.0
0	0.0
0	0.0
0	0.0
0	0.0
0	0.0
0	0.0
