1	0.26132696399476807
5	0.22410673509622592
8	0.09337252265178032
10	0.0688648482595223
13	0.5111250143966451
15	0.004058807336997969
16	0.005591084245866296
18	0.003534673325469778
21	0.002324997924752936
23	0.23955202491521038
24	0.2351985403269151
25	0.026578979348565304
26	0.18529421596606518
29	0.3605587750749425
30	0.04452819395376596
33	0.0010638423018294874
34	0.44485819379142644
35	0.23899690695305725
36	0.005069682530699379
37	0.019882916125274916
38	0.2993792277662053
42	0.218888562875718
43	0.32873453672676944
46	0.00949489967743343
49	0.17474164413494198
51	0.028897552943111887
53	0.02081777957255951
58	0.3306844296050033
59	0.29307241006218276
62	0.2425239046216081
72	0.45818410406396004
73	0.030161666642839646
74	0.22492075884972293
75	0.026043722203859754
76	0.09447405768486264
77	0.25421584342983083
80	0.029758101875974857
82	0.5620499767774215
83	0.009100454240323824
85	0.2302779855893602
88	0.23388401303750672
89	0.2462212000902298
90	0.07909679459976951
92	0.2149417562754146
93	0.2785652014465938
94	0.06403912561240538
97	0.21287194829798498
98	0.10036732680135231
99	0.006725965261984365
100	0.24692587409662073
102	0.0879310807491797
103	0.04646159225960726
105	0.03616558259432388
107	0.03867723069741319
108	0.19760595762150415
109	0.06061901858661797
110	0.2323205406756978
112	0.23547353496136436
114	0.03182676880338495
115	0.0027129439978063608
116	0.35136219110141376
117	0.007929565023939586
120	0.21785761649653837
121	0.24576856629321725
123	0.5609733468218139
129	0.18354012881798298
130	0.23479371539132654
131	0.05526437945738162
132	0.010212596779904146
134	0.2495507346045576
135	0.31298770606741816
136	0.015312390117706229
138	0.327977924729441
140	0.22979755416626477
141	0.047108502512353684
142	0.02244942366590072
144	0.00784211988794424
145	0.11587992702193742
146	0.014957560605970838
147	0.012142131976943582
149	0.03164120295367298
150	0.023138028576268704
153	0.08405781627930979
156	0.0971128766952217
162	0.25795788022286187
167	0.32734103530534275
168	0.24786118648526317
172	0.03808228863230363
173	0.23515321512040355
174	0.23138074349746574
176	0.25416478982500623
178	0.09670289484623701
179	0.4795626571777676
182	0.20049161484838537
183	0.37882266025745737
184	0.22704606143885597
185	0.03154542145293801
186	0.35509846342931806
187	0.03206826047162849
188	0.08295461378876424
193	0.49446022458055855
194	0.04303842486276119
195	0.2214351183134465
197	0.12405906417274937
201	0.21627920319959168
206	0.314220206635567
208	0.33713797206378154
209	0.2663732822024617
210	0.004779419710506244
212	0.019622697936248684
213	0.005773457670752158
214	0.23670238928340842
215	0.2537513830261358
217	0.02053790921616512
218	0.258127589962287
219	0.0013009500324023399
221	0.22853441100951538
223	0.23203356886922138
224	0.016347507764559163
225	0.29778729411875615
226	0.049966876843497016
227	0.20486910636176803
228	0.07418209739304524
232	0.01147128392240429
235	0.21747548825219126
236	0.31651764179887687
237	0.015097702601656993
242	0.18302577564646683
243	0.278273968925836
244	0.5279518145007207
249	0.32572401136435986
250	0.03387239731544138
251	0.008577406348891953
252	0.4665456285154041
253	0.43404671135333
255	0.4374824557216983
256	0.024686419644980237
257	0.01615590247364561
259	0.2710234883706736
262	0.20441945588353364
263	0.28955180474704834
265	0.2601432635412634
266	0.2527947613867868
267	0.30883253148427403
268	0.0628212697528753
269	0.21152094319212633
270	0.0376304435153893
272	0.014700501605468791
273	0.006728639712262521
276	0.19789062332532223
277	0.008478626534210262
280	0.210549167674207
283	0.3083492914593554
285	0.020458515128989274
286	0.21459818475479958
287	0.23723115609010192
288	0.2948982931218237
290	0.012318456795317623
291	0.45530466877520526
292	0.24801478035754362
294	0.25386532563562375
296	0.45291118908291966
297	0.005943822755302128
298	0.5486907546056089
299	0.07370853018976488
301	0.07481284856566295
303	0.5034973693896991
305	0.3067386367951216
307	0.027960306892247877
308	0.1927064807984447
314	0.019257722133022584
316	0.5338427901346519
317	0.00821513066714423
319	0.23499533392139627
320	0.3205945526305898
321	0.37491239256548037
323	0.22160702117209707
324	0.21895194327824696
327	0.3465314047581012
329	0.01649576646942605
331	0.0132164246545938
332	0.068485379133604
335	0.03304783917257004
339	0.204162539034013
340	0.009312550418355853
342	0.21626062003844768
343	0.3010526241641811
344	0.18561181631923618
345	0.029586632600211438
346	0.20679201515079582
347	0.5420293562610095
349	0.04728953069625273
350	0.7823393022309186
351	0.024465392411834375
353	0.03966959914852934
354	0.025638608452101433
357	0.237460033459665
358	0.2600710440580243
360	0.10066770790040691
362	0.011951243901817371
364	0.21421978134303052
365	0.004795382781874247
366	0.004142151972352959
370	0.20730036923895923
372	0.005844847636406358
373	0.21602981495510187
374	0.05756228114360934
375	0.005397521162674904
377	0.022537728786714242
378	0.06840693237034497
379	0.013266414387784753
380	0.21736233869914962
382	0.5799037322313764
383	0.006382633867894311
385	0.310940670854598
386	0.313653667445826
390	0.23444882649618265
391	0.10321856192033027
392	0.21570189540492538
393	0.08134079787162392
397	0.2582914147081256
398	0.05995077530400435
401	0.2988092691390384
402	0.5440750662356557
403	0.2316318448822216
404	0.4640347336617513
406	0.23762660676328268
407	0.20888361254202464
409	0.08213630380626476
411	0.21925799858352168
414	0.014591372027023874
415	0.2157610342371664
417	0.05204014579025312
419	0.0372787449159601
422	0.012491311962113463
423	0.023572191096135536
424	0.532810997556769
425	0.014192676539400692
428	0.21918506739440485
429	0.29149473325541086
430	0.2534122317536546
433	0.26352728192666425
434	0.01992604558941559
435	0.5264466882986077
436	0.004965647572490267
437	0.23632753905434986
438	0.2160731924405431
439	0.006302437196097063
440	0.002919896050681242
441	0.23174738846705598
442	0.05841140259549016
443	0.1791907147211487
444	0.01104948113066398
445	0.5880447773824077
447	0.04681515730715968
450	0.4417671743863145
451	0.011234911994636776
455	0.07450199915963718
457	0.06432435927200128
458	0.4382062613984419
460	0.002435306137177004
462	0.02196906630401646
463	0.008359886356013674
465	0.22545326578846606
467	0.22883911768344417
468	0.01960157431985142
472	0.01287946471991619
474	0.005036543976512042
475	0.20945971191941248
476	0.018778440351883835
478	0.009628415061022244
480	0.4877808444553155
481	0.32935080893990165
485	0.39110873685265113
486	0.17809817644250153
487	0.5260962985718471
491	0.23403725994099756
492	0.01489917002346211
493	0.10064439005361957
495	0.08443513897099927
497	0.22460238666944732
498	0.1171373584066955
499	0.004012621441759151
500	0.51337376410244
501	0.5412039724121033
502	0.0038499270272330244
503	0.021131515194102474
504	0.061781536921573454
505	0.2863787872334296
506	0.07685356694528422
508	0.270644481560373
510	0.013167175352905125
512	0.07480710815262732
513	0.09919083917401642
516	0.4400532062571748
522	0.32246492161841217
524	0.08417274461390688
525	0.4650891307104448
527	0.08334109948965346
528	0.058876052346670205
529	0.0005936459742251349
531	0.20630883781233667
532	0.06525404440289659
534	0.00822010921508641
538	0.5602603539125297
539	0.3638383855403651
542	0.2661779232560114
543	0.018458784505855405
545	0.00021952505585692839
548	0.10630039480167132
549	0.23042144621464516
551	0.5376095441656752
552	0.003122456685856742
553	0.28404171207991114
555	0.02541508347845048
557	0.01741688693033594
558	0.008258608382999535
560	0.5040739364741438
561	0.2845267086335014
562	0.28900165141650597
566	0.20253706551614864
567	0.29044823907719725
569	0.23444882649618265
570	0.23137099502727793
572	0.042014713651273086
573	0.3114929794788357
576	0.06735819170899615
577	0.26596692225041424
581	0.34758458670126774
582	0.028494991317122048
584	0.2486680222409811
585	0.12322995998947028
586	0.45895174513496445
589	0.061776324219896886
590	0.18886802695464744
591	0.3218670827658768
592	0.05164200507787928
595	0.05598390019867591
596	0.017500180848605107
598	0.23184040146788337
599	0.012599328846387398
601	0.16714895351319156
602	0.22731116155460418
603	0.22005679245386947
605	0.22797324765535137
606	0.06613484192607315
607	0.019336439458910157
611	0.0014878327427660515
613	0.08921212653415542
614	0.32750019226443433
615	0.10527760762876609
617	0.10454637874963843
621	0.12762721050229103
623	0.1183464911632192
624	0.20297252212589634
625	0.29386550965459
626	0.15747935317622877
627	0.28825485302213955
629	0.0035257456420926397
633	0.008108795235882121
635	0.48269243152666375
637	0.43374716488610565
640	0.008814293373338833
641	0.22978477046357942
643	0.32434514496702194
647	0.30938634301492846
649	0.5060922444504338
652	0.24672612282015136
653	0.22464604175862962
657	0.3299855559539353
658	0.4788291730848932
659	0.3573881990430817
660	0.3009720266074672
661	0.018235467791105048
662	0.031542296175996756
664	0.22845662089835167
665	0.230583824331544
666	0.2020819973032013
668	0.21939014863664907
669	0.5235861294306338
670	0.012801492904007492
674	0.4672592170400472
676	0.44721031693996927
677	0.22199054939660579
678	0.3162653879880229
680	0.03181517720403493
682	0.28633585711790027
683	0.21363531696509677
686	0.011318459631192976
690	0.33122339338325657
691	0.22945276387263175
692	0.000979786226356666
693	0.31747338600836084
700	0.010213497311477665
702	0.2698542443384153
704	0.02336504581252892
705	0.21827310877808087
706	0.25565206895283604
707	0.10229840384868102
709	0.308155997449886
710	0.299623318222092
711	0.008323955692549317
713	0.19710414730541106
715	0.24230005038457175
716	0.20036565466854697
718	0.03066454626477487
719	0.06953571017024436
721	0.03169272304257656
722	0.24775820383954705
724	0.314220206635567
725	0.24471760073267704
726	0.05755704341789099
727	0.14697204900308067
728	0.03496619666932574
729	0.017211983338372983
730	0.03824804752082622
731	0.014465015813137402
732	0.05161730129979253
735	0.23444882649618265
736	0.26692569537024585
738	0.25080268616757856
739	0.004994241870273877
741	0.0926427444827897
742	0.6804929660844545
743	0.41126627119903547
744	0.21423382281006065
745	0.3011142838886299
747	0.06815335385818533
748	0.21148154754508214
749	0.5218915002840208
750	0.009269573583150295
752	0.22834559403895477
753	0.3151236807071114
754	0.21679122601972334
755	0.24962681677270526
756	0.443960755184917
757	0.2119349692661584
758	0.07531837957325654
759	0.25967008256693186
760	0.2335493430353892
761	0.1033360030291323
763	0.22331296304896275
764	0.011786342076624379
765	0.003333155741211055
767	0.5377155208702011
768	0.685108231684345
769	0.25104388490928264
770	0.20735773431675136
771	0.24751895953849715
776	0.11881992777924089
778	0.0105290990185532
779	0.0012903364480425505
780	0.3090900659267396
787	0.03283366246845913
790	0.05273069744519712
792	0.234776596984182
793	0.02079048581125391
795	0.20961213338776502
796	0.005858386958637191
800	0.21930829562656612
801	0.03645234375868281
804	0.06342173230853085
805	0.11246972971005723
806	0.2432325094637045
808	0.2133169853468767
809	0.21209122501677796
810	0.008497980758519652
812	0.004173299756376259
815	0.07830003792154745
816	0.035025757993109086
817	0.48225485910741794
820	0.2052209405634412
822	0.45810851335328173
824	0.055904984942308916
828	0.011988928621138636
829	0.21930829562656612
830	0.28789323115086096
831	0.02992798739401012
833	0.5211919637008465
835	0.09449040946197435
837	0.033555925164365466
838	0.2316564203445245
839	0.2452760054559699
840	0.22559848799222093
841	0.19781488480914178
844	0.03094678706351489
845	4.163336342344337e-17
848	0.009087552054107023
849	0.007340863451935284
852	0.4413379572014918
853	0.21712709564477206
854	0.3351309523878791
855	0.29932125835073786
859	0.019281684413780406
861	0.23797164701322712
864	0.2730023376839432
865	0.015948971889995438
869	0.23489787694303388
870	0.22002795267468972
871	0.03459644818395258
873	0.22688856764626492
877	0.30874634636441145
878	0.31582369710433744
879	0.033950779015937044
880	0.0032476093081268836
882	0.06459552641852714
883	0.7402923890799302
884	0.27609335404184643
885	0.36502961974292825
887	0.20443143696910793
888	0.021636578791409358
890	0.08760117769603368
893	0.4393283600718546
894	0.31451728810972274
900	0.3853658136986339
901	0.5443831768634657
904	0.0630842686137931
906	0.24000463966292968
907	0.2960328854305948
909	0.04121835771236629
910	0.46564609755749464
911	0.1006507709694706
912	0.0001388099947099014
913	0.29198395749622214
917	0.007595225296504457
919	0.00039787317750843154
920	0.21360063668744173
922	0.013459619918690852
923	0.22551407343387844
924	0.041821593278982924
925	0.012554109549738887
927	0.006897577802044988
928	0.23855698944564607
929	0.06338970708664157
931	0.46966794471834195
933	0.2155159314340089
934	0.30122191314343066
936	0.20481559215583822
937	0.027368701289137737
940	0.4980259319877841
941	0.47028913576227815
942	0.06687856691508848
943	0.012794068186997673
0	0.0
0	0.0
0	0.0
0	0.0
0	0.0
0	0.0
0	0.0
0	0.0
0	0.0
0	0.0
0	0.0
0	0.0
0	0.0
0	0.0
0	0.0
0	0.0
0	0.0
0	0.0
0	0.0
0	0.0
0	0.0
0	0.0
0	0.0
0	0.0
0	0.0
0	0.0
0	0.0
0	0.0
0	0.0
0	0.0
0	0.0
0	0.0
0	0.0
0	0.0
0	0.0
0	0.0
0	0.0
0	0.0
0	0.0
0	0.0
0	0.0
0	0.0
0	0.0
0	0.0
0	0.0
0	0.0
0	0.0
0	0.0
0	0.0
0	0.0
0	0.0
0	0.0
0	0.0
0	0.0
0	0.0
0	0.0
0	0.0
0	0.0
0	0.0
0	0.0
0	0.0
0	0.0
0	0.0
0	0.0
0	0.0
0	0.0
0	0.0
0	0.0
0	0.0
0	0.0
0	0.0
0	0.0
0	0.0
0	0.0
0	0.0
0	0.0
0	0.0
0	0.0
0	0.0
0	0.0
0	0.0
0	0.0
0	0.0
0	0.0
0	0.0
0	0.0
0	0.0
0	0.0
0	0.0
0	0.0
0	0.0
0	0.0
0	0.0
0	0.0
0	0.0
0	0.0
0	0.0
0	0.0
0	0.0
0	0.0
0	0.0
0	0.0
0	0.0
0	0.0
0	0.0
0	0.0
0	0.0
0	0.0
0	0.0
0	0.0
0	0.0
0	0.0
0	0.0
0	0.0
0	0.0
0	0.0
0	0.0
0	0.0
0	0.0
0	0.0
0	0.0
0	0.0
0	0.0
0	0.0
0	0.0
0	0.0
0	0.0
0	0.0
0	0.0
0	0.0
0	0.0
0	0.0
0	0.0
0	0.0
0	0.0
0	0.0
0	0.0
0	0.0
0	0.0
0	0.0
0	0.0
0	0.0
0	0.0
0	0.0
0	0.0
0	0.0
0	0.0
0	0.0
0	0.0
0	0.0
0	0.0
0	0.0
0	0.0
0	0.0
0	0.0
0	0.0
0	0.0
0	0.0
0	0.0
0	0.0
0	0.0
0	0.0
0	0.0
0	0.0
0	0.0
0	0.0
0	0.0
0	0.0
0	0.0
0	0.0
0	0.0
0	0.0
0	0.0
0	0.0
0	0.0
0	0.0
0	0.0
0	0.0
0	0.0
0	0.0
0	0.0
0	0.0
0	0.0
0	0.0
0	0.0
0	0.0
0	0.0
0	0.0
0	0.0
0	0.0
0	0.0
0	0.0
0	0.0
0	0.0
0	0.0
0	0.0
0	0.0
0	0.0
0	0.0
0	0.0
0	0.0
0	0.0
0	0.0
0	0.0
0	0.0
0	0.0
0	0.0
0	0.0
0	0.0
0	0.0
0	0.0
0	0.0
0	0.0
0	0.0
0	0.0
0	0.0
0	0.0
0	0.0
0	0.0
0	0.0
0	0.0
0	0.0
0	0.0
0	0.0
0	0.0
0	0.0
0	0.0
0	0.0
0	0.0
0	0.0
0	0.0
0	0.0
0	0.0
0	0.0
0	0.0
0	0.0
0	0.0
0	0.0
0	0.0
0	0.0
0	0.0
0	0.0
0	0.0
0	0.0
0	0.0
0	0.0
0	0.0
0	0.0
0	0.0
0	0.0
0	0.0
0	0.0
0	0.0
0	0.0
0	0.0
0	0.0
0	0.0
0	0.0
0	0.0
0	0.0
0	0.0
0	0.0
0	0.0
0	0.0
0	0.0
0	0.0
0	0.0
0	0.0
0	0.0
0	0.0
0	0.0
0	0.0
0	0.0
0	0.0
0	0.0
0	0.0
0	0.0
0	0.0
0	0.0
0	0.0
0	0.0
0	0.0
0	0.0
0	0.0
0	0.0
0	0.0
0	0.0
0	0.0
0	0.0
0	0.0
0	0.0
0	0.0
0	0.0
0	0.0
0	0.0
0	0.0
0	0.0
0	0.0
0	0.0
0	0.0
0	0.0
0	0.0
0	0.0
0	0.0
0	0.0
0	0.0
0	0.0
0	0.0
0	0.0
0	0.0
0	0.0
0	0.0
0	0.0
0	0.0
0	0.0
0	0.0
0	0.0
0	0.0
0	0.0
0	0.0
0	0.0
0	0.0
0	0.0
0	0.0
0	0.0
0	0.0
0	0.0
0	0.0
0	0.0
0	0.0
0	0.0
0	0.0
0	0.0
0	0.0
0	0.0
0	0.0
0	0.0
0	0.0
0	0.0
0	0.0
0	0.0
0	0.0
0	0.0
0	0.0
0	0.0
0	0.0
0	0.0
0	0.0
0	0.0
0	0.0
0	0.0
0	0.0
0	0.0
0	0.0
0	0.0
0	0.0
0	0.0
0	0.0
0	0.0
0	0.0
0	0.0
0	0.0
0	0.0
0	0.0
0	0.0
0	0.0
0	0.0
0	0.0
0	0.0
0	0.0
0	0.0
0	0.0
0	0.0
0	0.0
0	0.0
0	0.0
0	0.0
0	0.0
0	0.0
0	0.0
0	0.0
0	0.0
0	0.0
0	0.0
0	0.0
0	0.0
0	0.0
0	0.0
0	0.0
0	0.0
0	0.0
0	0.0
0	0.0
0	0.0
0	0.0
0	0.0
0	0.0
0	0.0
0	0.0
