1	0.04556173032678669
4	0.2678478107505136
5	0.017584168059354005
6	0.3069414741761737
10	0.27359039458184253
13	0.012697297964677376
14	0.007233786902080534
16	0.29108204679158867
18	0.25530491034710684
19	0.08318338480855962
21	0.3270417379931112
22	0.31219922270546774
23	0.27369404135537995
24	0.027691739947267285
26	0.30096770261254696
29	0.00718865758434413
30	0.2831330574417261
31	0.003035402176478741
33	0.2696635341610161
34	0.1840202900947417
37	0.021982973858349183
38	0.2559420319636318
39	0.07777829324701066
40	0.013060742646493623
42	0.2657998758806147
44	0.30293445147806114
47	0.28304937402584396
48	0.017097043857413473
49	0.4990666640725884
50	0.3199843696525612
53	0.018177104189352124
56	0.02190760540126056
57	0.0038246438115340058
59	0.26123350353160446
60	0.024725307733557675
62	0.2403941412295792
64	0.3132075883407761
69	0.005677303914688715
72	0.23598147091407046
73	0.2715512854941518
74	0.26859311758857296
77	0.00764686105291789
81	0.019592699587606597
82	0.28603186179708173
85	0.27585920451639945
88	0.019920958154277902
89	0.03111737626359714
90	0.2760879059650034
91	0.027552862397049512
92	0.022574050496228928
94	0.2729655229476526
95	0.037429448550337446
96	0.005305256222704967
97	0.23957389273854302
98	0.08923132860095546
100	0.04338505474320056
104	0.17529567666111057
105	0.34578913875831085
107	0.2829781273577144
108	0.3145926447160181
110	0.29367038256936173
111	0.03668798087279086
112	0.019658869964764222
113	0.05735293315054241
115	0.2882864575260992
116	0.043241298503011505
119	0.04859903336578228
121	0.016292121782890974
129	0.262659363712978
130	0.03904406181532542
132	0.2745772687456294
136	0.28222383528897216
138	0.020390201960534086
139	0.03286731583726291
140	0.46117480652087117
142	0.063626877474698
143	0.2797909374329233
145	0.0057677853652847305
146	0.005105484896236918
149	0.07693014433676139
150	0.27162162825475983
151	0.24991129626371153
153	0.10642424584984898
154	0.03303406579405567
158	0.08601568238148301
160	0.2794219238792884
162	0.010850833906580142
164	0.29328349225509553
168	0.2445473404452291
172	0.31564400440525925
173	0.2663956651496805
174	0.23343078615931426
175	0.30928396346831566
176	0.036309085925760924
177	0.2800112989626636
179	0.2085030050148233
182	0.034645780039436976
184	0.23929176098278374
188	0.031720762084085835
192	0.13295571072135148
195	0.5968209008292749
198	0.26164554348059504
200	0.3236499854963009
201	0.2521200926996884
203	0.08152873558101216
206	0.31706203414223305
207	0.2816316241372457
209	0.0029525896110239314
210	0.5127518489805274
213	0.3336356186185273
214	0.5211966235758562
215	0.3186900021162266
216	0.04228505718965687
217	0.27100669187373
219	0.04730559747261173
220	0.014610102022378897
223	0.026292582217621627
225	0.06950869004415408
227	0.3217925403738183
230	0.030979528337017136
232	0.25681151148452086
234	0.29810275747535814
236	0.2618252678684183
238	0.0335315508719195
239	0.2664366144812376
240	0.28011073524164737
243	0.0362299822643053
244	0.03851038867521391
248	0.28654117572685384
249	0.024288103070703823
250	0.05936293311896622
251	0.06352709062887732
253	0.26654320156152206
255	0.47502975790929364
256	0.24179377499510976
259	0.5562564563062847
262	0.05592080238805263
263	0.03432255233282102
264	0.27360058700947076
265	0.2744345715446238
266	0.036853749086887024
267	0.008163237286453788
268	0.013129223527128198
269	0.1674965717014962
270	0.5553538279796564
271	0.01791286763588058
272	0.2816529240083014
274	0.025654757490164187
276	0.045582349310568315
280	0.29187585817786055
282	0.08079322559602571
283	0.0567573171143042
284	0.4978567514882003
285	0.3077850205806687
286	0.49245605826703126
287	0.047811597154597166
288	0.02625298987980456
291	0.022113679932716648
292	0.04648054480935874
293	0.4602371612744125
295	0.2712403718389162
296	0.021427429844055677
297	0.5023891875544207
298	0.23963768508537825
299	0.01898289518924287
302	0.011018511656201158
303	0.28468739391572284
307	0.04891639901161152
308	0.4877850404129161
312	0.2625863158958573
313	0.2853274529397561
314	0.028968720578225252
315	0.32324988906104796
316	0.032234068436193926
317	0.262595286432564
318	0.05916644781092151
319	0.26582993801194016
320	0.017591700344443226
321	0.2345352226171885
322	0.012966867851083464
323	0.0026175153828817896
325	0.05942714383016404
326	0.0016264785195188869
327	0.0418456389895632
328	0.02755418191984989
329	0.03245836381705908
331	0.052385270278182045
332	0.04854165528934264
333	0.2694421469047959
334	0.21597341442662046
335	0.34775500620155236
338	0.02868296034053662
339	0.24652320956587728
340	0.039417216715298485
341	0.03470006113265004
342	0.43698024563991866
344	0.24119686094965528
345	0.31937781232491574
346	0.006190630979225849
347	0.012380921314965765
350	0.2543747512609834
351	0.3248889842702658
354	0.28173202693465904
355	0.09687270055029895
357	0.01189860173686344
360	0.044595546991320414
362	0.31085224324388394
363	0.031218078609468843
364	0.2802969953973056
365	0.035321310590847414
366	0.01660681995619695
367	0.03298008643552147
371	0.056036601002358286
372	0.03389931321994699
373	0.006449937393164275
375	0.23794966113402188
377	0.06342088929326062
378	0.061287447858950246
379	0.5384553911299356
380	0.26853141762947086
381	0.056313212998587214
382	0.26653813707419266
383	0.3010436372043087
384	0.2998037093214477
385	0.040574468032396574
387	0.03875653431490933
388	0.05521283279473773
389	0.27766534558071315
390	0.5017609277260009
391	0.07586381089380294
392	0.538512823857199
394	0.09092598934059308
397	0.23799996317756766
398	0.07750051171199754
399	0.5307881138674696
401	0.03283015028110115
402	0.2686366307997909
403	0.2301209345879988
404	0.50832181597585
405	0.41238131655841076
406	0.2578048478401023
407	0.5235754119152762
408	0.35708953410989297
409	0.007070308929327744
411	0.5400782873745412
412	0.2886877036656067
414	0.3088967835212509
417	0.2936937436260832
420	0.2730813511358956
421	0.008630156047402658
423	0.2510055751170449
424	0.35290649928176643
425	0.5320738428934034
426	0.026242359570891848
427	0.3145544618156349
428	0.24068781531495978
429	0.25048586056859384
430	0.4918986717248536
432	0.024634313304621125
433	0.03963051365307368
435	0.0189535479598857
436	0.25706505474389185
437	0.0043183501577213415
440	0.023277006433016122
442	0.34667290507848314
443	0.2514059580131657
444	0.03074279115904923
445	0.27794189243014067
446	0.24554749961241928
447	0.014747887183605986
448	0.12310982389319788
450	0.00980754355500233
451	0.25157735219762306
456	0.003416347571187167
458	0.46164633796346677
459	0.08128301962228483
460	0.5514557965857183
461	0.19409781932745085
462	0.3332561169577163
463	0.3182964669973182
464	0.5757722445361696
465	0.3032875679333656
466	0.013564095865795184
467	0.42698893175894936
468	0.059350601476335946
469	0.2604077603664801
472	0.03693689442376798
474	0.2600071325761008
475	0.20713189976256796
476	0.30532974505115784
478	0.3113260677500688
479	0.2961926562527535
480	0.4682998465414365
485	0.7390517400251533
486	0.2107725477312658
490	0.2644981460872313
491	0.2696030470728392
492	0.036356142808611325
493	0.074235840443396
494	0.0684116860791536
496	0.2654281657685586
498	0.2229460026834022
499	0.2754699170736985
500	0.49714552661388955
501	0.23382087868070733
502	0.04565677486368498
503	0.24594460453579373
506	0.022810210545910724
507	0.27648262436535187
508	0.22687356509075132
509	0.11245159713798765
510	0.005449697238018303
512	0.03466508604663429
515	0.007714156532340845
519	0.0616475324386605
520	0.03425992644269571
521	0.040621193949871584
522	0.25484540639005004
524	0.29040952711872214
525	0.27078929280948366
527	0.012242481084915144
528	0.009769766938749147
529	0.291613338226375
530	0.024374505257795116
531	0.2672721033878913
532	0.0675588162698984
534	0.052134234266791674
535	0.23821132765466912
537	0.034195117138355505
538	0.19968845473921723
539	0.057605959436758045
540	0.04592577998506821
541	0.0671154769989115
542	0.24502321990452175
543	0.2700655888270109
544	0.10117741965225392
547	0.28274276341145055
548	0.008892383205558116
549	0.21980270875948735
550	0.022202899936447862
551	0.005501510000349659
553	0.26061676147074225
556	0.06300261481362067
557	0.253783727321993
560	0.2765051978377643
561	0.2898095882317368
562	0.5648523717716031
566	0.26294824781775317
567	0.5087465840687958
569	0.5200768885843948
570	0.334031293233572
571	0.013134411095104735
572	0.07922533363083083
573	0.2652953035198462
574	0.5703882319602863
579	0.20730036923895923
580	0.1268667142399994
583	0.048583953863855264
586	0.037675526700707035
587	0.2655461079975824
588	0.04775696475573135
589	0.25252886132503877
590	0.0075819933383377836
591	0.02586459009248262
595	0.04322444861305373
597	0.294449991918877
599	0.012519633675289847
600	0.06639733704601947
602	0.07979600709351069
603	0.026878189131642968
605	0.2746067544094712
606	0.06498331832933392
607	0.040972223534539526
608	0.5164171359540012
610	0.029828861561487313
611	0.021204580422530244
613	0.02164424921762686
614	0.0505149404237326
615	0.005349863189687158
617	0.0337385304559139
618	0.059523429854649756
622	0.30898137699716527
624	0.2472153953655067
626	0.28198031648114463
627	0.2315393644996598
628	0.5017609277260008
629	0.03409961475811553
630	0.07218958700290698
631	0.3247822988791147
632	0.04121365324443777
634	0.24930262342676052
635	0.4972257482360675
636	0.06921351663689922
638	0.3508207257130669
639	0.5530218639239242
640	0.2881002787118921
641	0.4832057601211287
642	0.030183442215003405
645	0.02578908461948641
647	0.05498942452206107
648	0.045672405112759
649	0.2597590699108938
650	0.29083235588928125
651	0.04696042082170626
652	0.3214363154656004
653	0.0003186089824802063
654	0.04660275476506294
655	0.0532122890987168
658	0.45339184752190514
659	0.5015470376633248
661	0.3199043812646961
664	0.5414723952901186
665	0.2848592746286194
666	0.26937833515203785
667	0.2742270011834693
668	0.27775563765048056
669	0.4978122649046442
670	0.5603309684135431
674	0.048776497053193535
676	0.26091312031181124
677	0.23940149012360717
678	0.057171576579889125
682	0.017995614143577317
683	0.5340776930570977
686	0.5020802948672312
687	0.08801386696442715
690	0.24288474342768523
692	0.0008313735888864707
695	0.03517059500989807
696	0.5266002836889961
697	0.043493435796580805
699	0.529689231190231
703	0.033559984227980524
704	0.0034271997368253843
707	0.2729434640926218
710	0.25270084003478555
711	0.30430045577770815
713	0.7206774330239969
717	0.3058349829323412
719	0.048470078529427495
720	0.2623663867643109
722	0.010853885016899514
724	0.31706203414223305
725	0.05804454489433807
727	0.334298179244317
728	0.05915529402103725
729	0.09795969626037611
731	0.05273930791666757
732	0.2593336866391198
733	0.2597978893843898
734	0.2957485348032902
736	0.010796456175780175
737	0.034102128521069766
739	0.2977552319063321
740	0.5383767050146097
741	0.02707206511090153
742	0.24801480138824417
743	0.2895165481216547
744	0.486933058379613
745	0.31178439834826704
746	0.2775220732870289
747	0.030311883587002597
748	0.2649611111840822
749	0.045738951547723776
750	0.03985312539792288
751	0.26946308605515873
752	0.7563464277375258
753	0.07604959059652396
754	0.01643442205313675
756	0.3040274378688714
757	0.2376864042453705
760	0.0980454149048777
762	0.03166272950356486
763	0.26096178656269786
764	0.5197780906581594
766	0.26585254549729304
767	0.039419776847926934
768	0.1936119509515177
770	0.2676078358992469
771	0.25952828636274256
772	0.03493142807731096
773	0.04615731503722411
775	0.0188907518648834
778	0.2927471683244653
779	0.046945645908965425
780	0.015597685365068205
781	0.054989135739891545
782	0.01036136584289258
783	0.30488848134307417
784	0.2572826020386516
786	0.2656881131588769
787	0.2662560770348445
788	0.006656305651874573
789	0.011349973241631423
790	0.0671609367029756
792	0.013765801739466024
795	0.5366261427405706
796	0.022968867893380714
798	0.04815526294687372
800	0.29112737785447124
803	0.2617702799824213
805	0.2265935136375119
806	0.5397009896439648
807	0.011526686911493608
808	0.2902004705016174
809	0.568316250131074
810	0.3155791099598754
812	0.04066000424720238
813	0.0479791450675187
814	0.2467857517902873
815	0.03782939486316086
816	0.04758144774131815
817	0.24423412548582676
818	0.3346514995126237
819	0.27416277301307246
820	0.5795712242020745
821	0.5236423306936189
822	0.06477165863165943
824	0.3112428618956561
826	0.06766163747673458
827	0.07068305778413306
828	0.3045818422783059
829	0.29112737785447124
830	0.05420390969106763
833	0.22726935614007734
835	0.2913271651674664
836	0.06266573490087454
837	0.30931149711646294
838	0.26547872382529736
839	0.009860559494148973
840	0.45300591685165403
841	0.27112029980347024
842	0.0432725818775941
844	0.07182215828830682
846	0.25926465366053436
848	0.03448915562779059
849	0.034703925836956834
850	0.06486609502161575
851	0.03011294127618211
852	0.22931513442192292
853	0.49895052621996494
854	0.5356560345450099
856	0.034207159173355525
858	0.012295413039656658
859	0.017846957283803852
860	0.04592495962650536
861	0.3253202423431425
863	0.2598537590681225
865	0.3347183110002161
866	0.037821643956963205
867	0.03695559042324071
868	0.05218184718009608
869	0.02746104496721008
870	0.25243666876139825
871	0.06018323266407151
873	0.2650550915045815
874	0.5424594388980534
878	0.01855971823531634
880	0.5121851866708527
881	0.02705893043121587
882	0.2911959679556817
883	0.4593500687057652
886	0.064072007469267
887	0.03417337140320702
889	0.025579971022518678
891	0.10694518372860698
892	0.2657922178758004
896	0.07162374786219941
897	0.07141715636809338
898	0.5854822229248194
899	0.29146201020772006
903	0.263217163911396
904	0.09263242827991452
905	0.31827788846108845
906	0.27027264323819516
907	0.05468539089008562
909	0.03187541957337517
910	0.0029045678798243144
911	0.025685160834312187
912	0.03932296926276639
913	0.257590387818605
916	0.012369807285696019
917	0.06445230574391421
918	0.014618064725398179
919	0.24627697091508804
920	0.01438858863661071
921	0.07960971503331299
922	0.056244065651721645
923	0.2710917286502055
924	0.08387856740549018
925	0.2685076908107093
926	0.05768941707831901
927	0.026497511242674254
928	0.010013660140281405
929	0.0870649010078955
931	0.48754527424959604
932	0.045528538340603567
933	0.27357325194365745
934	0.2700460032541805
938	0.2882405726523481
940	0.48395159960161144
943	0.5393755746600944
0	0.0
0	0.0
0	0.0
0	0.0
0	0.0
0	0.0
0	0.0
0	0.0
0	0.0
0	0.0
0	0.0
0	0.0
0	0.0
0	0.0
0	0.0
0	0.0
0	0.0
0	0.0
0	0.0
0	0.0
0	0.0
0	0.0
0	0.0
0	0.0
0	0.0
0	0.0
0	0.0
0	0.0
0	0.0
0	0.0
0	0.0
0	0.0
0	0.0
0	0.0
0	0.0
0	0.0
0	0.0
0	0.0
0	0.0
0	0.0
0	0.0
0	0.0
0	0.0
0	0.0
0	0.0
0	0.0
0	0.0
0	0.0
0	0.0
0	0.0
0	0.0
0	0.0
0	0.0
0	0.0
0	0.0
0	0.0
0	0.0
0	0.0
0	0.0
0	0.0
0	0.0
0	0.0
0	0.0
0	0.0
0	0.0
0	0.0
0	0.0
0	0.0
0	0.0
0	0.0
0	0.0
0	0.0
0	0.0
0	0.0
0	0.0
0	0.0
0	0.0
0	0.0
0	0.0
0	0.0
0	0.0
0	0.0
0	0.0
0	0.0
0	0.0
0	0.0
0	0.0
0	0.0
0	0.0
0	0.0
0	0.0
0	0.0
0	0.0
0	0.0
0	0.0
0	0.0
0	0.0
0	0.0
0	0.0
0	0.0
0	0.0
0	0.0
0	0.0
0	0.0
0	0.0
0	0.0
0	0.0
0	0.0
0	0.0
0	0.0
0	0.0
0	0.0
0	0.0
0	0.0
0	0.0
0	0.0
0	0.0
0	0.0
0	0.0
0	0.0
0	0.0
0	0.0
0	0.0
0	0.0
0	0.0
0	0.0
0	0.0
0	0.0
0	0.0
0	0.0
0	0.0
0	0.0
0	0.0
0	0.0
0	0.0
0	0.0
0	0.0
0	0.0
0	0.0
0	0.0
0	0.0
0	0.0
0	0.0
0	0.0
0	0.0
0	0.0
0	0.0
0	0.0
0	0.0
0	0.0
0	0.0
0	0.0
0	0.0
0	0.0
0	0.0
0	0.0
0	0.0
0	0.0
0	0.0
0	0.0
0	0.0
0	0.0
0	0.0
0	0.0
0	0.0
0	0.0
0	0.0
0	0.0
0	0.0
0	0.0
0	0.0
0	0.0
0	0.0
0	0.0
0	0.0
0	0.0
0	0.0
0	0.0
0	0.0
0	0.0
0	0.0
0	0.0
0	0.0
0	0.0
0	0.0
0	0.0
0	0.0
0	0.0
0	0.0
0	0.0
0	0.0
0	0.0
0	0.0
0	0.0
0	0.0
0	0.0
0	0.0
0	0.0
0	0.0
0	0.0
0	0.0
0	0.0
0	0.0
0	0.0
0	0.0
0	0.0
0	0.0
0	0.0
0	0.0
0	0.0
0	0.0
0	0.0
0	0.0
0	0.0
0	0.0
0	0.0
0	0.0
0	0.0
0	0.0
0	0.0
0	0.0
0	0.0
0	0.0
0	0.0
0	0.0
0	0.0
0	0.0
0	0.0
0	0.0
0	0.0
0	0.0
0	0.0
0	0.0
0	0.0
0	0.0
0	0.0
0	0.0
0	0.0
0	0.0
0	0.0
0	0.0
0	0.0
0	0.0
0	0.0
0	0.0
0	0.0
0	0.0
0	0.0
0	0.0
0	0.0
0	0.0
0	0.0
0	0.0
0	0.0
0	0.0
0	0.0
0	0.0
0	0.0
0	0.0
0	0.0
0	0.0
0	0.0
0	0.0
0	0.0
0	0.0
0	0.0
0	0.0
0	0.0
0	0.0
0	0.0
0	0.0
0	0.0
0	0.0
0	0.0
0	0.0
0	0.0
0	0.0
0	0.0
0	0.0
0	0.0
0	0.0
0	0.0
0	0.0
0	0.0
0	0.0
0	0.0
0	0.0
0	0.0
0	0.0
0	0.0
0	0.0
0	0.0
0	0.0
0	0.0
0	0.0
0	0.0
0	0.0
0	0.0
0	0.0
0	0.0
0	0.0
0	0.0
0	0.0
0	0.0
0	0.0
0	0.0
0	0.0
0	0.0
0	0.0
0	0.0
0	0.0
0	0.0
0	0.0
0	0.0
0	0.0
0	0.0
0	0.0
0	0.0
0	0.0
0	0.0
0	0.0
0	0.0
0	0.0
0	0.0
0	0.0
0	0.0
0	0.0
0	0.0
0	0.0
0	0.0
0	0.0
0	0.0
0	0.0
0	0.0
0	0.0
0	0.0
0	0.0
0	0.0
0	0.0
0	0.0
