1	0.022161874758586046
2	0.2504628670443435
3	0.20253752958789437
6	0.029889697145737845
8	0.04088628274569855
9	0.773706160095975
10	0.040997180346774666
12	0.5167567410675674
15	0.04509933957860902
16	0.03629336889023135
17	0.287112242851979
20	0.031429279538607004
24	0.23022059854259325
25	0.042485492784369874
27	0.34620948049068667
28	0.04350815493080355
29	0.02563713033133709
31	0.0020515461286895256
32	0.2665066790080874
33	0.28459485082706903
34	0.26037930963129785
35	0.26620512996714174
36	0.4811265032416493
37	0.2610948696842169
39	0.014969142318204814
40	0.2716763283815997
41	0.012612093965421504
43	0.0006506430505808097
45	0.2469121370297928
46	0.2829485844786712
48	0.4952878685170164
50	0.3070171664602427
51	0.2595462465907662
52	0.029955116137917837
53	0.005134758378712183
54	0.027614797487019668
55	0.27982381372645815
57	0.250599652912657
59	0.02259543726580203
63	0.021052315582485367
65	0.2599092324545639
66	0.011941459055251215
67	0.28499087141994883
68	0.0966245090842778
69	0.30403239454992537
70	0.25537231807456273
71	0.052672519742675436
73	0.03410562258166272
74	0.02476553215881367
75	0.010937799871613328
76	0.0066577016602935996
77	0.28788343976715425
78	0.5357967363762179
79	0.0005735689394242641
82	0.011897596702315473
83	0.5069241632858927
84	0.023132901335386306
87	0.056403341956900124
91	0.27585352696002663
97	0.03563587747806884
99	0.033799573247852266
100	0.055844085803980675
101	0.5127025630808123
102	0.01470400906125268
106	0.2775392211182589
107	0.2557402495035654
109	0.029388946035406212
110	0.03467433138135907
111	0.020074088085715758
112	0.25746433117040296
113	0.2512433973885531
115	0.05489110198026548
117	0.031326279228240675
118	0.024579039078123577
119	0.032306420896707815
121	0.054677943566699666
122	0.7467574255453386
124	0.008547568420210996
125	0.011151165237807199
126	0.7368039238179177
127	0.7511094432636567
128	0.2650521222328483
129	0.21842799183207035
131	0.5406220346167604
132	0.005408951404885516
133	0.24161540500597467
135	0.2603331796863612
137	0.27754649527071995
140	0.02100105675694853
141	0.5224951583942394
143	0.5336132965961177
147	0.26585130002311164
148	0.26578498937955086
150	0.3010874085502649
151	0.011079793416409474
152	0.025453211429096095
153	0.029001985251594267
154	0.512363929919028
155	0.5409716390678049
157	0.24958871649941747
158	0.007997299075723333
159	0.2712878017892863
160	0.04003661025239111
161	0.14676502293667135
163	0.20033256701382285
164	0.29523938620041795
166	0.26522849985094155
168	0.2176739558098151
169	0.01669362919188539
170	0.29653842655487683
172	0.07130634174654585
173	0.04694233396465498
174	0.017988437019523205
175	0.043139086971116306
177	0.03713346328366475
179	0.03334999962592939
180	0.007830228166744696
183	0.017707220497965387
185	0.44125402020757154
186	0.2589841769353229
187	0.4951800568224518
188	0.024042497184566095
190	0.31544371704146207
191	0.27683762508266485
195	0.2185237455626659
197	0.20797666506470275
199	0.023909886503754876
202	0.027962002507482354
203	0.3326089909873923
204	0.19519540173217642
205	0.45789799175453094
206	0.33583699496384334
207	0.03199456264556057
208	0.24033146716383746
210	0.03167493427903107
212	0.037121737427849646
213	0.0356673824830674
219	0.5243515305900673
220	0.08289319866205294
224	0.23892706362823404
225	0.018702110563103287
228	0.09922255718228346
229	0.2886566542589866
232	0.007934161304396427
233	0.27272205516227666
237	0.020637209242348083
238	0.00237988462291628
241	0.21030821012050163
242	0.0712804668665465
243	0.04905746696028891
244	0.03436704161711163
246	0.06011706228938289
247	0.045298481890423306
248	0.055596186377356235
251	0.05055313060733267
252	0.022397492129139
254	0.24384483589323727
255	0.5120103414940053
257	0.535554101363853
258	0.24550574248936619
260	0.21154480579809196
261	0.2764597246950573
262	0.03233145023576803
263	0.027724657776824646
264	0.2714939754771617
266	0.12253007288103557
272	0.2512879806962966
273	0.5009560136846849
274	0.0003591050989608241
275	0.5048974953556548
278	0.3304372779581689
279	0.006414640337714744
281	0.31638230743076545
282	0.5280440109327337
283	0.48765020439369333
284	0.24942859782131263
285	0.24952550291613879
287	0.4761237018709777
288	0.041942850554554025
291	0.28470793748582124
296	0.2558734512136242
297	0.030982960532454758
298	0.02235710640547063
300	0.40043522589202346
304	0.2926204663214812
306	0.5132060199495384
307	0.00430107080431525
308	0.006858041933576205
309	0.22388330596927974
310	0.32198121699518023
312	0.26970249322452033
313	0.04330644084459573
316	0.08900193034914088
317	0.5327764863204715
319	0.2803712687217865
322	0.26242359851211383
326	0.02024003839233778
329	0.021112548306142676
330	0.2610078306168722
331	0.2764798949248375
332	0.007387829251555428
333	0.28371277132296335
335	0.45584550533739243
336	0.005625047800045999
337	0.00032144375414805415
338	0.025064160811276673
340	0.0023826406365181838
341	0.1969557744761965
346	0.2609725300092206
348	0.040005341326036795
349	0.053068271981268296
350	0.24312243652026894
351	0.006338895492283163
352	0.006999256932914252
353	0.024799749371658603
355	0.28318599111684395
356	0.019062594268804134
359	0.016497345698676426
361	0.0473377966260153
364	0.008655452300284451
365	0.06849025113145704
366	0.5159762191792968
367	0.026098416820290675
368	0.5392670483237954
369	0.24748286736078776
370	0.0188907518648834
372	0.5197874523476468
375	0.3237682102628478
377	0.7126847414997602
381	0.02256709208568168
382	0.003243999562020615
383	0.2916333934906261
384	0.23919341420973442
388	0.26024104984935914
393	0.2527807537340871
396	0.1998107816322389
398	0.030898052907782712
400	0.2406548232489992
401	0.26913786481144264
403	0.2636176195293326
404	0.22740819483491354
410	0.2559783327435683
411	0.023764683447427763
412	0.02715575631053813
413	0.05785353926711367
415	0.5199343727464897
418	0.13717652738181302
419	0.04042181546986622
422	0.03114710103238412
424	0.06417877057630961
425	0.20675405114593226
426	0.0218443960075279
427	0.2549773327415749
428	0.005119598359860443
431	0.24838225462519326
432	0.2951049042990483
433	0.033003695822925026
434	0.2576517948791227
435	0.023071788355228412
437	0.2488710109580725
439	0.7426932277915472
440	0.034434414498637586
441	0.01828875213923423
443	0.258501541851925
444	0.26110209933093553
450	0.0258730378309285
451	0.25764574440704857
456	0.024231156838091877
459	0.056988208147569275
462	0.3010001270481086
464	0.02098068973759471
467	0.2691581120249725
469	0.022299074396500678
470	0.510907751855968
471	0.7492863077713924
472	0.262954646837235
473	0.28828952507928757
474	0.03292275591526386
475	0.2792265866407609
476	0.26088008291935727
477	0.25304367344604256
478	0.01122926839535169
481	0.2601416332530804
482	0.31100177525421513
483	0.28026502606688397
484	0.018158391729751047
489	0.2387488662273613
491	0.005317674439891666
492	0.2280391044090846
494	0.5091154731174072
496	0.01528177907219391
498	0.23084969361906504
499	0.2769456282310202
500	0.004211893413400697
502	0.30103339986100147
505	0.26885429740650546
507	0.023869394130904917
508	0.013889860716955776
509	0.20138198969459917
510	0.05941742569500588
511	0.46246479826244374
512	0.2697922133404241
513	0.040169006846522574
515	0.2970325312799769
516	0.02391362601996757
518	0.009278283206599167
522	0.24139832586058038
523	0.281565965495288
527	0.23280639831611502
528	0.28469124426592
529	0.7622154444085621
530	0.5176044357137256
531	0.015541158238587652
533	0.2634015186732551
534	0.016338168723968677
536	0.03863392220782315
539	0.2172043482584097
540	0.2883391186843077
543	0.04437085372323149
545	0.031868082480230875
546	0.022941887002434807
547	0.018111817813495638
550	0.24802934306329466
551	0.011357843182846765
552	0.008716073974164289
554	0.25057434810118123
555	0.25116401548714207
558	0.019120889605091416
559	0.26808592787286223
562	0.07981110206970685
563	0.2420369105920115
564	0.017316012700033856
565	0.00794811217152409
566	0.01665603815837128
570	0.21428265458673112
571	0.033882579841261626
572	0.30072782317794466
574	0.03963853764506451
575	0.2603314907050987
576	0.01570486335285897
578	0.2922664502398674
580	0.24798989607151625
583	0.5356656068245912
585	0.22055251197679793
586	0.03262900337439531
589	0.0023489314787730406
590	0.012796805993667556
593	0.2690517778178566
594	0.02102042021500672
596	0.5247845831190772
597	0.2115668010389682
599	0.03290235513235536
602	0.018670024976991037
604	0.18761970304643913
607	0.004030337988418623
608	0.06915958139281617
609	0.14977193918753792
610	0.03184405051033917
611	0.01397077452878617
612	0.250016596256485
613	0.007281890815083923
615	0.016175212908298146
616	0.048620827305284456
618	0.2670558578322754
619	0.0035721299765273176
620	0.26495673530374997
623	0.24580322500920887
624	0.009829841667870536
628	0.02771327896056886
629	0.03153105867241929
630	0.24919921264141723
632	0.017935512989038314
636	0.021608451064980393
638	0.03184827027308079
640	0.019523124174443164
642	0.25739154407711856
644	0.24861960349042286
646	0.2209819331911505
649	0.23279293623007535
651	0.24712318857571852
653	0.23823263141535855
654	0.23061978455874016
657	0.032182303111511185
660	0.27335359669789394
662	0.20494921794879878
668	0.21636413567773927
670	0.012384008671330722
671	0.24343508065285732
672	0.20877915336167469
673	0.2104495851763816
674	0.0233212155421713
675	0.5452709242193752
676	0.009224441157310713
677	0.24954247020127676
679	0.27970759939586004
680	0.015730752715988873
681	0.21668222575295207
686	0.2640712493685586
687	0.4863985553819998
688	0.2596470302615201
689	0.5007630779310578
690	0.2559117889345551
692	0.03335780757135957
694	0.01966391214646865
695	0.28942463571104365
696	0.030310417776397803
697	0.022462901538752394
698	0.5288789947942003
699	0.018659195914706432
700	0.06405943300849057
701	0.04359167049215004
702	0.24840898949280618
703	0.27736534771332566
705	0.012515947896264028
706	0.28115947795745755
708	0.4986049967629637
711	0.03992616982075822
712	0.28061407592256343
714	0.26625656282756555
716	0.010889976415508405
718	0.2924457222323355
719	0.06017748434425252
723	0.2879497356750498
724	0.33583699496384334
725	0.2295603095532712
728	0.0071432201018290994
729	0.2848869821198638
731	0.5262519351447386
732	0.23049697751791154
734	0.025177434123393103
739	0.5084656327422642
740	0.008589958854522857
742	0.009531755820707956
743	0.0009016117232938797
744	0.0275056222631282
746	0.04366873998526766
749	0.02759396287639642
750	0.2878671910168279
751	0.014721525917951808
752	0.21917880810277385
754	0.4952186203164273
756	0.033090886989485105
759	0.23916892123398836
761	0.27136730040297313
762	0.29947582549127444
765	0.031006952262050604
766	0.013484485217236039
768	0.20819686054429473
769	0.0030226256991897037
771	0.013350748333162972
772	0.019084096890138555
777	0.30851122181254814
778	0.23396014523178238
779	0.24665838776161617
781	0.023302946602500166
782	0.021291524866539527
783	0.2316506441555272
784	0.026207498688224702
785	0.30008757939897057
788	0.004505333495979223
789	0.011347635452180774
790	0.24415617928857578
791	0.006437806280076685
794	0.0027704036027465864
796	0.2641711761869236
797	0.24225686221109377
798	0.024640936847238733
799	0.26716092611995723
801	0.5084586454757567
804	0.010126705657433614
808	0.2303232643094486
809	0.28549763540793244
810	0.0018559086235914873
811	0.2599921165578184
812	0.7465010602190368
814	0.00901091249017058
816	0.2797074948479637
817	0.25236130444326527
818	0.055124268682752
821	0.026492466500329423
822	0.2593942275636811
824	0.328306999492749
825	0.27036132965933757
826	0.033039851344645564
827	0.4912181631638968
829	0.027713278960568858
830	0.04334049907550235
832	0.2576138759373472
834	0.512265223196543
836	0.24013845366888512
837	0.03848668345953224
838	0.27662925012824624
840	0.014372382442966201
842	0.23490739485022505
844	0.2717141476548776
847	0.27755484910721573
848	0.2662658910156527
850	0.2871008700004333
852	0.033701928507523196
855	0.2570292755924437
856	0.2972099197583182
858	0.2767840530119185
859	0.2527963895292317
863	0.2377082646313882
866	0.17221058532587502
871	0.0019350205973986123
872	0.01409152103344825
873	0.5314295614785309
875	0.01887851501068867
876	0.24118488200082902
880	0.0329714448641707
884	0.25038334326605066
885	0.21302044340666015
887	0.019664089469281627
888	0.5015283400462377
889	0.023187459159145222
893	0.028792546769718645
897	0.03460086649601125
901	0.22700744352489488
904	0.24043591870591713
909	0.26026769634955005
910	0.0031641723309674893
911	0.5022938490368614
914	0.15904079755788547
915	0.22171960439396401
917	0.2309946606468651
920	0.2525206448129841
921	0.2560967225644851
923	0.2763377984640791
925	0.25667073377169747
927	0.013404556679688009
930	0.22576682889096303
931	0.029426323263529962
934	0.030560597498546727
935	0.26214379311483016
936	0.009347556548809137
937	0.008108357148347928
938	0.04466894971784809
939	0.036528362822507904
941	0.055697558907148254
943	0.007282635776405394
0	0.0
0	0.0
0	0.0
0	0.0
0	0.0
0	0.0
0	0.0
0	0.0
0	0.0
0	0.0
0	0.0
0	0.0
0	0.0
0	0.0
0	0.0
0	0.0
0	0.0
0	0.0
0	0.0
0	0.0
0	0.0
0	0.0
0	0.0
0	0.0
0	0.0
0	0.0
0	0.0
0	0.0
0	0.0
0	0.0
0	0.0
0	0.0
0	0.0
0	0.0
0	0.0
0	0.0
0	0.0
0	0.0
0	0.0
0	0.0
0	0.0
0	0.0
0	0.0
0	0.0
0	0.0
0	0.0
0	0.0
0	0.0
0	0.0
0	0.0
0	0.0
0	0.0
0	0.0
0	0.0
0	0.0
0	0.0
0	0.0
0	0.0
0	0.0
0	0.0
0	0.0
0	0.0
0	0.0
0	0.0
0	0.0
0	0.0
0	0.0
0	0.0
0	0.0
0	0.0
0	0.0
0	0.0
0	0.0
0	0.0
0	0.0
0	0.0
0	0.0
0	0.0
0	0.0
0	0.0
0	0.0
0	0.0
0	0.0
0	0.0
0	0.0
0	0.0
0	0.0
0	0.0
0	0.0
0	0.0
0	0.0
0	0.0
0	0.0
0	0.0
0	0.0
0	0.0
0	0.0
0	0.0
0	0.0
0	0.0
0	0.0
0	0.0
0	0.0
0	0.0
0	0.0
0	0.0
0	0.0
0	0.0
0	0.0
0	0.0
0	0.0
0	0.0
0	0.0
0	0.0
0	0.0
0	0.0
0	0.0
0	0.0
0	0.0
0	0.0
0	0.0
0	0.0
0	0.0
0	0.0
0	0.0
0	0.0
0	0.0
0	0.0
0	0.0
0	0.0
0	0.0
0	0.0
0	0.0
0	0.0
0	0.0
0	0.0
0	0.0
0	0.0
0	0.0
0	0.0
0	0.0
0	0.0
0	0.0
0	0.0
0	0.0
0	0.0
0	0.0
0	0.0
0	0.0
0	0.0
0	0.0
0	0.0
0	0.0
0	0.0
0	0.0
0	0.0
0	0.0
0	0.0
0	0.0
0	0.0
0	0.0
0	0.0
0	0.0
0	0.0
0	0.0
0	0.0
0	0.0
0	0.0
0	0.0
0	0.0
0	0.0
0	0.0
0	0.0
0	0.0
0	0.0
0	0.0
0	0.0
0	0.0
0	0.0
0	0.0
0	0.0
0	0.0
0	0.0
0	0.0
0	0.0
0	0.0
0	0.0
0	0.0
0	0.0
0	0.0
0	0.0
0	0.0
0	0.0
0	0.0
0	0.0
0	0.0
0	0.0
0	0.0
0	0.0
0	0.0
0	0.0
0	0.0
0	0.0
0	0.0
0	0.0
0	0.0
0	0.0
0	0.0
0	0.0
0	0.0
0	0.0
0	0.0
0	0.0
0	0.0
0	0.0
0	0.0
0	0.0
0	0.0
0	0.0
0	0.0
0	0.0
0	0.0
0	0.0
0	0.0
0	0.0
0	0.0
0	0.0
0	0.0
0	0.0
0	0.0
0	0.0
0	0.0
0	0.0
0	0.0
0	0.0
0	0.0
0	0.0
0	0.0
0	0.0
0	0.0
0	0.0
0	0.0
0	0.0
0	0.0
0	0.0
0	0.0
0	0.0
0	0.0
0	0.0
0	0.0
0	0.0
0	0.0
0	0.0
0	0.0
0	0.0
0	0.0
0	0.0
0	0.0
0	0.0
0	0.0
0	0.0
0	0.0
0	0.0
0	0.0
0	0.0
0	0.0
0	0.0
0	0.0
0	0.0
0	0.0
0	0.0
0	0.0
0	0.0
0	0.0
0	0.0
0	0.0
0	0.0
0	0.0
0	0.0
0	0.0
0	0.0
0	0.0
0	0.0
0	0.0
0	0.0
0	0.0
0	0.0
0	0.0
0	0.0
0	0.0
0	0.0
0	0.0
0	0.0
0	0.0
0	0.0
0	0.0
0	0.0
0	0.0
0	0.0
0	0.0
0	0.0
0	0.0
0	0.0
0	0.0
0	0.0
0	0.0
0	0.0
0	0.0
0	0.0
0	0.0
0	0.0
0	0.0
0	0.0
0	0.0
0	0.0
0	0.0
0	0.0
0	0.0
0	0.0
0	0.0
0	0.0
0	0.0
0	0.0
0	0.0
0	0.0
0	0.0
0	0.0
0	0.0
0	0.0
0	0.0
0	0.0
0	0.0
0	0.0
0	0.0
0	0.0
0	0.0
0	0.0
0	0.0
0	0.0
0	0.0
0	0.0
0	0.0
0	0.0
0	0.0
0	0.0
0	0.0
0	0.0
0	0.0
0	0.0
0	0.0
0	0.0
0	0.0
0	0.0
0	0.0
0	0.0
0	0.0
0	0.0
0	0.0
0	0.0
0	0.0
0	0.0
0	0.0
0	0.0
0	0.0
0	0.0
0	0.0
0	0.0
0	0.0
0	0.0
0	0.0
0	0.0
0	0.0
0	0.0
0	0.0
0	0.0
0	0.0
0	0.0
0	0.0
0	0.0
0	0.0
0	0.0
0	0.0
0	0.0
0	0.0
0	0.0
0	0.0
0	0.0
0	0.0
0	0.0
0	0.0
0	0.0
0	0.0
0	0.0
0	0.0
0	0.0
0	0.0
0	0.0
0	0.0
0	0.0
0	0.0
0	0.0
