1	0.29884386836435545
2	0.5497129109485809
6	0.31196169059717727
8	0.23562251507121182
9	0.23243965380011106
10	0.06514428199363878
11	0.20189322640531612
12	0.23348340564212558
13	0.08149055784941846
14	0.04869675274610888
15	0.20481785673834718
16	0.002456351442287605
17	0.45588070910605394
19	0.029798415429324262
20	0.013612180827442859
22	0.09009494099592344
23	0.05044508852053355
26	0.36350284761208135
28	0.24036369560576792
29	0.059428286397621974
31	0.2884860499403243
32	0.24261013184956695
33	0.2326879617151181
35	0.23495503824074046
36	0.2622046146760311
37	0.09055892375829908
38	0.28688604968342496
39	0.5644387681782196
40	0.28857525974288595
41	0.22863052628440197
44	0.1126855792596399
45	0.500849637583607
46	0.24527054975614573
48	0.2589492207471519
51	0.22081293306382804
52	0.24814150398876128
53	0.210219181157657
55	0.23441347791907066
57	0.011009427677452562
60	0.291163964059315
61	0.2252331659786746
63	0.03158684570101958
66	0.004768472551224756
67	0.25817426700097224
68	0.2678339132533869
69	0.5448729704289935
70	0.00139322450734803
71	0.2356164583033825
72	0.006472895339973236
74	0.27755662183724894
78	0.2524593454403663
81	0.01240792225170077
82	0.029933314573470836
83	0.4568401285181842
84	0.20225093941995476
85	0.2940379269696234
86	0.23983899162184308
87	0.5265492847046587
89	0.02013675235555493
92	0.047194773169024665
93	0.15583796060515612
95	0.22877816739897622
96	0.5367439084687666
99	0.011946864225483793
100	0.21940136721523582
101	0.18099069922705507
104	0.36565404936245005
105	0.08808029728909789
110	0.19518625355740588
112	0.008603026999276855
113	0.5470585005125053
114	0.34694103018168665
118	0.0061181822644046195
120	0.013987372652930034
124	0.030299944278299983
125	0.007116780304613487
126	0.24532664703692458
127	0.20974819063357308
128	0.2210817799662258
129	0.022329514987733143
132	0.059188390205568375
134	0.000999852610369733
137	0.762383053361716
140	0.28618505991273285
141	0.21547236406344147
142	0.00883017885116253
146	0.2558734296927169
147	0.2541909615002117
148	0.7669298015820223
149	0.10655710414046023
150	0.47714260647434564
152	0.23762445966484158
155	0.22241040350641744
159	0.003459600398741044
160	0.04767032444555759
161	0.18940530801251712
162	0.016035576374826506
163	0.24730044100185433
166	0.21322918263491364
167	0.2660538483246071
169	0.2459526726285922
171	0.21420830164828603
172	0.298432520070905
173	0.2880706720460878
174	0.0490076111324258
175	0.22548370653921218
176	0.22761666775208547
177	0.3067085333727722
179	0.5176627818723483
180	0.21532772748055756
182	0.23011276290754615
184	0.08267597212598209
185	0.2347671159273747
187	0.24493693034350075
188	0.0644344841390214
189	0.27142988519986266
191	0.038853174373508464
197	0.1685881241970689
199	0.2793979356217727
200	0.09391321680026882
202	0.2411569101717802
203	0.19410302349536368
210	0.07546149751342317
212	0.01656139361577619
214	0.06120944261554874
215	0.012304947536953
216	0.06862393750719299
218	0.26008032630532096
222	0.2416363395277678
224	0.2513335570779268
226	0.11615169408441778
228	0.3490323615426572
230	0.2227668353168141
231	0.006095028020795069
232	0.5267345111357349
233	0.011162461655189675
236	0.031164498598970372
237	0.030352602854623954
239	0.09405053753394123
241	0.016644744275415582
242	0.4955783781344618
245	0.24578915971831977
247	0.025058927621488196
248	0.5683480687981863
249	0.05745951272389629
252	0.0014869296178322035
256	0.3012355536360205
257	0.026859213014006726
261	0.030822393718535443
264	0.28328967672320415
265	0.049629160844283364
268	0.07632276354091014
272	0.29327262463014175
273	0.2099327122565529
274	0.022974943405183718
275	0.247450901498801
276	0.09033164256141081
277	0.23071490030492697
279	0.2164553369469463
280	0.2749198844184454
281	0.5130622026256111
285	0.2997223996230593
288	0.021977956931408353
289	0.08447292843871476
290	0.2232662436443108
291	0.0063695953105306
293	0.06962265526839845
294	0.23938024429505586
295	0.30042184037807973
297	0.06301741200724531
299	0.06655926088036034
304	0.20374699358147286
306	0.001406139294023407
307	0.22831717884774405
309	0.2728085903134927
310	0.18536564732584748
312	0.29018463602073974
313	0.2932838755077547
314	0.2211267703359092
317	0.30528081456889417
318	0.005807579077283707
319	0.003999483763149299
320	0.2732667627130765
321	0.25284093724664997
322	0.32664241756404705
323	0.22244227482960358
324	0.013307098650844465
325	0.07409409852840848
326	0.27779863931856913
328	0.03866829318999396
329	0.06180349358871293
330	0.0020171146475512873
331	0.757629637275378
332	0.07928262911095228
336	0.24283032300279273
337	0.24322850459197393
338	0.5274684058369542
340	0.2342744977777239
341	0.11316621474180646
342	0.023621440799199755
344	0.09539179805105155
346	0.22004929340646692
350	0.0005489725102593226
352	0.25736963667169954
353	0.004975841163527159
354	0.048663558030528194
356	0.035170668462951825
357	0.20745094230059757
358	0.024580289049436606
361	0.09126900224547865
363	0.5427063216754793
364	0.28959718217724034
365	0.2341321507307334
366	0.014598737746057973
367	0.5244203386299588
368	0.2939656203013881
369	0.23193896496401156
370	0.03668798087279086
372	0.007996526286101861
375	0.29617654128169546
376	0.24407546834675647
379	0.06130716117775014
380	0.0642019705676233
381	0.3105506666594689
383	0.23923737750972457
384	0.08874018874164846
385	0.07506124028397121
387	0.08968860438322619
388	0.3079152579726222
389	0.08004059986361269
390	0.29673183982362467
392	0.28469039553154574
394	0.0981162903324946
395	0.09714746094716412
400	0.27538527335106583
404	0.3209883351813093
406	0.07907394198882883
408	0.30306408903304827
409	0.07926053060199678
413	0.25597142719116617
415	0.037480230841631566
416	0.08978651135868067
418	0.3281241897090066
419	0.22590132082951717
421	0.27231240966116865
422	0.008953763685956333
423	0.29800122373269833
425	0.10358843627204672
426	0.3086132842063121
428	0.31624585884602974
430	0.29303895456962004
432	0.0051669266630190724
433	0.1422867571951499
434	0.45731886917688996
438	0.007999204870965629
439	0.046870141929523136
440	0.02015563054368666
441	0.23832493401357177
445	0.049067459872499705
446	0.33269743290050524
447	0.05208688320773511
448	0.28412295388152525
451	0.029977405711750615
456	0.054732184761659974
458	0.07033677762905122
459	0.0001152714138826609
461	0.47328565658708116
463	0.09845517823182758
466	0.28875177422652254
467	0.2661656820144007
469	0.29807417709238404
471	0.2222320140289356
472	0.004140101442405571
473	0.22922746416510592
474	0.058787458104689196
475	0.266033991714926
478	0.004307524499035965
480	0.3051934025373092
481	0.20878940287621348
482	0.255746896070362
483	0.25975832278661454
484	0.28911635543042324
485	0.141597505561446
488	0.28935913141783076
489	0.23280737349964575
490	0.0974984826222177
491	0.0664146190879071
494	0.009274917388220352
496	0.08745980711403308
499	0.2895377114448325
501	0.007505943416872496
502	0.19495005455743564
505	0.22658827126952963
506	0.05953952614056608
507	0.06297289254586927
509	0.5810254045316253
510	0.30188079833978415
513	0.4457259374699776
514	0.07560562023152816
515	0.47005644433569865
516	0.24589802853885412
518	0.21603938261654976
519	0.07303047660471773
523	0.003493950550426367
525	0.01736106425365736
526	0.08028061843932563
528	0.28896922433108824
529	0.018342668748421477
531	0.0933647095169142
533	0.007857488956003692
535	0.2640272873553594
536	0.5332868008969472
537	0.07630772842710179
539	0.2270933672871918
540	0.23120636352643528
543	0.052630238364742836
544	0.18359006970320188
545	0.22146139438557377
546	0.014872264408558242
547	0.10308339029042604
548	0.28750952827721077
553	0.0860758967581009
554	0.2240488420297997
555	0.001101266529945695
557	0.29593584718775096
558	0.018670024799405348
559	0.01103562964394671
560	0.07285705582184121
563	0.23658767395454078
564	0.0013817053977685165
565	0.017872889526707153
566	0.292529064529558
568	0.28791638563679167
569	0.06424091377624863
570	0.29207406849082873
571	0.30611717349342665
574	0.06353862388255258
575	0.012143042730003356
576	0.015329269513680577
578	0.2205248361949744
580	0.18799371508676394
584	0.2337177954946943
587	0.3117764566776362
589	0.006994182703042036
593	0.23989568153898452
596	0.21407990277148556
597	0.22005814839705207
600	0.08254784140743995
603	0.3105856560760597
608	0.04602314299803397
609	0.5334395757623078
612	0.23367440754457625
613	0.08030514118958873
614	0.024605189211009588
615	0.04658786190735592
616	0.5438863770795784
617	0.04257787625504782
619	0.5300251759017518
620	0.22426726882558204
622	0.0697801804719362
624	0.07362437114295442
626	0.11038776028830355
627	0.05039956691237842
628	0.2967318398236246
629	0.23457594236219806
632	0.0038391166837885363
633	0.23009230312241205
634	0.06182536209918881
635	0.07140186757814951
636	0.0029756189099898536
638	0.25298587456618965
639	0.10539128503714368
641	0.04409473921521006
642	0.010736453032175557
643	0.05867769240833875
644	0.23250919169808995
645	0.03289243088469962
648	0.3343509333307756
649	0.008875034517841031
650	0.046941993931676015
651	0.30351792847475867
654	0.10164814892636412
656	0.2772350873002347
657	0.004997863699257199
658	0.06315253166339521
659	0.06874358137786682
661	0.0596192810289958
665	0.28891560381292275
668	0.35345778403525296
669	0.11306276358445153
670	0.2896319191075358
671	0.2114979348785203
675	0.12037792072894528
676	0.5226086081782279
678	0.021689150497260844
679	0.29861523428813574
680	0.24094477528813205
682	0.06695133982383786
683	0.06170250815677107
688	0.2967318398236247
689	0.2533942627323516
692	0.24799355060041028
693	0.05582694379403384
694	0.007584425723005168
695	0.5303835847668977
697	0.3364236976343564
698	0.24355653531439564
700	0.48163925011647124
701	0.2520744667733633
702	0.46763287708219564
703	0.030152772793923355
704	0.06915233338047881
706	0.4922318316443313
707	0.051350163186514856
708	0.2575387540566019
710	0.06990327956978742
711	0.07150281006490468
712	0.24542818398189542
713	0.12387331586644884
714	0.2348347176210576
715	0.21583813937304613
717	0.08034721754057718
718	0.1905463722263861
720	0.0842175325708413
722	0.27282096924883203
723	0.4566686713621091
727	0.1533303089141974
729	0.013172370064711995
730	0.25950163126973125
731	0.028758943809802366
732	0.04502413844455641
735	0.006118182264404633
738	0.12187470622111891
740	0.11490669322196947
743	0.10367457649288768
744	0.3217045056586833
745	0.09613688127759515
746	0.0656647611754309
748	0.08172737816962644
750	0.4529271555283569
752	0.2994606605528562
755	0.0025777346799985314
757	0.09122479782638622
759	0.23248052965781857
760	0.20358906008118935
761	0.4513799931694359
762	0.28620589435963234
764	0.055619960872230964
766	0.08413606575970178
769	0.010559417651503384
772	0.32652410273012866
775	0.020074088085715758
777	0.037987629347181355
781	0.33956976190572336
783	0.31764863555420497
784	0.29770281968327195
785	0.035710279836333
787	0.3002532520197627
788	0.07309270012509306
789	0.019586734509044378
790	0.11013070534101076
793	0.00725593284944329
795	0.089492309326695
796	0.5303454594202675
797	0.12419715320326422
798	0.0040046959920643915
799	0.25878905141055963
800	0.006118182264404574
801	0.036142531127335745
802	0.2877068596751267
806	0.3141926181814899
807	0.06521989944829476
808	0.10023569723416809
809	0.05282503563243182
811	0.25258244250776185
812	0.004414641451830598
813	0.030578762773174915
814	0.2804170116170949
815	0.04631939204150094
816	0.009689326729033311
817	0.011978342354381853
818	0.3087804922553666
819	0.09905841311109007
822	0.0002696816375380093
825	0.22276939602826507
826	0.32632546578371485
827	0.31957252602143704
828	0.08968613567240673
830	0.08556763712109672
831	0.023666649385252793
833	0.08377717257558612
834	0.23595500081370868
836	0.10646940483435625
838	0.2336477528262514
840	0.055238509994646606
841	0.06611767948115194
842	0.3229573836458665
843	0.5499020270352497
844	0.009992003948629802
846	0.0651079646710275
847	0.4671920576814505
848	0.3079621964624792
849	0.2386091083117806
850	0.001324503489083955
851	0.058711026141858455
853	0.35142027685247207
856	0.2230526594695591
857	0.28646276317329544
859	0.030159181944020813
860	0.32109841524533866
861	0.02625668394726549
862	0.2954138714078888
867	0.06520009747158595
868	0.07522922192396074
870	0.08470873165444436
871	0.3440079081411864
872	0.01994806105877243
877	0.005280571210256338
881	0.2774064776347267
883	0.07993650204976532
884	0.23507420596947215
886	0.08910334158366875
887	0.06070216655618409
890	0.03196525446782002
892	0.08933613019862843
893	0.22140255413995705
895	0.2319855251850073
896	0.06635480781756835
898	0.044076560544039654
905	0.3369650461626783
906	0.02049768763325057
908	0.05060502011379542
909	0.03523270043818795
910	0.014365384766521085
913	0.08781489998619244
914	0.08598732675747425
915	0.10457370792391824
916	0.04547805820839907
918	0.08186469518180804
919	0.06437507543826426
920	0.013987020897188847
922	0.3523380428568207
924	0.038267520841311714
926	0.3046392554896491
930	0.004256916211726528
931	0.27446165117514176
934	0.07816373553839669
935	0.015344750246892552
937	0.20948905109489058
938	0.29384742089269494
940	0.055862062004240765
941	0.008278695722141384
942	0.08284538881542025
0	0.0
0	0.0
0	0.0
0	0.0
0	0.0
0	0.0
0	0.0
0	0.0
0	0.0
0	0.0
0	0.0
0	0.0
0	0.0
0	0.0
0	0.0
0	0.0
0	0.0
0	0.0
0	0.0
0	0.0
0	0.0
0	0.0
0	0.0
0	0.0
0	0.0
0	0.0
0	0.0
0	0.0
0	0.0
0	0.0
0	0.0
0	0.0
0	0.0
0	0.0
0	0.0
0	0.0
0	0.0
0	0.0
0	0.0
0	0.0
0	0.0
0	0.0
0	0.0
0	0.0
0	0.0
0	0.0
0	0.0
0	0.0
0	0.0
0	0.0
0	0.0
0	0.0
0	0.0
0	0.0
0	0.0
0	0.0
0	0.0
0	0.0
0	0.0
0	0.0
0	0.0
0	0.0
0	0.0
0	0.0
0	0.0
0	0.0
0	0.0
0	0.0
0	0.0
0	0.0
0	0.0
0	0.0
0	0.0
0	0.0
0	0.0
0	0.0
0	0.0
0	0.0
0	0.0
0	0.0
0	0.0
0	0.0
0	0.0
0	0.0
0	0.0
0	0.0
0	0.0
0	0.0
0	0.0
0	0.0
0	0.0
0	0.0
0	0.0
0	0.0
0	0.0
0	0.0
0	0.0
0	0.0
0	0.0
0	0.0
0	0.0
0	0.0
0	0.0
0	0.0
0	0.0
0	0.0
0	0.0
0	0.0
0	0.0
0	0.0
0	0.0
0	0.0
0	0.0
0	0.0
0	0.0
0	0.0
0	0.0
0	0.0
0	0.0
0	0.0
0	0.0
0	0.0
0	0.0
0	0.0
0	0.0
0	0.0
0	0.0
0	0.0
0	0.0
0	0.0
0	0.0
0	0.0
0	0.0
0	0.0
0	0.0
0	0.0
0	0.0
0	0.0
0	0.0
0	0.0
0	0.0
0	0.0
0	0.0
0	0.0
0	0.0
0	0.0
0	0.0
0	0.0
0	0.0
0	0.0
0	0.0
0	0.0
0	0.0
0	0.0
0	0.0
0	0.0
0	0.0
0	0.0
0	0.0
0	0.0
0	0.0
0	0.0
0	0.0
0	0.0
0	0.0
0	0.0
0	0.0
0	0.0
0	0.0
0	0.0
0	0.0
0	0.0
0	0.0
0	0.0
0	0.0
0	0.0
0	0.0
0	0.0
0	0.0
0	0.0
0	0.0
0	0.0
0	0.0
0	0.0
0	0.0
0	0.0
0	0.0
0	0.0
0	0.0
0	0.0
0	0.0
0	0.0
0	0.0
0	0.0
0	0.0
0	0.0
0	0.0
0	0.0
0	0.0
0	0.0
0	0.0
0	0.0
0	0.0
0	0.0
0	0.0
0	0.0
0	0.0
0	0.0
0	0.0
0	0.0
0	0.0
0	0.0
0	0.0
0	0.0
0	0.0
0	0.0
0	0.0
0	0.0
0	0.0
0	0.0
0	0.0
0	0.0
0	0.0
0	0.0
0	0.0
0	0.0
0	0.0
0	0.0
0	0.0
0	0.0
0	0.0
0	0.0
0	0.0
0	0.0
0	0.0
0	0.0
0	0.0
0	0.0
0	0.0
0	0.0
0	0.0
0	0.0
0	0.0
0	0.0
0	0.0
0	0.0
0	0.0
0	0.0
0	0.0
0	0.0
0	0.0
0	0.0
0	0.0
0	0.0
0	0.0
0	0.0
0	0.0
0	0.0
0	0.0
0	0.0
0	0.0
0	0.0
0	0.0
0	0.0
0	0.0
0	0.0
0	0.0
0	0.0
0	0.0
0	0.0
0	0.0
0	0.0
0	0.0
0	0.0
0	0.0
0	0.0
0	0.0
0	0.0
0	0.0
0	0.0
0	0.0
0	0.0
0	0.0
0	0.0
0	0.0
0	0.0
0	0.0
0	0.0
0	0.0
0	0.0
0	0.0
0	0.0
0	0.0
0	0.0
0	0.0
0	0.0
0	0.0
0	0.0
0	0.0
0	0.0
0	0.0
0	0.0
0	0.0
0	0.0
0	0.0
0	0.0
0	0.0
0	0.0
0	0.0
0	0.0
0	0.0
0	0.0
0	0.0
0	0.0
0	0.0
0	0.0
0	0.0
0	0.0
0	0.0
0	0.0
0	0.0
0	0.0
0	0.0
0	0.0
0	0.0
0	0.0
0	0.0
0	0.0
0	0.0
0	0.0
0	0.0
0	0.0
0	0.0
0	0.0
0	0.0
0	0.0
0	0.0
0	0.0
0	0.0
0	0.0
0	0.0
0	0.0
0	0.0
0	0.0
0	0.0
0	0.0
0	0.0
0	0.0
0	0.0
0	0.0
0	0.0
0	0.0
0	0.0
0	0.0
0	0.0
0	0.0
0	0.0
0	0.0
0	0.0
0	0.0
0	0.0
0	0.0
0	0.0
0	0.0
0	0.0
0	0.0
0	0.0
0	0.0
0	0.0
0	0.0
0	0.0
0	0.0
0	0.0
0	0.0
0	0.0
0	0.0
0	0.0
0	0.0
0	0.0
0	0.0
0	0.0
0	0.0
0	0.0
0	0.0
0	0.0
0	0.0
0	0.0
0	0.0
0	0.0
