1	0.11271243654268706
2	0.10214986471196585
4	0.22405042402193642
5	0.27694626775375647
6	0.5349906342933509
7	0.008662186640354713
10	0.2845523271126937
13	0.07931060078110716
14	0.5238447394957775
18	0.5340082395194274
19	0.19498950912281726
20	0.23691100834401968
21	0.5312674432145444
22	0.5536717896891996
23	0.5393881501685216
24	0.259548879598784
25	0.038297668443544805
26	0.3685437946604029
28	0.003140284260749332
29	0.04312337494963919
30	0.048441229299984706
31	0.041183371653817843
33	0.23504341560071623
34	0.1835621080107022
35	0.2545505452819145
37	0.30071667925373335
38	0.07195682007108684
39	0.3242309469533444
40	0.28717584291078124
42	0.24837379747307403
44	0.5592332202974105
45	0.0855979619997571
47	0.23777085489511937
49	0.02035930785614261
50	0.023240317739788345
53	0.012642360448996151
56	0.02508202797954447
57	0.0234354538049516
59	0.2385883876465408
60	0.5401351594604781
62	0.2495474480497988
63	0.19477503483974598
64	0.019985382011873686
65	0.019479987156000852
66	0.012473337562030087
70	0.24525469226871222
72	0.2473433101085583
73	0.3051640303983441
74	0.5277095302422702
80	0.2861966487461197
81	0.011355740073040844
82	0.5332211810913077
83	0.03181118465343171
84	0.2521123694054021
85	0.06782379174484542
87	0.05468169431627042
88	0.0671882456947679
89	0.013049723836086123
90	0.3004266703885684
91	0.23535401792037092
92	0.2961583353683424
94	0.2766084520802323
95	0.253208786329692
98	0.03595205298657216
100	0.48536401858450196
102	0.015802697533204346
103	0.05794069503003051
104	0.20280390676913473
105	0.5879785912547026
106	0.28255232945754133
107	0.056632133074300386
108	0.06583945135392749
109	0.009108930836364125
110	0.4932406668880441
111	0.10539128503714368
112	0.234957891836985
113	0.1047635085664935
114	0.10786287846529008
115	0.21744527882358494
117	0.034047103152953576
119	0.015605435305605344
120	0.008296773223870905
121	0.06298285305700738
128	0.00995264249431043
129	0.571353752755868
131	0.0175755473567211
132	0.5382457425151442
136	0.5704855960448668
137	0.061577844154063616
138	0.24023967260751994
139	0.2572100393233115
140	0.2927177024150842
141	0.07562141764019892
142	0.25605458223237754
143	0.22903291481829044
145	0.22778572441197997
148	0.07412789558019164
149	0.3515081557489327
151	0.23226800281178472
153	0.3686266349927508
154	0.0035545994010166074
156	0.011596258737989924
157	0.027485656759402757
158	0.023744200838223394
159	0.2444511755121599
160	0.276228722372582
164	0.22747366351992626
165	0.034438700099165095
167	0.46866017980673746
168	0.27078614619757524
170	0.2693792221062633
171	0.01728316051281621
172	0.5515199955965632
173	0.528918837271476
174	0.5103105111521945
176	0.005962981179920272
177	0.5263689422563305
179	0.2661759676762297
182	0.26373735350127736
184	0.086507760583212
186	0.02108301041959519
188	0.32923199699521344
189	0.029154456445603633
192	0.27811774438373815
194	0.2507316895830839
195	0.3154062352135153
198	0.2180062674154225
200	0.09411709177146835
201	0.010938526519585393
204	0.05955842364253344
205	0.17240474714292695
206	0.33564992835447144
207	0.3017383468455916
210	0.548794127972884
213	0.2498595932411244
214	0.3028519656203378
215	0.24960559532946808
216	0.5361936913335682
217	0.27475814637912654
218	0.5471762264806379
219	0.013884606875212542
220	0.17681678692040345
221	0.0070512498100251605
222	0.4521547227084658
225	0.01798778154936858
227	0.46985582288876404
230	0.22266367097871026
231	0.033850880446659376
232	0.3243479871396974
234	0.5569923509593211
235	0.018038502047505078
236	0.2757859487020903
237	0.031644839339834106
238	0.2564060230506233
239	0.3218409495263156
240	0.562940263736136
241	0.03758771598169225
243	0.06817087917911266
248	0.3077443007206754
249	0.2795232517619514
252	0.019196936507890294
253	0.2554817415888485
254	0.05247346656370845
255	0.2065821759439681
256	0.29262589420040186
257	0.009632999533957829
258	0.00976442619957884
259	0.5556853562359195
260	0.2474365463122811
262	0.005790639249613427
264	0.2901808938412269
265	0.0028149220059684767
266	0.019148371819492485
267	0.28515624704331766
268	0.32241145336796573
269	0.0407123087996269
270	0.2535302492386293
271	0.3163167123669906
272	0.5517854966446296
274	0.23394985524339612
276	0.3228746513171085
277	0.061850604438095924
280	0.0915951201825829
284	0.28790607872876534
285	0.5768771056207415
286	0.24842464746062068
287	0.042730593132055295
288	0.008970250160233811
289	0.102905664631694
291	0.019908130824694774
292	0.2645831419830264
293	0.2914600716929
295	0.07879776787619414
296	0.2476940532419769
297	0.5374882806092067
298	0.24636671411641609
299	0.33356995745864215
301	0.008377854461409547
302	0.26560995532231213
303	0.3409723492454457
308	0.3112395436844754
309	0.22045227914982043
312	0.2962618743160702
313	0.539069630105778
314	0.006644918803563903
315	0.31391243815474534
316	0.08296297454944371
317	0.05840770860254586
318	0.23523456450354732
319	0.22791782181174153
320	0.5034019637391155
321	0.22492745903503025
322	0.513999826117247
323	0.028023291722059026
325	0.3078363864092581
326	0.06619977893704056
328	0.2868075522045894
329	0.31343795599128
331	0.32937282003764995
332	0.32053785656512035
333	0.22868938042862452
334	0.4681893533335294
335	0.26480732780339805
338	0.33336855190055176
339	0.29594724659479943
340	0.02158798371078878
341	0.08633267426146492
342	0.03347114081964466
344	0.08304625078654215
345	0.4988666045163191
346	0.47971152628664065
347	0.23470831825342764
349	0.003760218702880694
350	0.0264660779939593
351	0.4904072634283915
352	0.3023172644077483
353	0.20681220675673068
354	0.5435543958355618
357	0.2240168279688784
360	0.3021800686956519
361	0.27616472402029324
362	0.604535093300704
363	0.10278343894041873
364	0.5653706007413803
367	0.32158993644601924
368	0.024818076061908716
370	0.5530218639239242
371	0.22379746767634487
372	0.02393655131102709
375	0.017266273447942772
376	0.23759259603855012
378	0.3071908811154199
379	0.9944418763125076
380	0.3210573854834105
381	0.07231675064987725
382	0.037825315540572155
384	0.3264911753977037
385	0.31065882586421434
386	0.19141232834777708
387	0.33204979805113455
388	0.07753745368092702
389	0.5619260950226026
390	0.30336049007450017
391	0.02289777152688066
392	0.31567954891311806
393	0.012025953467465302
394	0.3399903991439606
395	0.08106134605677076
397	0.5183006752982131
398	0.01839314756239066
399	0.7750500588672543
402	0.010322451881072836
403	0.26842410712459824
404	0.3243729840771205
405	0.3302709230923806
406	0.29842684528588154
407	0.5357801610669148
408	0.35256092206599676
409	0.28912303534789874
411	0.5076943134328296
414	0.5723350642057394
416	0.08750750572290036
417	0.5454790125851895
419	0.2438427687169487
420	0.5579117557385335
421	0.521808172528806
423	0.2832727092258946
424	0.31311748109552845
425	0.36894632590955695
426	0.5390958885914405
427	0.014523452078608525
428	0.32361986373810514
429	0.546417516323864
430	0.5286407976863956
431	0.23358455706916767
433	0.0935160159995117
435	0.2514139975421896
436	0.3036917782753001
440	0.2390874135272067
442	0.5573749996603931
443	0.2130989698513793
444	0.2346380963876
446	0.479825328296319
447	0.2731418238186508
448	0.1372018567707385
449	0.017555853396281153
450	0.2391787742475813
451	0.27093253390454997
452	0.1635956125831661
453	0.012912587341612516
456	0.2892501619209525
457	0.0458825782960617
458	0.31052883924724717
459	0.004109141710667206
460	0.7822789858472793
461	0.03581134356510504
462	0.255752645258488
463	0.38200787978380996
464	0.3231285310282923
465	0.2615696709095345
466	0.5174664703971932
467	0.050927997430039444
468	0.01976246858677846
469	0.7640959960530967
472	0.02302432289812722
474	0.5435126109273335
475	0.22410871420330586
476	0.2448921100740859
477	0.01578416192326282
479	0.31506911378052394
480	0.257008724758537
481	0.0055544334930488215
482	0.19793574806424757
484	0.28153185568969813
485	0.42240532559989424
486	0.4719218607957011
488	0.05504431185284919
490	0.5429046115527101
491	0.5276737687092812
492	0.26023958307117473
493	0.007453037541896773
496	0.34983180319324486
497	0.24104293240395328
498	0.042402736465190535
499	0.31959991784630526
500	0.3304254541203509
501	0.011153219949160784
502	0.24287065233400676
504	0.23039957833453617
505	0.25345689752966355
506	0.07579865371921354
507	0.06826672381497972
509	0.14651946827337547
510	0.260619023915345
511	0.03792043234495043
512	0.005179845750207558
514	0.05816642232644362
516	0.23140543861338173
517	0.04870686046579164
519	0.30719886929901874
520	0.26995630442709784
521	0.21235115792551384
522	0.011044709375981718
524	0.3113724541348231
525	0.21485748049104886
528	0.07037505356201318
529	0.011416565250185452
530	0.0017817821133902477
531	0.5589930849472245
532	0.31033849760529253
533	0.003019315955064047
534	0.23933762630440214
536	0.060775902535257054
537	0.3036217258336325
538	0.2216842701373232
540	0.007514766605457683
541	0.23093285447678036
542	0.29442078935079147
543	0.30836585233485525
544	0.3748574258909081
545	0.23166090494698088
546	0.011157863531573355
547	0.34121990284552933
548	0.2831349302957996
549	0.22739106833057757
550	0.03928676741486434
551	0.0031333008383528232
552	0.024308340030253603
553	0.7680457998377439
556	0.24765175816944204
557	0.29744514058740495
558	0.05170533537149248
559	0.261015236601419
560	0.3286309782042653
561	0.5541809815763546
562	0.055806077350792946
564	0.017613985927138313
565	0.2519449621730083
566	0.5345026260953811
567	0.5201499147059608
568	0.5036393214818548
569	0.5298903279211599
570	0.3891183820043776
571	0.07484612711258976
572	0.2569851964401712
573	0.5368328557148663
574	0.529279072036374
575	0.26879721569743115
578	0.21425304146778754
580	0.034892683114057285
581	0.036612516351102894
582	0.05069964019369598
583	0.22909285777892777
586	0.47590858267130465
587	0.2781407196375367
588	0.012816774462161094
590	0.24871026458869372
591	0.24292028498543
594	0.24018037265241277
595	0.19991111840893053
596	0.23835545097046612
597	0.048355051992067855
598	0.0423533753424242
600	0.3146394690402578
601	0.19360366366916276
602	0.27623639613057704
603	0.07545625705021872
606	0.3014716901905581
607	0.47684485378538227
608	0.48640776703060884
610	0.2196586403663169
611	0.4731473244512831
613	0.2966781683126832
615	0.06476065707287876
616	0.06683280109646081
617	0.4420020646464241
618	0.008430772057814829
619	0.29767865337293725
621	0.20996012021328259
622	0.5472475175607394
624	0.29785164824126587
626	0.5595691190512083
627	0.5283013577232871
628	0.5300625939575452
630	0.023419831798838976
631	0.25867550504393094
632	0.250914234518555
634	0.5384394224011579
635	0.3229881449502215
636	0.01772004956136468
637	0.007507418393324496
638	0.5242423657704119
640	0.24486779956312826
641	0.28718258908011984
642	0.24426527629816455
643	0.05243410689212875
644	0.0038779987939675624
645	0.5194071246356005
647	0.23074440695017367
648	0.5411491645688957
649	0.021158311310085564
650	0.5444660030712772
651	0.5345405219646843
652	0.2777452816517028
653	0.23917511157022267
654	0.34622637918228877
655	0.0022961662555115205
658	0.27491381868614995
659	0.2669097179606486
660	0.03056646162512914
661	0.5439948608631665
662	0.04276018198497926
663	0.24886240508566007
664	0.5544931553928489
665	0.08181600188718392
666	0.5505254076008356
667	0.697178030622666
669	0.28599728574865585
670	0.778028061271516
672	0.04675280292107612
673	0.2353182682993182
674	0.2591763070486578
676	0.0924241486169223
677	0.2303282542039451
678	0.19236038029298122
679	0.060821459224712174
681	0.06218629551334223
682	0.2914995973565112
683	0.5351455049976447
686	0.30952886314341393
689	0.0018432989887049028
691	0.21427812037262947
695	0.07404937569430387
696	0.5629196111868612
697	0.3285299862717974
699	0.24321446323266513
703	0.004509652984522786
704	0.28302472477523755
705	0.24028312429744297
707	0.5154380020053178
709	0.010584674769457701
710	0.5283369264994668
711	0.33264472446263543
712	0.2273228060666047
713	0.346562695096985
714	0.22380432152506954
716	0.2184649037631345
717	0.31254691376396604
718	0.04950298370693843
719	0.21252311119295608
720	0.7842217990899929
724	0.33564992835447144
725	0.27911975305688347
727	0.5816048603876371
728	0.46391221947060773
729	0.28554613233585
731	0.021993915862209383
732	0.027741380547608316
733	0.5525945100526951
734	0.24671610364880023
735	0.007924237673723397
737	0.30809939409407355
738	0.12004339282562793
739	0.25709869714147376
740	0.557353652598443
741	0.31273536681800396
742	0.027692610041673126
743	0.34661279914343407
744	0.3597811888882439
745	0.5978737278388379
746	0.29597406706350327
747	0.08621721273873081
748	0.3170460120323253
749	0.24812567770319505
751	0.046922347611900936
752	0.35752159018403923
754	0.01349516259874331
755	0.2185440817116184
756	0.4893113532559922
757	0.31759675697722267
758	0.26558079809726337
762	0.3115483627782168
763	0.21625160503611912
764	0.2959342771194869
766	0.3329667803253015
770	0.000553556370877447
771	0.020704211889109474
772	0.32261137837304266
773	0.3063415037237821
774	0.059707337910164984
776	0.022883948970886067
778	0.25894852625523807
780	0.008455269119427289
781	0.3024445300284582
783	0.11270390278192953
784	0.05444222236722775
787	0.294051772408894
788	0.32431173362134813
789	0.22769794689269005
791	0.21376167898608012
792	0.03714139417328645
795	0.3357834801958739
796	0.30470304359855965
798	0.4662395371185435
800	0.47579879249617796
801	0.02768853107460215
802	0.265795870103382
803	0.18136029396915151
804	0.2488061007986717
805	0.05447337764040017
806	0.30897943347868617
807	0.28946531976593387
808	0.34643675504675275
809	0.517554584582105
810	0.4946658682411787
812	0.019285402551051278
813	0.2421530932475407
814	0.2907505619374606
815	0.28937650586398467
816	0.007149072228504569
818	0.29653661023123756
819	0.7771709694790526
820	0.41431878263754984
821	0.2903712340818931
822	0.28999077461827416
823	0.047988112834078965
824	0.27141712941789464
825	0.24343201186570396
826	0.09657536013854488
827	0.08334610608476772
828	0.571014635977834
829	0.47821051700557204
830	0.352719258481573
832	0.0029130970231706042
833	0.04750638361933094
835	0.5085390274013267
836	0.10783495330623113
837	0.2755887030300426
838	0.0201103250542932
840	0.05746608065749568
841	0.5383604143772082
842	0.11344254487555094
843	0.06808214795559953
844	0.2433730879031481
846	0.7288121216100394
847	0.00486485787803119
848	0.09929305352149005
849	0.0053402471279440505
850	0.007733023988151878
851	0.3071271721962951
852	0.021911456288731763
853	0.5569031734032215
854	0.011702540751183627
855	0.03293348805107332
858	0.21776891150739408
859	0.016928163870847047
860	0.3175310633764023
861	0.02232850707089374
862	0.06372125169259994
863	0.24692053743375303
864	0.21798576054961843
865	0.3959707857698322
867	0.3168340754093736
868	0.3308948875547524
869	0.02545510139595851
870	0.29362088509081086
871	0.11118135517871433
872	0.010576269895523592
873	0.033886978982256774
874	0.7997213839104598
878	0.46460327936420537
879	0.04487082127471321
880	0.5465582745190883
881	0.5538873320079997
882	0.5462317579561579
883	0.3095901975491422
886	0.31059108150229325
887	0.3138320760720322
888	0.038698261829974934
889	0.0040541384593531585
890	0.26398259671746177
891	0.2691309698113949
892	0.7681823643014029
893	0.016156174189991098
896	0.30813138616128405
898	0.35879752562924905
899	0.3110155409637749
900	0.19010349193473164
903	0.2611218927528488
905	0.5744579276542006
906	0.22936328975194684
907	0.0049942751014822526
908	0.05516923967643003
911	0.006806304196896554
913	0.5261646798247608
914	0.10053063774710339
915	0.11547782574455229
916	0.2684895061494494
917	0.014570666844145628
918	0.29938738070999926
919	0.0824095991095847
920	0.012392336961397053
921	0.26074932175448123
922	0.10357961174739494
923	0.24577219785326235
925	0.26231678892398197
926	0.3132768901406697
927	0.48386236279970374
930	0.23074564666619152
931	0.32006167842780897
932	0.3373891971871359
933	0.5505456364604483
934	0.3227198940697212
935	0.23838675839922419
938	0.06322400027574164
939	0.015935162809847317
940	0.3092905380162852
941	0.03469956303952526
942	0.07680159922193278
943	0.4878632684875179
0	0.0
0	0.0
0	0.0
0	0.0
0	0.0
0	0.0
0	0.0
0	0.0
0	0.0
0	0.0
0	0.0
0	0.0
0	0.0
0	0.0
0	0.0
0	0.0
0	0.0
0	0.0
0	0.0
0	0.0
0	0.0
0	0.0
0	0.0
0	0.0
0	0.0
0	0.0
0	0.0
0	0.0
0	0.0
0	0.0
0	0.0
0	0.0
0	0.0
0	0.0
0	0.0
0	0.0
0	0.0
0	0.0
0	0.0
0	0.0
0	0.0
0	0.0
0	0.0
0	0.0
0	0.0
0	0.0
0	0.0
0	0.0
0	0.0
0	0.0
0	0.0
0	0.0
0	0.0
0	0.0
0	0.0
0	0.0
0	0.0
0	0.0
0	0.0
0	0.0
0	0.0
0	0.0
0	0.0
0	0.0
0	0.0
0	0.0
0	0.0
0	0.0
0	0.0
0	0.0
0	0.0
0	0.0
0	0.0
0	0.0
0	0.0
0	0.0
0	0.0
0	0.0
0	0.0
0	0.0
0	0.0
0	0.0
0	0.0
0	0.0
0	0.0
0	0.0
0	0.0
0	0.0
0	0.0
0	0.0
0	0.0
0	0.0
0	0.0
0	0.0
0	0.0
0	0.0
0	0.0
0	0.0
0	0.0
0	0.0
0	0.0
0	0.0
0	0.0
0	0.0
0	0.0
0	0.0
0	0.0
0	0.0
0	0.0
0	0.0
0	0.0
0	0.0
0	0.0
0	0.0
0	0.0
0	0.0
0	0.0
0	0.0
0	0.0
0	0.0
0	0.0
0	0.0
0	0.0
0	0.0
0	0.0
0	0.0
0	0.0
0	0.0
0	0.0
0	0.0
0	0.0
0	0.0
0	0.0
0	0.0
0	0.0
0	0.0
0	0.0
0	0.0
0	0.0
0	0.0
0	0.0
0	0.0
0	0.0
0	0.0
0	0.0
0	0.0
0	0.0
0	0.0
0	0.0
0	0.0
0	0.0
0	0.0
0	0.0
0	0.0
0	0.0
0	0.0
0	0.0
0	0.0
0	0.0
0	0.0
0	0.0
0	0.0
0	0.0
0	0.0
0	0.0
0	0.0
0	0.0
0	0.0
0	0.0
0	0.0
0	0.0
0	0.0
0	0.0
0	0.0
0	0.0
0	0.0
0	0.0
0	0.0
0	0.0
0	0.0
0	0.0
0	0.0
0	0.0
0	0.0
0	0.0
0	0.0
0	0.0
0	0.0
0	0.0
0	0.0
0	0.0
0	0.0
0	0.0
0	0.0
0	0.0
0	0.0
0	0.0
0	0.0
0	0.0
0	0.0
0	0.0
0	0.0
0	0.0
0	0.0
0	0.0
0	0.0
0	0.0
0	0.0
0	0.0
0	0.0
0	0.0
0	0.0
0	0.0
0	0.0
0	0.0
0	0.0
0	0.0
0	0.0
0	0.0
0	0.0
0	0.0
0	0.0
0	0.0
0	0.0
0	0.0
0	0.0
0	0.0
0	0.0
0	0.0
0	0.0
0	0.0
0	0.0
0	0.0
0	0.0
0	0.0
0	0.0
0	0.0
0	0.0
0	0.0
0	0.0
0	0.0
0	0.0
0	0.0
0	0.0
0	0.0
0	0.0
0	0.0
0	0.0
0	0.0
0	0.0
0	0.0
0	0.0
0	0.0
0	0.0
0	0.0
0	0.0
0	0.0
0	0.0
0	0.0
0	0.0
0	0.0
0	0.0
