1	0.008057399129444726
5	0.024213077658344878
6	0.28216184096363817
7	0.014272803494158964
8	0.24835259693274925
10	0.5316048495096948
13	0.24954605597138402
14	0.24370022220561535
15	0.0073621821513047
18	0.24463200347208913
19	0.18588688484414867
20	0.24389033068908111
22	0.00882254875723723
23	0.266899334685999
24	0.02231841550484575
25	0.2681898774333951
27	0.2611433071480891
28	0.508830455734975
29	0.03429322510518759
30	0.05984404721602257
32	0.009654249769439328
33	0.2860440234759442
34	0.19785296800245666
35	0.2656360073426282
37	0.24714596561520563
40	0.24102608895615385
43	0.03214254951328133
48	0.277344396864528
51	0.018643997283061847
52	0.002659953021405745
53	0.017774253228448028
54	0.29586561701464376
55	0.23407351011257158
56	0.29724272494766035
57	0.5130351027914438
58	0.2808510933716286
59	0.5196439410344206
60	0.48142720370019154
61	0.17589636460410407
62	0.015675972171675642
63	0.1664927037599612
64	0.03828401622723225
65	0.2511299272895025
66	0.0024124006713036883
67	0.0026727758400561658
70	0.7496592236954209
71	0.20918287702753924
72	0.25968199961474764
73	0.5324507223358218
74	0.24745616579793628
76	0.2852018080698579
77	0.024826114432470243
79	0.015379962039254992
80	0.25743386671337487
81	0.011545127540627316
82	0.26207140235367177
83	0.042491055400503144
84	0.23287528334713123
86	0.2250399288292535
88	0.026134354093115694
90	0.026481017457912828
91	0.5287391545646304
92	0.011717196014628
94	0.008076297763368073
95	0.013325680031046304
97	0.06620422508543769
98	0.04020193610478846
100	0.26477936443886674
101	0.11213796237466722
102	0.26553120428624694
105	0.20054414654170138
106	0.5177184332594572
107	0.23481554101227886
109	0.23965777143752987
110	0.2498385271262042
112	0.2361983725328105
115	0.5089563259011746
116	0.005888345285065877
117	0.010494506264707895
119	0.2915840221785185
121	0.06685970400283797
122	0.009415784538598253
123	0.015859827579184152
124	0.025918106002621955
128	0.24686466817115665
129	0.04657279708083041
131	0.23164151673058608
132	0.2497651532257017
133	0.00016541217310665768
135	0.03414398226045297
136	0.25325156216548395
138	0.2602738877233105
139	0.5423396754621731
140	0.028073235661766664
141	0.29387572598185635
143	0.310906441076643
145	0.5414795553960757
150	0.04319059930708013
153	0.36642292119448866
154	0.06404665656136024
155	0.18553711084870822
156	0.24599661682957463
157	0.036344984173663435
158	0.2450860804694408
159	0.49614665327364527
160	0.0602183890162257
161	0.23668761202815594
163	0.0016278769792935077
164	0.5440692683016051
166	0.03355593117079895
167	0.2757221188596401
168	0.0365205282883673
169	0.030828853951102506
170	0.49223944481765536
172	0.1843967978695291
173	0.25037082449959
174	0.23433927550814915
175	0.06828731734299517
176	0.011020828457963101
177	0.2727035959634135
178	0.2474465866213439
179	0.015323382644525659
180	0.0166735705339053
182	0.0257870835561367
183	0.24255254211235464
184	0.005755616278623109
186	0.5218361015004138
188	0.4889321594924604
190	0.34679450265056644
191	0.21665445850550305
193	0.24418591278781304
194	0.4976998308963978
195	0.2295294523758053
197	0.08916428671030338
198	0.22380234439991795
199	0.010874665081328859
200	0.04079861355649789
203	0.12219312289026105
204	0.06404659470638685
205	0.18428553425047914
206	0.3428748119370695
207	0.5089055898900782
210	0.5167107617115203
212	0.0349552198113816
213	0.265439483571574
216	0.23622510250832193
217	0.49516596195484225
218	0.5119623050338657
219	0.5430375347639437
225	0.014140468058583516
227	0.21580347543827683
228	0.05115800954095652
229	0.5669367680634977
231	0.032482037947345756
232	0.008156545703748151
233	0.019807836061374817
234	0.23743246576418892
235	0.026163856589805412
238	0.02961544574423025
240	0.24454363625768077
241	0.27433021847262856
242	0.032500785056722645
243	0.277261744527433
244	0.27510508575884507
246	0.3440632598294002
248	0.023792679983146964
249	0.2509941147080919
251	0.30344181615802823
252	0.24414222340152425
253	0.011314867027062157
254	0.2746150005883455
255	0.2647577877096472
256	0.23693178133968562
257	0.24295905206584348
258	0.243992291057982
259	0.2238359622204753
260	0.27672138463033147
261	0.22250685665733463
263	0.271989601147127
265	0.03655615588201007
267	0.457311744118441
268	0.4776209911154815
270	0.23942670610431516
271	0.23028194612642688
272	0.01777401621186904
274	0.2810847674786239
277	0.024455141323893086
278	0.2819829453673971
281	0.19347195416999358
282	0.047885892507216726
283	0.10843782632968212
284	0.3058328506788459
285	0.03482663579795023
288	0.29306926928743604
289	0.3709514131484588
291	0.016479201590008485
292	0.25017306010139523
293	0.005910063465074035
296	0.005494021836373354
297	0.28341950029082785
298	0.25058134129822396
299	0.4861397505185856
300	0.3383415703784874
301	0.24898533925894767
302	0.2678163311967142
303	0.255803672192485
304	0.0023523306655504547
308	0.03446332419647424
309	0.015107315001381898
312	0.2925454769069066
313	0.5203709328681608
316	0.5420980863404212
318	0.001604850577266996
319	0.5014589606709288
320	0.25765363435021393
321	0.023624419204314934
322	0.21167286694397552
325	0.005881893007019592
326	0.03986214959735708
327	0.023816005062429493
329	0.2381504376387245
331	0.006932866880326086
332	0.004810130239392668
333	0.0018813910557260519
335	0.32252999794239423
336	0.22996602157596763
337	0.011991082643618096
338	0.2682004550405265
339	0.010470297119271547
343	0.2235479313453435
345	0.25326522999825474
346	0.26126324621838576
347	0.49268406065885656
348	0.3269823807756236
349	0.0022142757863042734
350	0.03538953550963202
351	0.24267655592158371
352	0.2772719692598612
353	0.21544521273687187
354	0.23726433900854205
355	0.02549595554311846
356	0.23152893860013649
357	0.23754538059765762
360	0.24886187237612248
361	0.2177510026119344
362	0.1973133583687271
364	0.2582276131498012
365	0.2923128929428476
366	0.028880708080447938
369	0.0344300881283759
370	0.048470078529427495
371	0.19889042840761095
372	0.5375615589035436
374	0.42661730271505577
376	0.22390289865486157
378	0.23035017226471233
379	0.24194734877631935
382	0.24849533443603294
383	0.03991182395379671
385	0.2435969072468106
386	0.5249075888692842
387	0.004832710173083378
388	0.04145622303830073
389	0.007956721016439322
393	0.4935762918582443
395	0.2452023433713211
397	0.22980549494241137
398	0.2721576282571715
399	0.008591121143797065
401	0.7907148435268407
403	0.03622712017756677
408	0.2251506400547899
409	0.4738791875347636
410	0.02945895374921885
411	0.29308962277779715
412	0.04684960807705055
414	0.18937950606951398
415	0.0009448568318725786
416	0.1913764926135767
417	0.24905339638381813
418	0.3241500498148471
419	0.20537176628285847
420	0.23479392404796517
421	0.023758630903397346
423	0.00946133587729707
424	0.25214294757975325
425	0.022627508002446173
426	0.46353662460535316
428	0.020135323976540637
429	0.4893225907854776
430	0.25517803756319624
431	0.48323273874364814
432	0.29581278293443497
435	0.2627330517584502
436	0.0011506417094298074
440	0.21521051964399723
442	0.20107070824105883
443	0.5386963598220759
444	0.23323919549844532
449	0.04529697340195217
450	0.24460402907194967
451	0.3189700478439347
452	0.17309873970647685
453	0.004078724696214293
455	0.27109292008084723
456	0.2371820248420538
457	0.2389516672981328
459	0.057154126191493036
460	0.22198889092908242
462	0.49639157524308275
463	0.022324704773675222
464	0.03900485422123652
465	0.01946397342802799
466	0.24408701196677654
467	0.04081975412971278
469	0.24329138468853237
470	0.3035852139465868
472	0.03652286429013444
474	0.2501942297570173
475	0.0024188729981748994
476	0.2918931467708423
478	0.021935241254484046
479	0.2617190848773412
481	0.28228909794382884
484	0.24984685233996723
487	0.2473908673472282
488	0.2516848219832398
489	0.04245544356205833
490	0.01022034410098955
491	0.0006675603099158267
492	0.00019996689748017632
493	0.3020556230912085
495	0.2633621757474216
496	0.2557730702681767
497	0.2307487353624683
498	0.32205444623941526
499	0.5250667596719112
500	0.27251129143139846
501	0.024062710915552468
502	0.5455001186811793
503	0.02158920356543688
504	0.7133571441831986
505	0.4978026558435442
506	0.30595428915769696
508	0.2467323344962462
511	0.5177961990696961
512	0.3058429023535081
513	0.25758395226289577
515	0.05845461961112958
516	0.024083080652951706
517	0.02483935954964945
520	0.06416063775601186
522	0.53789419072518
524	0.273193998985083
527	0.07608540038807278
528	0.2901565806425711
529	0.05489596043476884
530	0.5302636212754908
531	0.2261228703197421
532	0.2348575131250634
533	0.006150267696594193
534	0.27295122952334877
538	0.2875837349338744
540	0.04869358756013089
541	0.5174178398176655
542	0.02237169610745654
543	0.5215858873389284
545	0.24249978588281731
548	0.26401510818107415
549	0.487629571534987
550	0.5454128090563317
551	0.26662860950361417
552	0.011093142837444302
553	0.47922777571415387
554	0.02120565679110855
556	0.008039132651488319
557	0.008347131704703574
558	0.01499809387056495
559	0.49748640118819293
560	0.0047766880675062795
561	0.43900597444269446
562	0.3244821337625583
563	0.012479132802789061
565	0.4835682470907073
566	0.2599214868923009
567	0.018173435131573837
568	0.01584685162068701
571	0.0035957430253681366
572	0.058992846763257514
573	0.47973993568838397
574	0.025896916753654076
575	0.2809600082568871
576	0.01065540051446226
577	0.018615276324776955
579	0.06953571017024436
580	0.06017317514863365
581	0.24709200526516156
582	0.01224052527230042
583	0.5339435315022447
585	0.06019394853490856
586	0.2370605755479092
587	0.265570593250145
588	0.025258122500096528
590	0.278865305627483
591	0.5118088655806806
592	0.5008868137584875
593	0.035622813984363365
594	0.21564125999193792
595	0.1988862741358178
596	0.2489909609824975
598	0.006426981630354094
599	0.2739132006324017
600	0.7125575020236997
605	0.29063422908619974
607	0.22253761732712207
608	0.3294451781679574
609	0.08286767613617549
610	0.2546636681788206
611	0.4679937560521695
612	0.013699755360930807
613	0.25052280360140733
615	0.2751541485433042
617	0.3991579055962691
618	0.05403127915740883
619	0.001856848410471748
621	0.7346277186545183
622	0.007184214120664403
623	0.273475855599325
624	0.0008964307220874698
625	0.2377000152660828
626	0.22047573047585015
627	0.27490047713692667
628	0.2916242166258544
630	0.0838689835144981
631	0.2649364741467185
632	0.016257288316336806
633	0.0012857842979810893
634	0.009879072765479065
637	0.010284604405240642
638	0.2605591665270467
639	0.21252311119295608
640	0.49754465447993734
642	0.015561205783053374
643	0.019954174750723863
644	0.010971400684654055
645	0.47600594644777083
646	0.0023835893186761464
647	0.024495161426189446
648	0.21109972155638168
650	0.032284736204798214
651	0.1990532789589426
652	0.014774367543029368
653	0.01913402118377843
654	0.010429102347487638
655	0.26617722814899647
657	0.25412117339884654
660	0.49865698472412695
662	0.00029352116513577803
663	0.23576777875447566
666	0.23802048296725398
667	0.48939960031493535
672	0.01873132765988289
673	0.4968571026647288
674	0.20589578044835832
675	0.15634349767449268
677	0.2797083761951481
679	0.00679727000553159
681	0.03815343020519226
682	0.008652436863705301
684	0.02193254083774758
686	0.29291077044685804
687	0.07512614893675465
689	0.005025910683451214
690	0.5329225444218024
691	0.22534686303618434
693	0.029560097624542037
694	0.007924208833840554
696	0.4963258209970994
697	0.21309938243413
698	0.05541751020734605
699	0.28954864315290385
701	0.006660366387412513
703	0.029160834657769613
704	0.20703492721676064
705	0.009228911607437162
707	0.5035325948500151
708	0.00015036118592448577
709	0.26077228210874226
710	0.48489128755694455
711	0.03942565807773518
712	0.0010832094169787795
713	0.2532986290035164
714	0.23455253683684768
715	0.22764820705308023
716	0.2153384549015948
718	0.28878944913611887
720	0.4573117283190187
722	0.20737065920053882
724	0.3428748119370695
725	0.2390225726242787
728	0.40515736669086905
729	0.20119031285581368
732	0.011738276843233454
733	0.22243052161374685
734	0.2831264744829199
735	0.011126416965763969
736	0.0071738468885086115
737	0.01613210598788696
738	0.20754232041379686
740	0.46099391572741477
741	0.48589825802536524
742	0.018615568615110704
744	0.29220444953109664
745	0.46737499216447365
746	0.054546847884130764
747	0.27942149655615833
749	0.2648574346893212
750	0.06551124019494808
751	0.06687897555366475
752	0.041381872321477726
754	0.020824782557247387
755	0.4397020386512087
756	0.023785581141568708
757	0.2297641544370419
758	0.23306900506250455
761	0.30030980415703284
762	0.011676437449545947
764	0.0344877636379786
765	0.005145559440136498
766	0.5039895881462815
767	0.015636289042784468
772	0.22164197145732228
773	0.0011938783403003111
774	0.06007683791472363
775	0.06017748434425252
776	0.28763155465641355
777	0.026724818942274575
778	0.2842608834676393
782	0.27977073119364243
784	0.27963637367983907
785	0.03163229418143158
786	0.2510315156544732
788	0.24498655059841928
789	0.2193828226085663
790	0.2694848242633117
791	0.22788404724039202
792	0.018961555770518945
796	0.01732344276320346
798	0.016583371530819048
800	0.015724741550355595
801	0.2558527915621661
802	0.24301231722901895
803	0.32220360259405506
804	0.7213882762128658
805	0.2709604482713094
807	0.014462637640791615
808	0.001538015023856254
809	0.2844728199057063
810	0.2348528899650642
811	0.2671638813449146
812	0.3192959191634979
813	0.5016499748576806
814	0.2954101146147789
815	0.27002265016370053
816	0.2495786456101669
818	0.0762969867662741
819	0.22988344933198973
820	0.218335029424124
821	0.28273831543043504
822	0.04264228640418923
823	0.2445446782180091
824	0.5339141175088586
825	0.2545360056082194
826	0.2578094810253435
827	0.03332480024536492
828	0.22091770070280295
829	0.011126416965763955
830	0.4685496007039315
832	0.03302468952308968
834	0.05927905320022853
835	0.253836017537416
837	0.233685266427486
838	0.010803576269885061
840	0.042634206818333985
845	0.03872363367988528
846	0.21654924156172115
847	0.24960921290157853
850	0.04821927630706727
851	0.005164773964093962
852	0.06164900225119147
854	0.2842143590298415
855	0.5060295418326612
856	0.5326227437233857
858	0.20970448332217156
859	0.2707392062196025
862	0.007606341987030883
863	0.29739514086563357
864	0.24260343917902416
865	0.002869731383657488
867	0.2329059038737797
868	0.0018450044921837702
872	0.5077128356771893
873	0.3006673770899937
874	0.23343164636986652
875	0.018793726583419733
876	0.009381229309517791
877	0.2464220866561614
878	0.7284916957726604
880	0.513749254962387
881	0.48535918915084114
882	0.46864305411330215
883	0.025986812517325902
887	0.011842607411884074
888	0.2751133772976678
889	0.26328588854778656
890	0.4764475447648287
892	0.4644711331785568
894	0.010025574282990071
895	0.029288979374968195
897	0.060383723675157014
898	0.009418709360134593
900	0.512225300364121
901	0.2718881359583395
902	0.22654429655860453
903	0.2293302469847371
904	0.3046549821476335
905	0.18511671441731561
906	0.0009523292803824066
911	0.5531203646291551
913	0.4687600756656998
914	0.09832502562280473
915	0.01453915056078188
918	0.2273091319367431
920	0.018643436995646932
923	0.5196125831784001
925	0.5186528046308717
927	0.255047773274211
929	0.31434827759783956
930	0.5071278504892647
931	0.02965683573533235
932	0.24525917745820702
933	0.2611149595824007
934	0.25265144694956765
935	0.47506436311083655
936	0.24095448945424222
939	0.02597478371647579
941	0.2455341842479582
942	0.22782392113015248
943	0.5015180680670015
0	0.0
0	0.0
0	0.0
0	0.0
0	0.0
0	0.0
0	0.0
0	0.0
0	0.0
0	0.0
0	0.0
0	0.0
0	0.0
0	0.0
0	0.0
0	0.0
0	0.0
0	0.0
0	0.0
0	0.0
0	0.0
0	0.0
0	0.0
0	0.0
0	0.0
0	0.0
0	0.0
0	0.0
0	0.0
0	0.0
0	0.0
0	0.0
0	0.0
0	0.0
0	0.0
0	0.0
0	0.0
0	0.0
0	0.0
0	0.0
0	0.0
0	0.0
0	0.0
0	0.0
0	0.0
0	0.0
0	0.0
0	0.0
0	0.0
0	0.0
0	0.0
0	0.0
0	0.0
0	0.0
0	0.0
0	0.0
0	0.0
0	0.0
0	0.0
0	0.0
0	0.0
0	0.0
0	0.0
0	0.0
0	0.0
0	0.0
0	0.0
0	0.0
0	0.0
0	0.0
0	0.0
0	0.0
0	0.0
0	0.0
0	0.0
0	0.0
0	0.0
0	0.0
0	0.0
0	0.0
0	0.0
0	0.0
0	0.0
0	0.0
0	0.0
0	0.0
0	0.0
0	0.0
0	0.0
0	0.0
0	0.0
0	0.0
0	0.0
0	0.0
0	0.0
0	0.0
0	0.0
0	0.0
0	0.0
0	0.0
0	0.0
0	0.0
0	0.0
0	0.0
0	0.0
0	0.0
0	0.0
0	0.0
0	0.0
0	0.0
0	0.0
0	0.0
0	0.0
0	0.0
0	0.0
0	0.0
0	0.0
0	0.0
0	0.0
0	0.0
0	0.0
0	0.0
0	0.0
0	0.0
0	0.0
0	0.0
0	0.0
0	0.0
0	0.0
0	0.0
0	0.0
0	0.0
0	0.0
0	0.0
0	0.0
0	0.0
0	0.0
0	0.0
0	0.0
0	0.0
0	0.0
0	0.0
0	0.0
0	0.0
0	0.0
0	0.0
0	0.0
0	0.0
0	0.0
0	0.0
0	0.0
0	0.0
0	0.0
0	0.0
0	0.0
0	0.0
0	0.0
0	0.0
0	0.0
0	0.0
0	0.0
0	0.0
0	0.0
0	0.0
0	0.0
0	0.0
0	0.0
0	0.0
0	0.0
0	0.0
0	0.0
0	0.0
0	0.0
0	0.0
0	0.0
0	0.0
0	0.0
0	0.0
0	0.0
0	0.0
0	0.0
0	0.0
0	0.0
0	0.0
0	0.0
0	0.0
0	0.0
0	0.0
0	0.0
0	0.0
0	0.0
0	0.0
0	0.0
0	0.0
0	0.0
0	0.0
0	0.0
0	0.0
0	0.0
0	0.0
0	0.0
0	0.0
0	0.0
0	0.0
0	0.0
0	0.0
0	0.0
0	0.0
0	0.0
0	0.0
0	0.0
0	0.0
0	0.0
0	0.0
0	0.0
0	0.0
0	0.0
0	0.0
0	0.0
0	0.0
0	0.0
0	0.0
0	0.0
0	0.0
0	0.0
0	0.0
0	0.0
0	0.0
0	0.0
0	0.0
0	0.0
0	0.0
0	0.0
0	0.0
0	0.0
0	0.0
0	0.0
0	0.0
0	0.0
0	0.0
0	0.0
0	0.0
0	0.0
0	0.0
0	0.0
0	0.0
0	0.0
0	0.0
0	0.0
0	0.0
0	0.0
0	0.0
0	0.0
0	0.0
0	0.0
0	0.0
0	0.0
0	0.0
0	0.0
0	0.0
0	0.0
0	0.0
0	0.0
0	0.0
0	0.0
0	0.0
0	0.0
0	0.0
0	0.0
0	0.0
0	0.0
0	0.0
0	0.0
0	0.0
0	0.0
0	0.0
0	0.0
0	0.0
0	0.0
0	0.0
0	0.0
0	0.0
0	0.0
0	0.0
0	0.0
0	0.0
0	0.0
0	0.0
0	0.0
0	0.0
0	0.0
0	0.0
0	0.0
