1	0.049241922248044606
4	0.28560666880183555
6	0.48037641397941827
7	0.010594424020462494
8	0.02606392175601934
9	0.03399345450660089
10	0.05622401348194243
13	0.20384744221684076
14	0.00027978509964644155
15	0.0594085972649263
16	0.05090562618927924
17	0.19209241026242002
18	0.02698963028190354
19	0.19431867007713952
20	0.2304725906645358
22	0.24023411625905253
23	0.2657032299083932
25	0.26646706404099274
27	0.22786940732267172
28	0.46119806481415787
29	0.015342261625373443
30	0.33202743885699926
32	0.04021590350337867
33	0.2521652045334118
34	0.5274395157351834
35	0.2875681599743615
37	0.3121462712878368
39	0.25030346482877186
40	0.23638279978373827
44	0.04212802291998839
46	0.04300522126027759
47	0.2825315553346825
48	0.4945060419489056
49	0.0568509835986562
50	0.501268573853086
54	0.2500594105533344
55	0.22287066256167684
57	0.47466869877297535
58	0.019144214419254527
59	0.03882858558487919
60	0.2450720664598604
61	0.14226605897820688
63	0.24429322138151735
64	0.259428850443057
65	0.24878469079252197
67	0.21705775610559686
68	0.0035591240819394902
69	0.040945454561766445
70	0.6940096214289385
71	0.23008497606166295
72	0.2537793558333096
73	0.2610301230807014
74	0.4826828713919539
76	0.013717538934543583
77	0.224650132519719
78	0.04731540433618501
79	0.007704390988461294
80	0.1817076764643764
81	0.017949680409466495
82	0.039524602497613734
83	0.28512113499126973
84	0.4817198407175663
85	0.049450145727854576
90	0.057139228544505816
91	0.2696013352210928
92	0.004305724945432399
94	0.007319153465586474
95	0.28168022288484107
97	0.051450428960619556
98	0.05697816449757597
100	0.2944713720752976
101	0.027784523737041815
102	0.2716443726716645
103	0.003667653720094269
104	0.02418094585681977
105	0.20064707700253331
106	0.29046471284814357
107	0.21780553186963209
108	0.09295421704572533
110	0.5438956405074038
112	0.48844120513207345
115	0.4666996088573311
117	0.0042152394953081825
119	0.5055593784590668
122	0.2657387225174673
126	0.01421817114867533
128	0.21415021183018593
129	0.00837606342116878
130	0.28090645743929515
131	0.3230584772281725
132	0.24524986078575378
133	0.0031581778091152347
135	0.0324195007498579
136	0.03213556911754943
139	0.21862488729829296
140	0.04319707102688375
141	0.5301171918771594
142	0.26184205284004686
143	0.2752477971887646
149	0.0014314017307036457
150	0.5113118792213133
151	0.06438247483016135
153	0.35491534980439166
154	0.03980042889497884
155	0.46966903520876335
157	0.25789631140384034
158	0.49968424637670994
159	0.2800850317052007
160	0.026128201380670023
161	0.45194106780814497
163	0.20534765274425928
164	0.49704846519257273
165	0.03654786347488315
166	0.2296321598216998
167	0.0021146488211834374
170	0.2711164956984996
172	0.18594516958922142
173	0.4975074994311878
174	0.27071342930961734
175	0.055177832391124476
176	0.21476984171065316
179	0.2725743423967347
180	0.24958543853748394
182	0.28173404097131666
183	0.13552895991216113
184	0.02180927947730154
186	0.4649752167244556
187	0.022808228539420473
188	0.03280864415424129
190	0.3104489305445851
191	0.008945687615586468
192	0.2139082656232485
193	0.014754570342692709
194	0.47399822092828314
195	0.7355334820135078
198	0.21134208438384555
199	0.2381714592578288
200	0.252033737979818
201	0.06766619488815062
203	0.3028737172386452
204	0.01712316097442169
205	0.1866965276707484
206	0.3928682619578109
207	0.25641153136908335
210	0.4761131724775999
212	0.047139459827544986
213	0.7172865623862112
214	0.030175070868150362
215	0.2611756004270773
217	0.45195335133851133
218	0.2290385713747802
219	0.538103484229377
220	0.22044059207169575
221	0.2002060679673694
223	0.03641170815696855
225	0.26915948312959026
227	0.734752755588923
229	0.5081214452737491
230	0.01130910580185374
231	0.03129695654311286
232	0.012108601657935245
233	0.024437794801302915
234	0.28148191641412235
238	0.06028944184508475
239	0.015627631099844733
240	0.03132179750720977
241	0.23916970430246517
242	0.2509028527447285
243	0.0719954411190831
244	0.24270966420908857
245	0.005617096637510768
246	0.2538043061104566
247	0.03434136682728521
249	0.004647075407592072
250	0.04332328060768133
251	0.037429840142555265
252	0.26242247340399655
253	0.2905922943288906
254	0.2657297871302163
255	0.5321633439057919
257	0.2983250170609257
258	0.15940126840513072
259	0.32585859220110963
260	0.024204838646407968
261	0.2475742225010463
262	0.296689277712951
263	0.231198225508716
264	0.08274298141784797
266	0.15658284279481888
268	0.0014496918930972102
269	0.006852993335404456
270	0.25835882356980105
271	0.011288260119792157
272	0.02180012241276319
273	0.06511166766438953
277	0.2203077736880134
278	0.2873071274354348
280	0.2854788806699213
281	0.23233191806453732
282	0.532395551266027
283	0.03194922927477309
284	0.2802627184224842
285	0.041764087807376116
286	0.27918012823289046
287	0.24121823153316163
288	0.25037039432789054
289	0.08245256219957992
290	0.25097741527212125
291	0.287156151795564
292	0.048655426723660467
295	0.2502132243627336
296	0.04040002434310439
297	0.2535110037687492
299	0.005704030883973137
300	0.2717014491817504
302	0.24458348170312671
303	0.031666270891087284
304	0.2136610458118777
308	0.02404937852741259
309	0.013989579625920553
312	0.2569584387528476
313	0.2658756954172909
315	0.0842164188622431
316	0.3446132384445692
317	0.04065494251069991
318	0.4857696813094225
319	0.717923520199211
325	0.2579863226738671
327	0.013514919706611138
328	0.03465848910313527
329	0.03810757708905484
331	0.26771283944660895
333	0.27486678834247746
335	0.2810003761547279
338	0.4925123580550478
339	0.027339306403489895
340	0.03742463592262845
341	0.04982771641484742
345	0.31476803646882634
346	0.247237476096213
347	0.00280928928361919
348	0.02048001138599445
349	0.06896306994269732
350	0.048012283316563244
351	0.509235882768217
352	0.26393989336041035
353	0.25165672990030863
354	0.23395121902521832
355	0.5356063821300073
356	0.16853683615723872
357	0.22103337214866353
361	0.012508567261270458
364	0.4719709192641772
365	0.22181754306843937
366	0.2390266712650513
369	0.03236603686671741
370	0.3332561169577163
371	0.2448937319374459
372	0.738954194732259
373	0.03622214558450416
375	0.07061699780612757
378	0.01200716448435251
379	0.27814241632905307
381	0.048262866994955265
382	0.018145670757605592
383	0.2931454826868938
384	0.5102683099267349
385	0.0028553067846849856
386	0.04849382653270633
390	0.07120925940677231
392	0.2919035945592793
393	0.02298259072945115
394	0.2613244382030639
398	0.059490782086292104
399	0.06556390858271433
401	0.6955150278533664
404	0.03802664443044653
405	0.392868261957811
407	0.06785482099734857
408	0.46716128004296287
409	0.011351288451696223
410	0.0014022611227261297
411	0.3111559240554002
412	0.2607868090721545
413	0.27278085631553683
415	0.2740934175170153
417	0.020093865946826647
418	0.2533170781807854
419	0.2136611007437858
420	0.017803060023673226
424	0.5567937169274317
425	0.013738026444794493
426	0.47099705691471444
427	0.04805529626403724
428	0.02238821625066848
429	0.01592772945914827
430	0.2533919033644524
431	0.24802387617934296
432	0.2769803749101719
433	0.0027076181306286626
435	0.0491078721345329
436	0.01691421107643403
437	0.05985744192914358
439	0.290958118719095
440	0.010488969815746846
442	0.04330680152937579
443	0.5121699554805753
444	0.22973902317359957
446	0.24695726963538867
449	0.0004330330242480543
450	0.2772046290959829
451	0.2899055660728832
456	0.2701138131570278
459	0.06313998248962237
460	0.28961563599614487
463	0.043324649127564445
464	0.2651802291341809
465	0.30275842997606395
467	0.2839206070019045
468	0.047798103490079756
469	0.018506607617332985
470	0.24254483044664957
471	0.047673494526871606
472	0.019856474103205162
473	0.0004407912801290062
474	0.031725161573246285
475	0.0034361675571944333
476	0.06755369534299765
477	0.506462402562823
478	0.5273229343075322
481	0.0432173825970035
482	0.005123142707693689
483	0.0020867198788274872
484	0.27676721769370793
487	0.014772937387823752
491	0.005944485043937214
493	0.056387547149270065
496	0.19817104080116607
497	0.201504852583262
498	0.0345590212955057
499	0.7209038552399423
500	0.02237118189443081
502	0.5089021413875261
503	0.015225553881796142
504	0.24676959296736126
505	0.26323596070735455
508	0.2328463761451701
510	0.24211989466838396
511	0.4796788568645333
513	0.0023224035076516852
516	0.2756221208449736
517	0.02442664432747739
519	0.016784841665348042
520	0.23952287239330827
521	0.006040226459769614
522	0.2557767301085072
525	0.009813699284100405
528	0.016167859034016026
529	0.5673519148163432
530	0.7323679393963991
531	0.24721038869339063
532	0.016496229277547084
537	0.0012117429264361032
539	0.034322645712851534
540	0.02652481416877296
541	0.26202451075692795
543	0.48350698226302286
545	0.2623290382338134
547	0.010781795848772542
549	0.2259327306381433
550	0.26134208137871173
551	0.024062418530589894
552	0.009172985026098413
553	0.020506961959260467
555	0.2726098311869614
556	0.017046696932294145
557	0.27403606066055897
558	0.21685951572716883
559	0.26842691838586513
560	0.015886142417295357
561	0.013237572186280092
562	0.38036980403357606
563	0.017580672493518246
564	0.06703369362862907
565	0.24237602102235556
566	0.4858527501520703
567	0.050943243015332935
570	0.2176196921075355
571	0.020490052833904183
572	0.5309194581581705
573	0.028667958322456673
574	0.32373039279425964
575	0.0760668021683947
577	0.01934331530402749
579	0.02196906630401646
580	0.31937704092488606
583	0.2790582082837457
586	0.2643928220909644
587	0.20088241880744778
588	0.2561478571446605
589	0.007341308214961276
590	0.2711542901151897
591	0.2557409356949697
593	0.011160306298656796
595	0.008976222476520988
596	0.2729670589946161
597	0.10976677965201587
598	0.011455411460759356
599	0.20748002666984672
600	0.18551103562500873
601	0.021335133873405306
602	0.024491461384897925
603	0.005355631437416179
605	0.030044710951588855
607	0.0028954766285463236
608	0.2872227453145321
609	0.3077322896974862
610	0.22376218501829787
611	0.2343772370024128
612	0.20547477645946394
615	0.030071252859085372
616	0.004282849089560364
618	0.04212180881813446
621	0.2241155923543864
622	0.25340624557222524
624	0.2596190389720226
626	0.22799909873345225
628	0.2569118378597276
629	0.03558704549997443
630	0.021208469152382198
631	0.7349544946528725
632	0.06750375125986416
633	0.0035419132122605085
638	0.5324200851705
639	0.255752645258488
640	0.5216169681600885
641	0.0711005596960753
642	0.315253993362933
645	0.2453646248707528
650	0.08574568242063076
651	0.20528425400936504
652	0.30769377502635137
655	0.25231345330934907
657	0.009760556618607724
658	0.011385728388019704
660	0.2899896337176169
662	0.1939421996223794
664	0.05814404898288561
665	0.048118700633684196
666	0.026015526781873216
667	0.4987247657427391
669	0.022698868469734138
670	0.25167285194275985
671	0.04036990846611115
673	0.23206284962508741
674	0.25950832268619517
675	0.26294749127219724
677	0.24561505311278942
679	0.013788827014006771
681	0.327622188985396
686	0.2738744365179964
687	0.5556837493230422
689	0.043640991823605174
690	0.26370525918570714
691	0.20987397617305842
696	0.2487413029285282
697	0.2607438870199554
698	0.0324095004178584
699	0.5277301233114274
701	0.02087056226808091
704	0.2007311274224351
707	0.49566826069858727
708	0.05196022922707143
710	0.23139934324222972
711	0.5389452048381753
712	8.351728225804503e-05
713	0.2333780301125198
714	0.009678292891499705
715	0.1936913140007682
716	0.24896436518535514
717	0.26928717918253237
718	0.5159243617762476
719	0.49639157524308275
720	0.20025243623605682
722	0.2212798803692356
724	0.3928682619578109
725	0.25841375978172076
727	0.012495928906170767
728	0.19533432265847683
729	0.7554662852112146
731	0.5531546268644826
733	0.0014468761615056766
734	0.31420002331726726
739	0.093414144935742
740	0.4188079201580547
741	0.03838669632633062
742	0.26630634567635497
743	0.24038003265721875
744	0.2624845807098843
745	0.25516296301477903
746	0.2877792154711537
749	0.3166080389945863
750	0.023162137632183506
751	0.0478083571271706
752	0.026802438391566326
754	0.2770638006739286
755	0.1886188728354785
756	0.3289979175471502
757	0.016623055498260184
760	0.27760883200244074
761	0.2220745559542374
764	0.05136527682270663
765	0.028100683118714866
766	0.24806631943845658
767	0.26741987077842155
768	0.010082198737456458
770	0.27525256839288575
771	0.07832816225705974
772	0.0166745283478497
775	0.3010001270481086
778	0.24419379039361405
782	0.24360150413745713
784	0.21258229035439485
786	0.24025201613797562
788	0.24325336291153252
789	0.21367253926123342
790	0.22971605568866604
791	0.01943610768938276
795	0.0261211288142899
796	0.2700794112694506
798	0.01610384836009136
800	0.2834407776387212
801	0.5246416430552484
803	0.2916829622143591
804	0.23428959901770535
807	0.02421990585356616
808	0.2548292096684201
809	0.2970448828198499
810	0.30416140131844305
812	0.5274243725681161
813	0.21682104056343499
814	0.4659080412420414
815	0.2586783625455204
816	0.45396105580470036
817	0.0029217566392281263
818	0.04013575738181399
819	0.010984360507399916
820	0.20044148798440692
821	0.508780493951702
822	0.2849405424611276
824	0.5024925385266463
825	0.029062685848312862
826	0.23186446255991344
827	0.22089558364083794
828	0.027465021831189432
829	0.07120925940677234
830	0.2730836435660132
832	0.028244590407810806
834	0.020003370783604653
835	0.029580410498827196
837	0.3224935890305487
838	0.5534967833295906
840	0.03148002091260002
841	0.02318681813621571
842	0.2365643930680848
844	0.058737646539325894
846	0.011551329161164251
847	0.4875756975403252
848	0.06871772556059555
850	0.29231798841896395
852	0.020667029440155978
854	0.25188792661128234
855	0.4607806758093034
856	0.7335357705063238
857	0.029816416266151946
858	0.016815499264516105
859	0.4714288406836419
860	0.0007769039864567139
861	0.2909724795750064
862	0.012119760153478626
863	0.03735778087467665
865	0.016441793817869234
866	0.47857418371021565
867	0.034941407430793006
872	0.19592128949891494
873	0.5168117085383069
874	0.2574301337497174
878	0.2392882569144074
879	0.0033484108247072465
880	0.27258842137089023
881	0.2301283275544873
882	0.27308911945647074
885	0.0082274698362719
887	0.04724138775688958
888	0.3080868728241847
890	0.22092242459561146
891	0.30040437236077056
892	0.22628781703045237
896	0.052302231366874855
897	0.0536141017978928
898	0.30319094093995486
899	0.07673012555150385
901	0.22533125272535467
903	0.296026634955612
904	0.5385790968748875
905	0.18161898851630717
906	0.2906848876694175
907	0.0354635903913985
909	0.2476223380820134
911	0.2614898004779023
912	0.015280772829843886
913	0.20737011741702638
914	0.5395487133294035
915	0.00973466480486096
917	0.30763103214816984
918	0.2205236000248601
920	0.27411870130337634
921	0.3528263179835849
923	0.5158849207456826
925	0.477513705533604
927	0.027410791497636814
929	0.03554454700867953
930	0.5100887420069573
931	0.28139217407456163
932	0.03700731521457181
933	0.04984225385537579
934	0.02851660491000437
935	0.4869866647620036
936	0.26339583171150466
939	0.026691945303416845
940	0.012990899748500713
941	0.28252304317899657
943	0.719351333243422
0	0.0
0	0.0
0	0.0
0	0.0
0	0.0
0	0.0
0	0.0
0	0.0
0	0.0
0	0.0
0	0.0
0	0.0
0	0.0
0	0.0
0	0.0
0	0.0
0	0.0
0	0.0
0	0.0
0	0.0
0	0.0
0	0.0
0	0.0
0	0.0
0	0.0
0	0.0
0	0.0
0	0.0
0	0.0
0	0.0
0	0.0
0	0.0
0	0.0
0	0.0
0	0.0
0	0.0
0	0.0
0	0.0
0	0.0
0	0.0
0	0.0
0	0.0
0	0.0
0	0.0
0	0.0
0	0.0
0	0.0
0	0.0
0	0.0
0	0.0
0	0.0
0	0.0
0	0.0
0	0.0
0	0.0
0	0.0
0	0.0
0	0.0
0	0.0
0	0.0
0	0.0
0	0.0
0	0.0
0	0.0
0	0.0
0	0.0
0	0.0
0	0.0
0	0.0
0	0.0
0	0.0
0	0.0
0	0.0
0	0.0
0	0.0
0	0.0
0	0.0
0	0.0
0	0.0
0	0.0
0	0.0
0	0.0
0	0.0
0	0.0
0	0.0
0	0.0
0	0.0
0	0.0
0	0.0
0	0.0
0	0.0
0	0.0
0	0.0
0	0.0
0	0.0
0	0.0
0	0.0
0	0.0
0	0.0
0	0.0
0	0.0
0	0.0
0	0.0
0	0.0
0	0.0
0	0.0
0	0.0
0	0.0
0	0.0
0	0.0
0	0.0
0	0.0
0	0.0
0	0.0
0	0.0
0	0.0
0	0.0
0	0.0
0	0.0
0	0.0
0	0.0
0	0.0
0	0.0
0	0.0
0	0.0
0	0.0
0	0.0
0	0.0
0	0.0
0	0.0
0	0.0
0	0.0
0	0.0
0	0.0
0	0.0
0	0.0
0	0.0
0	0.0
0	0.0
0	0.0
0	0.0
0	0.0
0	0.0
0	0.0
0	0.0
0	0.0
0	0.0
0	0.0
0	0.0
0	0.0
0	0.0
0	0.0
0	0.0
0	0.0
0	0.0
0	0.0
0	0.0
0	0.0
0	0.0
0	0.0
0	0.0
0	0.0
0	0.0
0	0.0
0	0.0
0	0.0
0	0.0
0	0.0
0	0.0
0	0.0
0	0.0
0	0.0
0	0.0
0	0.0
0	0.0
0	0.0
0	0.0
0	0.0
0	0.0
0	0.0
0	0.0
0	0.0
0	0.0
0	0.0
0	0.0
0	0.0
0	0.0
0	0.0
0	0.0
0	0.0
0	0.0
0	0.0
0	0.0
0	0.0
0	0.0
0	0.0
0	0.0
0	0.0
0	0.0
0	0.0
0	0.0
0	0.0
0	0.0
0	0.0
0	0.0
0	0.0
0	0.0
0	0.0
0	0.0
0	0.0
0	0.0
0	0.0
0	0.0
0	0.0
0	0.0
0	0.0
0	0.0
0	0.0
0	0.0
0	0.0
0	0.0
0	0.0
0	0.0
0	0.0
0	0.0
0	0.0
0	0.0
0	0.0
0	0.0
0	0.0
0	0.0
0	0.0
0	0.0
0	0.0
0	0.0
0	0.0
0	0.0
0	0.0
0	0.0
0	0.0
0	0.0
0	0.0
0	0.0
0	0.0
0	0.0
0	0.0
0	0.0
0	0.0
0	0.0
0	0.0
0	0.0
0	0.0
0	0.0
0	0.0
0	0.0
0	0.0
0	0.0
0	0.0
0	0.0
0	0.0
0	0.0
0	0.0
0	0.0
0	0.0
0	0.0
0	0.0
0	0.0
0	0.0
0	0.0
0	0.0
0	0.0
0	0.0
0	0.0
0	0.0
0	0.0
0	0.0
0	0.0
0	0.0
0	0.0
0	0.0
0	0.0
0	0.0
0	0.0
0	0.0
0	0.0
0	0.0
0	0.0
0	0.0
0	0.0
0	0.0
0	0.0
0	0.0
0	0.0
0	0.0
0	0.0
0	0.0
0	0.0
0	0.0
0	0.0
0	0.0
0	0.0
0	0.0
0	0.0
0	0.0
0	0.0
0	0.0
0	0.0
0	0.0
0	0.0
