1	0.026964958061479402
4	0.014066143266511216
5	0.5299246832249429
6	0.025542775449817506
7	0.010858293446383293
9	0.2759034816051118
10	0.5105498753311285
14	0.024237415921997126
18	0.4923989687486976
22	0.01925782562329739
23	0.07297671267394229
24	0.4950865787780439
25	0.05779283151444044
27	0.2181489611882919
28	0.26760685187223116
30	0.06875405443671852
31	0.05426660542174027
32	0.2121595768486453
33	0.5654376963263192
34	0.2204924866399082
35	0.22893669691273336
36	0.24909265433970113
37	0.19593972884571
41	0.25836344464816613
42	0.23200408836355663
43	0.01517402031134956
44	0.21981760913979037
45	0.24981929924305477
46	0.033167976253506454
47	0.28416718276959413
48	0.5236802226071613
49	0.016376933325925012
50	0.012421376127457393
51	0.26639122245190866
52	0.22338190526779533
53	0.03162158294494524
54	0.26988782864802974
56	0.549191500487464
57	0.5423781436614993
58	0.030292152387786125
59	0.7818793090851899
60	0.2609868790120339
62	0.5155684414553814
64	0.3076977857441124
65	0.015337926660581949
66	0.265779189646837
67	0.0027817209860695156
68	0.22276855416042057
69	0.044630833220937444
70	0.27601219690905116
72	0.051761636273505066
73	0.5679686300314349
74	0.058820544467948974
75	0.2573374987161323
76	0.0027094245379055693
78	0.2507461994494242
80	0.1284480071636138
81	0.24594231645650966
82	0.2832057185991317
83	0.2661158549038922
86	0.07257333871034198
87	0.019617007536938583
88	0.08829661277535583
89	0.49023501756357935
91	0.7336937234454253
92	0.031815760614662805
97	0.30146447945339067
98	0.021680238822680817
100	0.5217855152717973
101	0.5200598237626457
103	0.2881453950437118
105	0.09171201997423536
106	0.2693164433735815
107	0.5512275090298544
109	0.2476759803746722
110	0.03275235648237913
112	0.261456024546134
113	0.036471270139755305
114	0.22137350840181846
115	0.336611657190031
117	0.05386064219135669
118	0.22588145404176088
119	0.033012667887384536
120	0.2864990937690253
121	0.06473941372023012
122	0.009448081023874517
123	0.19576731696726943
125	0.20869333873008833
126	0.2781050085064233
127	0.2882760019137205
129	0.30667180873606625
131	0.2153889312390344
132	0.06307716889406847
136	0.2987991400302336
137	0.0016194630937250779
138	0.7153348974832349
139	0.3097588182258714
140	0.04163321790871958
141	0.05342096299843642
142	0.2865828457356878
143	0.5482967041074431
145	0.46810029536886755
149	0.23389066754569462
152	0.23548883971251802
153	0.32300117500281095
154	0.49977214957008353
156	0.2472925111363531
157	0.006045020602164299
158	0.006878734341964114
159	0.2243238599753296
160	0.2847524810984141
163	0.03997287756489344
164	0.34181585759195265
167	0.01401211648215131
168	0.4945792691156291
169	0.01473628243347019
170	0.2630442522259783
171	0.1104857517520662
172	0.09372035191240373
173	0.05872571368178227
174	0.27569029942305245
175	0.2752315050077914
177	0.2780141858322969
180	0.012103732838626497
186	0.027939110661277425
188	0.026061615930261364
190	0.4952206870057183
195	0.32405984130075177
197	0.21415417750550583
198	0.2443455917082243
199	0.02745472603298661
200	0.044956996930601796
202	0.030666418108281943
203	0.11495349209280104
204	0.23595867538783122
205	0.1440709520526676
206	0.35361677376741296
207	0.2716429021170846
210	0.3108396049974837
211	0.023629520775543086
213	0.07950384246388517
215	0.02572116605803577
216	0.034866256394456896
217	0.3178526609115928
218	0.0462725331182096
219	0.5018586681750957
220	0.022642153877491532
222	0.22251102798745012
224	0.22545300917333116
227	0.0475380812532174
229	0.262175512797492
231	0.22559206388993208
234	0.022365949079773177
235	0.035423866858544886
238	0.47979664029192853
239	0.2700529508871247
240	0.2696692876088925
241	0.01024876475604411
243	0.07099061636742136
244	0.06805298726967085
245	0.011178199410499908
246	0.33343223345537193
248	0.2495910040121957
249	0.012491391579785488
251	0.056916348078187545
252	0.019878310486543267
253	0.00806892609367153
254	0.4877036135962552
255	0.5289881351837363
256	0.0008407266514058979
257	0.21106791122173313
258	0.0453766610888352
259	0.03006449013084249
260	0.4851787132967863
263	0.06359024066806716
264	0.2594753929376229
265	0.24881038634176306
266	0.05908033542671941
268	0.23620045374006507
270	0.27454532766707024
271	0.0055997673510018095
272	0.27348382144370287
274	0.7532042730415539
275	0.23008969952270386
276	0.016234636224102476
277	0.061376652667135864
278	0.2618416535315899
281	0.2601771559869355
283	0.29364653998923884
284	0.29085785523712376
285	0.2691602556928009
286	0.043837173701268134
287	0.28558365831242544
288	0.05506902014505196
289	0.2922067202194667
291	0.054783753994026255
292	0.2937257022808632
294	0.008437606820942106
296	0.276021566410295
297	0.3043177073577603
298	0.27474258758382913
299	0.25089998194724167
300	0.13934131565237443
301	0.4896144507770631
302	0.31235370431578885
303	0.04879914344956658
306	0.01977708034320767
308	0.27361989086807825
309	0.5083337583335599
310	0.16614462031676314
311	0.2082210910739843
312	0.05160060522661413
313	0.5091745065237214
314	0.01234551521851543
316	0.08704874388395334
317	0.2710064074714931
319	0.31261969600818007
320	0.025562824199624287
323	0.27606389771396517
324	0.04686289155948796
326	0.255107805850261
329	0.010530771663859986
331	0.023611702647392728
332	0.23650692654123667
333	0.2555464392254039
334	0.18414713164658966
335	0.5785866967323589
336	0.24679419211261958
338	0.03782613989549998
339	0.04117292331347236
342	0.045937973608007776
343	0.011552550176193832
345	0.5386930898039832
346	0.2857300276123441
347	0.26282057996987884
348	0.5255972906354961
349	0.02376790492237349
350	0.062044755653750804
351	0.2813507899591128
352	0.26115249921904915
353	0.02662047757422267
354	0.08047700821536515
356	0.3159629883783547
357	0.03747325186235009
358	0.02431960418910595
359	0.009231746558832476
362	0.47530415544382965
363	0.0009972064253133787
364	0.067299173409
366	0.04483063594635646
367	0.26417929569566806
369	0.222001344353239
370	0.30532974505115784
372	0.2770557168548507
375	0.5135539283204911
376	0.28505012954379744
377	0.2976236066498018
379	0.28283182217172814
380	0.04107683902420396
382	0.07459566021065156
383	0.018381412689378908
386	0.40821416181901893
387	0.23036693940270284
388	0.014844479897391075
389	0.5012419159369375
390	0.033219869223493556
393	0.2260832015103062
395	0.005967117956294836
396	0.4160163844905746
397	0.2280675388987702
398	0.02097250571058601
399	0.2563512605950806
400	0.02691217827323055
401	0.06560857575196666
403	0.5056362268155005
404	0.045865733061950895
406	0.019603307821382115
407	0.04030915350203165
408	0.00943639647258709
409	0.23386381008402965
410	0.016091305135445443
411	0.5421782552342861
412	0.527528640091768
413	0.008687933701200933
414	0.2723997851777338
415	0.02968015393143079
417	0.03309446573199926
418	0.2865077124677277
419	0.05226340178852758
420	0.4757189574326357
421	0.49756349903655284
423	0.01530352358644035
424	0.1254151769484051
425	0.5334708560115297
426	0.007609178698734433
427	0.2775221848408903
429	0.26910314367208704
430	0.05621843523101609
431	0.2275800871070745
432	0.2797724984692014
435	0.5191657336981039
436	0.25881656251781954
438	0.2669138736940396
440	0.5129368983989483
441	0.22657506135276234
442	0.002247454207689792
443	0.5219685338899126
444	0.2529743366061419
446	0.2836758152913878
447	0.21870354801025355
449	0.27812644580595297
450	0.2660489756115739
451	0.7502484898356961
452	0.19907317190549856
453	0.03032490652318401
454	0.20304164602026348
455	0.2138519369029951
456	0.006356669953705454
458	0.032724898928019205
459	0.27310899022752644
460	0.2693570700779322
461	0.06058054877035701
462	0.06755369534299765
463	0.26028251114675716
464	0.08152315936272687
465	0.30809699862867673
466	0.28320804047586207
467	0.03336939470487474
469	0.2703813769185815
470	0.26101379999571145
471	0.24219241150667292
472	0.7449173199698358
473	0.0346230380931716
474	0.2844626884756425
475	0.031847415486497416
479	0.2752425156171765
480	0.01861021049456484
481	0.24400885252396795
482	0.22117349439832987
483	0.021118210897238227
484	0.2548249596415245
485	0.2783378701620993
486	0.2340129379006133
487	0.016553110387220307
488	0.008272851350270977
489	0.22498438290369457
490	0.4933080412713713
491	0.24779842835101118
492	0.7511318870153438
493	0.008233327347978214
494	0.5507501992376798
496	0.2904843123842925
497	0.04195141778417473
498	0.037702644971259996
499	0.060243132001642885
500	0.2740180401691561
501	0.29268238108500705
502	0.5429418019367869
503	0.001101895480360937
504	0.004187128000496282
505	0.02745066275077058
506	0.2597291702135677
507	0.5257498158815193
508	0.033926022556120025
509	0.2311339197935855
510	0.013462024234468645
511	0.2738198779723297
512	0.49161877984323016
513	0.007257504567405794
515	0.29029482026991504
516	0.25333468093092393
517	0.2552737612047364
518	0.25188988443900573
520	0.2656314100327589
521	0.25696534280404104
522	0.30107173949763166
523	0.26870121169710004
524	0.2756906338802097
525	0.015351802202754557
527	0.23917071205014895
528	0.0350474787251943
529	0.046163819309514534
530	0.0571447029525204
531	0.2640447359753624
533	0.4667307068054185
534	0.5067805579765858
535	0.04601668175204143
536	0.011697285518004325
537	0.008878106090650924
538	0.24702592560035916
540	0.5414448613252838
541	0.019249628000828675
542	0.04653311629144187
543	0.06574221322332334
544	0.16992268957411433
545	0.2607672566777787
546	0.4945702200717614
547	0.48704187617451583
548	0.21321765562691056
549	0.4972006939608422
550	0.7450000550783813
551	0.03696957683301041
552	0.4933156519211248
553	0.25725368018607125
554	0.24957540739733583
556	0.04455050339777078
559	0.2318035990765596
560	0.04878442016295985
561	0.24453691677887704
562	0.10266143075934592
563	0.2560100983035347
564	0.002893491971350276
565	0.48067272055671806
566	0.04167059102169124
567	0.02451263012990322
568	0.2581743649193985
569	0.02397600530544537
570	0.09066477709879077
571	0.03943737027269453
573	0.2712819565406119
574	0.2565899658726186
575	0.47040215647201117
576	0.22762608667665546
578	0.25668801933886226
579	0.018778440351883835
580	0.2914718062238073
582	0.2987169259250952
583	0.29575270486170147
586	0.2861473663836538
587	0.3058417134883768
588	0.004829036445037741
590	0.2736692377172461
591	0.05878214990881716
592	0.015373785103561757
593	0.2752445626477859
594	0.26294542570177426
596	0.25006868354934336
597	0.23549040626801748
598	0.06505586808376501
600	0.036646369877691064
601	0.4402234863879139
602	0.08203874900378291
605	0.28520678806502653
607	0.28868588028760495
608	0.3367015434372727
610	0.27286588829111574
611	0.49445541897313233
613	0.25394888304298224
614	0.20321896299793932
615	0.246430792480476
618	0.24718040967833854
619	0.2384947008606656
620	0.22979563735775765
621	0.22867798664410943
622	0.03216807137330831
623	0.41846858472324233
624	0.03006926565304795
625	0.23311469187780784
626	0.22134483641072833
627	0.5280663613044337
628	0.557038824579557
630	0.3090787602168076
631	0.027550429952230303
632	0.2607336389278377
633	0.22883891451633454
634	0.4943441395225735
635	0.06730975346050667
636	0.25687342630865395
637	0.005918021018476261
638	0.019548323824119772
639	0.2448921100740859
640	0.25883875825890323
642	0.4623238368989117
644	0.24151552097395532
645	0.037147441734841635
647	0.017337242428899675
648	0.4432069408488506
649	0.05486335865633463
650	0.26102718495540184
651	0.22479226835114074
652	0.2600072026916652
653	0.4741882840405857
654	0.21136652826328753
655	0.02019625053249572
658	0.027598719868690266
660	0.031111550303982625
661	0.05213917796526759
662	0.05752792383957167
663	0.495985222967695
664	0.05945520289464709
666	0.260268006884514
667	0.2721169497811834
670	0.06670052091161166
672	0.28957804354551
673	0.2255885557939082
674	0.2912049392411426
677	0.5033469113001786
678	0.1943244971329483
682	0.2678297786260298
684	0.014857914364056504
686	0.3184264302693663
687	0.005350583602493325
689	0.4770527919338033
690	0.2596202620543402
691	0.017549643292438626
692	0.061879864141902795
694	0.2210949967879001
695	0.03434592172730862
696	0.531125168528331
697	0.22097511713352383
698	0.492930686953418
699	0.5538456582194021
700	0.008560114169767132
701	0.01696282855040821
703	0.7246615336881606
705	0.25337344678802104
708	0.4609554748621421
709	0.23510211678183524
710	0.04118259071230726
712	0.23450006651245522
713	0.26321315576386906
714	0.48071502746764094
716	0.2448339169377503
718	0.28279009052055143
719	0.2918931467708423
720	0.2756741704847761
722	0.2528625604257551
723	0.24221862419025555
724	0.35361677376741296
725	0.512100935666411
728	0.2887118986388524
729	0.019864264350149128
732	0.46127813597879225
733	0.2437634553908576
734	0.2666691284017288
735	0.2550726032566498
737	0.05201401414094024
739	0.27331882624583403
740	0.28831249054960967
741	0.024831956968580884
742	0.06410570022042691
743	0.04116015219758595
744	0.04808792817537982
745	0.09054199553038492
746	0.032749193571377844
747	0.010499514485510196
748	0.29499888284318687
749	0.016100033776822863
750	0.27314561544402893
751	0.04472404067374019
752	0.31478765300197237
754	0.26631680304381194
755	0.0030087639105950068
756	0.2789814667257056
759	0.012269703705554764
761	0.04241120151900017
762	0.4441050802094296
764	0.013395595605475465
766	0.4958704200577513
768	0.23093790076135107
772	0.2377011744084826
774	0.05013934522191943
775	0.26088008291935727
776	0.23510716431076067
778	0.7668081928402771
780	0.029287949631902732
781	0.4513341706552256
782	0.28520994608882655
783	0.5138717791663542
784	0.021454309963799132
785	0.45363094382088864
786	0.010657237744720403
787	0.2590174052450594
788	0.01837053881551629
789	0.5344118270626269
790	0.0005768783598838825
791	0.7377346807817786
792	0.2840994631223328
794	0.044075804803700346
796	0.2515395096476444
797	0.4684067835674133
798	0.24449847772340888
799	0.010333629091046518
800	0.29512934690152526
801	0.0072217614285759735
802	0.24312654222507712
803	0.25457348880301706
804	0.24084963227214568
805	0.015825412893959778
806	0.013623023323892779
807	0.02615107746040786
808	0.04829530284434
809	0.5499125261992914
810	0.4846727884213803
811	0.4861290040928846
812	0.2883167859738248
813	0.5388472790951565
814	0.047991364399018174
816	0.2869058666456549
817	0.05066286904104669
818	0.5129331315760094
819	0.4591613791234369
820	0.3350495250211963
821	0.04744590513212008
822	0.10013523684152464
824	0.36168765675020625
825	0.48296507098195285
826	0.2530135339444793
827	0.00622622758545208
828	0.49425478652623633
829	0.27047904312006343
830	0.03696570002456769
831	0.2128764758603543
832	0.23661308412890142
834	0.4948206052013747
836	0.014730381554146708
837	0.021449341912238268
839	0.21866708691772305
840	0.03468496917175774
841	0.2534711752018524
842	0.011410393476109944
844	0.040005829317949965
846	0.23990266478670408
847	0.04131980103094318
848	0.03419104104074276
849	0.008569565442031784
850	0.026468597104530943
851	0.2743529596328154
852	0.29756082912338855
853	0.21866766498978707
854	0.06961122485917652
855	0.03142102524210422
856	0.3078530896688208
858	0.4682676435675827
859	0.04610394873797496
860	0.25259812198696074
862	0.017167384047045212
863	0.9955020696474933
864	0.4465307765090409
865	0.06320098963320028
867	0.23884177352824174
868	0.24607990833411592
869	0.24275458125283483
870	0.0008932929838109116
871	0.25068075170775284
872	0.5100654480394845
873	0.5442447091915448
874	0.2785851753661689
875	0.23238844798655262
877	0.012758329276784053
878	0.2764478547151898
879	0.3051111904702755
880	0.5234694612558148
881	0.26857058232616254
882	0.0002701340343981007
883	0.022290046132267004
884	0.05479568459851829
887	0.010049021292036737
888	0.24015975473077794
889	0.2762882772217316
891	0.021541579929740904
892	0.25347079261960564
893	0.03305949261916684
895	0.0371440311365615
897	0.24973601844969512
898	0.026999255156695927
900	0.4256950031782875
903	0.006488342189537023
905	0.26382511845647183
906	0.010869546625530975
911	0.05855489703144626
913	0.020850814116769652
920	0.5215047312143892
921	0.43844563623794375
923	0.5367961038702038
925	0.5303481694208584
926	0.28850916824236245
927	0.7305077557305315
929	0.35188897490862275
931	0.0722642261598247
932	0.024002731603958664
933	0.2885166318159852
934	0.04946851446377919
935	0.22433895568571804
937	0.013421390707185274
938	0.33092345544681584
939	0.25495094146822306
940	0.06735330449243096
941	0.035429901497537705
943	0.31676048698574033
0	0.0
0	0.0
0	0.0
0	0.0
0	0.0
0	0.0
0	0.0
0	0.0
0	0.0
0	0.0
0	0.0
0	0.0
0	0.0
0	0.0
0	0.0
0	0.0
0	0.0
0	0.0
0	0.0
0	0.0
0	0.0
0	0.0
0	0.0
0	0.0
0	0.0
0	0.0
0	0.0
0	0.0
0	0.0
0	0.0
0	0.0
0	0.0
0	0.0
0	0.0
0	0.0
0	0.0
0	0.0
0	0.0
0	0.0
0	0.0
0	0.0
0	0.0
0	0.0
0	0.0
0	0.0
0	0.0
0	0.0
0	0.0
0	0.0
0	0.0
0	0.0
0	0.0
0	0.0
0	0.0
0	0.0
0	0.0
0	0.0
0	0.0
0	0.0
0	0.0
0	0.0
0	0.0
0	0.0
0	0.0
0	0.0
0	0.0
0	0.0
0	0.0
0	0.0
0	0.0
0	0.0
0	0.0
0	0.0
0	0.0
0	0.0
0	0.0
0	0.0
0	0.0
0	0.0
0	0.0
0	0.0
0	0.0
0	0.0
0	0.0
0	0.0
0	0.0
0	0.0
0	0.0
0	0.0
0	0.0
0	0.0
0	0.0
0	0.0
0	0.0
0	0.0
0	0.0
0	0.0
0	0.0
0	0.0
0	0.0
0	0.0
0	0.0
0	0.0
0	0.0
0	0.0
0	0.0
0	0.0
0	0.0
0	0.0
0	0.0
0	0.0
0	0.0
0	0.0
0	0.0
0	0.0
0	0.0
0	0.0
0	0.0
0	0.0
0	0.0
0	0.0
0	0.0
0	0.0
0	0.0
0	0.0
0	0.0
0	0.0
0	0.0
0	0.0
0	0.0
0	0.0
0	0.0
0	0.0
0	0.0
0	0.0
0	0.0
0	0.0
0	0.0
0	0.0
0	0.0
0	0.0
0	0.0
0	0.0
0	0.0
0	0.0
0	0.0
0	0.0
0	0.0
0	0.0
0	0.0
0	0.0
0	0.0
0	0.0
0	0.0
0	0.0
0	0.0
0	0.0
0	0.0
0	0.0
0	0.0
0	0.0
0	0.0
0	0.0
0	0.0
0	0.0
0	0.0
0	0.0
0	0.0
0	0.0
0	0.0
0	0.0
0	0.0
0	0.0
0	0.0
0	0.0
0	0.0
0	0.0
0	0.0
0	0.0
0	0.0
0	0.0
0	0.0
0	0.0
0	0.0
0	0.0
0	0.0
0	0.0
0	0.0
0	0.0
0	0.0
0	0.0
0	0.0
0	0.0
0	0.0
0	0.0
0	0.0
0	0.0
0	0.0
0	0.0
0	0.0
0	0.0
0	0.0
0	0.0
0	0.0
0	0.0
0	0.0
0	0.0
0	0.0
0	0.0
0	0.0
0	0.0
0	0.0
0	0.0
0	0.0
0	0.0
0	0.0
0	0.0
0	0.0
0	0.0
0	0.0
0	0.0
0	0.0
0	0.0
0	0.0
0	0.0
0	0.0
0	0.0
0	0.0
0	0.0
0	0.0
0	0.0
0	0.0
0	0.0
0	0.0
0	0.0
0	0.0
0	0.0
0	0.0
0	0.0
0	0.0
0	0.0
0	0.0
0	0.0
0	0.0
0	0.0
0	0.0
0	0.0
0	0.0
0	0.0
0	0.0
0	0.0
0	0.0
