1	0.028821052300647833
2	0.2514391794283889
3	0.42743403439597105
4	0.25179557837094885
8	0.31809160638160444
9	0.5257971690970001
11	0.2581906552905077
12	0.5355050089118718
13	0.2092082171015371
15	0.33287423086791335
17	0.5812915997370331
18	0.20739112742670437
19	0.017782179774852757
20	0.2373785914068237
22	0.04196186753714508
23	0.031711016741631036
24	0.20392034322289743
25	0.26946242201324283
26	0.016305909671222456
27	0.35233008854974357
28	0.06821740340467494
29	0.29564162437782315
30	0.047213651729510656
31	0.019797691217863657
32	0.5306070864826837
33	0.01570986390722988
34	0.5279595775160346
35	0.2529708021806406
36	0.4544534746578667
37	0.5017907380937421
39	0.01878966215018407
40	0.5206243228832931
43	0.018164808723510235
45	0.24802530802453646
46	0.5817233141746441
47	0.22829520128796496
48	0.22706612943997012
50	0.29413691047097834
51	0.25909068783020217
52	0.2522399206674431
53	0.24813155252870528
54	0.06734239437040491
55	0.5323503074765973
57	0.2450973293664181
58	0.2248142868096632
60	0.010455183338851103
61	0.12718843343664749
63	0.25138704836140974
65	0.45067744984019015
66	0.24215627627648628
67	0.5309098371865082
68	0.3596682424473917
69	0.09433890408707918
70	0.2646084065094816
71	0.3511904271112666
72	0.012591358326523729
73	0.01497377110346048
74	0.2897970113380889
75	0.23594741162296018
76	0.29629469220316046
77	0.2705721079893622
78	0.295673412587828
79	0.2462002957581718
80	0.24051683907366717
82	0.016868368726175538
83	0.48862339857704584
84	0.29067190093390494
86	0.031244113174037313
87	0.08544233210977654
88	0.2673729665558435
92	0.05281949972755477
93	0.20263822046730168
96	0.031143333019747702
98	0.20876466124012735
99	0.2376291719510886
100	0.06226324268814916
101	0.23016518645157644
102	0.2830896056899856
103	0.29117693097905295
104	0.15493242703416477
105	0.2132138892328462
106	0.46852826788464735
107	0.2533577618703118
108	0.013964813767112068
109	0.013056275570866013
110	0.04092800209000715
111	0.046870141929523136
112	0.49255731442269546
113	0.29314453388911066
117	0.29679488611496674
118	0.026398463972325495
119	0.06472462530696636
121	0.03553837773185624
122	0.9911788675710651
124	0.25100709888141765
126	0.48484830787892985
127	0.5028751118349916
128	0.5075486550531975
129	0.23827645729566263
130	0.050592255900176394
131	0.7645432034770039
132	0.25654029920793203
133	0.4949235791294935
134	0.19460251406986884
135	0.5607801041199436
136	0.2262322701490733
137	0.27814215717796237
139	0.010392732962884229
140	0.2681085684509769
141	0.7195840780125242
142	0.05921041038941661
143	0.22119065830657353
144	0.009978706447440665
146	0.008651837429631076
147	0.526044133807317
148	0.3096960654685944
149	0.22212742853456993
150	0.08363480825691949
152	0.02725454430634936
153	0.2591574743214396
154	0.2718432149055597
155	0.541910858123659
156	0.2295784510217485
157	0.4971151786253055
158	0.020271481718929476
159	0.48139658288398435
161	0.48901558885254526
163	0.492329473134273
164	0.23716144404810574
165	0.23214637210089462
166	0.5101304349955788
168	0.19298112900236564
169	0.23630925937397063
170	0.47398793052054394
171	0.24173176348211206
172	0.2528699388205524
173	0.2999540291525329
174	0.28035145445005133
176	0.2933186733241937
178	0.023788238584859657
179	0.043494567634928934
180	0.2584516757631645
183	0.26678374561035806
185	0.45947817886536746
186	0.4615445274818412
187	0.7611841449259023
188	0.23923483621872976
190	0.2316463139349095
191	0.5246401491575982
193	0.06422228605223954
194	0.0525484260212594
195	0.20503035264627156
196	0.2579192901716515
197	0.20837840905363375
199	0.27614381045843445
202	0.013907616487133359
203	0.2584340733649325
204	0.4664345203588445
205	0.4338681300093018
206	0.2979223463018251
208	0.49956787105181333
210	0.006836957945365638
212	0.32671465020070034
213	0.05092405668303314
215	0.03286776679887855
218	0.0036441508973983974
219	0.48403272635028644
220	0.2930891506149638
221	0.047454160062851136
224	0.19959447207616735
225	0.30282300888930436
227	0.26336539919111335
228	0.2880718973228354
229	0.23359631294864225
231	0.22044653266799236
233	0.5649666273023988
237	0.27771877971312986
240	0.22930883120821413
241	0.47669735947725855
242	0.34332145064070174
243	0.2580493907784205
244	0.05874982531475373
246	0.024046582803878537
247	0.3318618003109537
249	0.05330256125292294
250	0.007134762584477379
251	0.00870626858851345
252	0.26293279684281007
254	0.45819024407780345
255	0.24615324129941463
257	0.7613170128587093
258	0.4984628494646783
260	0.44260078555058596
261	0.5374130239505225
262	0.3386440112675288
263	0.04518168119897059
264	0.22942373307618724
266	0.4113611797605167
272	0.2101092128557857
273	0.8003976400630978
275	0.522359401953726
276	0.04099538504114207
277	0.26758634186195607
278	0.28226678997379506
279	0.024500152076350187
280	0.042696950428620706
281	0.11664307758220813
282	0.5472855322464463
283	0.2287633174676516
284	0.24474180782194244
285	0.20771024599426086
287	0.6970555153876528
289	0.06927915528014177
291	0.5349884208582889
292	0.018165426918172474
294	0.016578085623297278
295	0.04341347248353123
296	0.2650356905863457
298	0.0065758710148593955
300	0.3839571773402791
302	0.18944684436350295
303	0.004039777184378465
304	0.5471918851046184
306	0.7402423968772579
307	0.022068645854404857
309	0.18363196598090895
310	0.3239402983630905
315	0.03581984323078846
316	0.32943921785085073
317	0.2897507414346373
318	0.055110991987545474
319	0.28698637411780686
322	0.2631054667851056
325	0.05114733989868215
329	0.2414682489997302
330	0.26461757814318715
331	0.28601773655499063
333	0.4806858062277571
335	0.13627504525063727
336	0.23117292008247325
337	0.27620406740822584
338	0.2644338851065021
339	0.0011144376085276964
341	0.5065979148211542
345	0.020326706181271446
346	0.26998255858753295
349	0.35455602380591866
350	0.2654652521967057
351	0.21186867689968183
352	0.2708335732678837
353	0.3404802005056025
354	0.005768235121628773
355	0.3045245595502011
357	0.07868963090449262
359	0.2993800285560657
361	0.27021842889007297
362	0.11955102586543709
364	0.25073489331740045
365	0.01300921334802762
366	0.5832943875214285
367	0.05440788634492588
368	0.5648256503904308
369	0.503521662415543
372	0.4812828011486882
375	0.06781615210986022
376	0.027418834176277232
377	0.49682927353177764
381	0.06612497402539425
382	0.22397119008834865
383	0.061326040409522775
384	0.5002891247145316
386	0.21516907013833153
392	0.04530703491163759
393	0.45153641823999047
394	0.04173995734334221
396	0.16324191391324136
400	0.46150956715173885
401	0.23413349771937936
403	0.2218497085491855
404	0.24880892306116983
410	0.499480807201526
412	0.009389150284656166
413	0.3242697864690865
414	0.20102277829579876
415	0.791081934406183
416	0.0012800051508401952
418	0.0011070112116393568
419	0.3018286058445663
420	0.19027536847587828
422	0.07583333464291274
423	0.02967298997549287
424	0.29229434792751396
426	0.26963822827734785
430	0.027170311734060135
431	0.47312392844180745
432	0.3197923143683977
433	0.29716790406666466
434	0.30084679420623583
435	0.03149544780129746
436	0.1863044089588045
437	0.2692348865917202
438	0.007531051781436766
440	0.2539896936311995
441	0.022308923597948012
443	0.26353908715483093
444	0.48178544154927827
449	0.04806618553891
450	0.2821735412523939
453	0.03277494020500414
456	0.2729498337861646
461	0.08581167220804672
462	0.290958118719095
463	0.008681509834866895
464	0.009685935893129778
465	0.009608736565605382
467	0.04604701574063714
469	0.006414012295818658
470	0.4907622556415981
471	0.750229500566086
472	0.027269127595916088
473	0.28679563172318867
474	0.25281681580744125
475	0.27934439252078347
477	0.512441867935149
478	0.04929840496073849
481	0.2673774365613659
482	0.3142490754670611
483	0.5524764969068511
484	0.2833304370210693
487	0.064539146560287
488	0.030603019899290998
492	0.18786181806376936
494	0.21407685745646532
495	0.020437153265125026
496	0.030588688397218913
497	0.04514475182965901
499	0.2850904895428888
502	0.042906001886144504
504	0.010502798901341023
505	0.27738040565448485
510	0.3050383787254505
511	0.4996318717338011
513	0.06940326175246625
515	0.0033305075773894174
516	0.034151374429564556
519	0.021675253164410723
520	0.2283448829071719
522	0.24024282055981025
526	0.15003249986524597
528	0.07006297549149856
529	0.5348346819869084
530	0.5372571740775796
531	0.25072165517571776
533	0.22170681477311424
536	0.0662728714719293
537	0.04938234633982977
539	0.25816394783862173
540	0.05932632747508061
543	0.022334031812431737
544	0.20176980186513252
545	0.039457924495670725
546	0.00034781044147066953
547	0.19701793497622747
550	0.18181752509732846
551	0.24051913819825216
552	0.25751955646579777
554	0.49075752201821615
555	0.5215753380410777
556	0.03371228611108578
557	0.06600953603172725
558	0.28737160343642015
559	0.4624279671013871
560	0.0001260517028937036
563	0.482626130211839
564	0.060647131797446616
565	0.19809537092657417
566	0.28347311216064686
570	0.43607275808506324
571	0.2481138585286988
572	0.31791670191450716
573	0.0028776862835912104
575	0.22966814449816492
578	0.29120151143877226
579	0.006302437196097063
580	0.0024209189516298454
582	0.022725379425078247
583	0.2664671552567183
585	0.23635472918844397
586	0.04117790991621159
590	0.26960968618289727
591	0.024972046074104186
593	0.0542889612696803
594	0.23771832007150062
596	0.5074455090524936
597	0.17271155846875272
598	0.06060398883732805
599	0.04279155348102235
601	0.006249986468926213
602	0.04556212506154059
603	0.05388085701470553
604	0.1793138627392352
607	0.0043155050162182185
609	0.47570532353336314
611	0.209052516980298
612	0.5017483475004834
613	0.005607649460443349
615	0.21047597229334017
616	0.314509224479591
620	0.2669006923473532
621	0.00253964618844528
622	0.046377068817918726
623	0.20632370964561159
624	0.26603726668732613
626	0.23358690215991865
629	0.058098546032780835
631	0.062243021330502954
632	0.0024647592636494117
642	0.24338395942692795
644	0.24110408645449888
645	0.02335863940550906
646	0.4624596304896145
649	0.22903010540446106
651	0.22656564192500847
652	0.18818412580350904
653	0.19761753456666376
654	0.19063255728907536
656	0.189145667524156
657	0.3005219698775854
660	0.5253313289457993
662	0.47822928125428754
666	0.001640400466719226
667	0.009339749137919032
671	0.2867789351173
672	0.44985892373753433
673	0.45016135391951473
674	0.26576887668966864
675	0.817736070108626
676	0.03529238368916471
679	0.5218400942650908
680	0.03346665686349602
681	0.46511359738785313
684	0.03103291803040003
686	0.26559725605503093
687	0.5021632773862535
688	0.4983704885397577
689	0.48409110218362317
690	0.20243875416603033
691	0.05747273081957745
693	0.027788969329447792
695	0.32905608791002494
697	0.26519157327262183
698	0.26251026921839044
699	0.009049420928975857
700	0.09321455076837433
701	0.32357958552195865
702	0.25482634731072273
703	0.013828932593485065
704	0.203786065755958
705	0.014366194742677807
706	0.2884576578117682
707	0.004480683934951574
708	0.4860242077960177
711	0.28898284583950606
712	0.2831689707068095
714	0.22364836251375636
715	0.04603467024850448
716	0.2534126322705374
717	0.06161162267116284
718	0.5103406929669705
722	0.22425698982302164
723	0.2858776396108818
724	0.2979223463018251
725	0.45327789897003223
728	0.23249882223964627
729	0.45040885899239447
730	0.23828804527209355
731	0.7790885386869941
736	0.006495461651049635
737	0.03150247639525491
738	0.04118162216967432
739	0.48090910344507115
741	0.00863623038613199
742	0.26959724988594763
743	0.2444169911872847
745	0.0023547352310387126
749	0.03586386338321697
750	0.046048907079470625
754	0.7365020279103793
756	0.04019193996171064
759	0.23951956817010212
760	0.009239058394582014
761	0.05611249978847973
762	0.25544893601490354
765	0.34065741920676157
767	0.0390298779604818
768	0.19237848442209293
769	0.2677615954061081
770	0.05295493306633463
771	0.00983437168194392
772	0.23802530695076163
775	0.7426932277915472
776	0.19640981662628865
777	0.32518044992069417
779	0.23924900423986634
781	0.00108647348357762
785	0.041676044410726115
788	0.24816780061957563
789	0.19897356607911076
790	0.23688377749766998
791	0.20334415224397756
793	0.001113303901018079
794	0.28964561450684406
796	0.24776178212958277
797	0.23361174710126748
798	0.0009032747587531115
799	0.49468404694461593
801	0.7382465523270029
804	0.2074924615581739
807	0.07504498285874993
808	0.48867331634637845
809	0.002010898488884874
810	0.20092999929268776
811	1.2802480843163155e-07
812	0.48020045124486394
814	0.0798978996805929
815	0.05129651600380244
816	0.28014111360620836
817	0.07473330933315234
822	0.28032242508544486
824	0.29155344871335276
825	0.22704359503185484
826	0.038710053937719126
827	0.2560383299508833
828	0.00020256459119012693
829	0.011759931513008345
830	0.2693662194886014
832	0.5241005829714664
834	0.25956297037251425
836	0.23384290988105094
837	0.24214205328717225
838	0.5313087384028329
841	0.004940429309711572
842	0.49271369134501963
844	0.3166799499066228
845	0.20273877334937737
847	0.5328286113850021
848	0.28990748192809634
850	0.0627875468056507
855	0.4528522789204477
856	0.27222727865195795
857	0.29296624347740374
858	0.4871753183889852
859	0.3245872808472548
860	0.048972507475774446
861	0.26508504617812
862	0.06169600709483679
866	0.4537940965634126
867	0.006407084297140521
873	0.511922351006914
876	0.48200303506420117
878	0.011134653619997437
879	0.2784694071552834
880	0.013774735279888317
881	0.003746165286818811
884	0.290096132855882
885	0.2147200326742711
887	0.025513641199883988
888	0.743331389120961
889	0.019459812098876608
891	0.2799891145378254
892	0.0016162145064054605
893	0.055607928304024404
895	0.020546312357118412
898	0.00015437633564229641
901	0.21060861296259648
902	0.02079041392829142
904	0.2799283242678179
906	0.07576479496070011
909	0.5197995858918173
910	0.27900628697734264
911	0.2479209217384592
912	0.0062951088156016285
914	0.4037891391040728
915	0.47356396626156644
916	0.017339706512549548
917	0.5575145954905549
918	0.18556694831961673
920	0.48024543197658043
921	0.24008035310288536
923	0.27961902718676435
925	0.21164811219365406
926	0.03185647474490974
928	0.03235263245825737
930	0.5275245710731513
931	0.28083972690057907
932	0.007964976884252826
933	0.0231995222146001
934	0.24744014954183546
935	0.4845691583623327
936	0.2695700774536838
939	0.3265898455147859
941	0.2831797139658241
942	0.023956047777111765
0	0.0
0	0.0
0	0.0
0	0.0
0	0.0
0	0.0
0	0.0
0	0.0
0	0.0
0	0.0
0	0.0
0	0.0
0	0.0
0	0.0
0	0.0
0	0.0
0	0.0
0	0.0
0	0.0
0	0.0
0	0.0
0	0.0
0	0.0
0	0.0
0	0.0
0	0.0
0	0.0
0	0.0
0	0.0
0	0.0
0	0.0
0	0.0
0	0.0
0	0.0
0	0.0
0	0.0
0	0.0
0	0.0
0	0.0
0	0.0
0	0.0
0	0.0
0	0.0
0	0.0
0	0.0
0	0.0
0	0.0
0	0.0
0	0.0
0	0.0
0	0.0
0	0.0
0	0.0
0	0.0
0	0.0
0	0.0
0	0.0
0	0.0
0	0.0
0	0.0
0	0.0
0	0.0
0	0.0
0	0.0
0	0.0
0	0.0
0	0.0
0	0.0
0	0.0
0	0.0
0	0.0
0	0.0
0	0.0
0	0.0
0	0.0
0	0.0
0	0.0
0	0.0
0	0.0
0	0.0
0	0.0
0	0.0
0	0.0
0	0.0
0	0.0
0	0.0
0	0.0
0	0.0
0	0.0
0	0.0
0	0.0
0	0.0
0	0.0
0	0.0
0	0.0
0	0.0
0	0.0
0	0.0
0	0.0
0	0.0
0	0.0
0	0.0
0	0.0
0	0.0
0	0.0
0	0.0
0	0.0
0	0.0
0	0.0
0	0.0
0	0.0
0	0.0
0	0.0
0	0.0
0	0.0
0	0.0
0	0.0
0	0.0
0	0.0
0	0.0
0	0.0
0	0.0
0	0.0
0	0.0
0	0.0
0	0.0
0	0.0
0	0.0
0	0.0
0	0.0
0	0.0
0	0.0
0	0.0
0	0.0
0	0.0
0	0.0
0	0.0
0	0.0
0	0.0
0	0.0
0	0.0
0	0.0
0	0.0
0	0.0
0	0.0
0	0.0
0	0.0
0	0.0
0	0.0
0	0.0
0	0.0
0	0.0
0	0.0
0	0.0
0	0.0
0	0.0
0	0.0
0	0.0
0	0.0
0	0.0
0	0.0
0	0.0
0	0.0
0	0.0
0	0.0
0	0.0
0	0.0
0	0.0
0	0.0
0	0.0
0	0.0
0	0.0
0	0.0
0	0.0
0	0.0
0	0.0
0	0.0
0	0.0
0	0.0
0	0.0
0	0.0
0	0.0
0	0.0
0	0.0
0	0.0
0	0.0
0	0.0
0	0.0
0	0.0
0	0.0
0	0.0
0	0.0
0	0.0
0	0.0
0	0.0
0	0.0
0	0.0
0	0.0
0	0.0
0	0.0
0	0.0
0	0.0
0	0.0
0	0.0
0	0.0
0	0.0
0	0.0
0	0.0
0	0.0
0	0.0
0	0.0
0	0.0
0	0.0
0	0.0
0	0.0
0	0.0
0	0.0
0	0.0
0	0.0
0	0.0
0	0.0
0	0.0
0	0.0
0	0.0
0	0.0
0	0.0
0	0.0
0	0.0
0	0.0
0	0.0
0	0.0
0	0.0
0	0.0
0	0.0
0	0.0
0	0.0
0	0.0
0	0.0
0	0.0
0	0.0
0	0.0
0	0.0
0	0.0
0	0.0
0	0.0
0	0.0
0	0.0
0	0.0
0	0.0
0	0.0
0	0.0
0	0.0
0	0.0
0	0.0
0	0.0
0	0.0
0	0.0
0	0.0
0	0.0
0	0.0
0	0.0
0	0.0
0	0.0
0	0.0
0	0.0
0	0.0
0	0.0
0	0.0
0	0.0
0	0.0
0	0.0
0	0.0
0	0.0
0	0.0
0	0.0
0	0.0
0	0.0
0	0.0
0	0.0
0	0.0
0	0.0
0	0.0
0	0.0
0	0.0
0	0.0
0	0.0
0	0.0
0	0.0
0	0.0
0	0.0
0	0.0
0	0.0
0	0.0
0	0.0
0	0.0
0	0.0
0	0.0
0	0.0
0	0.0
0	0.0
0	0.0
0	0.0
0	0.0
0	0.0
0	0.0
0	0.0
0	0.0
0	0.0
0	0.0
0	0.0
0	0.0
0	0.0
0	0.0
0	0.0
0	0.0
0	0.0
0	0.0
0	0.0
0	0.0
0	0.0
0	0.0
0	0.0
0	0.0
0	0.0
0	0.0
0	0.0
0	0.0
0	0.0
0	0.0
0	0.0
0	0.0
0	0.0
0	0.0
0	0.0
0	0.0
0	0.0
0	0.0
0	0.0
0	0.0
