1	0.03967102374474534
2	0.02484072896383953
3	0.4061940934172536
4	0.4859958103267096
6	0.024631643574065453
8	0.27688230748141546
9	0.26834888799281104
11	0.20282558187445132
12	0.28784986925935024
13	0.19626263214118256
15	0.2897670958344655
16	0.0336834645972804
17	0.51856525642973
18	0.005423565437253329
19	0.2194092651038181
20	0.22301267880601683
22	0.23503415533102928
23	0.03886336813492735
24	0.008636885657770235
25	0.25638047066765374
27	0.28883052586365926
28	0.0294625785746483
29	0.23813895153540104
30	0.2909519521190102
32	0.28834744721764505
33	0.03806999902606883
34	0.5172481805649279
35	0.0695248443243851
36	0.23899410608206603
37	0.3036523203589367
38	0.04290386427313648
39	0.03893409656524252
40	0.4996931946637544
44	0.007097687735547024
45	0.022227391309207124
46	0.5187185391725632
47	0.46521558004366814
48	0.04620568399290327
50	0.5386404071680635
51	0.02566608030508119
52	0.02569008320548447
53	0.0209562360617989
54	0.02812341086559348
55	0.2849626507611192
57	0.23388242941466678
58	0.20892125088775876
60	0.01474270168680155
63	0.23797236178396466
64	0.007379673867307153
65	0.25991875565797284
67	0.29494884679046907
68	0.32000513737095215
69	0.07402164648387605
70	0.25063620772757694
71	0.2886364653558385
72	0.015712009807412462
73	0.022429096759279604
74	0.2770112850264454
75	0.013972740683043793
76	0.23790596697244515
77	0.2146911360136907
78	0.07075183252620854
79	0.018487141431895414
80	0.1870367057450349
81	7.913653049614403e-05
82	0.028934409972359888
83	0.2973073672451021
84	0.5212458303859453
85	0.04490871034855524
87	0.06587312752894067
88	0.21126119071475613
90	0.020805245415744147
92	0.014669222266074058
95	0.0575829954525504
96	0.006805057971316857
98	0.24657918892626413
99	0.002686026888428523
100	0.07454873661153134
101	0.010765957444488914
102	0.49614454538930014
103	0.23301950387964412
104	0.24125560325737053
105	0.20102468066683277
106	0.28608305653739846
107	0.23395568565601263
108	0.2778520563547381
109	0.03576787989967463
110	0.32182297946554034
111	0.028758943809802366
112	0.2762453713676986
113	0.25465307848247454
115	0.0016185268020221452
117	0.2572559508174495
119	0.2683747102183059
121	0.062216922581922726
122	0.7341231880050407
124	0.010632671812452185
126	0.2663647260982627
127	0.2516464938523646
128	0.254842716263318
129	0.228898843658803
130	0.2747518794199473
131	0.5457492355943737
132	0.23899743848654037
133	0.26321690840719847
135	0.4971392871654665
136	0.2118060239183619
137	0.04978895487779559
140	0.2668788329798376
141	0.5222484916963718
142	0.2583111598813834
143	0.03208235270485124
147	0.4685366621692838
148	0.26963022584900576
149	0.013119628757989943
150	0.30929597186749974
151	0.26843023453641285
153	0.08364297138780785
154	0.03338909103060032
155	0.4969753152847002
157	0.49111112226977766
158	0.26152797484107493
159	0.2864790565805641
161	0.4242836696999326
163	0.2536220038484623
164	0.23814656401728115
165	0.4606735604891685
166	0.19540013733058867
168	0.007627902046513771
170	0.2806219211794202
171	0.1962989328689187
172	0.25948075408595483
173	0.28883175677575695
174	0.26419638314347477
175	0.013708561767021336
176	0.23473589094205682
179	0.05149808863442725
180	0.2704082241798376
182	0.054756028701262296
183	0.21102304551485065
185	0.23261000970392798
186	0.2576680507801497
187	0.4948905209280446
188	0.24247898676327767
190	0.018951841925501242
191	0.2887395815417826
192	0.1984552382123596
193	0.025425127426991927
194	0.25689629787469437
195	0.4853511950950185
196	0.2020716280637218
199	0.039166919761335545
201	0.030714382360742584
203	0.20368192192428924
204	0.25319350155646475
205	0.2258076748562795
206	0.3511187566310058
208	0.4430434907365359
210	0.011322285573017177
212	0.26706445836288006
213	0.2710315456539395
214	0.011860836429248275
215	0.2547920228286317
218	0.012923955717300033
219	0.2735579532411167
220	0.23751552871276507
221	0.00983902276696496
223	0.030983264091230735
224	0.026637288049905148
225	0.49613274436594085
227	0.525007784199922
228	0.25841907320026997
229	0.021024159264629843
230	0.032477542333051945
231	0.26115678181289953
232	0.014401180739508801
233	0.5032648988798448
234	0.2429030017309403
237	0.23100709219478216
238	0.023793728176888473
240	0.21282085837424009
241	0.2567945703601546
242	0.3026889560966737
243	0.25034891885089006
244	0.020489033155018023
245	0.009595583728075938
247	0.27131623230153373
249	0.015416072044843632
250	0.2557796276091017
252	0.25256791413257323
253	0.2652492683524856
254	0.2562617759164277
255	0.26142743603659785
257	0.557015947084232
258	0.2204708352022517
259	0.2853287583529124
260	0.21644345413197455
261	0.27295310141942347
262	0.5226958100143945
263	0.007870047623405915
264	0.29904405022625247
266	0.35466666344995473
270	0.013180683920264773
272	0.03565803750838722
273	0.5475308416509035
275	0.2752388534432217
276	0.0040003835988787935
277	0.21123683874246965
278	0.03556189344943901
279	0.00020219255851596646
280	0.2779651134326493
281	0.09542139777716414
282	0.7431716789650702
284	0.22381138959496552
285	0.04456616471989591
286	0.24129465880129802
287	0.4862586668548039
290	0.04538683317052727
291	0.5211608383011749
292	0.024487420074217517
295	0.24522195891945317
296	0.27180400271946853
298	0.02851961250018404
300	0.0881821277146433
302	0.4201130869198962
303	0.008775401209607799
304	0.2550494412761985
306	0.45700654143904956
307	0.25418989938837255
310	0.08419913501602487
312	0.01965699544044306
314	0.019666814102958056
315	0.2794445601156461
316	0.3276160453583169
317	0.06373635900980146
318	0.2680639276734694
319	0.2722156213323887
322	0.262784740799248
325	0.25283854448749743
328	0.030665792462589398
329	0.24430798553151578
330	0.0451306991344855
331	0.2935025018650212
333	0.5096554926774453
336	0.012896022924247349
337	0.23005927586894293
338	0.25536341096936777
339	0.0049233502871463344
340	0.04044250993790111
341	0.2640918071828703
345	0.27388501243810764
346	0.2768838837240627
349	0.2929396460528198
350	0.25560676406317406
351	0.2744070632690309
352	0.25602358219020477
353	0.2792684141853006
354	0.010604158356794534
355	0.5283885516759927
357	0.03860951182670765
359	0.2401107671057774
361	0.27008641600010613
364	0.24139672025494197
366	0.5205086287770768
367	0.03543588699988798
368	0.3359570845891199
369	0.2763429262420463
370	0.05273930791666757
371	0.027093959899125483
372	0.26944824034720366
373	0.03170617550298031
376	0.003504073994995128
377	0.26096164254100346
379	0.03282764936305045
381	0.27028706246496575
382	0.20930632357104353
383	0.2985301275169386
384	0.7170520389834973
386	0.0278460724258012
390	0.033923596710179485
391	0.022912241988952503
392	0.2842906888071238
393	0.246713330447691
394	0.25555370170548947
398	0.04519009283663638
399	0.028721085003611153
400	0.21974638161251744
401	0.2218743880372908
403	0.043129478892311744
404	0.2396250907106321
405	0.35880213377038267
407	0.03076553284141225
408	0.033774720425998224
410	0.2397919131212525
411	0.049823933039772575
412	0.010563791527533499
413	0.5240647520171793
414	0.18357812473101592
415	0.7542328876516015
417	0.0021372054359373796
419	0.26200146074934755
422	0.03764660619640223
423	0.0040245553616682465
424	0.5275655723384678
426	0.2575840787571154
427	0.021344346091768145
430	0.03281910874791428
431	0.2482438099066719
432	0.278113419850256
433	0.23946477913774852
434	0.2619990913452343
435	0.04078874354884443
437	0.26168172384952304
439	0.7790885386869941
440	0.2543582744431197
442	0.02344525921919538
443	0.24665577324504964
444	0.27859747104478827
446	0.011317578573500985
448	0.02161456518923087
449	0.009906083571148111
450	0.2687805312257409
456	0.2610071493898233
459	0.043252667731081676
460	0.25112714409456866
461	0.05700010125935262
462	0.5531546268644826
463	0.018439269998516073
464	0.22225882048133982
465	0.26356675342517194
467	0.05465860860430957
468	0.027760739404885108
469	0.02851013836392675
470	0.2529176512765232
471	0.5274684063583881
473	0.034772827927499875
474	0.25513492301730406
475	0.2796368853220946
477	0.5449883275666697
478	0.30132983553395626
480	0.0048017812604105176
481	0.27595855684410286
482	0.08218310587380152
483	0.49259442546962506
484	0.26868029559912204
487	0.02578220951136307
488	0.005948922899234259
492	0.00689431846236635
497	0.00781663746229391
499	0.27546915391885457
502	0.05365785837220133
504	0.012335123627410002
505	0.285076194528392
508	0.0007531237176035196
510	0.051706416136376644
511	0.46509902999070657
513	0.049841934336518706
516	0.041723999868513155
517	0.00569230813170157
519	0.2513023609857712
520	0.2322083799046097
522	0.2217678744628526
525	0.00567253828502054
526	0.11306432155815256
528	0.05134154747113381
529	0.7720512483844676
530	0.5035331237199875
531	0.23897635150870225
533	0.03301616990827525
536	0.04756551906830434
537	0.011544280232585469
539	0.4652339549052612
540	0.04081181196890613
543	0.028147952981097235
545	0.04983456018664336
551	0.24067180836426738
552	0.019892668874651367
554	0.246557172265325
555	0.7179481937043176
556	0.24498909638676392
557	0.2700829114899094
558	0.22951163267241714
559	0.271237300428911
560	0.008323059828261231
562	0.07744726198142643
563	0.24165106160512834
564	0.2786375217221186
565	0.002454534274529175
566	0.2709636781734431
567	0.01514740680925164
570	0.42559795696451985
571	0.2503609841938203
572	0.5351764510570468
573	0.006303270232433281
574	0.07970199100679812
575	0.026417244013154543
577	0.015359183746899409
578	0.041892660862906245
579	0.014465015813137402
580	0.27323563216051305
583	0.2699287411731942
586	0.05067512104918153
588	0.032844275152671076
589	0.014728366380881493
590	0.25958771652014123
591	0.02768500468002963
593	0.03591467538079694
594	0.000817453602379288
596	0.30536750907527593
597	0.29690629811078023
598	0.022161507386454376
601	0.01409316730382447
602	0.25660466550779026
603	0.016419534668702447
607	0.0062038542167438294
609	0.4302689031138779
612	0.27110638560713507
613	0.010182016517698358
615	0.007510091625643436
616	0.2748019093304269
618	0.02641842217360215
620	0.03910438217720953
621	0.005115817055008659
622	0.24810484372105923
623	0.029321716052652713
624	0.2518214423582772
626	0.21936004181720753
629	0.2843847669091769
631	0.3170918384006189
632	0.27593869127211673
636	0.044336275426839114
638	0.07959129579507081
639	0.021993915862209383
640	0.2527619451305095
641	0.03380480672682231
642	0.2929675460509985
644	0.010431914086693531
645	0.02946083001982456
646	0.2336849845188029
649	0.23504075203968863
650	0.0473305968698845
651	0.011204225705178879
652	0.26810694353575815
653	0.017757089241120284
654	0.016563946509502
656	0.14141363800545267
657	0.24242489557887736
660	0.51185848705233
661	0.011448939601229034
662	0.23828349739801225
664	0.23762698595568005
665	0.04270123394209384
666	0.004122037736325385
667	0.25392310620343006
670	0.26181629714829907
671	0.48210247576946813
672	0.19230782684866138
673	0.23062296173349028
674	0.252283219953952
675	0.778016262898642
676	0.01763122812397665
679	0.27881029811014985
680	0.009545739324522056
681	0.5219264423914727
684	0.005711763825279485
686	0.24783782082895714
687	0.5202913624337557
688	0.24266873775189923
689	0.2908898755628469
690	0.002791943760328694
691	0.019107401173581905
695	0.2920306916108198
697	0.25264903696059654
698	0.04634922933272893
699	0.25402242501740874
700	0.07353053239045973
701	0.2824963267377651
702	0.05439704742862371
704	0.1866543307647009
706	0.0779823947795846
707	0.25038182422032407
708	0.2895686829691246
711	0.5122301274283053
712	0.058406861590554145
714	0.029329326114088162
715	0.00860832491435725
716	0.24083534768121068
717	0.263994764234431
718	0.30082196155992313
722	0.21300888927501452
723	0.044460391183403725
724	0.3511187566310058
725	0.2485492700777079
727	0.008570374265905942
728	0.23063708101163297
729	0.5194466526725164
730	0.19537257860461987
734	0.03910242560777102
738	0.004425603620717526
739	0.5239881752280089
741	0.014701343090969862
742	0.2568661328259856
743	0.23197620392541454
745	0.013042656461570226
746	0.05321742908553996
749	0.29207879653905316
750	0.02844869401176716
751	0.032202354973947744
753	0.2503292418607798
754	0.5110581727765786
756	0.3031047403258633
759	0.2398651585009681
760	0.2681960782265612
761	0.03741524581804668
762	0.05967348742897027
765	0.27833318483666697
767	0.2609653818527749
768	0.0029759122459719067
769	0.21157295862127587
770	0.2690594792205167
771	0.24816475164642965
772	0.239139017025086
775	0.5262519351447386
777	0.27933644098301696
779	0.2796862692467917
788	0.23527091886917462
790	0.006197364267912023
794	0.2313999916411236
795	0.00753271343630476
796	0.05648095946131183
797	0.024708968734785244
798	0.02997274558710145
799	0.25057420902741373
800	0.03392359671017949
801	0.5131088160334405
803	0.019522619396329856
804	0.002742298578918348
807	0.035735867808035504
808	0.45729453643248774
809	0.011915243055813762
810	0.26515829133957375
812	0.26519719232458683
814	0.03948722112741667
815	0.25345304112119693
816	0.039572263560503015
817	0.03597805097658263
821	0.22270874524054826
822	0.27263318732210984
824	0.30128090456790696
825	0.03751168989701696
826	0.0019898293416005172
827	0.028155886256940287
828	0.004809210014776702
829	0.2830644084642949
830	0.2619440557567379
832	0.2735111689993818
834	0.041904234578592714
835	0.010909341963622914
836	0.01681164930427992
837	0.5184203026059776
838	0.7752826189147195
841	0.014529239139877248
842	0.4594914455850675
844	0.5141879433973
845	0.15215776764652744
847	0.5187981126417646
848	0.2794442162913382
849	0.03761457169912935
850	0.29448226282187745
855	0.2255140760279189
856	0.2581651001271596
857	0.23580431260105095
858	0.25190851865608277
859	0.26442553661931373
860	0.011360925289814368
861	0.49052909596105915
862	0.023287902398498025
866	0.7381972871526155
867	0.011701775866731389
873	0.28149205679852024
874	0.22000827575452897
876	0.2571435322122181
878	0.015131110358979141
879	0.22147422813939024
880	0.017944687858471073
881	0.008317907833129568
882	0.23600428705846993
884	0.2525548976422073
885	0.23135500440341367
887	0.037080886995931685
888	0.5222655373892158
890	0.0005772460758596554
891	0.505543510060237
892	0.004223579546421066
893	0.03741169028383516
896	0.04703375762013721
898	0.28982430750581284
899	0.039252394505399205
901	0.014753904560333167
903	0.2572541566997798
904	0.4954763515715202
906	0.28627397205154675
907	0.03114597106188665
909	0.4798871221246462
910	0.22155950086515297
911	0.2506811374776602
912	0.21091673696963376
914	0.4196997194840736
915	0.24258839864033993
917	0.7338654437691154
920	0.2644953436714803
921	0.3268376158767949
923	0.2671344843086956
925	0.009229533437308042
930	0.49231559883414233
931	0.27059098218522404
932	0.013567259258263326
933	0.026659694231952323
934	0.24997477784772543
935	0.2669479179205544
936	0.2553072510397464
937	0.014058024236846468
939	0.26612015677201656
941	0.27342882803712815
942	1.2433493621837044e-05
943	0.24191995548408385
0	0.0
0	0.0
0	0.0
0	0.0
0	0.0
0	0.0
0	0.0
0	0.0
0	0.0
0	0.0
0	0.0
0	0.0
0	0.0
0	0.0
0	0.0
0	0.0
0	0.0
0	0.0
0	0.0
0	0.0
0	0.0
0	0.0
0	0.0
0	0.0
0	0.0
0	0.0
0	0.0
0	0.0
0	0.0
0	0.0
0	0.0
0	0.0
0	0.0
0	0.0
0	0.0
0	0.0
0	0.0
0	0.0
0	0.0
0	0.0
0	0.0
0	0.0
0	0.0
0	0.0
0	0.0
0	0.0
0	0.0
0	0.0
0	0.0
0	0.0
0	0.0
0	0.0
0	0.0
0	0.0
0	0.0
0	0.0
0	0.0
0	0.0
0	0.0
0	0.0
0	0.0
0	0.0
0	0.0
0	0.0
0	0.0
0	0.0
0	0.0
0	0.0
0	0.0
0	0.0
0	0.0
0	0.0
0	0.0
0	0.0
0	0.0
0	0.0
0	0.0
0	0.0
0	0.0
0	0.0
0	0.0
0	0.0
0	0.0
0	0.0
0	0.0
0	0.0
0	0.0
0	0.0
0	0.0
0	0.0
0	0.0
0	0.0
0	0.0
0	0.0
0	0.0
0	0.0
0	0.0
0	0.0
0	0.0
0	0.0
0	0.0
0	0.0
0	0.0
0	0.0
0	0.0
0	0.0
0	0.0
0	0.0
0	0.0
0	0.0
0	0.0
0	0.0
0	0.0
0	0.0
0	0.0
0	0.0
0	0.0
0	0.0
0	0.0
0	0.0
0	0.0
0	0.0
0	0.0
0	0.0
0	0.0
0	0.0
0	0.0
0	0.0
0	0.0
0	0.0
0	0.0
0	0.0
0	0.0
0	0.0
0	0.0
0	0.0
0	0.0
0	0.0
0	0.0
0	0.0
0	0.0
0	0.0
0	0.0
0	0.0
0	0.0
0	0.0
0	0.0
0	0.0
0	0.0
0	0.0
0	0.0
0	0.0
0	0.0
0	0.0
0	0.0
0	0.0
0	0.0
0	0.0
0	0.0
0	0.0
0	0.0
0	0.0
0	0.0
0	0.0
0	0.0
0	0.0
0	0.0
0	0.0
0	0.0
0	0.0
0	0.0
0	0.0
0	0.0
0	0.0
0	0.0
0	0.0
0	0.0
0	0.0
0	0.0
0	0.0
0	0.0
0	0.0
0	0.0
0	0.0
0	0.0
0	0.0
0	0.0
0	0.0
0	0.0
0	0.0
0	0.0
0	0.0
0	0.0
0	0.0
0	0.0
0	0.0
0	0.0
0	0.0
0	0.0
0	0.0
0	0.0
0	0.0
0	0.0
0	0.0
0	0.0
0	0.0
0	0.0
0	0.0
0	0.0
0	0.0
0	0.0
0	0.0
0	0.0
0	0.0
0	0.0
0	0.0
0	0.0
0	0.0
0	0.0
0	0.0
0	0.0
0	0.0
0	0.0
0	0.0
0	0.0
0	0.0
0	0.0
0	0.0
0	0.0
0	0.0
0	0.0
0	0.0
0	0.0
0	0.0
0	0.0
0	0.0
0	0.0
0	0.0
0	0.0
0	0.0
0	0.0
0	0.0
0	0.0
0	0.0
0	0.0
0	0.0
0	0.0
0	0.0
0	0.0
0	0.0
0	0.0
0	0.0
0	0.0
0	0.0
0	0.0
0	0.0
0	0.0
0	0.0
0	0.0
0	0.0
0	0.0
0	0.0
0	0.0
0	0.0
0	0.0
0	0.0
0	0.0
0	0.0
0	0.0
0	0.0
0	0.0
0	0.0
0	0.0
0	0.0
0	0.0
0	0.0
0	0.0
0	0.0
0	0.0
0	0.0
0	0.0
0	0.0
0	0.0
0	0.0
0	0.0
0	0.0
0	0.0
0	0.0
0	0.0
0	0.0
0	0.0
0	0.0
0	0.0
0	0.0
0	0.0
0	0.0
0	0.0
0	0.0
0	0.0
0	0.0
0	0.0
0	0.0
0	0.0
0	0.0
0	0.0
0	0.0
0	0.0
0	0.0
0	0.0
0	0.0
0	0.0
0	0.0
0	0.0
0	0.0
0	0.0
0	0.0
