1	0.07680105886773606
2	0.3032663355606221
5	0.233285020061915
6	0.07752677097186733
9	0.48973999113007843
10	0.3152458840582226
17	0.0357016611525449
18	0.2950439882345332
21	0.1387597389276509
22	0.10511985565451057
23	0.05073778269822854
24	0.013908177611701322
26	0.15714067926058473
27	0.007021952009094341
28	0.009380009505850353
29	0.045063128784831666
31	0.5134594231173992
32	0.21609606624313213
33	0.49833638666268626
36	0.25771370629316936
37	0.028125997609035183
38	0.05151416307640108
39	0.3081643524260107
40	0.0451366088983222
41	0.23643980636020429
44	0.10622385310486113
45	0.4919249375458182
46	0.23298599460562397
47	0.05465225752910073
48	0.26281265145838617
51	0.2393192140350094
52	0.24355966226442735
53	0.24114837374909143
54	0.007479728060992244
56	0.25764614211054415
57	0.032242742050036896
59	0.2786767623108894
60	0.060193073140492576
62	0.02738944029900152
64	0.2662055802275572
66	0.26125737182405734
67	0.24670783271265356
68	0.2803304981746705
69	0.5028114748534275
73	0.00642238049402304
74	0.07716595052160931
75	0.47225110346039634
78	0.45005113221807913
81	0.019663877726181396
82	0.08513099397315244
83	0.21685274856410908
87	0.27079922568036907
89	0.26772880410516425
91	0.24703005638919717
92	0.06281853145668204
94	0.05664054046411815
96	0.2860710679673875
97	0.029691443737442345
98	0.20490776548810785
100	0.01644446367858493
101	0.4639381355750946
103	0.06979966144532172
104	0.5238754918402914
105	0.15486494185251506
107	0.27118709937711005
111	0.31764863555420497
112	0.021529346990567966
113	0.5562539814583187
114	0.33632933003546306
115	0.04326410383844896
117	0.020755885413272657
118	0.01261192917101528
120	0.04148596462651027
124	0.006064911486678266
125	0.22684882998381553
126	0.4951216518570635
127	0.49345319167499907
129	0.07351422402528725
132	0.08157304638986623
136	0.08738192118765638
137	0.5356454612608506
138	0.2545587946544809
139	0.023311605286541612
140	0.27781528673363437
142	0.03648691647263262
143	0.47593763832593705
145	0.20722872653939534
148	0.29208350582121434
149	0.31028528163904967
152	0.01957855463503588
153	0.07647346967591619
154	0.24139357593092015
155	0.15627337820956477
156	0.02804201950225107
160	0.3078481763128117
163	0.04626435867574832
164	0.26318300271698547
167	0.014968058569389653
168	0.00020051458390688004
169	0.22881222780796737
171	0.2788430378848198
172	0.352022248701062
173	0.06355386537162899
174	0.06293041000388341
175	0.22822924920802462
177	0.5309954020997871
180	0.22849986639377345
188	0.03914960874162208
189	0.037138714444306616
190	0.24382373348608807
195	0.05528317007401316
197	0.17960791683232724
199	0.03505243109883972
200	0.3266411895840278
202	0.04139923538322227
203	0.07748315743579715
207	0.10269886343133433
208	0.07035458310565125
210	0.3047458120041407
213	0.03985811456636894
214	0.0704664352955324
216	0.08546779743643744
217	0.05147406565200413
219	0.01014446577640096
220	0.027376720980744777
222	0.2540614385175011
224	0.21899339342511076
226	0.10983684744183271
229	0.030654006987762075
231	0.20488541572706626
232	0.05376945917471654
237	0.23873482440358967
238	0.002968075317937604
239	0.3265584232064429
240	0.09712073859794747
244	0.029236191901035304
245	0.22750774153342845
246	0.044723165919203785
248	0.7833899862413406
249	0.06494228270517402
255	0.16676287422564076
256	0.05580041875658299
259	0.047315319459968065
263	0.024968146457871397
264	0.4970278389535683
265	0.22226670769761264
266	0.0400534982429373
268	0.07118443940410585
270	0.026360123141487425
272	0.5173349530577652
274	0.490535383895116
275	0.23783279461281073
276	0.09126337587622976
277	0.044850565769844225
278	0.031050753472550607
279	0.00012063070268020226
281	0.2666049746810256
283	0.2630034865614139
284	0.31624803750591196
285	0.5018583380346742
287	0.2754047448533672
288	0.01679754729208889
289	0.05427868416717639
291	0.0057263958990808675
293	0.06999766308305842
296	0.013465360713857958
297	0.2881579691251851
298	0.017366727287783407
299	0.06158031441536663
300	0.12422717721314269
301	0.25780991450567303
303	0.09181363354193142
306	0.03178428437791002
308	0.29716872009603035
309	0.4820617329064825
310	0.1760693760255268
312	0.27562599213567174
313	0.30272422018700135
315	0.04376748876411714
317	0.735162347981452
319	0.03803042479993943
320	0.057204479985924025
322	0.08017913052849196
323	0.2472719942686555
324	0.03199703770660635
326	0.48182704881524413
329	0.03665618296225083
331	0.2879780494228239
332	0.5268782517511476
333	0.25758436738805923
334	0.058194113784020535
335	0.30899784310920336
336	0.2424137826206026
338	0.05946300213087177
339	0.05422580537054507
341	0.28125042701818487
342	0.2690006766938853
344	0.08066505053340042
345	0.027872298486779853
346	0.0006011254572747086
348	0.25514839074700707
351	0.021814928883837258
352	0.02848201605856314
354	0.08201034640872075
356	0.29780169758232683
360	0.09021246913820088
361	0.06474563123081184
362	0.3449444914035924
363	0.29299418508151137
364	0.08592542026423837
365	0.024087318167224925
366	0.2335023018319748
367	0.5135068296996652
368	0.21966267761646968
369	0.18977447723352026
370	0.30488848134307417
372	0.0007284845865629386
375	0.7338996565752329
376	0.2692770412486662
377	0.4761093899959376
379	0.0787629394484983
380	0.29416598495111923
381	0.0724952550728808
383	0.009305199250331648
387	0.08377433410143832
388	0.5193526157432096
389	0.3272834858467182
390	0.061091310088501695
392	0.05507270835537563
395	0.09285608713715693
396	0.20258984025213655
397	0.0689453009380682
399	0.07636214282858939
400	0.25800041583620253
403	0.23184022914601932
404	0.08330194815132443
406	0.07401728604751626
407	0.06613239302381019
408	0.299735142034982
409	0.07550766241995484
411	0.013003249462778293
412	0.49853270371586
413	0.012471781876476466
414	0.14634814336198843
415	0.02611470192123811
416	0.06345289337482546
417	0.06873688450277476
418	0.43516566216103836
419	0.03533735965592349
420	0.30883473990182
421	0.5153999253070526
423	0.26365390429141666
425	0.5773798494717134
427	0.24916703650465424
428	0.061571730453498355
429	0.06384442166128385
430	0.054908769913336444
432	0.22199151219422794
433	0.08913543700410592
435	0.02860410183683023
436	0.2857254427699334
438	0.26312794335905115
440	0.2842241525872389
441	0.006509616479313793
442	0.09075620328030565
443	0.03952793891711772
446	0.3192387070781389
447	0.2778374501347148
448	0.4765025591692325
449	0.01608738277976929
451	0.43989658605077586
458	0.0771329027854779
459	0.2486395081229586
460	0.08389546690373684
461	0.5119133231881255
463	0.3050955787547075
464	0.324773121587592
465	0.03460138654330739
466	0.3028464571789168
467	0.01816764752651341
469	0.29160862993107856
470	0.22301530005688344
471	0.21828382141247002
472	0.48917281772231785
473	0.24729205191248269
474	0.2829915768645234
475	0.04815477274429518
476	0.5138717791663542
479	0.3299204812520645
480	0.2428252532762819
482	0.2403327328484205
483	0.02318432894232358
484	0.054390374239878386
485	0.3967491029497069
486	0.035460936000551266
488	0.27557155587452853
489	0.424877460252706
490	0.3202956327184789
491	0.29273822919234954
492	0.4958481632906792
494	0.7341814950741814
496	0.29888272737037425
498	0.020326666049959335
499	0.05680492236926066
500	0.30343033694828997
501	0.03039429289314602
502	0.0167269543892258
506	0.2831000023243165
507	0.7734574003326569
509	0.588042260659731
510	0.27787445794507803
512	0.462472537354516
514	0.07166713075749026
515	0.5101627950895564
516	0.0019197243082642867
517	0.007312049128893508
518	0.4524923958853845
519	0.04733126317371836
521	0.029270536179484948
522	0.02238052867783768
523	0.4716810777190299
524	0.32287757609158685
526	0.05474090406371476
527	0.41509208096673234
528	0.2621028217321291
529	0.0021856244098054436
531	0.09239807390091179
533	0.23705337087485925
534	0.26188629311339023
535	0.290269490533719
536	0.28986617334529174
537	0.07827423257752435
540	0.49967084367465137
542	0.035143603937836145
543	0.04489798240732154
544	0.34766177752658295
546	0.5011053998298283
547	0.5633705221647987
548	0.28328201705826567
550	0.2287911285790254
552	0.25985415944350254
553	0.07611808012852878
554	0.23384812328088475
556	0.02297140518514375
560	0.10847336981163716
561	0.11904887690396192
563	0.21603463644405166
565	0.008938989087621526
566	0.07312290570640553
567	0.06597224167261825
568	0.28038231169470074
569	0.06663181076478585
570	0.3532541609938265
571	0.29193828068512906
573	0.0746307132922984
574	0.29160873454326913
576	0.23545145293267863
578	0.2565377452306334
580	0.24346888782935683
582	0.2598331644109701
583	0.012565234640123532
587	0.5577476681800372
593	0.2424189002687303
594	0.26366692518489027
597	0.2106745591199067
600	0.09970959364012112
602	0.03906838885919546
603	0.28624045628948147
604	0.17584986192255267
605	0.03999546905916949
608	0.32259039638461107
609	0.09417686920310028
610	0.020645230683815703
611	0.030093757527613518
613	0.07708905629538657
615	0.26957271273908284
616	0.29841178393130435
618	0.21850563525271205
619	0.5158287103585586
620	0.22075120727759395
622	0.0886100684857585
623	0.2108269267397334
624	0.07521251629414819
626	0.12919570837643424
627	0.28369169806044264
628	0.5458851192633658
630	0.27763003286924526
632	0.003619996796708793
634	0.30183865432027546
635	0.09484009367931343
636	0.47702566157931003
638	0.04924018398746264
639	0.11270390278192953
644	0.23391740408668177
648	0.3295278144830878
650	0.04323483414437971
651	0.12039443717697468
652	0.0008297176243500307
653	0.20894694997178387
654	0.28883565409154316
656	0.2738426441075168
658	0.04533895385328665
659	0.04868711154436405
661	0.3161613405825548
662	0.05175635155706568
663	0.2651151308247395
664	0.09478196295934846
666	0.08733940437601764
668	0.30125313334497356
670	0.3246158492439959
672	0.24487766951673906
676	0.3016822053891851
677	0.2360278879863509
678	0.005968894850980146
679	0.2564347277068345
682	0.3049722561287845
683	0.062472372019171066
686	0.2925183211025455
688	0.26747496028008666
689	0.25057309426056285
692	0.25142112797505384
694	0.22818913245450229
695	0.5645260887092641
696	0.32778823742033475
697	0.09729798785515537
698	0.49068855238799314
699	0.2725270395267496
700	0.0162217274427349
701	0.018248223949172273
702	0.19408756826288262
703	0.7243861929520622
705	0.015760986737098637
706	0.2099707918489126
708	0.22925213568187486
710	0.07377341164361256
712	0.24148923537522773
713	0.34149345090015565
714	0.24525533988408665
717	0.08430270086686233
720	0.09015614191285878
723	0.27107762685400816
725	0.04249683978819635
727	0.141007411160111
728	0.083307010332566
730	0.013113713546297583
732	0.4503708656442038
733	0.09001212094168182
737	0.07360164024045208
739	0.21937448502545254
740	0.3689840378692263
743	0.12221499622239494
744	0.07285599781435184
745	0.088935482142323
746	0.037631075025151735
747	0.061463585533212996
748	0.32020798684401375
750	0.24222242501328192
752	0.559108799626332
754	0.24052671288868344
761	0.226132262803698
762	0.5086414433681431
764	0.03587490953360689
766	0.3028231693971989
768	0.007512985142657705
772	0.3107231872252939
775	0.2316506441555272
776	0.19767417826121886
777	0.027113981226706753
778	0.5165056944491562
780	0.027533394776952616
781	0.7905910052635654
782	0.021621836425363153
784	0.28741792105079983
785	0.47603144770584715
787	0.3094920225131866
789	0.29208304420831455
790	0.31341593169026755
791	0.27764258998575714
792	0.021917068781869505
794	0.028576373241859767
795	0.09636505364943435
796	0.28842277815333933
797	0.5123263921823058
798	0.2298080646377194
799	0.2546449333435165
800	0.03338880670708091
802	0.28969029032135835
805	0.25725920761285137
806	0.2971867208433641
807	0.05140027783085485
808	0.11327651358241456
809	0.37503696625106275
810	0.01873061467402187
811	0.4681919322347928
812	0.012976938932078255
813	0.28783591811374476
814	0.2753147990979085
816	0.2586925152160569
817	0.014002094962776719
818	0.5989999096806229
819	0.31472887567382796
820	0.40886033688256307
821	0.07759607688336223
824	0.22202474377282574
825	0.22555333157534568
826	0.33518447301849874
827	0.3114419863116543
828	0.33876243045195054
829	0.011226804001944216
831	0.007822091012620724
832	0.21262670904578307
833	0.04592020196784472
834	0.47078252649758745
835	0.052646230812766266
836	0.5494247735025867
840	0.03548339103250471
841	0.09268516740039814
842	0.10369591235260084
843	0.31332106218597483
844	0.02169701237713026
846	0.06518826563975721
847	0.01007636438536276
848	0.06899271571221903
849	0.005686303325660114
851	0.30788270262736295
852	0.018774738124253103
853	0.31854418277842134
854	0.030383529964695427
856	0.04202469986073132
858	0.024708580155113596
859	0.00946672005749237
860	0.3308713615060335
862	0.05722699608975307
863	0.4940732780290563
865	0.19334338807951615
867	0.06035143470319428
868	0.3157668543849839
869	0.009093914480425291
870	0.07815781901932464
871	0.7836994984374542
872	0.25448240661892524
873	0.23868876727331217
874	0.1008237005078233
875	0.2092942729819269
879	0.07509204432574038
880	0.30296038980780554
881	0.05488595544698051
883	0.07973373545640541
884	0.27548357512307076
886	0.08329779037937034
889	0.2288609453012681
892	0.08461007180584199
893	0.0009797069767431485
897	0.013535144913260109
898	0.46584030028659557
905	0.3787449397202619
913	0.09186126908978352
915	0.03748188298538936
916	0.0536522357720588
918	0.051945591550874
919	0.08296416027466835
920	0.2668898333343207
922	0.2968087792053181
923	0.03169574849543509
925	0.24865078189262402
926	0.3604143149170357
927	0.2524360683101011
929	0.30535121337747734
931	0.06916093078138663
933	0.07353552138158054
934	0.29458689547185624
938	0.7761139647823749
940	0.06405923148621001
942	0.05668495297427347
943	0.04115888694894828
0	0.0
0	0.0
0	0.0
0	0.0
0	0.0
0	0.0
0	0.0
0	0.0
0	0.0
0	0.0
0	0.0
0	0.0
0	0.0
0	0.0
0	0.0
0	0.0
0	0.0
0	0.0
0	0.0
0	0.0
0	0.0
0	0.0
0	0.0
0	0.0
0	0.0
0	0.0
0	0.0
0	0.0
0	0.0
0	0.0
0	0.0
0	0.0
0	0.0
0	0.0
0	0.0
0	0.0
0	0.0
0	0.0
0	0.0
0	0.0
0	0.0
0	0.0
0	0.0
0	0.0
0	0.0
0	0.0
0	0.0
0	0.0
0	0.0
0	0.0
0	0.0
0	0.0
0	0.0
0	0.0
0	0.0
0	0.0
0	0.0
0	0.0
0	0.0
0	0.0
0	0.0
0	0.0
0	0.0
0	0.0
0	0.0
0	0.0
0	0.0
0	0.0
0	0.0
0	0.0
0	0.0
0	0.0
0	0.0
0	0.0
0	0.0
0	0.0
0	0.0
0	0.0
0	0.0
0	0.0
0	0.0
0	0.0
0	0.0
0	0.0
0	0.0
0	0.0
0	0.0
0	0.0
0	0.0
0	0.0
0	0.0
0	0.0
0	0.0
0	0.0
0	0.0
0	0.0
0	0.0
0	0.0
0	0.0
0	0.0
0	0.0
0	0.0
0	0.0
0	0.0
0	0.0
0	0.0
0	0.0
0	0.0
0	0.0
0	0.0
0	0.0
0	0.0
0	0.0
0	0.0
0	0.0
0	0.0
0	0.0
0	0.0
0	0.0
0	0.0
0	0.0
0	0.0
0	0.0
0	0.0
0	0.0
0	0.0
0	0.0
0	0.0
0	0.0
0	0.0
0	0.0
0	0.0
0	0.0
0	0.0
0	0.0
0	0.0
0	0.0
0	0.0
0	0.0
0	0.0
0	0.0
0	0.0
0	0.0
0	0.0
0	0.0
0	0.0
0	0.0
0	0.0
0	0.0
0	0.0
0	0.0
0	0.0
0	0.0
0	0.0
0	0.0
0	0.0
0	0.0
0	0.0
0	0.0
0	0.0
0	0.0
0	0.0
0	0.0
0	0.0
0	0.0
0	0.0
0	0.0
0	0.0
0	0.0
0	0.0
0	0.0
0	0.0
0	0.0
0	0.0
0	0.0
0	0.0
0	0.0
0	0.0
0	0.0
0	0.0
0	0.0
0	0.0
0	0.0
0	0.0
0	0.0
0	0.0
0	0.0
0	0.0
0	0.0
0	0.0
0	0.0
0	0.0
0	0.0
0	0.0
0	0.0
0	0.0
0	0.0
0	0.0
0	0.0
0	0.0
0	0.0
0	0.0
0	0.0
0	0.0
0	0.0
0	0.0
0	0.0
0	0.0
0	0.0
0	0.0
0	0.0
0	0.0
0	0.0
0	0.0
0	0.0
0	0.0
0	0.0
0	0.0
0	0.0
0	0.0
0	0.0
0	0.0
0	0.0
0	0.0
0	0.0
0	0.0
0	0.0
0	0.0
0	0.0
0	0.0
0	0.0
0	0.0
0	0.0
0	0.0
0	0.0
0	0.0
0	0.0
0	0.0
0	0.0
0	0.0
0	0.0
0	0.0
0	0.0
0	0.0
0	0.0
0	0.0
0	0.0
0	0.0
0	0.0
0	0.0
0	0.0
0	0.0
0	0.0
0	0.0
0	0.0
0	0.0
0	0.0
0	0.0
0	0.0
0	0.0
0	0.0
0	0.0
0	0.0
0	0.0
0	0.0
0	0.0
0	0.0
0	0.0
0	0.0
0	0.0
0	0.0
0	0.0
0	0.0
0	0.0
0	0.0
0	0.0
0	0.0
0	0.0
0	0.0
0	0.0
0	0.0
0	0.0
0	0.0
0	0.0
0	0.0
0	0.0
0	0.0
0	0.0
0	0.0
0	0.0
0	0.0
0	0.0
0	0.0
0	0.0
0	0.0
0	0.0
0	0.0
0	0.0
0	0.0
0	0.0
0	0.0
0	0.0
0	0.0
0	0.0
0	0.0
0	0.0
0	0.0
0	0.0
0	0.0
0	0.0
0	0.0
0	0.0
0	0.0
0	0.0
0	0.0
0	0.0
0	0.0
0	0.0
0	0.0
0	0.0
0	0.0
0	0.0
0	0.0
0	0.0
0	0.0
0	0.0
0	0.0
0	0.0
0	0.0
0	0.0
0	0.0
0	0.0
0	0.0
0	0.0
0	0.0
0	0.0
0	0.0
0	0.0
0	0.0
0	0.0
0	0.0
0	0.0
0	0.0
0	0.0
0	0.0
0	0.0
0	0.0
0	0.0
0	0.0
0	0.0
0	0.0
0	0.0
0	0.0
0	0.0
0	0.0
0	0.0
0	0.0
0	0.0
0	0.0
0	0.0
0	0.0
0	0.0
0	0.0
0	0.0
0	0.0
0	0.0
0	0.0
