3	0.004693590762333312
4	0.04902510703563972
5	0.3062319490226193
7	0.5213322886020753
8	0.48674283098728804
9	0.22566028327125245
10	0.005348453839880349
11	0.4233946806130701
12	0.2701300829532833
13	0.21094125536376707
14	0.0343000332641016
15	0.27570245007601824
17	0.5416454471531359
18	0.02553543365889796
19	0.2496744278196273
20	0.007534406544236174
21	0.24552165495403636
22	0.22770841444100226
23	0.020654823846468183
24	0.29005609299225293
25	0.49652501827852896
26	0.1795880225314434
27	0.7020331284285193
28	0.49565665111986157
29	0.23452733333860984
30	0.008947688466020707
31	0.04479128248483661
32	0.5090548309282957
34	0.1801977242778624
35	0.039416308855300036
36	0.02972664127157807
37	0.25419502451565706
40	0.03826432592343918
41	0.30314626168930864
42	0.06410320651611878
43	0.2784027418439336
44	0.01035426715520648
45	0.26892471533004664
46	0.5130201371188151
47	0.2859248326856264
48	0.045173093153584476
50	0.24388356548474088
51	0.2722119229825972
52	0.26829041957501404
54	0.748890783874953
55	0.25444674207546475
56	0.28709294694597653
57	0.5014049285569768
59	0.03180124887395409
60	0.25124343360645107
62	0.01049098320076364
63	0.1929213694482669
64	0.00915946717381878
66	0.2714750237515907
68	0.42946503974091
69	0.036576022978656135
70	0.2726045016398168
71	0.7599215624655281
72	0.02827875930574
73	0.030901312437849226
74	0.005474835880233057
75	0.26372427200368037
76	0.720184318429617
77	0.5116531435572669
78	0.026185064850186922
79	0.4833733581276312
80	0.47484677825602783
81	0.2862621012033991
83	0.0009577086898527702
84	0.25169957227377815
85	0.014893501319359164
86	0.5687810538166385
87	0.27211290793557497
88	0.4852050832064686
89	0.26479884983657387
91	0.011871060672141501
92	0.5027602221274741
93	0.5447525363914321
95	0.003208560850041016
96	0.006753059644616973
97	0.023275509414339424
99	0.265637449342872
100	0.22378808057459154
101	0.23034932658198454
102	0.24013469224945935
103	0.6581947889985748
106	0.011815305265641781
107	0.2546444008563078
108	0.25825996362492704
109	0.013529281916952997
112	0.014925270586433854
113	0.23236272459509824
114	0.24722353911492506
116	0.023923343123993107
117	0.2487031838974049
118	0.2505881529653542
119	0.2624502483940283
120	0.5467833300658952
121	0.03541514361322515
122	0.25658227049125026
123	0.04132615449204398
124	0.5300371919795366
125	0.3117408207287226
126	0.25556085388070315
127	0.24519724610974952
128	0.2532628808976596
129	0.25242869859433303
130	0.26327108094322565
131	0.48430666492312635
132	0.02432228436353825
133	0.22429433276471916
134	0.47750072336106375
135	0.2841726526001992
136	0.24347897614631903
138	0.013842666307336528
139	0.2741524186688371
142	0.48366389406589494
144	0.25249761743853205
147	0.4636018986869319
148	0.25958431307279595
149	0.23063747379002986
152	0.26025894915175696
154	0.27230129979149925
155	0.18700605439820572
156	0.25316637233015377
157	0.26812521027047753
158	0.47910870421663454
159	0.008014983752640918
161	0.4288079981197559
162	0.04965771376734583
163	0.5625413447771831
165	0.5332792358701592
166	0.1956585502592067
167	0.03694518633978459
168	0.048764069979434395
169	0.2576171860876893
171	0.2987170391523012
173	0.003265261861821897
174	0.26437252795938043
175	0.011467576496650544
176	0.23771023239848338
178	0.264649256227304
179	0.03409654946393245
180	0.059092689141752267
182	0.251589265208391
183	0.21477960785824252
184	0.022245054392283133
187	0.2619323434049851
188	0.011169297857732033
190	0.446967852495532
191	0.26265780787380827
193	0.5366538011299112
194	0.26202981651675156
196	0.4179931380776477
197	0.22573661060891032
199	0.50898737292557
200	0.2504363742204998
202	0.22201983877950782
203	0.4203005788754709
204	0.5527461980052886
207	0.0020803118697251093
208	0.1982492784725605
209	0.04829616127494197
211	0.2504182338818435
212	0.5352346325599847
214	0.03095831099069393
215	0.2068566550525005
216	0.02937292129375623
218	0.034981251312968704
219	0.22267925944637637
220	0.02271332834506118
221	0.24822711743598408
223	0.03540539929681051
225	0.24714310796075112
226	0.25668228194637993
227	0.0059927249228429215
228	0.23238713525303228
229	0.22757870707422864
231	0.29335796769838457
233	0.7543356683038328
234	0.2565745681336057
235	0.29127920133378216
236	0.06278282544170578
237	0.33512517502739625
238	0.2952616316029642
239	0.006192570380153549
240	0.2453178764882534
241	0.5609131972959908
242	0.22925306594363437
243	0.47354353464649274
244	0.258627499110258
245	0.0780280216898625
246	0.6966429119059735
247	0.7453854672948445
249	0.22071888433525297
250	0.05043473019735731
251	0.46794135108609164
252	0.4879882452856835
253	0.2614646568270109
254	0.5001446301237936
256	0.057945428632109955
257	0.22171662653577967
258	0.5206343235448299
260	0.3069745505668168
261	0.5054804514129594
262	0.5150213235411698
266	0.34905509148835545
267	0.25422197895201587
268	0.25296516020924553
269	0.01381270009268112
271	0.26532052746
273	0.329144330477973
274	0.05974713341483538
275	0.4992313476737131
276	0.47757773866963393
277	0.4372869852112611
278	0.46545974748192975
279	0.29104514673145965
280	0.241858410309013
281	0.29159204558975493
282	0.2612746848557834
284	0.03417440042148438
289	0.3695708232305499
290	0.27188823276648383
291	0.2558724557053549
292	0.25180173040314024
294	0.7012507033228393
296	0.2666463380364967
299	0.24679338528138134
300	0.1298275506772863
301	0.26277292721389295
302	0.32672730990493604
304	0.25911939141962376
305	0.2662398961916202
306	0.45304079378336093
307	0.2885188297928136
310	0.19292443379427818
311	0.011332432103656233
313	0.0023604703781800705
314	0.3023594760520658
315	0.02908504105338439
316	0.20687206153342977
319	0.01326580404657943
320	0.0028254988071563514
322	0.023796606963093984
323	0.27835947891507656
324	0.28327016028655805
325	0.49117904139844315
326	0.03148793640873246
327	0.018613371992979473
328	0.2796673674012604
329	0.2671706633919368
330	0.0017166236804957852
336	0.3032946854623679
337	0.4824220928200254
338	0.2081507029455315
339	0.012258271589307902
341	0.2678218481783298
343	0.23690981972650627
345	0.2316361571269011
346	0.028864780857869272
347	0.23976927509566848
348	0.5009316242136568
349	0.5149982570898718
352	0.5161844243688608
353	0.49269080700738255
355	0.24649171758088012
356	0.05699961508929323
357	0.26071149323835247
358	0.30460304381239345
361	0.002569736889325387
362	0.0024304768570445785
363	0.2586559531158451
365	0.007610028035053087
366	0.26932268688080635
367	0.2592011895393916
368	0.30489084834974267
369	0.5270881246511864
373	0.2512503946559708
374	0.21115872649065748
375	0.03443045575801819
376	0.2584391536022103
377	0.020203585917651045
378	0.2681535337862645
381	0.25958068557335184
384	0.23895436589838842
386	0.04018337641172828
387	0.0054577320919586905
389	0.013001156021048035
390	0.03892370881625745
393	0.02066766920701795
394	0.458310912680871
395	0.24360508361082958
396	0.026629934685612092
398	0.04231757994044486
400	0.28275694971132487
402	0.03458642397133458
406	0.028439319750142713
409	0.24784190857506613
410	0.7542627554852136
411	0.03234347548289296
412	0.03174950302838217
413	0.4900838151508108
414	0.21596850277648677
415	0.2511208066039383
417	0.03459047748765235
418	0.12504324672684788
419	0.23270964923462809
420	0.014620142801613917
421	0.044200147848895435
422	0.24905354493892684
423	0.025049745826706715
425	0.0026245706000990673
426	0.23322423017778893
427	0.052538811164278436
429	0.018151223249304176
431	0.2790066728856333
432	0.26728646747618984
433	0.23862598626355314
434	0.005665010223565019
435	0.24527027939155494
438	0.28956916823387574
439	0.2993800285560657
440	0.2419579474454584
441	0.5325852522224462
443	0.2564697664066622
444	0.06938805518785465
445	0.027498926243919627
449	0.5049408362200479
450	0.5054223105730472
453	0.23120306719392025
454	0.010392646783944581
455	0.22220785652687317
456	0.23088043065931463
457	0.2529904197350005
459	0.26050564982885704
461	0.06802969229537456
464	0.003951662163536651
465	0.2638054901187956
466	0.28490952263255626
468	0.4977754338838287
470	0.24726195940372708
471	0.2810547359981351
472	0.252385574752752
474	0.016306685857716247
476	0.009231746558832476
477	0.264372957356948
481	0.2186279224668548
482	0.014465554376174299
483	0.735204625652408
484	0.5075422869673403
486	0.0065450512696782655
487	0.49594781585983055
488	0.2569854777438878
490	0.020450007665003257
492	0.030601116412936044
493	0.014832953222122594
494	0.025243347983637116
495	0.26307936314259417
496	0.24739714196278403
497	0.5007675064029247
502	0.24144624675563436
503	0.050008065804847415
504	0.020563052515680226
505	0.017864952898168737
506	0.2639092920742103
508	0.0225734431760954
509	0.18989341958426265
510	0.024034483006949006
511	0.5330770716720935
513	0.26173597089190426
514	0.2738946142403392
516	0.2713423558359701
517	0.5215694771223934
519	0.003304252526837359
520	0.2685612338144694
521	0.24518547611920397
522	0.01995512274763917
523	0.039224180001920836
525	0.26517393134983236
526	0.23042485554363445
528	0.02440496662005389
529	0.014539998342329403
530	0.2566154640897595
531	0.23014983302515288
532	0.2559372559762926
533	0.023897571253631858
534	0.031062366744272128
536	0.5024224205574227
537	0.2277639332715251
540	0.2421957202291866
543	0.02691122571058169
544	0.1927887905613205
545	0.23846477774482816
546	0.02236952568241246
549	0.3177734694657119
550	0.2778908286659438
551	0.03687663933196817
552	0.4873139548268808
554	0.49458474806308067
555	0.5125305172220557
556	0.023796566648990634
557	0.2610820513999353
558	0.23330635585027393
559	0.005555057118628744
563	0.5286724785761067
564	0.4909243942157154
565	0.2624117502013564
566	0.0008090716463454925
568	0.03291992082694477
569	0.036373534790364724
571	0.26804576238738637
573	0.004725044241425551
575	0.2158138684958769
576	0.29053921563192164
577	0.23285545602282293
580	0.21847850334337968
581	0.014333066788945796
582	0.49030204690110757
583	0.01695655781714768
584	0.5006369801776185
586	0.24678477943409133
587	0.04612645191368868
588	0.22503799470941008
590	0.23771275950793588
592	0.24601115772275492
593	0.25730131548729596
594	0.0033593687184228366
596	0.01880654666460503
598	0.4763664461084556
599	0.294549013366871
600	0.02418763545305397
601	0.2092343772793099
602	0.25130665151675546
603	0.4956308374549592
605	0.2526427734272309
606	0.018500330093231487
607	0.02813740128600102
609	0.35171691437238856
611	0.008357632552148005
612	0.2582165094886504
613	0.2577667411757125
614	0.47737908295693404
615	0.004813299631174571
616	0.4677675174428852
618	0.048354266948668026
619	0.04937633267423033
620	0.25470373365750937
621	0.23476419488982833
622	0.23407203058581805
625	0.28444882755426604
626	0.21191288583214052
627	0.05038486182009204
630	0.015220514533620347
631	0.005448574546918477
632	0.03926780789407693
634	0.021022639447516926
635	0.008870626155468728
637	0.30601650817357784
640	0.27835067202619335
642	0.2700195299031206
643	0.03904594330672463
644	0.29360516509205414
645	0.011297787420095823
646	0.23023655466309928
647	0.029541178025623324
648	0.012426409588559027
649	0.03811183732816203
650	0.013559611584929562
652	0.03187786667627847
653	0.07315429294172483
654	0.02356026859648104
655	0.01075932679908877
656	0.4763817028648342
657	0.4971538703889597
658	0.052851731125119705
660	0.2586593693670641
661	0.024595323962428497
662	0.24442359327442673
663	0.2613341728359422
664	0.03424625457262411
665	0.022325416013469237
666	0.25781722968255066
667	0.04074966566330065
668	0.008010627441870994
671	0.25513434099645904
672	0.26884559856120693
673	0.3121200938472607
674	0.46409809183040146
675	0.4407377292771338
676	0.01679664246757704
678	0.03578475365696338
679	0.2531050974868523
680	0.5245412621028256
681	0.3089946647215072
682	0.2952708902135349
683	0.025578555480188617
684	0.5190098704332211
686	0.031049843169723625
687	0.2608981145296217
688	0.03212324474721021
689	0.25326497179636653
691	0.5149592680438297
692	0.05216283394373962
693	0.22190651703691955
694	0.028669904270850873
695	0.1929930863384103
697	0.4493924051842429
698	0.23657413932548313
699	0.03006746030364791
700	0.26098643984336883
701	0.7402652124042001
702	0.30122540902140815
703	0.017755145353710842
704	0.2995881461336728
705	0.27403882180038325
706	0.28543974909296366
708	0.28046361039926415
709	0.2783086796347639
712	0.005086394655791894
714	0.029227797183796284
715	0.5136033327750926
716	0.21966618944973015
717	0.0017798772100914226
718	0.20489890612969183
720	0.019312744888786933
721	0.2442190411411001
722	0.46261276816417274
723	0.23098734234070933
725	0.2198799705554039
726	0.2084284714030914
727	0.21014118330637443
730	0.523330823887677
731	0.2401107671057774
733	0.009588795706155416
734	0.033793619353840246
735	0.281190241276067
736	0.5179214927743673
737	0.27574528774116314
738	0.4599056776868762
742	0.24571939597786993
743	0.21933436767511003
746	0.2806807454001325
747	0.02927265297278594
748	0.03398935074969859
749	0.2534434670607325
750	0.21663728125650525
751	0.06622023190472515
753	0.06497078491631866
754	0.007610989023817478
755	0.299246492495647
756	0.2475143035147897
757	0.26314964610712555
758	0.0021398124678162697
759	0.29615559363648203
760	0.44092994530777496
761	0.008435512824886936
764	0.03815546099424115
765	0.5063050016691498
766	0.2511136383676891
767	0.24525045992550876
768	0.07658411440375813
769	0.7384541164587941
771	0.024762454146376654
772	0.2398224175315232
773	0.2637248818068351
774	0.0752615944887555
775	0.016497345698676426
776	0.029948318167454094
777	0.2639109888909347
779	0.04308813548584844
782	0.04404379319373619
785	0.25398282203997813
787	0.2416718688829326
788	0.25234102347005705
789	0.028446246113920444
791	0.28840712015206527
792	0.5110235650718604
793	0.236100226930693
794	0.46519311956160786
795	0.014938631350141868
796	0.009218983333090076
797	0.2932211857178178
799	0.2840598730652461
800	0.03892370881625745
801	0.24649455847363308
802	0.03999464521923886
803	0.3157764070612384
804	0.031477165103962
806	0.014555538333292005
807	0.2638401476310339
808	0.21831538603255773
810	0.007832410021186953
811	0.05596948676540437
813	0.2319260515266332
814	0.01948948695850099
815	0.24438155964527053
816	0.012832499244964084
817	0.2822313444015472
818	0.18286890029777458
822	0.21879992837132167
823	0.0012951640830855746
825	0.020448869702766
826	0.44445569498200477
827	0.017182750689788372
828	0.21060359306464715
829	0.03637353479036475
830	0.21475091724703457
831	0.5195788987503229
832	0.2707075789044929
834	0.25406864661923667
838	0.0035012176394777182
839	0.042311058243696256
842	0.46367180072991254
844	0.26017689774332153
845	0.4645300842755629
847	0.24762692228111188
848	0.24329536575358665
849	0.281190241276067
850	0.26102847192245465
851	0.25847138415804444
852	0.2873950811561642
856	0.24096088734609633
857	0.5657251405339854
858	0.2728427229097244
859	0.26264756759230684
860	0.46696093935524907
861	0.21024316281766647
862	0.7467520068060302
863	0.05014001908149111
866	0.3998731625383279
867	0.2171683162850846
868	0.49011556530743783
869	0.02466338903217155
870	0.016965024955331802
872	0.2775351888618496
875	0.0016721424227556549
876	0.24139069066914381
877	0.5200691869082449
878	0.01817470732721315
879	0.6889579821090286
880	0.007287313060642547
881	0.25722244716614323
882	0.010169734393597786
884	0.24152921626947543
885	0.0072516536224724315
886	0.26225062818754563
887	0.21931833597964748
888	0.48016297892906473
889	0.011230000797255859
891	0.45691273666454973
892	0.01949634918624308
893	0.27799885979102834
894	0.026752263664411503
895	0.5196201176120202
896	0.23746073044280797
897	0.02659750145507046
900	0.1915550103618719
901	0.008970561783284328
902	0.27325956725035144
903	0.01277221848261902
904	0.22453414103150607
906	0.25385333224084977
908	0.012870799476275091
909	0.2600089304270855
910	0.5121471892073891
912	0.23780518433155837
914	0.17636535387589186
915	0.5085887884653165
916	0.18898561404956263
917	0.2905061751103915
920	0.25429948625414317
921	0.22322999046192285
922	0.0155369673373893
923	0.23664418344494648
924	0.23802135541281175
926	0.4734113937501878
927	0.015412681735026239
928	0.2826906052839399
930	0.49296871015045796
932	0.24564927532725783
933	0.25254512079468017
935	0.25354540320282704
936	0.5075003496088606
937	0.07967011091092478
938	0.03733907786022321
939	0.7521310911185164
940	0.02179888829477978
941	0.49431279472038897
942	0.26102249392349786
0	0.0
0	0.0
0	0.0
0	0.0
0	0.0
0	0.0
0	0.0
0	0.0
0	0.0
0	0.0
0	0.0
0	0.0
0	0.0
0	0.0
0	0.0
0	0.0
0	0.0
0	0.0
0	0.0
0	0.0
0	0.0
0	0.0
0	0.0
0	0.0
0	0.0
0	0.0
0	0.0
0	0.0
0	0.0
0	0.0
0	0.0
0	0.0
0	0.0
0	0.0
0	0.0
0	0.0
0	0.0
0	0.0
0	0.0
0	0.0
0	0.0
0	0.0
0	0.0
0	0.0
0	0.0
0	0.0
0	0.0
0	0.0
0	0.0
0	0.0
0	0.0
0	0.0
0	0.0
0	0.0
0	0.0
0	0.0
0	0.0
0	0.0
0	0.0
0	0.0
0	0.0
0	0.0
0	0.0
0	0.0
0	0.0
0	0.0
0	0.0
0	0.0
0	0.0
0	0.0
0	0.0
0	0.0
0	0.0
0	0.0
0	0.0
0	0.0
0	0.0
0	0.0
0	0.0
0	0.0
0	0.0
0	0.0
0	0.0
0	0.0
0	0.0
0	0.0
0	0.0
0	0.0
0	0.0
0	0.0
0	0.0
0	0.0
0	0.0
0	0.0
0	0.0
0	0.0
0	0.0
0	0.0
0	0.0
0	0.0
0	0.0
0	0.0
0	0.0
0	0.0
0	0.0
0	0.0
0	0.0
0	0.0
0	0.0
0	0.0
0	0.0
0	0.0
0	0.0
0	0.0
0	0.0
0	0.0
0	0.0
0	0.0
0	0.0
0	0.0
0	0.0
0	0.0
0	0.0
0	0.0
0	0.0
0	0.0
0	0.0
0	0.0
0	0.0
0	0.0
0	0.0
0	0.0
0	0.0
0	0.0
0	0.0
0	0.0
0	0.0
0	0.0
0	0.0
0	0.0
0	0.0
0	0.0
0	0.0
0	0.0
0	0.0
0	0.0
0	0.0
0	0.0
0	0.0
0	0.0
0	0.0
0	0.0
0	0.0
0	0.0
0	0.0
0	0.0
0	0.0
0	0.0
0	0.0
0	0.0
0	0.0
0	0.0
0	0.0
0	0.0
0	0.0
0	0.0
0	0.0
0	0.0
0	0.0
0	0.0
0	0.0
0	0.0
0	0.0
0	0.0
0	0.0
0	0.0
0	0.0
0	0.0
0	0.0
0	0.0
0	0.0
0	0.0
0	0.0
0	0.0
0	0.0
0	0.0
0	0.0
0	0.0
0	0.0
0	0.0
0	0.0
0	0.0
0	0.0
0	0.0
0	0.0
0	0.0
0	0.0
0	0.0
0	0.0
0	0.0
0	0.0
0	0.0
0	0.0
0	0.0
0	0.0
0	0.0
0	0.0
0	0.0
0	0.0
0	0.0
0	0.0
0	0.0
0	0.0
0	0.0
0	0.0
0	0.0
0	0.0
0	0.0
0	0.0
0	0.0
0	0.0
0	0.0
0	0.0
0	0.0
0	0.0
0	0.0
0	0.0
0	0.0
0	0.0
0	0.0
0	0.0
0	0.0
0	0.0
0	0.0
0	0.0
0	0.0
0	0.0
0	0.0
0	0.0
0	0.0
0	0.0
0	0.0
0	0.0
0	0.0
0	0.0
0	0.0
0	0.0
0	0.0
0	0.0
0	0.0
0	0.0
0	0.0
