1	0.08244314643617719
2	0.5372235430207875
6	0.5454510423636262
9	0.4921500110067201
10	0.0985850732612598
12	0.4622437543967331
13	0.07988836018296619
14	0.028174583032973245
17	0.21052665826101158
18	0.031601469175495236
20	0.01414030201986817
21	0.13560029537429358
22	0.08844245798747358
23	0.029662484360627357
26	0.15020178364567288
27	0.3468520459131659
28	0.24866010098268249
29	0.2835417504016182
31	0.042061652257245855
32	0.006637226595333091
33	0.00019238075901103352
35	0.2192597755582081
37	0.28613281553655173
39	0.5393086033793717
40	0.2779721702617341
45	0.2730760669521255
46	0.038569239687094733
48	0.44283799104555815
50	0.3059730432781892
54	0.016876070844519794
55	0.21149822019693787
57	0.008954990531074073
60	0.04515523062400319
61	0.10103408982276624
63	0.03339853472302013
66	0.22915561395051423
67	0.20157741914264407
69	0.31298324148405704
70	0.23408009235624255
71	0.2535665227208456
74	0.2646883879768648
76	0.0057653807126265555
77	0.28421063684319137
78	0.2648226375901256
80	0.1177410355682371
82	0.02943869294824008
83	0.20838039204193234
85	0.06068702535595175
87	0.058697714519454915
91	0.23668821198558224
92	0.04728549339181447
95	0.0025938128482838572
101	0.24612547566710136
104	0.11126583699884166
105	0.27329246211371566
107	0.032412019914933816
111	0.31957252602143704
112	0.21673057705457727
113	0.3258301972038116
114	0.2850684997896228
115	0.0006413138558036338
118	0.002636637697063994
119	0.021370796666720263
122	0.25623283506973926
124	0.23831965807301897
126	0.45232134768943677
127	0.48158112650277496
128	0.21790927517488135
129	0.2651527123754982
131	0.25873678365197683
132	0.26663994638384597
135	0.04316695448377759
136	0.0495443760454193
137	0.49736810675642523
139	0.21636255767662713
141	0.20342979172855805
143	0.24114498850457117
145	0.18072553348834103
148	0.5424475411530609
149	0.2885510979325679
150	0.2577452367231117
152	0.21507381115892157
153	0.04293150702295426
154	0.4950893670650031
155	0.24976256958991316
160	0.31354035378840456
161	0.42561029854236243
163	0.3693821016637166
164	0.029635981768193057
166	0.488770729233444
167	0.25476042727490633
169	0.01263923265906542
172	0.02830021766128285
173	0.27543528359257513
174	0.050330698458535966
176	0.1980742346937413
177	0.29983982111909224
179	0.2653310722168576
182	0.004793585871516466
183	0.1933596085319943
185	0.20223743102004063
186	0.1706242102737457
187	0.24542942462032463
190	0.2916035148197873
191	0.2611122383396595
199	0.2192269458999106
200	0.10999612886115856
202	0.27715807983480456
203	0.32766296595871003
204	0.1844546381804072
205	0.4336293924918534
207	0.12322895817445785
210	0.2940927550827797
212	0.034602368580942615
213	0.23298422217751802
216	0.0473425381729686
217	0.0006980785915314744
218	0.24635212199737913
219	0.24683233828007278
220	0.27817417110976705
222	0.007937693014840801
225	0.018715178838725352
226	0.10683839301926996
229	0.47068056048193974
232	0.06840909476466127
233	0.024530299204897094
237	0.06071499059584177
240	0.0708393589615492
241	0.37495376964221894
242	0.027895245584388176
244	0.02336520748054806
246	0.04947257544963783
247	0.04364084991520495
248	0.32345115861464
249	0.0576942433280584
251	0.05600141264163703
255	0.18920529448028373
256	0.27519655194990816
258	0.4087165875996066
261	0.47408210382431304
262	0.03164794820752049
263	0.017030627375400544
264	0.020727805862437852
265	0.2023542915037602
266	0.11918915473905406
272	0.2557160739911899
273	0.2652081826222378
274	0.20095921097185324
275	0.2329985818663977
276	0.08936844216965537
277	0.24188210623166134
278	0.3039851324121758
280	0.052832200013529104
281	0.23818044494246043
282	0.2974109753131533
283	0.4707413347280492
284	0.334482667398282
285	0.26776467799451426
288	0.25894062309972826
289	0.050017852637985305
293	0.08826430576948704
295	0.07714380691894124
297	0.2752241613485154
300	0.5672577244802244
304	0.49439853349321183
306	0.22629958351676596
308	0.08075301810176524
310	0.0349632922947697
312	0.2998810250005781
313	0.3044219095484528
315	0.03334767974375426
317	0.5390368959049799
319	0.2471845106332891
320	0.2604123910890374
322	0.28992252536795127
325	0.0734995046682782
326	0.04642032078021188
328	0.039161825464003985
331	0.3174621864233848
332	0.06421071110744686
335	0.4305379900819215
338	0.2900274824887076
341	0.5193443910814685
342	0.05716808082298956
348	0.025800495832895277
349	0.050168085046663105
352	0.04109216269825949
353	0.2174426606004695
354	0.027958277617740515
355	0.2795770168139615
356	0.19735749232428543
359	0.017182750689788372
362	0.0568016414456077
364	0.27441947162134356
365	0.03543741312968168
366	0.257609997305188
367	0.08810427131546988
368	0.5421857071121906
370	0.07068305778413306
372	0.4668550169386655
375	0.5527605814470578
377	0.46262960304229683
379	0.039975828560212895
381	0.31756587026625155
383	0.02394195053091437
384	0.33203759977589475
385	0.0540617420438429
388	0.5255447655215241
392	0.052383097290984025
394	0.09697888070706714
401	0.2405036749781974
404	0.29159475295355114
408	0.2954060584979763
410	0.24175381290503578
412	0.01182649925956334
414	0.09065719123179977
415	0.021543797465388113
418	0.10827651159543633
420	0.05657815778531092
421	0.252227137691653
422	0.029287383292505097
425	0.3114763931449518
426	0.294798771237936
427	0.2480974404619985
428	0.28286929049098686
430	0.03436410250094678
431	0.2145782596805925
432	0.04876375331771615
433	0.3790042496839582
434	0.21584816484600533
436	0.02230906963715342
439	0.2560383299508833
443	0.03833274956463034
444	0.21489137071502656
446	0.21844612126452947
448	0.06420919323663221
451	0.20450231868894458
456	0.055040085031537164
462	0.22089558364083794
464	0.3166234969802344
466	0.03050202955172483
467	0.281209790759883
469	0.04803273346823804
470	0.2376502298343129
471	0.2618774819267415
472	0.23814173937368138
473	0.24729138836366227
476	0.00622622758545208
477	0.43846964139493294
478	0.0007847409861652319
479	0.11445002943251206
482	0.22832081670963103
483	0.02135785861816987
484	0.05316825404908393
485	0.14345029719959643
489	0.20511978333649195
491	0.25272545435668986
494	0.254547358014869
496	0.3092263760783016
498	0.2584148475805322
499	0.5142111060022989
500	0.08379335548980027
502	0.2368334320246088
506	0.069760400478672
507	0.2934970476372578
509	0.3760185572119063
510	0.5157383923685519
511	0.24187463861714883
513	0.0013729657066974404
515	0.2101765256899411
516	0.02037459371728089
522	0.015599873206047957
523	0.0154490826137594
524	0.08612119661657625
526	0.06613305149843135
528	0.2915432204863319
529	0.2715146407235546
530	0.4830405368950776
531	0.09268822224281088
534	0.21856838358063868
535	0.08077553831577555
536	0.06327144190000358
537	0.0755988856381765
540	0.029065126758781274
541	0.008099957859134622
543	0.2704694333298215
544	0.36497735032651557
547	0.10059733465288492
548	0.2553898263488025
553	0.06382669347683864
555	0.009280534610378123
557	0.07065109333589586
558	0.25998926891346735
560	0.07180909563963418
563	0.006358446623957563
564	0.016138703812302743
566	0.27848345976489375
568	0.03488077650135227
570	0.08686433706040195
572	0.19311187303226762
574	0.3104857561160332
575	0.22414689730153126
578	0.2303166004531788
580	0.017309181981545435
583	0.2448746357745557
585	0.4175182483602389
587	0.28288901037675124
593	0.013244472254678334
596	0.21181543454612678
599	0.24688070337825246
600	0.30986130028654585
603	0.10636520347540389
608	0.32132006810881386
609	0.033638458112864825
610	0.23183690806739457
612	0.17900498796942105
613	0.06272018069106187
615	0.033431554980413794
616	0.07436753248412048
617	0.023661705161878085
618	0.009081899435309019
619	0.25485466980699206
620	0.0019344408964750148
622	0.06911304223292145
624	0.07349085824984036
626	0.10754504859229691
628	0.2902816004326546
630	0.46651061687108
631	0.18024031960945322
638	0.49517467143444144
639	0.08334610608476772
642	0.007940826183072045
644	0.20554024864841222
645	0.012934744563221832
648	0.2907367458872625
651	0.5268236825677837
654	0.08190486172773426
656	0.26395052977355593
657	0.030799379936663374
662	0.39163281227004965
664	0.06823908012650937
665	0.06005424573771438
668	0.5422089967908044
670	0.046760684739367696
671	0.01990489300969532
673	0.19222041085175473
675	0.02389698660438734
676	0.07554545213966858
677	0.22382787368161083
679	0.277024022424221
686	0.2976864069338534
687	0.4700473096393676
688	0.28764012708644415
690	0.003192561263378302
693	0.05548665902604643
695	0.2594804330807885
696	0.0998093358237972
697	0.11685488304243109
698	0.24483882814253027
704	0.2695786608790099
705	0.20058242808009413
706	0.010986960593284363
707	0.030319840469545785
708	0.010289233861579202
710	0.048211899118072096
711	0.07084763585577422
712	0.21728055037957733
713	0.12837138395730127
717	0.07959419041681091
718	0.18776668338589406
719	0.03332480024536492
720	0.06246635153875219
723	0.20237744192905874
727	0.15012371081249964
729	0.2283937617778954
731	0.028155886256940287
737	0.04379309274755393
738	0.12020180234070368
739	0.004835680644975138
740	0.33841334813083157
743	0.102154932157751
744	0.31268482775970374
745	0.07368402001807586
746	0.3065307223411624
747	0.08002322993590055
750	0.026530779344322592
752	0.12730687170889154
758	0.051041545032406044
761	0.23019748863873912
762	0.07127766825408455
764	0.05409958253327902
765	0.031045669606393544
766	0.09052675336478325
769	0.0026146958817025064
775	0.4912181631638968
777	0.01902344616929383
778	0.2346470082625456
781	0.07243410999886979
782	0.007506094325271939
783	0.3114419863116543
784	0.5103916451212044
788	0.07268461066482204
790	0.5559643710968732
794	0.0026359607177021335
796	0.4974242583459511
801	0.4615913013080676
802	0.24666760546021155
805	0.03980956916585936
807	0.0660634279708846
808	0.3222983151245441
809	0.33829035710180244
811	0.18602232017356934
812	0.6984711049886106
813	0.03108387900034031
814	0.4932590625023883
815	0.046411340654594846
816	0.4569227554647144
817	0.24909463375151406
818	0.37929078461491045
819	0.28390639579929067
820	0.12224153830124959
821	0.09727524001906938
822	0.21731146819012742
826	0.3510630014360117
830	0.0848326419926419
834	0.23346316605602263
836	0.2896403232955986
840	0.05361999313491238
841	0.06500060568420728
842	0.34511656600671825
843	0.05346449233251481
844	0.032899815920702374
846	0.04427921535399881
848	0.3177502305028432
850	0.027961728360331114
852	0.022811660717251173
853	0.2951866907745189
855	0.21510232911023344
856	0.26719419927888277
858	0.04009029495773542
859	0.4729874844198071
860	0.0920717694217833
862	0.06317028306983333
866	0.1729898282114126
871	0.09785735107843999
872	0.21569291621476447
873	0.23458670928196587
880	0.07928918558590403
881	0.04158002815245474
887	0.05986188083511501
888	0.2154056927287992
890	0.01179156446496931
892	0.06758555435507563
896	0.06602298455185071
897	0.0198928921783393
898	0.049598272128657805
901	0.19384421025508258
904	0.23662298259102954
905	0.10295783491878194
909	0.2464330006262116
910	0.003680475004966495
911	0.2344965070899768
913	0.06611441246907174
914	0.4514827086766092
915	0.5207910732176503
916	0.04476634896507627
917	0.022748334176591542
918	0.2646063923356355
922	0.09071267114741387
923	0.02634160510952377
925	0.22028191759672616
926	0.2927547365219071
930	0.22039233830811158
931	0.046472333135529675
935	0.22588214154780828
938	0.09488299350236093
939	0.03548290158621141
0	0.0
0	0.0
0	0.0
0	0.0
0	0.0
0	0.0
0	0.0
0	0.0
0	0.0
0	0.0
0	0.0
0	0.0
0	0.0
0	0.0
0	0.0
0	0.0
0	0.0
0	0.0
0	0.0
0	0.0
0	0.0
0	0.0
0	0.0
0	0.0
0	0.0
0	0.0
0	0.0
0	0.0
0	0.0
0	0.0
0	0.0
0	0.0
0	0.0
0	0.0
0	0.0
0	0.0
0	0.0
0	0.0
0	0.0
0	0.0
0	0.0
0	0.0
0	0.0
0	0.0
0	0.0
0	0.0
0	0.0
0	0.0
0	0.0
0	0.0
0	0.0
0	0.0
0	0.0
0	0.0
0	0.0
0	0.0
0	0.0
0	0.0
0	0.0
0	0.0
0	0.0
0	0.0
0	0.0
0	0.0
0	0.0
0	0.0
0	0.0
0	0.0
0	0.0
0	0.0
0	0.0
0	0.0
0	0.0
0	0.0
0	0.0
0	0.0
0	0.0
0	0.0
0	0.0
0	0.0
0	0.0
0	0.0
0	0.0
0	0.0
0	0.0
0	0.0
0	0.0
0	0.0
0	0.0
0	0.0
0	0.0
0	0.0
0	0.0
0	0.0
0	0.0
0	0.0
0	0.0
0	0.0
0	0.0
0	0.0
0	0.0
0	0.0
0	0.0
0	0.0
0	0.0
0	0.0
0	0.0
0	0.0
0	0.0
0	0.0
0	0.0
0	0.0
0	0.0
0	0.0
0	0.0
0	0.0
0	0.0
0	0.0
0	0.0
0	0.0
0	0.0
0	0.0
0	0.0
0	0.0
0	0.0
0	0.0
0	0.0
0	0.0
0	0.0
0	0.0
0	0.0
0	0.0
0	0.0
0	0.0
0	0.0
0	0.0
0	0.0
0	0.0
0	0.0
0	0.0
0	0.0
0	0.0
0	0.0
0	0.0
0	0.0
0	0.0
0	0.0
0	0.0
0	0.0
0	0.0
0	0.0
0	0.0
0	0.0
0	0.0
0	0.0
0	0.0
0	0.0
0	0.0
0	0.0
0	0.0
0	0.0
0	0.0
0	0.0
0	0.0
0	0.0
0	0.0
0	0.0
0	0.0
0	0.0
0	0.0
0	0.0
0	0.0
0	0.0
0	0.0
0	0.0
0	0.0
0	0.0
0	0.0
0	0.0
0	0.0
0	0.0
0	0.0
0	0.0
0	0.0
0	0.0
0	0.0
0	0.0
0	0.0
0	0.0
0	0.0
0	0.0
0	0.0
0	0.0
0	0.0
0	0.0
0	0.0
0	0.0
0	0.0
0	0.0
0	0.0
0	0.0
0	0.0
0	0.0
0	0.0
0	0.0
0	0.0
0	0.0
0	0.0
0	0.0
0	0.0
0	0.0
0	0.0
0	0.0
0	0.0
0	0.0
0	0.0
0	0.0
0	0.0
0	0.0
0	0.0
0	0.0
0	0.0
0	0.0
0	0.0
0	0.0
0	0.0
0	0.0
0	0.0
0	0.0
0	0.0
0	0.0
0	0.0
0	0.0
0	0.0
0	0.0
0	0.0
0	0.0
0	0.0
0	0.0
0	0.0
0	0.0
0	0.0
0	0.0
0	0.0
0	0.0
0	0.0
0	0.0
0	0.0
0	0.0
0	0.0
0	0.0
0	0.0
0	0.0
0	0.0
0	0.0
0	0.0
0	0.0
0	0.0
0	0.0
0	0.0
0	0.0
0	0.0
0	0.0
0	0.0
0	0.0
0	0.0
0	0.0
0	0.0
0	0.0
0	0.0
0	0.0
0	0.0
0	0.0
0	0.0
0	0.0
0	0.0
0	0.0
0	0.0
0	0.0
0	0.0
0	0.0
0	0.0
0	0.0
0	0.0
0	0.0
0	0.0
0	0.0
0	0.0
0	0.0
0	0.0
0	0.0
0	0.0
0	0.0
0	0.0
0	0.0
0	0.0
0	0.0
0	0.0
0	0.0
0	0.0
0	0.0
0	0.0
0	0.0
0	0.0
0	0.0
0	0.0
0	0.0
0	0.0
0	0.0
0	0.0
0	0.0
0	0.0
0	0.0
0	0.0
0	0.0
0	0.0
0	0.0
0	0.0
0	0.0
0	0.0
0	0.0
0	0.0
0	0.0
0	0.0
0	0.0
0	0.0
0	0.0
0	0.0
0	0.0
0	0.0
0	0.0
0	0.0
0	0.0
0	0.0
0	0.0
0	0.0
0	0.0
0	0.0
0	0.0
0	0.0
0	0.0
0	0.0
0	0.0
0	0.0
0	0.0
0	0.0
0	0.0
0	0.0
0	0.0
0	0.0
0	0.0
0	0.0
0	0.0
0	0.0
0	0.0
0	0.0
0	0.0
0	0.0
0	0.0
0	0.0
0	0.0
0	0.0
0	0.0
0	0.0
0	0.0
0	0.0
0	0.0
0	0.0
0	0.0
0	0.0
0	0.0
0	0.0
0	0.0
0	0.0
0	0.0
0	0.0
0	0.0
0	0.0
0	0.0
0	0.0
0	0.0
0	0.0
0	0.0
0	0.0
0	0.0
0	0.0
0	0.0
0	0.0
0	0.0
0	0.0
0	0.0
0	0.0
0	0.0
0	0.0
0	0.0
0	0.0
0	0.0
0	0.0
0	0.0
0	0.0
0	0.0
0	0.0
0	0.0
0	0.0
0	0.0
0	0.0
0	0.0
0	0.0
0	0.0
0	0.0
0	0.0
0	0.0
0	0.0
0	0.0
0	0.0
0	0.0
0	0.0
0	0.0
0	0.0
0	0.0
0	0.0
0	0.0
0	0.0
0	0.0
0	0.0
0	0.0
0	0.0
0	0.0
0	0.0
0	0.0
0	0.0
0	0.0
0	0.0
0	0.0
0	0.0
0	0.0
0	0.0
0	0.0
0	0.0
0	0.0
0	0.0
0	0.0
0	0.0
0	0.0
0	0.0
0	0.0
0	0.0
0	0.0
0	0.0
0	0.0
0	0.0
0	0.0
0	0.0
0	0.0
0	0.0
0	0.0
0	0.0
0	0.0
0	0.0
0	0.0
0	0.0
0	0.0
0	0.0
0	0.0
0	0.0
