1	0.03300550788758374
2	0.230038860041682
3	0.4009417815273307
4	0.24352925055621277
5	0.4881898191705033
7	0.018130567834811644
8	0.2673379120442023
9	0.03279943841751753
11	0.00012122542466033726
12	0.028397232286281476
13	0.43736937639199014
14	0.008772728892739546
15	0.2807210201158557
16	0.0066913382552326525
17	0.27337568076691865
18	0.2792497467328712
21	0.03502330824195228
22	0.24407375454351168
23	0.5252734542657305
24	0.29136553968168244
25	0.2914997014189925
26	0.20940016959450236
28	0.030654096311688472
29	0.2693627357556166
30	0.07258838951307936
32	0.27941223223465517
33	0.27539231832794875
34	0.7649980561326117
35	0.061232759678881477
36	0.01684019452385816
37	0.3095329291542175
38	0.03069534778095477
40	0.2731072755773167
42	0.009961879232602465
43	0.2557242214773905
45	7.095692118807423e-05
46	0.5221469396549062
47	0.2575756955220069
48	0.03833682086537729
50	0.14919200497809187
51	0.0033600073187995197
52	0.026433305670152268
53	0.2862631620878703
54	0.2669617771123357
55	0.27516286925032857
57	0.23966555634587908
58	0.23803194210440215
59	0.027886881871407497
60	0.03182622645100137
62	0.04588800146452392
63	0.24191690646455377
64	0.023348914403321104
65	0.26588964760810735
66	0.01875767246740582
67	0.523916547729612
68	0.5462450632250246
69	0.04957998745329066
70	0.2561573979815541
71	0.0478377351119358
72	0.5121316351824255
73	0.2846901418827926
74	0.532257287802928
75	0.5361824206350051
76	0.026646644153244407
77	0.2672366650955275
78	0.04646113482499567
79	0.2401792734287082
80	0.3165720512934967
82	0.2891478384340397
83	0.27947284201016875
84	0.24217373489940708
85	0.026477070495945037
87	0.04174998731362031
88	0.28041323936834034
89	0.023770878004549408
92	0.5109583886089439
93	0.33768132135411455
94	0.0010062895197772634
96	0.007466711089926713
97	0.01252988052221974
98	0.2445854034675038
99	0.24462839893444227
100	0.30774335103099887
102	0.23487867675752572
103	0.3301969001158887
105	0.28783428125365584
106	0.2934667447760797
107	0.28893967103154766
108	0.2551091000066572
109	0.028011350234056313
110	0.04597797780611947
111	0.0063695953105306
112	0.5361976469141009
113	0.25250312328121494
115	0.25947602806979203
116	0.21385242385584657
117	0.5056680949290995
119	0.02802365788632026
120	0.012855130490564033
121	0.28244719614376756
122	0.4946001387886701
123	0.015664238947983036
125	0.05337442227037607
126	0.012753176295453701
128	0.24559920054789644
129	0.2374478488097859
130	0.27438659339068616
131	0.31742505810542654
132	0.2905841557843844
133	0.2545394016390955
134	0.22157471303878265
135	0.48764001855510297
136	0.27862909032447924
137	0.026320696717112485
138	0.035040506591717896
139	0.023503815431550938
140	0.5135766234994126
141	0.5180041358500902
142	0.2786847070110912
143	0.2572658344207383
146	0.2016967153654146
147	0.2368401771641065
148	0.018564569732313324
149	0.2802347715025111
150	0.039721140798974014
151	0.009270990814864478
153	0.38055567351080866
154	0.025352331725161718
155	0.48219703464968316
156	0.025717747959591503
157	0.24419208908401555
158	0.2560488897956877
159	0.2932794667143729
161	0.19631674396129087
162	0.26513573787495076
163	0.043538425050555586
164	0.4859348671833777
165	0.22883853492388434
166	0.007157408908578036
167	0.02350061929227585
168	0.038003123234544495
169	0.2201363714906485
170	0.2863227268089266
171	0.24681763604794466
172	0.5244240325048657
173	0.5320410640448286
174	0.5326564664009439
176	0.28542649343461474
177	0.01812122171277482
178	0.24911100176116208
179	0.2933901675802374
180	0.02792733696163774
182	0.010771842702458977
183	0.22580263596692876
184	0.2564338663058669
186	0.2642282620030159
187	0.2586591246751122
188	0.24841091647803198
190	0.019668570600003165
191	0.027729214836756163
192	0.0766673918348438
193	0.28161990457538444
194	0.017250486638507333
195	0.4841218905633158
199	0.2467963840832816
200	0.0005727732991747739
201	0.02064324283017746
204	0.2688838984996674
206	0.3597503992430852
208	0.5224328242686536
209	0.023823475719631358
210	0.26819754779897087
212	0.0602083302880576
213	0.2727572418128032
214	0.26689282985383206
215	0.25039613708080877
216	0.026553335877389707
217	0.2904846830137564
218	0.006268493080560773
219	0.2803624793551409
221	0.519037687276832
223	0.04376059771857753
224	0.01838567210949572
225	0.2595377694023203
227	0.5165357108998594
228	0.2449587975703327
229	0.024046578882013298
231	0.014419040518260606
232	0.007579572463450972
233	0.49967191897653074
234	0.2544269473571172
235	0.2545712965195909
237	0.5008155488892951
238	0.02061481540812139
239	0.2427298823560268
240	0.26922400874327035
241	0.07813112459487215
242	0.5049637779997929
243	0.30236301538066507
244	0.5233485661704964
245	0.024205248187202315
246	0.19985804696222054
247	0.047155228666334995
248	0.014652089847219517
249	0.26122573728876625
250	0.25749658866979513
252	0.5066137397284192
253	0.2516076782570113
254	0.2618593517628775
255	0.5072378906481858
257	0.5507555579081135
259	0.23639461406693163
260	0.24678007252460046
261	0.05334460910015662
262	0.5131103119678865
263	0.25689685213977914
264	0.03653233910307199
265	0.007235565744251458
266	0.5391796714548567
267	0.24472484256041416
269	0.2520383388082537
270	0.019352658220244543
271	0.246685453447799
272	0.2806641847598433
273	0.29063145706643945
275	0.03599656827445695
276	0.4791373797807646
277	0.267178402283171
278	0.24966175828897447
279	0.006235286133359351
280	0.2525481268753194
281	0.07027536032265443
282	0.23847773122376775
283	0.010306814746784139
284	0.25004340506883155
285	0.2717534409581749
286	0.247789593664108
287	0.7662622967704615
288	0.033535013344744825
290	0.054191431957954776
292	0.5309114701534936
294	0.22583421766564338
295	0.008001643987918833
296	0.7600900702558157
297	0.041461622734748405
298	0.27269556580113374
299	0.0001431807235458965
301	0.009837544426064292
302	0.19613669585289434
303	0.47819482800785595
304	0.01542185521100723
305	0.057450804276871596
306	0.22789236032201712
307	0.024772684286406266
308	0.24517845740256738
309	0.2118947907180832
310	0.05960531660156896
311	0.007135271970811249
312	0.012114603123988807
314	0.020380567128529203
315	0.02801885827958996
316	0.3361878359210954
317	0.27964602813159717
318	0.25699276161805085
319	0.5329141451953013
320	0.028341859719828645
322	0.03027376589054065
323	0.26310441322627093
324	0.007592824838584575
325	0.25843656167153245
327	0.005962247990352533
328	0.02819121729850918
329	0.5056218434015954
330	0.021942625060670375
331	0.27506890220006996
332	0.011106265461020705
333	0.5082509379411906
335	0.06930875303655666
336	0.014509605227608257
337	0.018400493561065538
338	0.26183117841901526
339	0.4855696874454532
340	0.021466895157296176
341	0.2669260262014537
342	0.0346313473874041
343	0.24761615474075122
344	0.20052859533095313
345	0.2849997589153089
346	0.49554662137684563
347	0.4739742848313666
349	0.3346090310400701
350	0.28164163309013157
351	0.2998473043228974
352	0.26266450746188086
353	0.3420577783676188
354	0.28811830742433864
355	0.011763616022553665
357	0.2956326965003423
358	0.26621004646803276
359	0.2558724557053549
360	0.001488126515469361
361	0.27379364801608125
362	0.24931202041352044
364	0.5002752627990066
365	0.23044036197202783
366	0.5246876648466253
367	0.24659235163809515
368	0.045750177024295076
369	0.2670581658432723
370	0.022113679932716648
372	0.2753174233363507
373	0.04109192739394049
375	0.04282754583857476
376	0.25201159098292647
377	0.2819563233798239
378	0.013888053660401696
379	0.04906380544597892
380	0.4816744830161554
382	0.27205121055064724
383	0.019971231273804933
384	0.2406939639623694
385	0.041768018668615514
386	0.27087041077447066
388	0.009988118307942564
389	0.030073863579320213
390	0.030688898455470827
392	0.24159272831736292
393	0.2522242043409907
394	0.22825591331123418
398	0.01827662989860661
399	0.01677669410867879
400	6.363411577305772e-05
401	0.2284051221953607
402	0.023153916327464143
403	0.27924355283811997
404	0.25877044311640607
406	0.020437125879923346
407	0.26289816259084176
409	0.006978133053927395
410	0.2289010198535781
411	0.2740355235530858
412	0.018276909433766458
413	0.27290142018290275
414	0.26763809509229836
415	0.7688028667397628
417	0.006716057230197206
419	0.5274566338630342
420	0.25937435740029857
423	0.24126496785333332
424	0.5579322286027883
425	0.04950929207030538
426	0.2635346889267914
427	0.027649295496733527
428	0.023548365062432804
429	0.23768485860964683
430	0.274531215622354
431	0.03630233787169138
432	0.49660008906010783
433	0.21328188577130458
434	0.026431293202688867
435	0.2780651867965861
436	0.2688463747050857
437	0.04287216066158744
438	0.2608215615374314
439	0.5349884208582889
440	0.51753339104191
441	0.04469543374234687
442	0.002667503228910885
443	0.49101663714214566
444	0.28043678326479693
445	0.2818838637263797
449	0.24026728145806472
450	0.7591189011787034
451	0.04747709091742269
453	0.23426032356003904
456	0.2670341879811034
457	0.0008500336130063679
458	0.26749411642148874
459	0.013323151691913452
460	0.2616742455184904
461	0.3080458364627308
462	0.287156151795564
463	0.2440254331744524
464	0.013027814450395352
465	0.5114417536131225
466	0.00909636084142761
467	0.04685238552564776
468	0.025658072285136307
469	0.26748694800728945
470	0.24340721177356242
471	0.25856610134952684
472	0.050074069587819445
473	0.2450246200453384
474	0.5039688457360872
475	0.2936883697098665
476	0.054783753994026255
477	0.02532110567046328
478	0.013687543943707574
480	0.4801462018221099
481	0.25798448636599824
482	0.2836638032281616
483	0.2585916410226445
484	0.2751859949970608
485	0.243531769680295
486	0.22876101372237068
487	0.5110213886387621
488	0.007042021642039875
490	0.016121136944503834
491	0.2903192207453794
492	0.27179020129875014
494	0.012905646416743057
495	0.23049536353656222
496	0.235327923380723
497	0.5099543802569794
499	0.2823968469174797
500	0.264631414730995
501	0.028849438399738414
502	0.046638535150901814
504	0.029862571980432046
505	0.2665565567004006
508	0.2745398977312157
510	0.2848322085345286
511	0.2615552314109893
512	0.019431942676951537
513	0.026483996481233868
516	0.5186084744919082
520	0.2000036687278371
521	0.006312686600082801
522	0.26457320146792124
523	0.023031244508566223
525	0.2435976077747674
526	0.21538575709659474
528	0.027838543205662834
529	0.2831929967964712
530	0.2819546699911406
531	0.4817258688154261
532	0.006388118583915622
533	0.024739019969997066
534	0.04155638316803664
536	0.26349953914742225
537	0.24664823667499816
538	0.006626526170879984
540	0.266657164686971
542	0.032021930184293036
543	0.2896653141825176
544	0.20694612255761363
545	0.042737705659119496
546	0.03830713525860839
547	0.23325735966950137
549	0.5091580864224904
550	0.010812752320389897
551	0.7322698242180113
552	0.2777766298844397
553	0.0231510945125126
554	0.23749237091146252
555	0.5167429515739386
556	0.2677778349129648
557	0.02821532474983292
558	0.26287944297416344
559	0.27701189729689824
560	0.25985986743704487
561	0.2558332512168424
563	0.23267956363238063
565	0.019037070691921017
566	0.5105352035763069
567	0.008120906568983587
569	0.02439345249769973
570	0.7049314090676551
571	0.5004294694561746
572	0.0881084934269766
573	0.27029118181063
574	0.022499197738635054
576	0.01807191858453367
578	0.25833144302318833
579	0.45530466877520526
581	0.25989450811512715
582	0.5205760245869517
583	0.04194613199337212
584	0.046441932780414585
586	0.5387367934939429
587	0.013576755821575408
589	0.05405652805411431
590	0.4879555295359458
591	0.2884210564477843
593	0.013097420111473537
594	0.271754057553231
596	0.2868109608365146
598	0.5277872372044025
599	0.020687571132110845
601	0.22006423571943898
602	0.5079726418459142
603	0.5016728533288908
605	0.24384195120842173
607	0.05512615476792526
608	0.007755165945861411
609	0.42129857628812184
610	0.03533305515898305
611	0.26612312907069097
612	0.5227160837642997
614	0.072389236745561
615	0.02437818522860402
616	0.26431490148534725
618	0.01619156808162619
620	0.016158414340208684
621	0.02210113973261786
622	0.25812993679758245
623	0.020788043527234665
624	0.49791683933120584
625	0.019701932206850604
626	0.45657516798948705
627	0.022333260259613887
628	0.03173813944843271
629	0.01701080300732355
630	0.028132544610677983
631	0.26111148092187897
632	0.016018445050317555
634	0.016042481371416725
635	0.5044754432872609
636	0.02609659081010568
637	0.2518513736502093
639	0.019908130824694774
640	0.275487693419807
641	0.030775388295979207
642	0.03905987724070681
645	0.04669932125700761
646	0.22525348218239374
647	0.017726527345661672
649	0.5198070543145227
651	0.0045849377366613715
652	0.5306995054116707
653	0.5058871381523505
654	0.23629505611363755
657	0.021612509153772663
658	0.5099250853695483
660	0.507112894029158
661	0.2786974034326657
662	0.31564736532301146
663	0.03686043719995714
664	0.28380964147082033
665	0.03228916239023655
666	0.4898801832759667
667	0.26592818902152815
668	0.01910591821084464
669	0.013940840392322504
670	0.27504699966059243
671	0.0017246543991871824
672	0.2599744072437922
673	0.028196423021047645
674	0.7712045168635134
675	0.5765058902855771
676	0.4916768825717027
677	0.2771382091924589
678	0.07718236961556137
679	0.268219448352613
680	0.0388748743286504
681	0.24775331146537558
682	0.023915836292228203
683	0.01933376505496637
684	0.24142269120593543
686	0.2852402848270766
687	0.04152006729357788
688	0.01447381663670283
689	0.2719121892655745
690	0.01966816371180949
691	0.5265799791397807
692	0.011971207709496785
693	0.23286732271686428
695	0.30889949538523637
696	0.2469566674212487
697	0.2579077553624113
698	0.02305151831204221
699	0.2766653077185005
700	0.049049682159735694
701	0.4980432376167616
702	0.3049242524505157
703	0.05146587968690114
704	0.28296413165729795
705	0.2743105273518986
706	0.2934566019853585
707	0.02494846369868147
708	0.26965248472516007
709	0.24452071805702943
710	0.2598851701864353
711	0.28708076524975584
712	0.27629899474269237
713	0.23356878051271762
714	0.021374788851021585
715	0.26746129485623404
716	0.4822652753750422
717	0.2614236682414836
718	0.3085467335657432
719	0.016479201590008485
720	0.2302855107157654
722	0.21819004374401735
723	0.02123233165671636
724	0.3597503992430852
725	0.5369691410457413
726	0.008839674794984653
727	0.19611346985950054
728	0.5419897123021378
729	0.23776973729230938
730	0.2508123919664759
731	0.5211608383011749
732	0.059759790885649686
733	0.2194887595142375
734	0.028136428641523034
735	0.030688898455470827
736	0.27556230935130316
737	0.042803985912078915
738	0.2360547733664274
739	0.2694147515091797
740	0.22820302601394307
741	0.031381813692169115
742	0.7635095690463883
743	0.7136986983669489
744	0.032167249597794136
745	0.2685782580998476
746	0.03432205848378334
748	0.2657079397627109
749	0.27505539887454333
750	0.005963073206893238
751	8.870355379082817e-05
752	0.22979090393766352
753	0.020398010788584657
754	0.755814091560661
755	0.254299666615926
756	0.5226937723566762
757	0.24811635549886926
759	0.2655193333531493
760	0.23013405995093975
761	0.014576473065465216
762	0.05130470453376198
763	0.02939430368709072
765	0.04196730714703756
766	0.01600231577479864
767	0.2558428759256454
768	0.5471341712541238
769	0.25087017173028114
770	0.24368957777444317
771	0.053670262599093285
772	0.24437525948424005
775	0.28470793748582124
776	0.23426492760775042
777	0.2784842653961658
778	0.04498598964462738
779	0.02568567373185456
780	0.03544517850136035
781	0.026157623112311616
782	0.026003483099888418
783	0.0057263958990808675
785	0.0484729957620242
787	0.027069641045910472
788	0.24088871961009226
789	0.24849943157201343
790	0.008012897302002081
791	0.2380068845127316
792	0.250159302676632
794	0.26386524285907487
795	0.23933488403917103
796	0.04899723076491484
797	0.01207740458465523
798	0.00558014719359335
799	0.019103686751737122
800	0.27411280882262096
801	0.3040580275870277
803	0.25455736141054797
804	0.019637015867478548
806	0.014071922207005143
807	0.27342431433769315
808	0.4982841725214047
809	0.26838099235275653
810	0.2761475297050199
812	0.04707782908769456
813	0.0027680755418693394
814	0.2911455261414126
815	0.01576854609787142
816	0.30379520367301593
817	0.29511558324912784
819	0.02573438343821911
820	0.4568643552910617
821	0.004538905655652854
822	0.5375326336737652
824	0.5403324367591954
825	0.03010904239388057
826	0.0035437904322067754
828	0.2704571469608085
829	0.5116974649680702
830	0.2674519548505205
831	0.02244489868262005
832	0.4948687197337164
834	0.018794729764739358
836	0.04006395827561879
837	0.2525543608978054
838	0.5106680145522593
839	0.027821959268092878
840	0.022647447880752493
841	0.25344478493843303
842	0.23384622316699805
844	0.2947526070400837
846	0.021853419724413035
847	0.5136822897589117
848	0.05251676655967648
849	0.018554198275998975
850	0.26448888502518003
851	0.01702514036558906
852	0.2760252937902475
853	0.0065796746994534056
854	0.010241013649960357
855	0.23185367355312064
856	0.2639708290058153
857	0.04307797108366862
858	0.2547174744916222
859	0.3021813780976717
860	0.2472447235670687
861	0.22341166918757382
862	0.26339067272087513
863	0.019727262228562432
864	0.0025681583955313794
865	0.2456434200062675
866	0.12269067964764097
867	0.028403234053714622
868	0.2532767051420465
869	0.013862794749768977
870	0.010731122522397746
873	0.5156949875781771
874	0.2416195222892993
876	0.24738719623967392
877	0.015565447897273592
878	0.26770906584608134
879	0.30733042579310454
880	0.2718866023207706
881	0.025039899798156455
882	0.011833156887109446
883	0.2508849013876734
884	0.23835478328798776
885	0.23310660842437092
887	0.2653772231183465
888	0.3029532692991682
889	0.23753450733147383
890	0.017207005800256102
891	0.2607465450725021
892	0.24644491681277525
893	0.4957516313094007
894	0.013813849971909903
895	0.21807627776359179
896	0.012994705556646516
898	0.2111918325363163
899	0.010038067087453355
900	0.1965836530301192
901	0.2518351873808086
903	0.003638609598372901
904	0.019530733812245474
905	0.23795906601539515
906	0.2680092035301286
907	0.02112179027283574
909	0.023562377432823196
910	0.4757465708876921
911	0.025132551110825574
913	0.23701980091151564
915	0.021827324515440935
916	0.2069873252661488
917	0.5148006630105544
918	0.010237424000506638
919	0.012205952167494996
920	0.5084914361424528
921	0.036779096814362075
922	0.013018014590530334
923	0.5224894044422681
925	0.27757424774057093
926	0.020144823919983405
927	0.04220073168985744
928	0.2637930576727171
929	0.01270783450929782
930	0.2896660341706824
931	0.5282037859307878
932	0.2620279633199987
933	0.5117834620977493
934	0.49199444508242024
935	0.27208476349930033
936	0.5085688794340535
937	0.2955336139942191
938	0.23182650979841177
939	0.2704057504521962
940	0.517769516868327
941	0.5161625902221189
942	0.24475954980307912
943	0.28333841792010894
0	0.0
0	0.0
0	0.0
0	0.0
0	0.0
0	0.0
0	0.0
0	0.0
0	0.0
0	0.0
0	0.0
0	0.0
0	0.0
0	0.0
0	0.0
0	0.0
0	0.0
0	0.0
0	0.0
0	0.0
0	0.0
0	0.0
0	0.0
0	0.0
0	0.0
0	0.0
0	0.0
0	0.0
0	0.0
0	0.0
0	0.0
0	0.0
0	0.0
0	0.0
0	0.0
0	0.0
0	0.0
0	0.0
0	0.0
0	0.0
0	0.0
0	0.0
0	0.0
0	0.0
0	0.0
0	0.0
0	0.0
0	0.0
0	0.0
0	0.0
0	0.0
0	0.0
0	0.0
0	0.0
0	0.0
0	0.0
0	0.0
0	0.0
0	0.0
0	0.0
0	0.0
0	0.0
0	0.0
0	0.0
0	0.0
0	0.0
0	0.0
0	0.0
0	0.0
0	0.0
0	0.0
0	0.0
0	0.0
0	0.0
0	0.0
0	0.0
0	0.0
0	0.0
0	0.0
0	0.0
0	0.0
0	0.0
0	0.0
0	0.0
0	0.0
0	0.0
0	0.0
0	0.0
0	0.0
0	0.0
0	0.0
0	0.0
0	0.0
0	0.0
0	0.0
0	0.0
0	0.0
0	0.0
0	0.0
0	0.0
0	0.0
0	0.0
0	0.0
0	0.0
0	0.0
0	0.0
0	0.0
0	0.0
0	0.0
0	0.0
0	0.0
0	0.0
0	0.0
0	0.0
0	0.0
0	0.0
0	0.0
0	0.0
0	0.0
0	0.0
0	0.0
0	0.0
0	0.0
0	0.0
0	0.0
0	0.0
0	0.0
0	0.0
0	0.0
0	0.0
0	0.0
0	0.0
0	0.0
0	0.0
0	0.0
0	0.0
0	0.0
0	0.0
0	0.0
0	0.0
0	0.0
0	0.0
0	0.0
0	0.0
0	0.0
0	0.0
0	0.0
0	0.0
0	0.0
0	0.0
0	0.0
0	0.0
0	0.0
0	0.0
0	0.0
