1	0.5574278240315215
2	0.5379670398891594
5	0.17152246451476816
6	0.30913708516633565
8	0.23810612971932346
9	0.23332235923091826
10	0.28921390825161686
12	0.2350419226551363
13	0.30382886345263765
14	0.2782524490702941
15	0.024544264439163698
17	0.44910667036643676
18	0.057872998293829456
22	0.09442363541367482
23	0.3203807627273846
25	0.26227951297908386
26	0.1554145863543936
28	0.2425322562060976
29	0.06954630296983853
30	0.053840494356989135
31	0.2599120188282593
32	0.24523177682198422
33	0.45983544777079444
34	0.2797726181966294
35	0.2895443054861832
36	0.23749107782542211
37	0.3582659438693443
38	0.05683352635671877
39	0.5537220161681405
40	0.514553043307495
44	0.32223524018750976
45	0.4909547135803105
46	0.2487608373850409
48	0.5060500343302561
51	0.22094528762784052
52	0.005785505175901234
54	0.00423083775754449
55	0.23621800220250513
57	0.26353931378637074
59	0.015730552645744023
60	0.5262219662933669
62	0.02032151962251286
63	0.2669802621629061
65	0.24443400967918116
67	0.2582868939553185
68	0.26758492480675194
69	0.5371072170426896
70	0.24703890430168116
71	0.23854849478455
72	0.026477677197536992
74	0.5327961845642725
78	0.2559874423338184
82	0.3006507897080194
83	0.7235015199880629
84	0.20387764469434358
85	0.06799826887643785
86	0.018924842426535936
87	0.518020178994872
90	0.07702125591416965
91	0.23919108346914714
92	0.054401657916772705
95	0.018486442469454602
96	0.2715885738082704
97	0.009693458306314705
100	0.5046381717508543
101	0.18087780230759065
104	0.3346177432849464
105	0.3315658779601898
106	0.26910235661370263
109	0.2341231882321743
110	0.2570038133935665
111	0.757629637275378
112	0.2624358555336395
113	0.5352040426255329
114	0.3411341438200424
117	0.008008525457682682
118	0.016184943299621522
121	0.047152286228021686
122	0.24848857028582624
124	0.011549621887860614
126	0.24254343050655697
127	0.2075779506857273
128	0.2225054678849784
129	0.27954932275083894
131	0.10977663795849155
132	0.2977841947884508
133	0.0017411583931890365
136	0.09302362037592109
137	0.7422559335343312
138	0.004168658891300872
140	0.285207747651552
141	0.5306473351209712
142	0.020406943007870833
143	0.22934377013623491
147	0.014131137156232022
148	0.7482769122084179
149	0.11415620930856989
150	0.2507652866004111
152	0.2389236988706919
153	0.1095911886298021
155	0.23822102700217584
159	0.26417698399713463
160	0.05393643175337013
161	0.19750680392318837
163	0.24659693803083876
164	0.21500689010407878
166	0.02794590311438537
167	0.26792466374976137
169	0.21898855515364368
170	0.27772810928060954
171	0.18852996984058773
172	0.5408514870388709
173	0.5562029347741031
174	0.2874887587232711
177	0.2773891962949798
179	0.5271773189022486
180	0.18953301134797346
182	0.020701146695455076
184	0.08953035086283974
186	0.2595928269338823
187	0.01081580933918165
188	0.3087533693450235
189	0.021041047653436964
191	0.01993339683826237
194	0.0006624817454094489
195	0.0003792775679916302
197	0.16949607236414782
199	0.28025927208794826
200	0.07272959994505629
202	0.017567909227269175
205	0.18438770502568233
206	0.36448235402209217
207	0.07789258955968434
208	0.0013986568829357574
210	0.3180208665239158
213	0.0014328000064246435
216	0.048379793835795895
217	0.009499603603382811
218	0.4994013689524225
219	0.05001273101249537
222	0.21504481053051924
224	0.23147485838938633
226	0.09419013095143858
227	0.19879214860647088
228	0.06865747984928794
232	0.5258472916767177
233	0.022003421283690427
234	0.09523755240413029
237	0.01163704571421137
238	0.006476140494741739
239	0.31735671456382714
240	0.10284974362255694
241	0.03147666169457036
242	0.2905946935675478
245	0.21882957871087286
247	0.03723780784476487
248	0.529242703451857
249	0.06508514409370089
252	0.0390966086893272
253	0.0025678555958898036
254	0.2601073802070416
255	0.26033038231037686
256	0.050861511041099275
257	0.30799994754014454
259	0.05257367798998523
261	0.04350852629049835
264	0.5117231547090942
267	0.07435368381517587
268	0.28862992923797065
269	0.04601247227840411
271	0.08511027506494988
272	0.5254655014863295
273	0.016207967484655326
274	0.004484246449050652
275	0.24879190136422158
276	0.09604069089133502
277	0.23014369339545365
279	0.19061279496471573
280	0.05964514066901841
281	0.508380025409322
282	0.004310176117577891
284	0.07206076280513818
285	0.5547669536564317
287	0.24337646501334598
288	0.032104320938086725
289	0.06577402291698477
290	0.2260869742918515
291	0.27506890220006996
295	0.08400064595077651
296	0.24592100096105818
297	0.3124805860729154
298	0.011051017411404108
299	0.2915419973247525
302	0.20928631921506513
303	0.11998224667752286
304	0.009682353115291663
306	0.008459586385440959
308	0.0923867558738092
309	0.4757957426480216
310	0.19038729443267322
312	0.5100501431339348
313	0.5288089110728693
316	0.10979761121762255
317	0.3058732242822364
318	0.01580803434793055
319	0.2553869060804928
320	0.27269119649627066
322	0.5321677910039142
325	0.08031593144531138
326	0.24961306467958816
328	0.04654461551818153
329	0.30646982569498993
330	0.012820634682313575
332	0.0586336383211028
333	0.029835257665285518
334	0.06437951288375347
336	0.215994833220921
338	0.7821481800865558
339	0.07660271941070097
341	0.11798617659574383
345	0.05224236591354909
346	0.467354345222854
350	0.03807517781204625
351	0.00981277467731028
352	0.49186529693260417
353	0.01771023444493931
354	0.2934973861014823
356	0.016339657853613507
358	0.006086884171062554
361	0.3099454935410328
362	0.09218419005457187
363	0.2794023438034437
364	0.546069590807424
366	0.02484065220494624
367	0.5152058897467227
368	0.2954756717105716
369	0.23500640436540354
370	0.052385270278182045
372	0.2833440868284394
375	0.2989165846129236
376	0.21714712742188252
379	0.29978862629593706
380	0.2802343026927647
381	0.3092534869095804
383	0.009812054953277832
384	0.3308649843502834
385	0.3109362693706686
387	0.31599436482440235
388	0.2785838654996802
389	0.30519149037360344
390	0.295743054838539
392	0.05935779259758572
393	0.010301320293064894
394	0.10357974111918314
395	0.07588175681482501
396	0.2002235832679877
397	0.08092625948711663
399	0.08808075853907078
400	0.021786218911275558
401	0.21256494353842575
403	0.025784273226000368
404	0.3300496560508604
407	0.08280174010498134
408	0.27402934280518376
409	0.29699904964101964
413	0.25779026650105163
414	0.09493399836739781
415	0.28467836798193363
416	0.06885104344789825
418	0.3007955337848144
419	0.2288547744266703
420	0.09057231539442152
421	0.2443325256576435
423	0.02821296403434422
424	0.08325225775208592
425	0.3267298255503096
426	0.5566201699049635
428	0.32363194570620835
429	0.08613357687444714
430	0.3143629242062863
431	0.015566235774569306
432	0.016895668804224155
433	0.14821659840745005
434	0.22505701498256264
435	0.2576135051614622
436	0.05937963010340961
437	0.04899810508854338
439	0.28601773655499063
440	0.2426913492290186
441	0.029728032982264944
443	0.002009490277193042
444	0.005057367323448761
446	0.5401269566920286
447	0.03257695027451694
448	0.25584520803555627
450	0.042089563424494686
451	0.2999580648743062
452	0.17470405419498194
456	0.31468546359235766
458	0.08869549455360543
460	0.07869479043064426
461	0.24281647414221158
462	0.26771283944660895
463	0.3665904718625196
465	0.028820741138577195
466	0.2601304419184946
467	0.31240452688385634
469	0.5197058751551177
470	0.003350774581817567
471	0.47217742117539596
472	0.014767460237035755
473	0.2303174044684251
474	0.2989880525945491
475	0.26457625701161025
476	0.023611702647392728
477	0.0018494646041891938
480	0.2498726992813414
481	0.4658137747785337
482	0.2581028781499065
483	0.2606553103455364
484	0.5297772594637334
485	0.16484455643271204
486	0.03533881946566517
488	0.26070328351632965
489	0.2063669946182493
490	0.33232493425054155
491	0.30468511849742574
492	0.21805328602527912
496	0.0942965262804037
497	0.00011995758837799256
498	0.04704098216791437
499	0.5599764949117213
500	0.1086105707099595
501	0.017603023289191527
502	0.4633912082930009
504	0.01514005219420754
505	0.482300889629272
506	0.039650830689965486
507	0.042921635043573256
509	0.5650445568092385
510	0.30397300296147256
511	0.03698587786471306
513	0.44051671104481704
514	0.055108422143415894
515	0.2365150062950666
516	0.4894990360306831
518	0.19024316469524646
519	0.05261444797168123
526	0.05998333796036678
528	0.2879173564092562
529	0.2752600593921637
530	0.261816260728267
531	0.3416436298422416
533	0.23674098949106853
535	0.02979612517856381
536	0.5229304922545813
537	0.08233168023159462
540	0.23204348681031986
542	0.09104541830459206
543	0.31080507525234446
544	0.18662176800241578
545	0.4855460884866757
547	0.3325635224017989
548	0.4948672171694804
550	0.008354403163642481
551	0.0006873982265101428
552	0.007476035581309187
553	0.3156376107796399
554	0.22371600118442378
555	0.011723717553107166
557	0.07890020232535146
558	0.026762382159621588
559	0.26941522711414756
560	0.31196737823433823
561	0.10950705169296873
563	0.23915387622572712
564	0.012357432600615302
565	0.25728048177528
566	0.5462559236147078
567	0.06561195375290978
568	0.2593328778246777
570	0.5323433602014712
571	0.5314639709834543
572	0.2926416952157317
573	0.08016696028122383
574	0.07136364975174424
575	0.27924667823666127
578	0.22201462915964257
579	0.0132164246545938
580	0.18727753948980594
583	0.24355108316810425
584	0.011865236543154911
586	0.26569390092344336
587	0.2822995922452239
590	0.029861138406833673
591	0.01971730256637224
593	0.24019970209479796
596	0.4850946482000384
597	0.22065902337646648
600	0.06185817751447246
601	0.21505460024504108
603	0.3092452006187665
607	0.001006381701069238
608	0.26737142779036616
609	0.5264178176289576
610	0.008729948863164978
611	0.015080287655295638
612	0.2322580964476107
613	0.31863421878971565
615	0.28514755765392985
616	0.5332279936774383
617	0.27261304904027955
619	0.49223530437116664
620	0.22594877783284273
621	0.20763807542894752
622	0.07579791169182536
623	0.21678847098281548
624	0.3166844323571293
626	0.3364702674974344
627	0.28562722499222837
628	0.519389544069673
629	0.006948584169175688
632	0.231069492212811
633	0.22042186734994484
634	0.2817940776792808
635	0.06874758311539507
638	0.25166376675079755
639	0.32937282003764995
641	0.06132876818702778
642	0.2621991526374099
644	0.20602269871084306
645	0.2936570246311651
648	0.5491834930229011
649	0.021210956038441323
650	0.2983763577397798
651	0.5396702700610301
653	0.0011539591914465144
654	0.3277394861787176
656	0.2532971665815678
658	0.05668381628495045
660	0.26513401493040617
661	0.03974812299850069
664	0.08541344246698829
665	0.06688828868431833
666	0.09701093879818574
667	0.00561950447619174
668	0.12871765952603983
669	0.06782582981556068
670	0.5067412316696559
671	0.21380224787553775
674	0.03896464851053276
675	0.3287000063598811
676	0.29349760229292254
677	0.014962960767428847
679	0.29831180280401637
681	0.010689411744418887
682	0.04675471027103705
686	0.07415640591219508
688	0.04414075445351331
689	0.5046626197395534
692	0.0004834029621212793
693	0.06228333479794868
695	0.5175125091011428
696	0.10545690837975721
697	0.577148695353138
698	0.24322858991503182
699	0.009474924650474066
700	0.26217286068111656
701	0.2529630672047923
702	0.2399762149527458
703	0.011389207489003374
704	0.2826068818318906
705	0.0007237398458880516
706	0.26553515050937476
707	0.28807232861782794
708	0.49384652605366164
710	0.2922990818911625
711	0.3555103099754406
712	0.2465084493212025
713	0.1277522983113434
714	0.4574383176940089
716	0.02659947621974185
717	0.0863375659812084
718	0.4985227534666483
719	0.006932866880326086
720	0.30176858495704717
722	0.2448924019867246
723	0.44711578567542737
724	0.36448235402209217
725	0.02830614955524583
727	0.15535658069236677
728	0.20036331398588111
729	0.2869822590365124
731	0.2935025018650212
733	0.10319377287204123
735	0.01618494329962155
738	0.12658481638881836
739	0.029319962126471963
740	0.3217288399504715
741	0.09383429740613405
742	0.025728557587636827
743	0.34498861050563717
744	0.3603367180434545
745	0.3682676227813048
746	0.07466224846080916
748	0.3176660602746626
749	0.04427016748598174
750	0.20494803733362366
752	0.2895370923949157
754	0.2493294873242519
756	0.05028615507472503
757	0.09233003045986186
758	0.057566877974586414
759	0.2090078533623124
761	0.44432721456876995
762	0.5213469055799508
766	0.3118379271706122
768	0.0017012502322573744
772	0.5430194708821194
775	0.2764798949248375
778	0.19563791430350214
781	0.30906508661368404
782	0.21882373680428177
783	0.2879780494228239
784	0.04132966957581623
785	0.016786515443682554
787	0.03593557192512986
788	0.31484858155097906
789	0.24445068654951346
790	0.11508706689923533
791	0.04451043302291009
796	0.7819030754235312
797	0.10233622937242592
799	0.019189810604344326
800	0.23983143253075556
801	0.3168504288034649
802	0.259120544545936
804	0.013027713928474648
806	0.04407577112729
807	0.07416208887614752
808	0.35168330449867824
809	0.30241894952484627
811	0.22536732407926885
812	0.2781909786543275
813	0.011806385246901155
814	0.2788161130544932
815	0.053512483226818106
816	0.02200726654132932
818	0.30341929912886917
819	0.31836244927464924
820	0.1266891756743495
821	0.07144645838023364
822	0.2855471843459773
824	0.27532681914917656
825	0.46072057495745994
826	0.3230734443044399
827	0.3174621864233848
828	0.328244427343321
829	0.016184943299621522
830	0.3673774318970623
832	0.00042771363145241784
834	0.2360267179774768
836	0.08482623134430539
837	0.029426777724012948
838	0.2660258394358181
840	0.061434867109467634
841	0.3158920485451995
842	0.5577856249045767
843	0.5113647976853658
844	0.02177643998621088
846	0.30613483115905704
847	0.7144399733432989
848	0.5702286588179172
850	0.011285033012645808
851	0.03882784202121974
853	0.33277993501018494
855	0.2620149902425183
856	0.4636048341706184
857	0.10472232347029353
859	0.041328518728978095
860	0.3183071873962783
862	0.2948133980805366
863	0.009207044956671243
865	0.16966282127411328
867	0.31199077848739193
868	0.05476748716563347
871	0.313389687509277
872	0.001575218300107109
873	0.06492930373085892
874	0.12388504330692393
876	0.008278000435743702
878	0.015864921253922512
880	0.1001507322794126
881	0.5107882935156045
882	0.09401697409124007
883	0.09310750714651898
884	0.23232430857831393
886	0.06812534696058306
887	0.3317054667341501
888	0.07244556159205491
890	0.2656822542243169
892	0.31785664813094083
893	0.004764651945838257
896	0.07299011322276752
898	0.02495848300920086
899	0.06703787914266074
901	0.22758891777112267
905	0.5430145484420236
911	0.23362451272337112
913	0.29926440862147585
914	0.09046787242466016
915	0.11193295600588872
916	0.05100151485458579
918	0.2987462308695923
920	0.27844221085104903
921	0.2525363963082345
922	0.1005596044588897
923	0.041156831327353094
925	0.030487118208681066
926	0.30021677984631046
927	0.23872412315425962
930	0.2573104079892527
931	0.32079614704628767
932	0.11563029501764285
933	0.08747449351306812
934	0.3169802883770221
935	0.2721060718662397
936	0.025025741735220416
937	0.42410407869724576
938	0.26504036282483096
939	0.00828685325554112
940	0.07235774623286309
941	0.07289423266466019
942	0.06205416568359661
943	0.007342069995858222
0	0.0
0	0.0
0	0.0
0	0.0
0	0.0
0	0.0
0	0.0
0	0.0
0	0.0
0	0.0
0	0.0
0	0.0
0	0.0
0	0.0
0	0.0
0	0.0
0	0.0
0	0.0
0	0.0
0	0.0
0	0.0
0	0.0
0	0.0
0	0.0
0	0.0
0	0.0
0	0.0
0	0.0
0	0.0
0	0.0
0	0.0
0	0.0
0	0.0
0	0.0
0	0.0
0	0.0
0	0.0
0	0.0
0	0.0
0	0.0
0	0.0
0	0.0
0	0.0
0	0.0
0	0.0
0	0.0
0	0.0
0	0.0
0	0.0
0	0.0
0	0.0
0	0.0
0	0.0
0	0.0
0	0.0
0	0.0
0	0.0
0	0.0
0	0.0
0	0.0
0	0.0
0	0.0
0	0.0
0	0.0
0	0.0
0	0.0
0	0.0
0	0.0
0	0.0
0	0.0
0	0.0
0	0.0
0	0.0
0	0.0
0	0.0
0	0.0
0	0.0
0	0.0
0	0.0
0	0.0
0	0.0
0	0.0
0	0.0
0	0.0
0	0.0
0	0.0
0	0.0
0	0.0
0	0.0
0	0.0
0	0.0
0	0.0
0	0.0
0	0.0
0	0.0
0	0.0
0	0.0
0	0.0
0	0.0
0	0.0
0	0.0
0	0.0
0	0.0
0	0.0
0	0.0
0	0.0
0	0.0
0	0.0
0	0.0
0	0.0
0	0.0
0	0.0
0	0.0
0	0.0
0	0.0
0	0.0
0	0.0
0	0.0
0	0.0
0	0.0
0	0.0
0	0.0
0	0.0
0	0.0
0	0.0
0	0.0
0	0.0
0	0.0
0	0.0
0	0.0
0	0.0
0	0.0
0	0.0
0	0.0
0	0.0
0	0.0
0	0.0
0	0.0
0	0.0
0	0.0
0	0.0
0	0.0
0	0.0
0	0.0
0	0.0
0	0.0
0	0.0
0	0.0
0	0.0
0	0.0
0	0.0
0	0.0
0	0.0
0	0.0
0	0.0
0	0.0
0	0.0
0	0.0
0	0.0
0	0.0
0	0.0
0	0.0
0	0.0
0	0.0
0	0.0
0	0.0
0	0.0
0	0.0
0	0.0
0	0.0
0	0.0
0	0.0
0	0.0
0	0.0
0	0.0
0	0.0
0	0.0
0	0.0
0	0.0
0	0.0
0	0.0
0	0.0
0	0.0
0	0.0
0	0.0
0	0.0
0	0.0
0	0.0
0	0.0
0	0.0
0	0.0
0	0.0
0	0.0
0	0.0
0	0.0
0	0.0
0	0.0
0	0.0
0	0.0
0	0.0
0	0.0
0	0.0
0	0.0
0	0.0
0	0.0
0	0.0
0	0.0
0	0.0
0	0.0
0	0.0
0	0.0
0	0.0
0	0.0
0	0.0
0	0.0
0	0.0
0	0.0
0	0.0
0	0.0
0	0.0
0	0.0
0	0.0
0	0.0
0	0.0
0	0.0
0	0.0
0	0.0
0	0.0
0	0.0
0	0.0
0	0.0
0	0.0
0	0.0
0	0.0
0	0.0
0	0.0
0	0.0
0	0.0
0	0.0
0	0.0
0	0.0
0	0.0
0	0.0
0	0.0
0	0.0
0	0.0
0	0.0
0	0.0
0	0.0
0	0.0
0	0.0
0	0.0
0	0.0
0	0.0
0	0.0
0	0.0
0	0.0
0	0.0
0	0.0
0	0.0
0	0.0
0	0.0
0	0.0
0	0.0
0	0.0
0	0.0
0	0.0
0	0.0
0	0.0
0	0.0
0	0.0
0	0.0
0	0.0
0	0.0
0	0.0
0	0.0
0	0.0
0	0.0
0	0.0
0	0.0
0	0.0
0	0.0
0	0.0
0	0.0
0	0.0
0	0.0
0	0.0
0	0.0
0	0.0
0	0.0
0	0.0
0	0.0
0	0.0
0	0.0
0	0.0
0	0.0
0	0.0
0	0.0
0	0.0
0	0.0
0	0.0
0	0.0
0	0.0
0	0.0
0	0.0
0	0.0
0	0.0
