1	0.05910951878998265
5	0.029844360717297926
7	0.2731983326831768
9	0.005156535733951952
11	0.28452297796760095
12	0.014341289679341698
14	0.10496801168931866
15	0.23078119295706193
16	0.012378292590898642
18	0.0126793591819063
19	0.04640697363860577
20	0.03553988207256869
24	0.010876379799310752
28	0.014242615166903259
30	0.20290707618156617
31	0.10257133871325037
32	0.23001934678451733
35	0.21322367050486768
36	0.2465452550899198
41	0.48506316866699994
42	0.24310856609542456
44	0.2331566629127142
45	0.2712839849780908
48	0.014444547526263417
49	0.0860870757996869
51	0.2883545727960655
52	0.45109828589998135
54	0.017546677168244647
55	0.01626666195532922
56	0.2800584828720657
57	0.05048986693702706
59	0.0151513166808072
60	0.004633565081521195
61	0.16814330739101613
62	0.5002152332052752
63	0.1418151239301845
64	0.02149635268436234
65	0.03478935852164411
69	0.04887722831477251
73	0.06707256632118175
76	0.0071306598954264735
78	0.23924978516287834
79	0.3315422395089616
81	0.47542427933095965
85	0.044172719754842146
86	0.2587265575753886
87	0.28889578085835904
88	0.009666905091536906
89	0.4618081818138652
90	0.06731198124378614
91	0.23320403889019212
93	0.14276981770505182
95	0.23095170608061433
96	0.23937756462464682
97	0.24265845959714674
99	0.244896931438069
101	0.2481746934216793
109	0.2705127444557168
114	0.23661126089320408
117	0.02935570561926679
118	0.7772036996201727
119	0.07363259676299667
120	0.24419004291867794
121	0.264476478678913
123	0.22493212187250095
125	0.45612738315490964
127	0.016148986302228205
128	0.03771265563112451
133	0.2722075183694898
134	0.2733805763153435
137	0.003910555851877457
138	0.22206533514586646
142	0.01314970624869053
144	0.32534651212974575
145	0.013659526064701624
146	0.0591003360814806
147	0.030263291136806633
151	0.30024800529740947
152	0.5003655229686524
154	0.014228804437333969
156	0.009420056269074356
157	0.044298679182585565
160	0.07882853738912209
163	0.03515342593525884
166	0.021967518322038172
168	0.2368526186849394
169	0.017355925747494914
170	0.001264674167524852
175	0.23002804007894795
178	0.01772747765752252
180	0.013175967303233092
184	0.03681447486358281
185	0.281679554663646
187	0.0009101921118049028
189	0.7729826777648142
190	0.18245442700968661
193	0.014471712007013207
196	0.3561879385573356
197	0.23513122720228669
198	0.14032805548266364
199	0.026119909607042312
201	0.30034019689531344
202	0.22848309412194187
204	0.014458366014889042
207	0.015933876330913338
209	0.31299273365993674
211	0.5358154742388241
212	0.2345116400579869
215	0.005514010532322679
216	0.02033829375917666
222	0.35012459678593044
223	0.22620987509999071
224	0.4777153390897011
226	0.03677295876095806
228	0.16887876683238176
230	0.2591820248503015
231	0.2448697969883105
232	0.04254255180697841
235	0.2882177269686811
238	0.25984311702696394
239	0.05147817255805914
241	0.04765406509227359
245	0.010759331017454944
246	0.036579572255675985
247	0.2778075129084004
252	0.008793549559645349
253	0.011143066240668725
254	0.2579406684597433
258	0.08647362166118885
260	0.05260118966899796
261	0.005229258656030692
264	0.00925149717482385
265	0.018233644871392164
268	0.011743491762501064
269	0.09807057201956618
271	0.06714289259823975
274	0.257230721649017
275	0.24994890523722052
278	0.007473519127206653
279	0.05364779987570452
281	0.014312102527639353
286	0.06622799836223019
289	0.3127939672694893
290	0.019989976910167524
292	0.04374399236887419
293	0.305239316600141
294	0.26370198320458194
295	0.017082289814408094
299	0.01509087280057838
301	0.25162745897821365
302	0.0887516841834991
305	0.08330000756342407
306	0.05908182211540338
309	0.04104451995535161
310	0.4920525668095369
311	0.5668705920180508
314	0.22833749850866994
323	0.2265739344360425
324	0.2611026952350678
326	0.32212002013662355
327	0.041135549851868326
328	0.09112321391509101
330	0.5538248070052542
332	0.008346771315197454
334	0.3497843733219134
336	0.2637452588287557
337	0.2337609941354254
342	0.05072524199156911
343	0.03639909427751416
344	0.07313800940664593
348	0.25272445280906747
349	0.010076947990513747
352	0.03659751890446128
356	0.33505558753000514
358	0.23408853402074908
359	0.010392646783944581
360	0.017872203940215665
361	0.05357621701260348
363	0.22251848800386387
367	0.015890576296597705
369	0.24171121850325522
371	0.24896260953340502
373	0.282580907150291
374	0.13406435154909202
375	0.00719894928845324
376	0.019390925030389805
381	0.05189349356997176
387	0.5060722571838239
389	0.26808076003108666
391	0.031553934708665424
393	0.01888286854610985
395	0.2239161438390886
396	0.5271228611596516
397	0.04893790856488676
399	0.025886176531129013
400	0.24489456582379932
403	0.22465542335746716
406	0.2768018283318479
409	0.0008391552473443198
410	0.05498227269891573
412	0.020283456927958347
413	0.009856367210426362
416	0.09038097916693669
420	0.0052873391480534465
421	0.26751405351669444
422	0.2286701884391004
423	0.015044205718736842
431	0.012238413017965064
434	0.04055493772621954
435	0.010340136552534837
436	0.03180428459540363
437	0.3029950946210995
438	0.22499486724394535
441	0.44977718267234557
445	0.027048001213957337
446	0.04666766179270244
447	0.3192943344765208
448	0.27015231926514355
449	0.2842907690956325
452	0.5960453606905719
453	0.3484483951943093
455	0.28144259857796644
456	0.08053081353923143
457	0.09215030571572021
458	0.031778483162705706
463	0.017483711504492468
466	0.03304250281570299
467	0.07408716882979205
468	0.19572736423647014
470	0.02628822121584556
471	0.0007038467895748649
472	0.23899102885072504
473	0.07634345101432911
476	0.20304164602026348
478	0.031179505061061336
479	0.061122725574724965
482	0.013743441650213573
483	0.021841043553467953
484	0.01980337957970334
486	0.13513504742801083
488	0.00977423557866762
489	0.3051621762162495
490	0.2799465327836883
492	0.2415271474524447
493	0.025404608020952332
495	0.03489520922892791
501	0.23833180440917323
502	0.008369114162764105
503	0.2537247598765504
504	0.06955471021649695
506	0.009546088449252414
507	0.25074366924699354
508	0.029467747528052656
512	0.003685686634799637
513	0.010401379856530897
514	0.5148962428620864
515	0.1957284435909825
517	0.2758574557354009
518	0.3389791897158206
519	0.03671109418236286
520	0.07822294879728511
521	0.3278695818685969
523	0.2734098591789793
524	0.00586947803547435
525	0.041131142025285644
527	0.08425531050838415
533	0.5302463233263959
535	0.5083396540041412
536	0.012715640690937838
537	0.06819333253420963
538	0.22510896905164954
540	0.006926790579551832
541	0.058844399074567115
542	0.10993403921371094
545	0.26364480726751777
546	0.47414101556735366
550	0.2532473806818754
552	0.23751154755322249
554	0.27007049804583455
556	0.06546875248798274
557	0.009449205473112742
563	0.2744472590997662
564	0.2600141904409195
565	0.24681290251152607
568	0.2803300937392914
575	0.21040328499138233
576	0.2456775419377095
577	0.11575894696137953
578	0.03686413209522552
580	0.009648064611419111
584	0.46055941466208355
585	0.04470352567904026
588	0.12297602810629321
589	0.006036430633852931
590	0.09505325799291099
592	0.1007241974559944
593	0.2783172648401141
594	0.008781071656507173
595	0.11673686303854222
596	0.024256978636593686
597	0.20758480078478894
598	0.010304182686812238
601	0.3591635216384478
604	0.6023769305036055
606	0.05203954114631473
607	0.047124246230614154
610	0.04186113997672015
611	0.017580592944951092
614	0.2147005069959318
617	0.07301112322612997
618	0.020308031517634023
619	0.2571373678382671
620	0.5034312142367869
623	0.204199304330162
625	0.2612417290369464
627	0.03377043257360392
629	0.2582686540751596
632	0.2645278621496491
633	0.4862676268721604
634	0.2638532195345236
636	0.28081975804016834
637	0.29990879777755763
641	0.02519126550150111
642	0.24746375095962891
643	0.2765916038378324
644	0.26159292078442015
645	0.07692961317978725
646	0.3435440426390457
647	0.02179161286806139
648	0.22050009893995298
650	0.2832505186985323
651	0.02629843904377188
653	0.02045316765983801
654	0.004063278339641142
655	0.3301710524476117
659	0.012026400402236355
663	0.2339776825048418
671	0.062058996645981426
672	0.03087598636849898
673	0.033708818527129814
678	0.19448618759430236
679	0.018952125833752675
680	0.21842090087501667
681	0.011498589790524948
682	0.01604761019246629
684	0.3100049904452885
689	0.2472301815644396
692	0.24544522889414458
694	0.4977976036554626
698	0.22957999475224405
700	0.48667583134569237
701	0.017317070803652215
702	0.18622730707515367
703	0.22079480046622776
705	0.025082406783771067
706	0.19871891642434966
708	0.25024388987643065
709	0.018746011332076602
712	0.010277701721677239
714	0.2560895141635933
715	0.016499380427667215
716	0.10569568822191276
721	0.5799680847421954
722	0.2771069514624985
723	0.26229336928217334
726	0.4710905360161239
730	0.017876890668873817
732	0.22165352048344528
733	0.07517894670574383
734	0.025956808015254802
735	0.5110782616281621
736	0.01844409819895509
737	0.06034499378234469
741	0.0592718509744308
747	0.05950342604381152
748	0.04836538413555648
750	0.22819605967453793
751	0.015596344244856432
755	0.021301652751957882
758	0.08628791942266956
762	0.20785719585271037
763	0.07758322084790673
765	0.2540959948706233
766	0.006118607208520158
769	0.025137350964406287
770	0.0660733209814768
771	0.024084717845438204
773	0.09387128620540104
774	0.5632289141843757
776	0.0051492265013409755
780	0.2405763148748032
781	0.20756911932352387
782	0.023883635615092446
785	0.22706554896806685
786	0.2750850595858454
787	0.21861177803039658
788	0.04803998099630519
789	0.033296352211088606
791	0.27343992865850475
792	0.2392895006361438
793	0.33383446587315546
794	0.07234582096138395
797	0.29065685758255677
798	0.03092303467040588
799	0.21648483357946272
802	0.26198763780225076
804	0.032554640199395836
807	0.06623210493312492
811	0.25458660225116325
813	0.002130689867255821
823	0.32190891387430454
825	0.2443345622207415
831	0.4580391687611023
832	0.027118413640633894
833	0.05296971269707123
834	0.2476671055978542
836	0.02199547642642938
839	0.5138704761917198
840	0.031805640256143415
841	0.07320331754721839
843	0.30100423081065864
845	0.33926998534558894
846	0.08235627665237949
849	0.22739890606684285
851	0.2962197819587322
852	0.00014035003877134813
857	0.24108956246459978
858	0.0009032740919114983
860	0.0021691973769537264
862	0.01913533801003675
863	0.24899027498832305
864	0.3326504962594476
867	0.2798642290363467
869	0.49020002524932466
870	0.24147296700922702
871	0.006497153539708096
872	0.26637618759368226
875	0.5657560411229863
876	0.3192179398338873
877	0.23157501291388446
881	0.016619995335834442
886	0.2760883743231616
887	0.06642083972294159
889	0.09552095584189393
893	0.012965246830713005
894	0.29456445634402506
895	0.26370666506054935
896	0.06458144576043963
897	0.260906395162268
899	0.0783439540649172
902	0.2767182815349162
903	0.2864065454991439
907	0.08521564374898125
908	0.5400863788341632
909	0.012442006375676454
912	0.054793667112941535
915	0.002266971635865877
916	0.12858499498047118
918	0.06608810976745665
919	0.28984331078663284
920	0.01592011146484829
921	0.21357838769565238
922	0.1778222883318948
924	0.5068525705279586
926	0.009229761785655304
927	0.23143877693328163
928	0.0450636347972662
932	0.04694680831896415
935	0.019921256670232607
936	0.07382868108567793
937	0.0335079939157808
939	0.011287210172306886
941	0.0010541418671867198
0	0.0
0	0.0
0	0.0
0	0.0
0	0.0
0	0.0
0	0.0
0	0.0
0	0.0
0	0.0
0	0.0
0	0.0
0	0.0
0	0.0
0	0.0
0	0.0
0	0.0
0	0.0
0	0.0
0	0.0
0	0.0
0	0.0
0	0.0
0	0.0
0	0.0
0	0.0
0	0.0
0	0.0
0	0.0
0	0.0
0	0.0
0	0.0
0	0.0
0	0.0
0	0.0
0	0.0
0	0.0
0	0.0
0	0.0
0	0.0
0	0.0
0	0.0
0	0.0
0	0.0
0	0.0
0	0.0
0	0.0
0	0.0
0	0.0
0	0.0
0	0.0
0	0.0
0	0.0
0	0.0
0	0.0
0	0.0
0	0.0
0	0.0
0	0.0
0	0.0
0	0.0
0	0.0
0	0.0
0	0.0
0	0.0
0	0.0
0	0.0
0	0.0
0	0.0
0	0.0
0	0.0
0	0.0
0	0.0
0	0.0
0	0.0
0	0.0
0	0.0
0	0.0
0	0.0
0	0.0
0	0.0
0	0.0
0	0.0
0	0.0
0	0.0
0	0.0
0	0.0
0	0.0
0	0.0
0	0.0
0	0.0
0	0.0
0	0.0
0	0.0
0	0.0
0	0.0
0	0.0
0	0.0
0	0.0
0	0.0
0	0.0
0	0.0
0	0.0
0	0.0
0	0.0
0	0.0
0	0.0
0	0.0
0	0.0
0	0.0
0	0.0
0	0.0
0	0.0
0	0.0
0	0.0
0	0.0
0	0.0
0	0.0
0	0.0
0	0.0
0	0.0
0	0.0
0	0.0
0	0.0
0	0.0
0	0.0
0	0.0
0	0.0
0	0.0
0	0.0
0	0.0
0	0.0
0	0.0
0	0.0
0	0.0
0	0.0
0	0.0
0	0.0
0	0.0
0	0.0
0	0.0
0	0.0
0	0.0
0	0.0
0	0.0
0	0.0
0	0.0
0	0.0
0	0.0
0	0.0
0	0.0
0	0.0
0	0.0
0	0.0
0	0.0
0	0.0
0	0.0
0	0.0
0	0.0
0	0.0
0	0.0
0	0.0
0	0.0
0	0.0
0	0.0
0	0.0
0	0.0
0	0.0
0	0.0
0	0.0
0	0.0
0	0.0
0	0.0
0	0.0
0	0.0
0	0.0
0	0.0
0	0.0
0	0.0
0	0.0
0	0.0
0	0.0
0	0.0
0	0.0
0	0.0
0	0.0
0	0.0
0	0.0
0	0.0
0	0.0
0	0.0
0	0.0
0	0.0
0	0.0
0	0.0
0	0.0
0	0.0
0	0.0
0	0.0
0	0.0
0	0.0
0	0.0
0	0.0
0	0.0
0	0.0
0	0.0
0	0.0
0	0.0
0	0.0
0	0.0
0	0.0
0	0.0
0	0.0
0	0.0
0	0.0
0	0.0
0	0.0
0	0.0
0	0.0
0	0.0
0	0.0
0	0.0
0	0.0
0	0.0
0	0.0
0	0.0
0	0.0
0	0.0
0	0.0
0	0.0
0	0.0
0	0.0
0	0.0
0	0.0
0	0.0
0	0.0
0	0.0
0	0.0
0	0.0
0	0.0
0	0.0
0	0.0
0	0.0
0	0.0
0	0.0
0	0.0
0	0.0
0	0.0
0	0.0
0	0.0
0	0.0
0	0.0
0	0.0
0	0.0
0	0.0
0	0.0
0	0.0
0	0.0
0	0.0
0	0.0
0	0.0
0	0.0
0	0.0
0	0.0
0	0.0
0	0.0
0	0.0
0	0.0
0	0.0
0	0.0
0	0.0
0	0.0
0	0.0
0	0.0
0	0.0
0	0.0
0	0.0
0	0.0
0	0.0
0	0.0
0	0.0
0	0.0
0	0.0
0	0.0
0	0.0
0	0.0
0	0.0
0	0.0
0	0.0
0	0.0
0	0.0
0	0.0
0	0.0
0	0.0
0	0.0
0	0.0
0	0.0
0	0.0
0	0.0
0	0.0
0	0.0
0	0.0
0	0.0
0	0.0
0	0.0
0	0.0
0	0.0
0	0.0
0	0.0
0	0.0
0	0.0
0	0.0
0	0.0
0	0.0
0	0.0
0	0.0
0	0.0
0	0.0
0	0.0
0	0.0
0	0.0
0	0.0
0	0.0
0	0.0
0	0.0
0	0.0
0	0.0
0	0.0
0	0.0
0	0.0
0	0.0
0	0.0
0	0.0
0	0.0
0	0.0
0	0.0
0	0.0
0	0.0
0	0.0
0	0.0
0	0.0
0	0.0
0	0.0
0	0.0
0	0.0
0	0.0
0	0.0
0	0.0
0	0.0
0	0.0
0	0.0
0	0.0
0	0.0
0	0.0
0	0.0
0	0.0
0	0.0
0	0.0
0	0.0
0	0.0
0	0.0
0	0.0
0	0.0
0	0.0
0	0.0
0	0.0
0	0.0
0	0.0
0	0.0
0	0.0
0	0.0
0	0.0
0	0.0
0	0.0
0	0.0
0	0.0
0	0.0
0	0.0
0	0.0
0	0.0
0	0.0
0	0.0
0	0.0
0	0.0
0	0.0
0	0.0
0	0.0
0	0.0
0	0.0
0	0.0
0	0.0
0	0.0
0	0.0
0	0.0
0	0.0
0	0.0
0	0.0
0	0.0
0	0.0
0	0.0
0	0.0
0	0.0
0	0.0
0	0.0
0	0.0
0	0.0
0	0.0
0	0.0
0	0.0
0	0.0
0	0.0
0	0.0
0	0.0
0	0.0
0	0.0
0	0.0
0	0.0
0	0.0
0	0.0
0	0.0
0	0.0
0	0.0
0	0.0
0	0.0
0	0.0
0	0.0
0	0.0
0	0.0
0	0.0
0	0.0
0	0.0
0	0.0
0	0.0
0	0.0
0	0.0
0	0.0
0	0.0
0	0.0
0	0.0
0	0.0
0	0.0
0	0.0
0	0.0
0	0.0
0	0.0
0	0.0
0	0.0
0	0.0
0	0.0
0	0.0
0	0.0
0	0.0
0	0.0
0	0.0
0	0.0
0	0.0
0	0.0
0	0.0
0	0.0
0	0.0
0	0.0
0	0.0
0	0.0
0	0.0
0	0.0
0	0.0
0	0.0
0	0.0
0	0.0
