3	0.18424028866098635
4	0.002356314592955877
5	0.24178285153673182
8	0.01590623381768811
9	0.7625950900310459
10	0.08418783345353509
12	0.2339246597131112
16	0.05758693320172744
17	0.28941559464024585
18	0.009808234599533863
20	0.011377739499259427
24	0.21117241613719312
27	0.3629787865102871
28	0.057582398066584925
31	0.4751810130215321
32	0.23418939504866132
33	0.5555622133045754
36	0.4854611166981027
40	0.010643881199710166
41	0.25455356684675373
43	0.21538042473042898
45	0.23433304564936544
46	0.4616727846996795
47	0.261585051723368
48	0.3094904052462109
49	0.011773520047304482
50	0.2837472755577566
51	0.257423376774374
52	0.2636388716788931
53	0.24293418029925778
54	0.05555473223528732
55	0.005614764453979973
56	0.29602967627302146
57	0.08062167805609252
59	0.317045396081104
62	0.020607453804847752
64	0.30293179379768137
66	0.4807750143203032
67	0.25241489350656193
68	0.29633279861129486
69	0.3036702926508328
71	0.027717147608054514
73	0.03552167726354584
75	0.478450768589748
77	0.061475271495499875
78	0.5121964932779708
81	0.020290017904462693
83	0.2349914639264289
86	0.054977172539481124
87	0.03357400814709913
88	0.013951136425273073
89	0.25647501785187116
91	0.2928598076272544
96	0.028165112068290126
97	0.08121527416444932
98	0.2048705486777503
99	0.013685097856458092
100	0.009802409984700246
101	0.5321682452782143
103	0.2737088161347869
104	0.1661089910316894
107	0.5472780668685253
109	0.01699248297424112
111	0.009274917388220352
112	0.005880947498859146
113	0.46686260484906916
114	0.012863024035079704
115	0.0806506418472681
117	0.027191993152511654
118	0.012851579194223632
120	0.2541429742878866
122	0.2398293631036016
124	0.2451660870874074
125	0.2454296494331277
126	0.7897844938893414
127	0.7937923979825161
129	0.00928895811178632
135	0.21318018861228466
137	0.26348355540622
138	0.24332041696129006
139	0.2515975356494274
140	0.012294802673001967
142	0.0291165684533631
143	0.5268663716914757
145	0.23352337735367673
147	0.013939091096819671
148	0.23802992601791395
150	0.05372162547267357
152	0.019925734485396602
153	0.060236145849939096
154	0.4963390025250723
155	0.22604329338837625
156	0.2269713674751604
160	0.0676359641704184
163	0.2573343982061606
164	0.32025646637078603
166	0.013131241519977348
168	0.199101809736974
169	0.24605121328287072
171	0.5057932850608411
172	0.06160295720082325
175	0.2979275877367145
177	0.2957531204408936
180	0.24637667465831642
183	0.022890336742100226
185	0.17751169155734378
187	0.20685217096489947
190	0.3008137772620679
191	0.24566029733090525
192	0.030854661614557223
195	0.08418557667647522
197	0.195870151441163
198	0.021322661459421532
199	0.036121228579199284
200	0.06535905354623
202	0.23801071792963058
203	0.34357896247750014
204	0.16585630310641702
205	0.16789208967419122
208	0.28032608220117383
209	0.1193464288730173
210	0.04775648456962547
213	0.07290617049038264
217	0.079929944822963
219	0.05373923225984614
220	0.24081613516440192
224	0.23819532406221028
225	0.00935317057680967
229	0.08312063190831225
231	0.224156434655577
237	0.2227354465382439
238	0.003206943268028249
239	0.00981280195298593
244	0.06158297853565408
245	0.24580523011859345
246	0.10063311453785895
247	0.0032069432680282353
248	0.5078738775958728
251	0.07673686116507025
255	0.2038084768850244
257	0.007158121320502107
258	0.0011035144383489057
260	0.19239411906841206
262	0.0013207752142752813
263	0.05769132878203473
264	0.26181810416950047
265	0.24931374174546145
266	0.20453330001363246
270	0.0571991931024828
272	0.23246015617803242
273	0.1997026508104914
274	0.5244428573003367
275	0.46729453662502846
277	0.2502735282173547
278	0.07641481814642048
279	0.2402937341193394
281	0.3317899906801025
282	0.280171440658761
283	0.5052780306431416
284	0.272050225295427
285	0.19150951310920483
287	0.2773029532557015
288	0.050016842875042974
289	0.05464528199040633
291	0.012905646416743057
296	0.01986595725813811
297	0.03494714816613429
298	0.024359902779002865
300	0.40902605354848787
301	0.24702998168746318
302	0.01690530853517792
304	0.02670053804834218
306	0.2602209038135412
307	0.22458058670180403
308	0.027439284781369103
309	0.4897741791738548
310	0.1939761451401575
312	0.05615775690314883
313	0.05694949434375157
314	0.014214360748515134
317	0.5094166762690614
319	0.07133936105561925
322	0.019124908637370024
323	0.25943193429781736
324	0.24215389684345742
326	0.27673179139404913
332	0.22835826294017944
333	0.26278060759723715
335	0.5305448912692428
336	0.2618545207281505
337	0.20183274592294903
341	0.13935895796999356
342	0.04255624278525109
345	0.021444629269328296
346	0.008062658505013722
348	0.3057260004480673
351	0.005980918885766219
353	0.00311996409831395
355	0.046795582450082654
356	0.34295158289402555
359	0.025243347983637116
362	0.006734507680707203
363	0.0026277390074362257
365	0.09261780748066478
366	0.5098393316858648
367	0.22863868459440598
368	0.23724539449442816
369	0.20770252468193087
370	0.0684116860791536
372	0.04221873957654891
375	0.5200220181949831
376	0.2815371562275769
377	0.7543754170043074
381	0.007921806555456774
382	0.004988272237807491
383	0.07440469561528482
388	0.2711149620719328
389	0.015023774230642311
391	0.19471686098937413
396	0.22108429878132912
398	0.0516605401750635
400	0.492532184515155
403	0.23511044819712862
408	0.028006378977025265
411	0.043708117026456585
412	0.5313661681309203
413	0.036122254160197875
414	0.02205321580376776
415	0.24681635554151204
418	0.5132346539232245
419	0.040587348747690086
421	0.23782781603061673
425	0.48692994774992193
427	0.5045941912201922
432	0.2748055329296037
435	0.021914102980313897
436	0.00033949076068933576
438	0.25268215707240604
439	0.21407685745646532
440	0.29669735184152896
441	0.007124582691154246
443	0.07728700636319426
444	0.2407390018659614
446	0.05950394509119627
448	0.17945798140904384
449	0.010301993533300868
451	0.47085238612759883
455	0.023000511380841797
459	0.31916571021511236
461	0.282677932408265
464	0.2905139411635502
465	0.028060784106000464
466	0.023945799189197065
469	0.017869642131160646
470	0.2839196443314582
471	0.4805853999235842
472	0.5201468909506838
473	0.24971149322289982
474	0.01609219808241089
475	0.2694807247242266
476	0.5507501992376798
479	0.05396790366355693
481	0.01417564509671261
482	0.24546285008607954
483	0.26458657978478956
485	0.04352917078848009
488	0.027057363661828752
489	0.48542841752371924
490	0.00707857434801536
492	0.5011403118888438
496	0.030016065197983853
498	0.014873379786647156
500	0.02160600696001469
501	0.024047109679117863
502	0.06837629410151629
506	0.048176768208894646
507	0.5290313209247588
509	0.2652933190162443
511	0.002112860030094907
512	0.512646057420296
513	0.003153846536092464
515	0.5803078759778734
517	0.007925156260075523
518	0.4595169931937807
521	0.022979982309778397
522	0.2699637872688122
523	0.5373069314823296
524	0.058178045824820945
527	0.4619985934273795
528	0.056817308986645665
529	0.2785514116186696
530	0.04814793465476097
533	0.25606697714355225
534	0.29092308397308597
535	0.06689809194805035
536	0.034372142341309614
540	0.5570206539473984
546	0.5085995669349411
547	0.227727427749281
549	0.028226397301227633
550	0.27520462881154223
551	0.0032519727753215696
552	0.24851143496643133
554	0.2526323642468727
556	0.029679022810593477
558	0.035233039588230854
563	0.23265235150292624
565	0.009478066311832414
568	0.00975269308610693
570	0.03381545203355606
571	0.03502465556977165
574	0.0497300203557015
575	0.19981849364384183
576	0.2545622149860391
578	0.2592149234342693
580	0.3127045771299776
582	0.26703007507120924
583	0.29395332830452153
587	0.30334069657717494
589	0.02023988258024774
593	0.30860002768453254
594	0.2650755345369186
597	0.22835001068789393
599	0.05326865153661134
602	0.04401374176988123
604	0.38497113626699486
605	0.08033608119982213
607	0.03320604270671545
608	0.10090844262295158
609	0.12037447458668755
610	0.05273094350737137
611	0.014371191053190058
612	0.00559150572248035
613	0.008959682318263412
614	0.16621594915473592
615	0.002385360181881749
616	0.03358077216938454
618	0.27739259119197696
619	0.2444091480179415
620	0.23874609989560078
623	0.2299677582979145
627	0.015989360174919726
628	0.30706847009149096
630	0.5138159939320864
631	0.02127357934457816
632	0.026535999037907234
634	0.007034250480648322
636	0.48477290026821657
644	0.47034956591836946
648	0.004133748723582846
649	0.18101314495572166
653	0.21200074606798688
656	0.20120122490931583
661	0.03991793208546744
662	0.25617185959552125
663	0.253485987018458
664	0.001726105126168477
670	0.02984333232157701
671	0.2193143186233078
672	0.44954872696277515
675	0.05520795955982824
676	0.004276855537812839
677	0.2640783422435764
679	0.0026924325017226233
680	0.23573657111659344
682	0.021321085374554724
684	0.01065609931361335
686	0.27902027411450525
687	0.24588568797308966
688	0.22901092760854247
689	0.2703760204119728
690	0.03827249002307705
692	0.31872177766739834
694	0.2472891994414067
695	0.5121450943950194
696	0.05599066595573607
698	0.558446778968571
699	0.31002299320643645
700	0.04025593852422586
701	0.04172800159859645
702	0.21287936569742894
703	0.77713740533312
705	0.0004261791301548301
706	0.2289511343466309
708	0.24794389735437342
712	0.245477075924014
713	0.028472639710206575
714	0.2638184653287218
723	0.2909398024094924
725	0.025758008501153035
728	0.088181888204144
730	0.2343397702729563
732	0.4933364219636849
737	0.011344098051492672
739	0.44647675288501987
740	0.05917432603959788
748	0.022431311343951457
750	0.3128695637474835
751	0.03492501050468301
752	0.28080431727354205
754	0.24303239060197765
759	0.22593207636688467
761	0.291878513426961
762	0.2371633475481429
766	0.04327954003156714
772	0.02024129254589202
775	0.5091154731174072
776	0.19935290243850412
777	0.31474916918200696
778	0.5506167559392574
779	0.21666110462355517
780	0.034333950493419384
781	0.48806294761301267
782	0.07187421606688872
783	0.7341814950741814
784	0.047122385819412665
785	0.5400592437605983
787	0.024247847632624744
789	0.28136359124930815
790	0.025139054970579756
791	0.268325176776599
792	0.014845768937050134
794	0.23772569747207042
796	0.004084811429067282
797	0.6992615649970202
798	0.23312358040495146
799	0.5011227946320542
800	0.02686190733218874
802	0.02976234217991436
803	0.03347495288118771
805	0.00952488519842773
809	0.1265371391773357
810	0.003134322736945666
811	0.5313098862125757
812	0.2616994997809527
813	0.3269690666220489
814	0.04088587378611801
816	0.2857015030195393
817	0.26846474566563056
818	0.3192803835983673
820	0.09612081745599554
822	0.010355908276002287
824	0.27212193898510056
825	0.24351248291456237
826	0.06288682645435062
827	0.254547358014869
828	0.014093792877480343
829	0.01885600553906576
831	0.00839651186011476
832	0.2154475281656121
834	0.5356106516924417
836	0.45800537266889957
842	0.0053822941806317345
843	0.04080636819889856
844	0.24420961040549666
847	0.03332169996733669
849	0.028863382780469446
850	0.059852977320732005
851	0.022851194397363852
852	0.052082593688560316
854	0.06405497570605939
856	0.09644578194658938
857	0.07852961898502314
858	0.2598801428031593
859	0.24721908267855042
860	0.014025728843547112
863	0.529606408986194
871	0.45903357236416414
872	0.3000342763784578
873	0.2655825974752283
875	0.2738294284146996
879	0.2688916134189682
880	0.04431252320076275
884	0.5086347414388429
889	0.2792008127068206
893	0.009014140982526411
895	0.016227348088946443
897	0.057013502037879325
898	0.23226707958431358
904	0.026209465699966746
905	0.010675274732983027
911	0.26819668877865377
917	0.20816628780613658
920	0.2566582762756321
923	0.06540910314431228
925	0.27574380143238003
926	0.2774369613628489
927	0.24116519526018224
928	0.0005891529284237154
929	0.35108216007044346
934	0.007856429197017643
937	0.009274917388220366
938	0.554993814539219
939	0.2138998059079198
943	0.0717110284830963
0	0.0
0	0.0
0	0.0
0	0.0
0	0.0
0	0.0
0	0.0
0	0.0
0	0.0
0	0.0
0	0.0
0	0.0
0	0.0
0	0.0
0	0.0
0	0.0
0	0.0
0	0.0
0	0.0
0	0.0
0	0.0
0	0.0
0	0.0
0	0.0
0	0.0
0	0.0
0	0.0
0	0.0
0	0.0
0	0.0
0	0.0
0	0.0
0	0.0
0	0.0
0	0.0
0	0.0
0	0.0
0	0.0
0	0.0
0	0.0
0	0.0
0	0.0
0	0.0
0	0.0
0	0.0
0	0.0
0	0.0
0	0.0
0	0.0
0	0.0
0	0.0
0	0.0
0	0.0
0	0.0
0	0.0
0	0.0
0	0.0
0	0.0
0	0.0
0	0.0
0	0.0
0	0.0
0	0.0
0	0.0
0	0.0
0	0.0
0	0.0
0	0.0
0	0.0
0	0.0
0	0.0
0	0.0
0	0.0
0	0.0
0	0.0
0	0.0
0	0.0
0	0.0
0	0.0
0	0.0
0	0.0
0	0.0
0	0.0
0	0.0
0	0.0
0	0.0
0	0.0
0	0.0
0	0.0
0	0.0
0	0.0
0	0.0
0	0.0
0	0.0
0	0.0
0	0.0
0	0.0
0	0.0
0	0.0
0	0.0
0	0.0
0	0.0
0	0.0
0	0.0
0	0.0
0	0.0
0	0.0
0	0.0
0	0.0
0	0.0
0	0.0
0	0.0
0	0.0
0	0.0
0	0.0
0	0.0
0	0.0
0	0.0
0	0.0
0	0.0
0	0.0
0	0.0
0	0.0
0	0.0
0	0.0
0	0.0
0	0.0
0	0.0
0	0.0
0	0.0
0	0.0
0	0.0
0	0.0
0	0.0
0	0.0
0	0.0
0	0.0
0	0.0
0	0.0
0	0.0
0	0.0
0	0.0
0	0.0
0	0.0
0	0.0
0	0.0
0	0.0
0	0.0
0	0.0
0	0.0
0	0.0
0	0.0
0	0.0
0	0.0
0	0.0
0	0.0
0	0.0
0	0.0
0	0.0
0	0.0
0	0.0
0	0.0
0	0.0
0	0.0
0	0.0
0	0.0
0	0.0
0	0.0
0	0.0
0	0.0
0	0.0
0	0.0
0	0.0
0	0.0
0	0.0
0	0.0
0	0.0
0	0.0
0	0.0
0	0.0
0	0.0
0	0.0
0	0.0
0	0.0
0	0.0
0	0.0
0	0.0
0	0.0
0	0.0
0	0.0
0	0.0
0	0.0
0	0.0
0	0.0
0	0.0
0	0.0
0	0.0
0	0.0
0	0.0
0	0.0
0	0.0
0	0.0
0	0.0
0	0.0
0	0.0
0	0.0
0	0.0
0	0.0
0	0.0
0	0.0
0	0.0
0	0.0
0	0.0
0	0.0
0	0.0
0	0.0
0	0.0
0	0.0
0	0.0
0	0.0
0	0.0
0	0.0
0	0.0
0	0.0
0	0.0
0	0.0
0	0.0
0	0.0
0	0.0
0	0.0
0	0.0
0	0.0
0	0.0
0	0.0
0	0.0
0	0.0
0	0.0
0	0.0
0	0.0
0	0.0
0	0.0
0	0.0
0	0.0
0	0.0
0	0.0
0	0.0
0	0.0
0	0.0
0	0.0
0	0.0
0	0.0
0	0.0
0	0.0
0	0.0
0	0.0
0	0.0
0	0.0
0	0.0
0	0.0
0	0.0
0	0.0
0	0.0
0	0.0
0	0.0
0	0.0
0	0.0
0	0.0
0	0.0
0	0.0
0	0.0
0	0.0
0	0.0
0	0.0
0	0.0
0	0.0
0	0.0
0	0.0
0	0.0
0	0.0
0	0.0
0	0.0
0	0.0
0	0.0
0	0.0
0	0.0
0	0.0
0	0.0
0	0.0
0	0.0
0	0.0
0	0.0
0	0.0
0	0.0
0	0.0
0	0.0
0	0.0
0	0.0
0	0.0
0	0.0
0	0.0
0	0.0
0	0.0
0	0.0
0	0.0
0	0.0
0	0.0
0	0.0
0	0.0
0	0.0
0	0.0
0	0.0
0	0.0
0	0.0
0	0.0
0	0.0
0	0.0
0	0.0
0	0.0
0	0.0
0	0.0
0	0.0
0	0.0
0	0.0
0	0.0
0	0.0
0	0.0
0	0.0
0	0.0
0	0.0
0	0.0
0	0.0
0	0.0
0	0.0
0	0.0
0	0.0
0	0.0
0	0.0
0	0.0
0	0.0
0	0.0
0	0.0
0	0.0
0	0.0
0	0.0
0	0.0
0	0.0
0	0.0
0	0.0
0	0.0
0	0.0
0	0.0
0	0.0
0	0.0
0	0.0
0	0.0
0	0.0
0	0.0
0	0.0
0	0.0
0	0.0
0	0.0
0	0.0
0	0.0
0	0.0
0	0.0
0	0.0
0	0.0
0	0.0
0	0.0
0	0.0
0	0.0
0	0.0
0	0.0
0	0.0
0	0.0
0	0.0
0	0.0
0	0.0
0	0.0
0	0.0
0	0.0
0	0.0
0	0.0
0	0.0
0	0.0
0	0.0
0	0.0
0	0.0
0	0.0
0	0.0
0	0.0
0	0.0
0	0.0
0	0.0
0	0.0
0	0.0
0	0.0
0	0.0
0	0.0
0	0.0
0	0.0
0	0.0
0	0.0
0	0.0
0	0.0
0	0.0
0	0.0
0	0.0
0	0.0
0	0.0
0	0.0
0	0.0
0	0.0
0	0.0
0	0.0
0	0.0
0	0.0
0	0.0
0	0.0
0	0.0
0	0.0
0	0.0
0	0.0
0	0.0
0	0.0
0	0.0
0	0.0
0	0.0
0	0.0
0	0.0
0	0.0
0	0.0
0	0.0
0	0.0
0	0.0
0	0.0
0	0.0
0	0.0
0	0.0
0	0.0
0	0.0
0	0.0
0	0.0
0	0.0
0	0.0
0	0.0
0	0.0
