1	0.05351177689264596
2	0.07504332748782302
4	0.2727747900709896
6	0.27286913105143557
7	0.25473803380893006
8	0.03720587859131056
11	0.29720744670008487
13	0.2855909153888214
15	0.3324870194286888
16	0.016859778560126458
17	0.03318759205695713
18	0.3026218135560571
19	0.007910655163187414
20	7.021272512482135e-05
21	0.3177878698436452
22	0.7622620613720863
23	0.2688501435940782
26	0.5606373894158151
28	0.02834093570138858
29	0.5015434559266522
30	0.23971080704239373
31	0.01721910285615932
32	0.05243787721611187
34	0.4414794371718506
37	0.32344767164000005
38	0.04625779015136073
39	0.30784289672251364
40	0.06464951711028832
44	0.3132282206064197
45	0.026500008272710554
46	0.28233676997901724
47	0.2951684648441189
49	0.020048193596416946
50	0.4258733829132763
53	0.06771246569741576
54	0.03065588732110576
55	0.03265794770696327
56	0.2308123678809383
60	0.05766574355442332
63	0.23416529331381367
64	0.5112124741570625
65	0.03977639343745972
66	0.02636717428896062
67	0.25169046856861793
68	0.24565398162028917
69	0.04842973867949002
70	0.020854141885848852
71	0.04591363422672087
72	0.02511394640202022
73	0.011636790127227285
74	0.5403559521808412
75	0.055905982834862214
76	0.02555611680760228
78	0.026418331452728008
79	0.019005656390577275
80	0.30856333936421243
81	0.01548524924523969
82	0.2613909301696522
84	0.26784380499329985
85	0.2701266247120589
87	0.03189528804289149
88	0.27081828954640175
90	0.28484299483251824
92	0.5140990942149439
94	0.4958968596337784
95	0.24683756783992453
96	0.2904210405789051
98	0.3013372068270482
100	0.0024056851898188562
102	0.2532195895502313
103	0.3212630522090567
104	0.37361528832469326
105	0.353305297225477
107	0.05216016888613473
108	0.314950819381669
110	0.01533010966615745
111	0.08034721754057718
112	0.2855786953650093
113	0.2970423285352171
114	0.061130743008157365
115	0.2654130161583699
116	0.18483868880947346
117	0.4873395595036754
118	0.007557975945022291
119	0.256491345434883
122	0.019566722549491558
128	0.016831794507834834
129	0.2324640817324677
130	0.4889700864854786
131	0.031782793428035555
132	0.31525643599613706
133	0.2867398785905269
135	0.27362776359618074
136	0.30226213023790843
137	0.0398462699752722
139	0.03216456403204928
140	0.30435966094063827
142	0.49125659298787294
144	0.025995011053677988
146	0.24276431252078656
148	0.06026990727852844
149	0.559424590213447
150	0.02023076547530086
152	0.005528557398245464
153	0.14435937356078613
154	0.001230457917883343
155	0.21308123007685872
156	0.03340336770696135
157	0.2419406800833361
158	0.24812059472724485
160	0.24280225002440128
161	0.19760334634367688
162	0.012838577020723524
163	0.04501710675700194
164	0.02271800910109592
165	0.028359045823875398
166	0.006649510282400489
167	0.23705176862133887
171	0.055407175749765544
172	0.2900487302476049
173	0.5248337526038133
174	0.5369011259118641
176	0.27797505302931436
177	0.050312732081642275
178	0.011846902590996043
179	0.018986013109959066
180	0.05563183738698924
182	0.013101938320632434
183	0.21574065544747
184	0.06958794044001623
185	0.026901445557795483
187	0.03393276030429478
188	0.05800078797203218
189	0.04811340127249086
190	0.016912644270929596
192	0.3192800694313684
193	0.027242663423994923
194	0.2469389852455519
195	0.5161062009397487
196	0.2716337776781731
198	0.2194278278013457
199	0.03880371257585115
200	0.3054406639488506
201	0.04141341417349244
204	0.2605126176610487
207	0.29435024906465646
208	0.2769224537240981
210	0.2923999714866588
211	0.2485922064054093
212	0.26933784708069275
213	0.5072820601761138
214	0.5324772178746658
215	0.48561218480441276
216	0.5352414581061502
217	0.28458925834387444
218	0.00637830730295582
219	0.014098275627183646
220	0.19701302514466312
221	0.26271612799262395
222	0.005796219536995266
223	0.22918309481050655
225	0.4899660564013238
227	0.5461406097016093
229	0.024237057470200864
230	0.02883004055841433
231	0.02860797928565505
233	0.03566707461400584
234	0.2810041943124479
235	0.027151147431554806
236	0.04571371892260937
237	0.25315658402934127
239	0.3057080156548045
240	0.32258210251825437
241	0.07364013279902518
242	0.028429548861449896
244	0.2652973576445727
247	0.04372104397567049
248	0.07061063863037205
249	0.514625427996605
250	0.2483302192453991
252	0.001653460081528741
254	0.005415664990129642
255	0.15588085577182617
257	0.022785381948867013
259	0.5415134098074147
260	0.024863922252147914
261	0.049432581551883986
262	0.5133817931155399
263	0.50457397099122
264	0.02434452137467228
266	0.5247899922743856
267	0.06626113597713693
268	0.0706365972732833
270	0.2744979925729047
271	0.0650980872581024
272	0.059720530402105655
273	0.07865768453679609
276	0.5282087660571523
277	0.25770449199971796
278	0.03053001467926608
280	0.533370696403279
282	0.2646603076251692
284	0.3095745452920795
285	0.0683129537955059
286	0.2520980271453562
287	0.2803012227627317
288	0.009081027005556103
290	0.252691125300719
291	0.2614236682414836
292	0.02040534584006525
293	0.05202831806078692
295	0.7718411090644914
296	0.012014675091231494
297	0.040247223610195025
299	0.05466878620424331
301	0.017903751764172943
303	0.30390505649915467
304	0.01411331053228046
308	0.05142021646546007
315	0.5552382938303184
316	0.002629698519550791
317	0.28176723999368025
318	0.7317012481971727
319	0.28473858558150034
320	0.25973303151547866
324	0.019998983575095823
325	0.5255036426913947
327	0.01066592480508069
328	0.23916470330575929
329	0.0638918485768841
330	0.02364411660267882
331	0.0863375659812084
332	0.06577602600858579
333	0.24366454049935848
334	0.31191364615839734
338	0.2696284138939833
339	0.27122360493225606
341	0.5774651170912166
342	0.009694722454707753
343	0.2800105464518548
344	0.28183623574649963
345	0.237549140360493
347	0.031727291133959626
349	0.32290574131852845
350	0.0020813828314388758
351	0.28796281070407687
352	0.27687136766942133
353	0.33249463793423256
354	0.528405311916377
355	0.2761479789675965
357	0.2878498835877307
359	0.0017798772100914226
360	0.3065673285569918
361	0.04935434143412291
362	0.344932714167671
364	0.5086282212821188
366	0.2739736915612886
367	0.2859199145534753
368	0.03968581447730933
369	0.04347651756748863
370	0.3058349829323412
371	0.29714153002238514
372	0.009694681268975713
375	0.2569452963096655
376	0.01705387301557734
377	0.03530342104857063
378	0.29416290475461904
379	0.2802671484861
380	0.07079566635983643
381	0.28024370829220924
382	0.02207411965129938
383	0.002443177054338226
384	0.5393239438840075
386	0.052371466088988294
387	0.08325446689016464
389	0.07158465304635629
390	0.040510020826097615
391	0.02259152846537138
392	0.7604282851361647
394	0.5460629290737059
395	0.27398673787817696
397	0.2994890212391939
399	0.5162960058739984
402	0.009978293008537815
404	0.26995712268345584
405	0.331156869619939
406	0.047597243455110835
407	0.5147852541235999
408	0.3486709452198362
409	0.0636839791296804
410	0.010221292256074838
411	0.017123512829486147
412	0.2565908029157523
413	0.2542488087988699
414	0.3486709452198362
415	0.26560679558920913
416	0.07616698272237848
417	0.5202214791333195
419	0.2898296474275623
420	0.3111840187774366
421	0.023013408715278214
422	0.04114394205007475
423	0.2883270489759833
424	0.47475944495141104
425	0.10877696039446189
426	0.301565355251049
427	0.014190280606170828
429	0.27265439005949765
430	0.27791359905077745
432	0.2651967526606671
433	0.528930878558334
434	0.043036064713204716
435	0.0031620955673785645
436	0.54988640112007
437	0.01001563716268098
438	0.0343034933064031
439	0.06161162267116284
440	0.032834894762485536
442	0.5586431691289787
443	0.264981790453791
444	0.03257625193796616
446	0.01753430558631921
447	0.03114476519660371
448	0.10913052459809414
449	0.4687103543455164
450	0.26078564966992696
453	0.47090130910842926
456	0.2753613947430637
457	0.03822940016775883
458	0.0507356914607586
460	0.539231716609425
461	0.30847924058548887
462	0.26928717918253237
463	0.2907572578201012
464	0.5325878318071662
465	0.25752557401646214
466	0.2789510324470231
467	0.025061204778666756
468	0.04041810227164626
469	0.04753173588780092
470	0.006209618225550148
472	0.02517607494215459
474	0.28166308973010373
477	0.29081134713945844
478	0.28674495510642933
479	0.2912997959017144
480	0.010962124329464244
482	0.006474565544024761
483	0.011337497678160894
484	0.2894015460345301
485	0.17245932866868577
486	0.011051276114448717
487	0.2592155809591648
488	0.045783944813213046
490	0.050394541648557695
491	0.05220778540948863
495	0.030130415747309687
496	0.510241290353087
497	0.2510858367636853
499	0.28803442857391115
500	0.0645307367809688
501	0.00821001935354293
503	0.017620526972009543
507	0.28007070757276636
508	0.01610109167281447
509	0.11414669196017199
510	0.5277028945033406
511	0.03233383588679537
514	0.06491512765264523
517	0.019004513790071672
519	0.520393717950746
520	0.4294209623598889
521	0.23473400648577147
522	0.029340426015290022
524	0.29096385828584653
525	0.1840272825671112
526	0.057325242161479044
528	0.025525459869861752
529	0.019813164585890376
530	0.027178921946879264
531	0.5263114712009912
532	0.3040955042150074
535	0.07663617352253191
536	0.03576467079718203
537	0.5252530912658149
540	0.007388563635022501
542	0.22035808385698125
543	0.05021424669556871
544	0.56548621940886
545	0.012119535425184388
546	0.01663781247241735
547	0.3028851067745056
551	0.022205913822443274
552	0.26883961195668976
553	0.04970646985069172
554	0.0017002880096588895
555	0.25175496269933617
556	0.2653551958535598
557	0.512814560000303
558	0.2529193302844531
560	0.2938911121422177
561	0.3350430800241032
562	0.0008601685775397952
563	0.027366688875043833
564	0.26179781520258677
566	0.5316321529810031
567	0.2716320655976923
568	0.2635001350623025
569	0.2763772894485317
570	0.5540559327034926
571	0.045484382627893186
573	0.29398205631871527
574	0.5273279491802232
578	0.000797170009857115
580	0.01411858222119624
581	0.007195059497157853
582	0.0903209255398989
584	0.02231261758682123
586	0.021300043008528734
587	0.3027863359303056
590	0.21849992109764768
591	0.037445127397540044
593	0.007479592303295649
594	0.04889860615811338
595	0.2151872916027301
598	0.5121755142306137
600	0.09414796820988522
602	0.2527551087654313
603	0.5189619403583162
605	0.005999342687457297
606	0.05797972680452165
608	0.24193470997980907
609	0.1437637747024982
610	0.26706638561802964
611	0.026943882954762823
612	0.006987068603165669
615	0.039769933445399704
616	0.2915686452014006
620	0.01168843343558382
622	0.7591122499780255
624	0.7774122515131778
626	0.5623649577857317
627	0.013802921929067465
628	0.040510020826097615
629	0.2480851296469938
631	0.534509565982378
632	0.007758293507374052
634	0.29263923253069246
635	0.2916450044520611
636	0.017396760735032813
638	0.2897803308927858
639	0.31254691376396604
640	0.02124192784233555
641	0.27863162268970576
642	0.01569009313441483
645	0.040530673600671675
646	0.008529841964394509
647	0.2370382350923888
650	0.03248231020437957
651	0.06802228246313881
652	0.27195919792276047
655	0.26743256327421977
656	0.2292220121959452
657	0.017811829306336485
658	0.2592119249379519
659	0.46838278266264755
660	0.025947740691937927
661	0.2974696070174216
662	0.30726998266456934
663	0.044580730536596766
664	0.2936103494182272
665	0.4979349768742643
666	0.31000052691411073
667	0.2614111754858821
668	0.09134385405399115
669	0.05071256662883596
670	0.3150816942609247
671	0.2738910646393859
672	0.06633090630771397
674	0.2967167498589141
675	0.06275514696561038
676	0.2800077322343977
679	0.2813371200841566
681	0.3049639593775326
682	0.03338569827393427
683	0.30190726940360296
686	0.2913361587658284
687	0.28762795518228806
688	0.058200065972780136
691	0.253086598550438
693	0.2615943529428273
695	0.25528362966259055
696	0.29300829451246996
697	0.32622500089466233
699	0.27366716098430344
701	0.03295769066591697
704	0.050940778618247404
705	0.005047295983413889
707	0.273747360985636
709	0.007659526551041941
710	0.29823047045761714
711	0.5131807568624416
712	0.0069499722768103026
713	0.3390703743565184
715	0.009380187009496384
716	0.2362888595696541
718	0.003442059181352229
720	0.2907229847772918
725	0.2773147134210203
726	0.07637221903771575
727	0.5342989210331228
728	0.0884357927068779
729	0.23993098167844176
731	0.263994764234431
733	0.2966733481369848
734	0.01591349213167374
736	0.01601534436430913
737	0.30435877129889793
738	0.32731431408582795
740	0.3371752103170764
741	0.04108736067867079
742	0.2698349659914111
743	0.554170815388706
745	0.26867738158592436
746	0.2678552004921685
748	0.04810155036421822
749	0.0006799027148082087
752	0.11091369177812516
754	0.27316751438117814
756	0.2338889366092337
757	0.0851475954963978
760	0.2531061660598266
763	0.006742389467982536
764	0.044706106193945175
765	0.04214149434315085
766	0.07830185520569347
767	0.24800480015856685
770	0.47710539384734013
771	0.017561321366203954
772	0.08213911331029393
773	0.2738393639047157
776	0.029090429691668057
780	0.04314088605476626
781	0.07335594079378466
783	0.08430270086686233
784	0.06116323817669046
786	0.27485462305834585
787	0.30155601208368626
788	0.5138453356768506
789	0.014425283704332686
790	0.3212270906699566
791	0.003069050579996603
792	0.02161115228907439
794	0.2556591806328965
795	0.5502647148444306
796	0.045693116029391884
800	0.01102661224829335
801	0.03300619782354722
803	0.227399610171697
805	0.25612297561778463
806	0.2827199645686117
807	0.5215637510471806
808	0.5503882265513559
809	0.2792916986312818
810	0.2797960317076067
813	0.009403161000218041
814	0.5377516536834338
815	0.5015476956009288
816	0.2922348727137804
817	0.0253736281792672
818	0.26165180909854735
819	0.07276189472763567
820	0.37855440223006986
821	0.2846847748153489
822	0.023304476553822888
823	0.2585380262249939
824	0.001929268770995092
826	0.31023624333951766
827	0.07959419041681091
828	0.3242300250453089
829	0.011026612248293363
830	0.2822255777812087
832	0.2641384467527243
833	0.02114558399078957
835	0.5120971000159339
836	0.08013956082378924
837	0.025649886951820286
838	0.2724746250613421
840	0.05824813488685421
841	0.27479831082995704
842	0.3110518151875801
843	0.04944416160800194
844	0.26903251475423356
845	0.20492387797501385
846	0.039504618593603644
847	0.021940969580851115
848	0.28363295160280944
850	0.00637767675632063
851	0.29138791494676985
852	0.0015022337075043593
853	0.08463460578699344
854	0.24905926003292633
856	0.025642643058572542
857	0.23353918934480083
858	0.018204824997547137
859	0.2922550320629627
860	0.5363633973966898
861	0.48179654596553395
862	0.2841272251276267
865	0.37645258906634216
866	0.4491539860483179
867	0.05999719449608107
868	0.316619943033149
869	0.03145003803092619
870	0.2981336128813274
871	0.08126640936566285
873	0.22303566787930393
874	0.5113197973905358
876	0.008666143934037734
878	0.01555594137116973
879	0.2974654288863201
880	0.29662860503437105
881	0.05642551439590564
882	0.3055796383882588
883	0.05332531234569566
886	0.05856845887707144
887	0.032124052405513775
888	0.01586794430824362
889	0.017546043192784862
890	0.2933898684440541
891	0.52107475732699
892	0.30649180668592085
894	0.022790151682976614
896	0.28171907804109736
897	0.011086689867149918
898	0.5737169441635528
899	0.29382159472852565
902	0.029826631275270958
903	0.03402503369710394
904	0.2780187608919673
905	0.35655861804675315
906	0.4946528373936466
907	0.4681571821898611
908	0.29542434168151355
909	0.23219915686977152
910	0.1975198166352992
912	0.28543614116974403
913	0.312313160501265
914	0.22595273304930386
915	0.3111511945471214
916	0.4674126917169184
917	0.5389635691033825
918	0.07651657394673521
919	0.5325457432462933
920	0.2465657682474907
921	0.040403626519165264
923	0.2630594335014909
925	0.027211570936307966
926	0.279460930755952
928	0.028231719109230623
929	0.24245862249205308
930	0.048764470114364314
931	0.5148431309633067
932	0.06644483712335662
933	0.3044470632084267
934	0.2914295208628531
935	0.02539143790854146
936	0.024907428595890384
938	0.037770794349209075
939	0.2609602269843193
940	0.25726847907118944
941	0.010292754816797225
942	0.05877529532359704
943	0.2826026608521108
0	0.0
0	0.0
0	0.0
0	0.0
0	0.0
0	0.0
0	0.0
0	0.0
0	0.0
0	0.0
0	0.0
0	0.0
0	0.0
0	0.0
0	0.0
0	0.0
0	0.0
0	0.0
0	0.0
0	0.0
0	0.0
0	0.0
0	0.0
0	0.0
0	0.0
0	0.0
0	0.0
0	0.0
0	0.0
0	0.0
0	0.0
0	0.0
0	0.0
0	0.0
0	0.0
0	0.0
0	0.0
0	0.0
0	0.0
0	0.0
0	0.0
0	0.0
0	0.0
0	0.0
0	0.0
0	0.0
0	0.0
0	0.0
0	0.0
0	0.0
0	0.0
0	0.0
0	0.0
0	0.0
0	0.0
0	0.0
0	0.0
0	0.0
0	0.0
0	0.0
0	0.0
0	0.0
0	0.0
0	0.0
0	0.0
0	0.0
0	0.0
0	0.0
0	0.0
0	0.0
0	0.0
0	0.0
0	0.0
0	0.0
0	0.0
0	0.0
0	0.0
0	0.0
0	0.0
0	0.0
0	0.0
0	0.0
0	0.0
0	0.0
0	0.0
0	0.0
0	0.0
0	0.0
0	0.0
0	0.0
0	0.0
0	0.0
0	0.0
0	0.0
0	0.0
0	0.0
0	0.0
0	0.0
0	0.0
0	0.0
0	0.0
0	0.0
0	0.0
0	0.0
0	0.0
0	0.0
0	0.0
0	0.0
0	0.0
0	0.0
0	0.0
0	0.0
0	0.0
0	0.0
0	0.0
0	0.0
0	0.0
0	0.0
0	0.0
0	0.0
0	0.0
0	0.0
0	0.0
0	0.0
0	0.0
0	0.0
0	0.0
0	0.0
0	0.0
0	0.0
0	0.0
0	0.0
0	0.0
0	0.0
0	0.0
0	0.0
0	0.0
0	0.0
0	0.0
0	0.0
0	0.0
0	0.0
0	0.0
0	0.0
0	0.0
0	0.0
0	0.0
0	0.0
0	0.0
0	0.0
0	0.0
0	0.0
0	0.0
0	0.0
0	0.0
0	0.0
0	0.0
0	0.0
0	0.0
0	0.0
0	0.0
0	0.0
0	0.0
0	0.0
0	0.0
0	0.0
0	0.0
0	0.0
0	0.0
0	0.0
0	0.0
0	0.0
0	0.0
0	0.0
0	0.0
0	0.0
0	0.0
0	0.0
0	0.0
0	0.0
0	0.0
0	0.0
0	0.0
0	0.0
0	0.0
0	0.0
0	0.0
0	0.0
0	0.0
0	0.0
0	0.0
0	0.0
0	0.0
0	0.0
0	0.0
0	0.0
0	0.0
0	0.0
0	0.0
0	0.0
0	0.0
0	0.0
0	0.0
0	0.0
0	0.0
0	0.0
0	0.0
0	0.0
0	0.0
0	0.0
0	0.0
0	0.0
0	0.0
0	0.0
0	0.0
0	0.0
0	0.0
0	0.0
0	0.0
0	0.0
0	0.0
0	0.0
0	0.0
0	0.0
0	0.0
0	0.0
0	0.0
0	0.0
0	0.0
0	0.0
0	0.0
0	0.0
0	0.0
0	0.0
0	0.0
0	0.0
0	0.0
0	0.0
0	0.0
0	0.0
0	0.0
0	0.0
0	0.0
0	0.0
0	0.0
0	0.0
0	0.0
0	0.0
0	0.0
0	0.0
0	0.0
0	0.0
0	0.0
0	0.0
0	0.0
0	0.0
0	0.0
0	0.0
0	0.0
0	0.0
0	0.0
0	0.0
0	0.0
0	0.0
0	0.0
0	0.0
0	0.0
0	0.0
