1	0.2821195464440177
2	0.048923837061632995
5	0.0744783498863105
6	0.04111557237237014
7	0.050986287374550396
8	0.035509912747372765
10	0.2651417438393823
13	0.34085479861749224
14	0.5198037022040626
16	0.02773765893753978
18	0.016820960201375877
19	0.0838844764728403
21	0.3273152665930934
22	0.05966442954256044
23	0.01580361508419908
24	0.039847880824800876
26	0.3123678280779634
29	0.047404414688311886
31	0.027969924887521883
35	0.026591418296039282
37	0.01399750253147887
38	0.5123592229157851
41	0.27184864866312686
42	0.2998782032254792
43	0.30874596710370195
44	0.06432398261803521
45	0.047916793235953915
49	0.2745513820154413
51	0.04292973419655356
52	0.01993206036904823
54	0.03573543387247744
58	0.07678302782915264
59	0.030815212428433575
60	0.028438144153314554
62	0.2595820227361401
63	0.2749022899520074
72	0.02318925976996801
73	0.028333048529483366
76	0.07522197225657734
77	0.0570443857993823
79	0.29042708092139724
81	0.035415495373329185
82	0.26073298859105076
85	0.5077044995955555
86	0.0010143312554867986
87	0.24166433287737152
88	0.03862118272929584
89	0.2686656645708754
90	0.2688059177400011
92	0.2721145065211163
93	0.11678466078398461
94	0.2965297356063012
95	0.017295089997555607
96	0.029101754500321056
97	0.01169687052904294
99	0.2831452332227164
102	0.06070898671531544
109	0.016009197416487958
110	0.020099645910574504
111	0.05867769240833875
114	0.2946284702348479
116	0.3435385115914659
118	0.01977548303466939
119	0.031065990906744417
120	0.27144379030617016
121	0.4798126778326685
123	0.559430185824394
125	0.052023696246298184
129	0.057105012132676616
130	0.03680861417886837
134	0.34400370845428646
136	0.03885245467171998
138	0.04922959089195632
140	0.014858948003764978
144	0.27986810808164064
145	0.09286633533646446
147	0.06364876848964088
149	0.04840203576190547
151	0.2782540637763428
156	0.041270741768424615
158	0.047112923743684997
160	0.2687133258962447
162	0.06870220924000384
165	0.058610817722806366
167	0.29596425079330535
168	0.05568931585249816
174	0.005423571522145516
175	0.049367233533684156
177	0.021746461149197926
178	0.2998495991935585
179	0.2595811234540926
182	0.25658951339270736
184	0.5127439497915959
188	0.28699590398399294
189	0.49149914565673547
193	0.5213757831679577
194	0.04910260816784423
197	0.1160016451683474
198	0.083543603643281
200	0.04437084709365406
201	0.23638574594037498
207	0.04003324472032072
209	0.37246513259836167
211	0.04587793195481459
212	0.03953714880792374
214	0.2625880374455478
215	0.03859775052116867
216	0.04022032597247186
218	0.30402760386148087
221	0.03134011703526117
222	0.2959068185344828
223	0.05076645495989745
226	0.5306192865919387
228	0.20768622774124879
230	0.022891254126752955
232	0.28749267458719274
233	0.028627450685185928
234	0.2812277414782047
235	0.5125395793930122
236	0.7390604742348594
237	0.04687125221221124
238	0.0480819343998992
239	0.04440239392659249
240	0.04595722427910525
243	0.26123160334064405
244	0.03627395328491896
246	0.037008723343198796
247	0.009940820590799544
249	0.2801795792786196
250	0.059357692047444566
251	0.25850282364946914
252	0.29176167694205535
253	0.3004340208501811
256	0.5488201290932797
259	0.009460746505248613
265	0.05862404139292356
267	0.5474946835013487
268	0.3150415136777634
269	0.5189493354399003
270	0.029528444822495323
271	0.52125486020424
276	0.29341001832915614
280	0.2612476138511131
286	0.036495259020144596
288	0.018832211332746346
292	0.24571978923584198
293	0.5392874185266036
294	0.33306511868498573
295	0.029898113725277627
296	0.03958498745589328
297	0.02649373340241084
298	0.2771337267157169
299	0.31587368518215786
301	0.04574493382506553
303	0.282490395984332
305	0.5540824614972217
307	0.052072963448531
308	0.28932334639869894
310	0.053161915000501776
311	0.05385920621575789
312	0.022984643533297718
313	0.027171649108867844
314	0.29133568813651656
316	0.20976148593372385
320	0.284258118714993
321	0.552862827348111
322	0.033236705022206825
323	0.28030639905586846
324	0.02173094542921549
325	0.2841430687980665
326	0.2846246324933391
327	0.536393466542674
328	0.5192050665608187
329	0.2780892012285686
330	0.02209111818562147
332	0.2852774075295964
334	0.26058029657620774
337	0.06590806985304948
339	0.2730905858156468
340	0.03271880271000354
342	0.5169371047673067
343	0.2618455421018827
344	0.5464244555335733
347	0.2939749716183624
348	0.035234699552330745
350	0.0494351580471334
352	0.04680485507206779
357	0.02350499194969724
358	0.07751425032217216
359	0.03904594330672463
360	0.5249374674471446
361	0.24501822919120814
362	0.07650348133278148
363	0.5345835642239015
365	0.02718641114739922
367	0.053324787697885206
371	0.00901053511598833
373	0.5226688552460882
374	0.5532766295554897
378	0.535023375420389
379	0.01496648260283169
380	0.2913144563135589
381	0.022011144681965043
382	0.05077013777018677
383	0.021617220989768496
385	0.5262075159322985
386	0.05728853517965325
387	0.2711878080492942
388	0.04732441676486308
389	0.2722188138293597
390	0.26682131493541233
391	0.047037497270648904
392	0.021841809093655948
393	0.050810641249589644
394	0.28043423430520753
395	0.3113210783556636
397	0.28543558465247304
398	0.27336776025467474
399	0.03921259098132171
402	0.30731240780805524
403	0.02664900368029452
404	0.061608876360261605
406	0.748179966418355
407	0.024959281615563336
409	0.2895976806579217
410	0.04994123242596132
411	0.024951245247024308
414	0.037107885253240866
416	0.5377717842152824
417	0.29025040204791813
420	0.0436417304010971
421	0.038312550592803744
423	0.28217844325852615
426	0.040284238864633184
428	0.2696513042133549
429	0.30302253202209245
430	0.034261547683229795
433	0.08133843262253967
435	0.043921572054173436
437	0.014825034917165317
438	0.016976519267237103
441	0.2738298317800633
442	0.2633604987091029
445	0.37379541433803576
447	0.5403189617113819
448	0.05080850997825424
450	0.032520586209424274
452	0.0406855627831992
453	0.044627047179467
454	0.2765916038378324
455	0.2653046576141238
456	0.26522806606243815
457	0.7605329685460396
458	0.5170552969264578
459	0.015993772116759404
460	0.01983919286204333
463	0.07230285288545091
466	0.03494232974618342
467	0.2637697731544917
468	0.27567638979439135
469	0.020000529531144375
474	0.023761167411312664
478	0.014008495100552902
479	0.28323612909552065
480	0.3089114024218943
481	0.06044148846538043
484	0.016137722780517498
485	0.27769622569893304
486	0.5173232648706794
487	0.28203538299863884
488	0.2806955150423709
490	0.27050125001312203
491	0.061590912079576766
493	0.5057197851664897
495	0.2926677965308037
496	0.07614640846630533
497	0.04668876671361231
498	0.29511756677062
500	0.3037099780317791
501	0.03777294420347091
503	0.2808494022446277
504	0.2671803512625355
505	0.04350942343150879
506	0.5354331672055948
508	0.0532274492447413
509	0.08388645978068218
512	0.04724439287276204
513	0.06056116245607207
514	0.49208411374121247
517	0.04275890516093663
519	0.02790142769086386
521	0.047176128269666245
523	0.018753053910325425
524	0.28153372106931485
525	0.3334095595869396
526	0.37903932706989407
527	0.08653545890488885
528	0.27681192497310914
531	0.055719787482721446
532	0.5302110616801053
533	0.02105463768430911
534	0.022834853326242667
535	0.22149690481344342
536	0.2627629313091413
537	0.27823694892190964
538	0.31737531266158836
539	0.096328415076301
541	0.26657315616481814
542	0.28354079559808615
543	0.023388481392627204
544	0.10664183468201927
548	0.0807755702713907
549	0.0853973088281006
551	0.05896150402239969
553	0.275308406736194
556	0.02208902704704862
557	0.27065617221780963
560	0.2825275251759384
561	0.28135283108549325
567	0.29093813447880557
568	0.01717720291900135
569	0.5111014048919256
571	0.026921206376581325
573	0.2712652090930987
576	0.27908128322584075
577	0.5452770944304853
579	0.32434514496702194
581	0.2734829789430823
582	0.012236584113973756
584	0.2787208329787447
585	0.07368361178588516
586	0.01556444081184738
588	0.29628015941439156
589	0.08886616332601094
590	0.04855096841487789
591	0.01706593400426326
592	0.5283193795183999
595	0.3121993551355633
598	0.010280354387540727
599	0.03549822608900958
600	0.30281704067397364
601	0.0924761280342101
602	0.029041126350680103
603	0.0889847082046298
605	0.26380254684012006
606	0.7650798187320131
607	0.004399634501152501
613	0.26855752243990444
614	0.35254762548281593
615	0.041096905011714785
616	0.02444517545721489
617	0.5448980107835064
618	0.040090040103597326
619	0.042706921849353555
621	0.07285871279809858
622	0.039815831678704415
623	0.06976875600669032
625	0.2900539333755781
626	0.07236731272664393
627	0.2789781928719849
629	0.01907887635612706
634	0.0398572191789578
635	0.27627784819452855
637	0.5700402220868531
639	0.05243410689212875
640	0.0430467093894416
641	0.24459357785277308
645	0.259316238970265
646	0.07573080791219122
647	0.2902504107315965
648	0.048014417988885075
649	0.07255942853294661
650	0.2579432347652362
651	0.05858610285345961
653	0.06423306620393089
654	0.2934704324168495
655	0.020132019841129146
657	0.2944978171889886
658	0.29963330243109315
659	0.30534977642739936
660	0.041225757039160246
661	0.2573640359250049
664	0.03431719747328125
665	0.28540783748644555
666	0.2752772002887437
668	0.31891724544182376
669	0.5591979362042974
674	0.0016948917504464173
676	0.29774476103878544
678	0.3053042894516907
679	0.023232872584313516
680	0.29173486568608203
682	0.5221869295147834
683	0.4923339835165619
684	0.2813200728368284
688	0.021483735411987726
690	0.0508722179720852
691	0.04858154617290411
692	0.023197260039388663
693	0.5419028623648059
694	0.03129756299294706
696	0.04329310374644523
697	0.048933841764251876
700	0.24250245768151896
701	0.007802426005800861
702	0.06151477429741174
704	0.08195603718316878
705	0.04718671967289822
706	0.026484411649034714
707	0.041734523023095105
709	0.31171270890808983
710	0.03775607335678122
711	0.016723409138006573
713	0.06713177983374825
715	0.30846706713969585
716	0.053584159670398174
719	0.019954174750723863
720	0.06635399707991518
721	0.5147640423720751
722	0.07288015308657483
726	0.08117841593851602
727	0.3219380927294681
730	0.06256917717107063
732	0.052216498145397826
733	0.30361901829036
734	0.025695999993168364
735	0.5111014048919256
736	0.3249825319362498
737	0.24473057280759086
738	0.5311597487797786
741	0.5036148831714331
742	0.024105218076798253
743	0.050098601924969795
744	0.2584974995901055
745	0.018210549720371574
746	0.26875360658811226
747	0.7670187011639544
748	0.2568196241693979
749	0.28225713569902106
750	0.04678089110479125
751	0.28693105725878915
752	0.05443295780228826
753	0.29468729216411466
755	0.3284233045611641
756	0.023272683988354338
757	0.523175830435794
758	0.5346944127740527
759	0.06541420428962456
760	0.057180986290795564
762	0.019294959056265396
763	0.2859092212424924
764	0.5056459680096925
765	0.2383730967376949
766	0.05319449035127489
767	0.2942658949011999
768	0.08138763879954697
769	0.317536391668363
770	0.040657690876744305
771	0.021863391437102517
772	0.04240829779804266
773	0.5345589367678603
774	0.48732329703669497
776	0.08372957776046766
777	0.005447753318874142
779	0.02413182620744171
780	0.24713273653886192
781	0.020609437211109166
784	0.029702069307097123
785	0.01606135863927336
786	0.021142750706504544
787	0.2692527858750868
788	0.061076349624142094
790	0.06418358335197138
792	0.29695729190542625
793	0.5456145802587996
795	0.2772346895055975
802	0.2587560409411306
803	0.048154037402352634
804	0.04577809048188605
805	0.3305297125239501
806	0.3036877022757568
807	0.2535309523207638
815	0.29079979381499
817	0.0360855861404731
818	0.041759535008207484
819	0.03482335221655329
820	0.02126811270612796
821	0.03537711295723527
823	0.5328556031027887
826	0.04749235682617234
828	0.03639988419898263
829	0.02823539956995995
830	0.27736482709950316
831	0.288345250361661
833	0.7866528220771096
835	0.2903174184656923
836	0.021610535631060593
837	0.018346648943162396
839	0.5321169594203813
840	0.2538153100597597
841	0.2809407101510305
843	0.01938882981049677
845	0.11663636380291989
846	0.28438103248322644
849	0.27422374190379156
850	0.03075800757136475
851	0.2671415707771118
852	0.28303631850555827
853	0.07337219336854167
854	0.05070152660160662
860	0.04501630439645704
862	0.2668137996138868
864	0.31237539701355643
865	0.20105021496558895
867	0.27200542789784177
868	0.2968473487285521
869	0.27345159792202844
870	0.5074287994288964
871	0.054724868067971194
874	0.06507698570351753
875	0.028742986980963316
876	0.06105198657779439
877	0.5296294136359493
878	0.04974047197780414
880	0.02479547192443493
881	0.05376916646950533
882	0.2926593069283757
883	0.541369896999233
885	0.1164473780504682
886	0.5350985781309411
887	0.5068453696618873
889	0.046315551069441345
890	0.023938973676574327
892	0.054772251989045735
893	0.29459939567524046
894	0.5240657978757254
895	0.2930567393452958
896	0.5028353635470093
897	0.01870722811462692
899	0.24957629459018965
900	0.13140297578191193
901	0.08072180567033295
902	0.0433287473948414
903	0.2667557681508075
906	0.030379984903221607
907	0.03859290350470486
908	0.49703895585522273
910	0.09196436985605516
912	0.021245774878215405
913	0.07159019085755117
915	0.07187305097454506
916	0.311015394702355
918	0.051183740400024276
919	0.26638982439192005
922	0.5424210450326533
924	0.5133910614233186
926	0.019210484536762315
928	0.27114691725694784
931	0.012629698553258267
932	0.4973447693543163
933	0.2415323049495582
934	0.04239948940084132
936	0.27873723878694057
937	0.06007519381356185
938	0.015378084802807154
940	0.28023983219074317
941	0.2724417557362983
942	0.5300126845486357
0	0.0
0	0.0
0	0.0
0	0.0
0	0.0
0	0.0
0	0.0
0	0.0
0	0.0
0	0.0
0	0.0
0	0.0
0	0.0
0	0.0
0	0.0
0	0.0
0	0.0
0	0.0
0	0.0
0	0.0
0	0.0
0	0.0
0	0.0
0	0.0
0	0.0
0	0.0
0	0.0
0	0.0
0	0.0
0	0.0
0	0.0
0	0.0
0	0.0
0	0.0
0	0.0
0	0.0
0	0.0
0	0.0
0	0.0
0	0.0
0	0.0
0	0.0
0	0.0
0	0.0
0	0.0
0	0.0
0	0.0
0	0.0
0	0.0
0	0.0
0	0.0
0	0.0
0	0.0
0	0.0
0	0.0
0	0.0
0	0.0
0	0.0
0	0.0
0	0.0
0	0.0
0	0.0
0	0.0
0	0.0
0	0.0
0	0.0
0	0.0
0	0.0
0	0.0
0	0.0
0	0.0
0	0.0
0	0.0
0	0.0
0	0.0
0	0.0
0	0.0
0	0.0
0	0.0
0	0.0
0	0.0
0	0.0
0	0.0
0	0.0
0	0.0
0	0.0
0	0.0
0	0.0
0	0.0
0	0.0
0	0.0
0	0.0
0	0.0
0	0.0
0	0.0
0	0.0
0	0.0
0	0.0
0	0.0
0	0.0
0	0.0
0	0.0
0	0.0
0	0.0
0	0.0
0	0.0
0	0.0
0	0.0
0	0.0
0	0.0
0	0.0
0	0.0
0	0.0
0	0.0
0	0.0
0	0.0
0	0.0
0	0.0
0	0.0
0	0.0
0	0.0
0	0.0
0	0.0
0	0.0
0	0.0
0	0.0
0	0.0
0	0.0
0	0.0
0	0.0
0	0.0
0	0.0
0	0.0
0	0.0
0	0.0
0	0.0
0	0.0
0	0.0
0	0.0
0	0.0
0	0.0
0	0.0
0	0.0
0	0.0
0	0.0
0	0.0
0	0.0
0	0.0
0	0.0
0	0.0
0	0.0
0	0.0
0	0.0
0	0.0
0	0.0
0	0.0
0	0.0
0	0.0
0	0.0
0	0.0
0	0.0
0	0.0
0	0.0
0	0.0
0	0.0
0	0.0
0	0.0
0	0.0
0	0.0
0	0.0
0	0.0
0	0.0
0	0.0
0	0.0
0	0.0
0	0.0
0	0.0
0	0.0
0	0.0
0	0.0
0	0.0
0	0.0
0	0.0
0	0.0
0	0.0
0	0.0
0	0.0
0	0.0
0	0.0
0	0.0
0	0.0
0	0.0
0	0.0
0	0.0
0	0.0
0	0.0
0	0.0
0	0.0
0	0.0
0	0.0
0	0.0
0	0.0
0	0.0
0	0.0
0	0.0
0	0.0
0	0.0
0	0.0
0	0.0
0	0.0
0	0.0
0	0.0
0	0.0
0	0.0
0	0.0
0	0.0
0	0.0
0	0.0
0	0.0
0	0.0
0	0.0
0	0.0
0	0.0
0	0.0
0	0.0
0	0.0
0	0.0
0	0.0
0	0.0
0	0.0
0	0.0
0	0.0
0	0.0
0	0.0
0	0.0
0	0.0
0	0.0
0	0.0
0	0.0
0	0.0
0	0.0
0	0.0
0	0.0
0	0.0
0	0.0
0	0.0
0	0.0
0	0.0
0	0.0
0	0.0
0	0.0
0	0.0
0	0.0
0	0.0
0	0.0
0	0.0
0	0.0
0	0.0
0	0.0
0	0.0
0	0.0
0	0.0
0	0.0
0	0.0
0	0.0
0	0.0
0	0.0
0	0.0
0	0.0
0	0.0
0	0.0
0	0.0
0	0.0
0	0.0
0	0.0
0	0.0
0	0.0
0	0.0
0	0.0
0	0.0
0	0.0
0	0.0
0	0.0
0	0.0
0	0.0
0	0.0
0	0.0
0	0.0
0	0.0
0	0.0
0	0.0
0	0.0
0	0.0
0	0.0
0	0.0
0	0.0
0	0.0
0	0.0
0	0.0
0	0.0
0	0.0
0	0.0
0	0.0
0	0.0
0	0.0
0	0.0
0	0.0
0	0.0
0	0.0
0	0.0
0	0.0
0	0.0
0	0.0
0	0.0
0	0.0
0	0.0
0	0.0
0	0.0
0	0.0
0	0.0
0	0.0
0	0.0
0	0.0
0	0.0
0	0.0
0	0.0
0	0.0
0	0.0
0	0.0
0	0.0
0	0.0
0	0.0
0	0.0
0	0.0
0	0.0
0	0.0
0	0.0
0	0.0
0	0.0
0	0.0
0	0.0
0	0.0
0	0.0
0	0.0
0	0.0
0	0.0
0	0.0
0	0.0
0	0.0
0	0.0
0	0.0
0	0.0
0	0.0
0	0.0
0	0.0
0	0.0
0	0.0
0	0.0
0	0.0
0	0.0
0	0.0
0	0.0
0	0.0
0	0.0
0	0.0
0	0.0
0	0.0
0	0.0
0	0.0
0	0.0
0	0.0
0	0.0
0	0.0
0	0.0
