1	0.027697600123837332
3	0.18462177008126304
4	0.24958029299602322
5	0.24887732165522122
7	0.05589780992009648
8	0.3326435263504359
10	0.25399246411038773
13	0.3250949619964184
14	0.0072161314255414916
15	0.05288794734524045
18	0.7167321880578859
19	0.024423153907622258
20	0.2632223024597559
22	0.2703110300090801
23	0.28309358249279093
24	0.43619632901359845
25	0.0643579322155503
26	0.2109934696026332
27	0.0040621871899499395
28	0.049408666471756776
29	0.34693804168591214
30	0.08789727263582606
32	0.26098134786401256
34	0.45008203775226363
35	0.2089703945220014
37	0.463745792865365
40	0.05346359197488307
41	0.001631701084102391
42	0.19995785075419004
43	0.2918925783755305
45	0.007736441664219398
46	0.04881158982956631
47	0.26318531388432786
51	0.2716229813934016
52	0.2524655073477984
53	0.2930722080253588
54	0.07216082060149842
55	0.26681848369542077
56	0.27739792686028164
57	0.26814975091932763
58	0.5611705724892785
59	0.487986663701674
60	0.27614536824570735
61	0.17210780926653937
62	0.22121014249559395
63	0.19016412970778696
64	0.048459964636761305
65	0.2560871111303993
66	0.25457068010936845
67	0.2420217754267047
68	0.2367382431518182
70	0.28167378348087135
71	0.03804206124591766
72	0.2739471635133446
73	0.5303189545222834
74	0.2928421548600591
75	0.2751807455884858
76	0.37013564727296033
79	0.25239923664037
80	0.38265510362457433
81	0.26139889352105483
82	0.5294039715726501
84	0.06090673202927682
86	0.06710061710158885
88	0.31924980357758126
89	0.20461674989413314
90	0.052646592844923665
91	0.20703656080233354
92	0.2813049617490416
93	0.003486773172761498
94	0.307791212923718
98	0.5694932046528679
99	0.25209210420914296
100	0.23262020565278194
101	0.006407592901282982
102	0.34937537027275123
103	0.32967631724400703
105	0.2818672276665486
106	0.5118456491217823
107	0.2828605559182137
108	0.043273156426057904
109	0.25595308001988737
110	0.013556846685249854
112	0.4843561468762825
114	0.21709887682943285
115	0.25741973375167726
116	0.2775473970658615
117	0.2895750014892945
119	0.0665007794552532
121	0.04363678357886423
122	0.26819198756893936
123	0.4608714803076851
124	0.025236301039032877
128	0.27720118861513304
129	0.251372979728446
131	0.4445724413915402
132	0.29180771665334354
133	0.2416877886339088
134	0.23360666917790096
135	0.34293455221042324
136	0.5088143395717287
138	0.7199580470561439
139	0.3014096795190456
140	0.2841967093252741
141	0.2734104986722923
142	0.27391852755306545
143	0.20771312424095068
145	0.5215685094955866
147	0.03304714267977292
149	0.44227134923621736
153	0.5632783845669636
154	0.19503818333605183
156	0.776251634581391
157	0.2889495553793629
158	0.019664014597547394
159	0.48953049133400545
162	0.23398814721630945
163	0.04498838102393869
164	0.26323478265163935
165	0.02677139381797798
166	0.08903519735075816
167	0.2992783326997834
168	0.4367278708035756
169	0.04543941086370297
170	0.4915306595959227
171	0.07210783783588634
172	0.25805446279492167
173	0.2794928359827066
174	0.5047293231691482
176	0.07847601697422094
178	0.3303981037099107
180	0.06797834911162481
183	0.3759549801348464
184	0.036347653352075515
186	0.5801275044782669
187	0.03430163840128787
188	0.5498687267970875
190	0.21690552861670126
191	0.19489373565394996
192	0.09641006158004937
193	0.3217693060860684
194	0.3445000947653062
195	0.26027761704144425
197	0.33799779800047824
198	0.23047696554221073
199	0.030609177595985332
204	0.48425339536701484
205	0.11859341741863583
206	0.30800289980514867
207	0.23178891084201045
208	0.3482043264482554
210	0.2668224178345581
211	0.03523027685581234
212	0.07717554818104357
213	0.05190238788932747
214	0.05244777508165996
215	0.2523237125500133
216	0.28435663818067375
217	0.2898332901699209
218	0.29922399104340397
219	0.4801057453860107
220	0.24899669879209485
221	0.05754688702230373
225	0.3288569893587427
227	0.29022032087487426
228	0.07813619961897236
229	0.22642170428573383
231	0.2621734108122433
233	0.06315607028889686
234	0.2585303664670485
235	0.2882199137592305
236	0.013641340100655791
237	0.024624062606895786
238	0.219544315708809
239	0.2439024053945262
240	0.4940099082729505
241	0.28970796917004876
243	0.2934579905856404
244	0.3243544235079583
246	0.06494888393951115
247	0.036841134828770855
249	0.5608881464986579
251	0.022202365888051162
252	0.2672061981203989
254	0.49296419369781996
255	0.1788309265542687
257	0.46446183843952815
258	0.321180324543062
259	0.5052047420276828
260	0.7245173228749978
261	0.24562037976103968
262	0.06290295944084434
263	0.3146405130189739
266	0.28473842899117346
267	0.5244422650821015
268	0.5416855523800352
269	0.013577484275040616
270	0.25483828011389426
271	0.2543619405377373
272	0.2114020833569793
273	0.05049560021035557
274	0.1940821765837951
276	0.2517626797340196
277	0.05889221687081353
278	0.23014218597939146
283	0.2766923819760768
284	0.2571050680406767
285	0.20806770095909688
286	0.24672992322668685
287	0.48963246204492367
288	0.03856593515234363
289	0.36241000630494524
291	0.27087041077447066
292	0.5004285065912484
294	0.03747237131984696
296	0.21980365623266168
298	0.5022616941908238
299	0.5473407157249002
300	0.1583740210214779
301	0.7665578308256972
302	0.29031056107775416
303	0.5368120812649763
304	0.05573709724441307
305	0.21274399684699458
306	0.2670919400534189
309	0.17049891840546294
310	0.012928008330233748
315	0.0569028842723967
316	0.5978919962021307
318	0.03401477546443035
319	0.27264652793216576
320	0.29590796819652987
323	0.013316084794351146
325	0.04914140233130192
327	0.11251890544666818
329	0.26197023471474423
332	0.4749042510266176
333	0.4691546002492468
334	0.1360853566798082
335	0.20414356731600206
336	0.25733767101289073
337	0.057756805188054205
338	0.046564878979314106
339	0.2530197424793592
341	0.2547093728976634
343	0.5320322291081641
345	0.4938430065181563
346	0.23225320831508622
347	0.7978843390986587
348	0.2557124841852866
349	0.27944826036885423
350	0.2903612969159588
351	0.49853792897942556
352	0.3050293174377683
353	0.29927898772077777
354	0.2845403228751878
356	0.009231890609494364
357	0.30475868390228517
358	0.006556879282967831
359	0.04018337641172828
360	0.5473479112339878
361	0.2433263774195199
362	0.6536777424767624
364	0.27692104875456286
366	0.05633884541176709
369	0.26852134398441807
371	0.021853094525581596
372	0.25347197134479604
374	0.29350446175555234
376	0.262072051379077
377	0.008681362740986243
378	0.30977773486599247
379	0.22539576339113054
382	0.5550064719523212
384	0.023546887870237676
385	0.058481239028195464
389	0.21534506162069003
391	0.2721299419979716
392	0.03218717497512828
393	0.7699511757368126
394	0.03567524524450863
395	0.3278552615781406
396	0.1550824817863021
397	0.452068807052028
398	0.03244574683227722
399	0.2032664478950528
400	0.006526672334321415
401	0.33833992388662837
402	0.050717322276456006
403	0.4472105462429171
409	0.5410988192336503
410	0.27475774000837394
411	0.24108754336516725
412	0.26963503008832457
413	0.0361846122384777
414	0.4698939611745102
415	0.25281306484435084
416	0.26634810796984
417	0.5438128491160553
419	0.27887110526526304
420	0.6884554090766185
421	0.2263890202395447
423	0.26998666921432984
424	0.5518389559325066
425	0.007923607847504371
426	0.26244694667234253
429	0.7604715705523938
430	0.27370149353190115
431	0.4929608436835502
432	0.26808027971571924
433	0.2568383779824896
435	0.506984407414167
436	0.4668727411249177
438	0.2685488426719806
439	0.21516907013833153
440	0.4786031179876797
442	0.49973171806853683
443	0.49029332766802247
444	0.46689397809497957
447	0.23383972078019666
449	0.29899824093880856
450	0.49250513413525765
451	0.20294317189410377
453	0.2617559008081862
455	0.0639160157417199
456	0.26215187006538104
457	0.3199973776511764
460	0.477078658692765
461	0.09975966616216181
462	0.04849382653270633
463	0.23735234631083862
464	0.035922777120231134
465	0.273579290327895
466	0.27700433724008894
468	0.021210282369080027
469	0.21473807026501107
470	0.26291618421017504
472	0.2186512618055238
474	0.49781443096633093
476	0.40821416181901893
477	0.011232556769692537
479	0.22969385638015422
481	0.3061102644232797
482	0.18840078672144767
483	0.028945387096026426
484	0.2781920723785303
485	0.005006574567872013
486	0.18212262421332584
487	0.5519548225408494
488	0.33436865137137095
490	0.19457849534271546
491	0.18920821506742158
492	0.4393707192559816
493	0.07317188574893635
495	0.34791829856115986
496	0.265686555109502
497	0.2771583901296167
498	0.08812600266640566
499	0.0634382506211854
500	0.26272161159798396
501	0.26949274760959574
502	0.01877839648828579
504	0.5432246827716669
505	0.2806290048603872
506	0.07803112004694063
508	0.030651281685564358
510	0.2522492624237651
511	0.2924630663696658
512	0.4762803577864223
513	0.07358531549247288
517	0.2658000341962483
519	0.027215581669760347
520	0.5142999077133138
521	0.24670738561439004
522	0.5693525969908336
524	0.2714422343064258
527	0.2526463101680866
528	0.057838887522127846
530	0.05564029501211318
531	0.4677072029845961
532	0.3158293877428163
533	0.20257446961908981
534	0.2061732108708158
537	0.25686386441485076
538	0.5258372184030151
541	0.042438921831229645
542	0.24006242083878632
543	0.061905342793830795
544	0.37285753878778893
546	0.2056843492229709
547	0.45004375088642506
548	0.28084386010079876
549	0.4631018336334007
550	0.48077498793677903
551	0.5589987845033868
552	0.4944546002253968
553	0.47608710898185536
554	0.2738106549352848
556	0.2882412221669671
557	0.04881987765248655
558	0.048837864138950096
559	0.478869670766878
560	0.26827784892582307
561	0.7296732583027716
562	0.03915726296652711
563	0.26003647871683977
565	0.47149511135255273
566	0.28120027753021426
567	0.2611214040815722
570	0.27247847556088317
571	0.03227478923671255
573	0.7711725872480684
575	0.22029004521485174
576	0.2535323097419593
577	0.05481385473166593
578	0.22167348994823227
579	0.313653667445826
581	0.31907020540023956
582	0.3264879656811715
585	0.09097257274267627
586	0.22801616452331094
587	0.04267371376890072
590	0.5075572994521274
591	0.5817716181592612
592	0.3122611672993427
594	0.4970739492111177
595	0.47767106910795876
596	0.2287250810485374
598	0.3080000567839037
600	0.30916644809891847
601	0.16846288065723813
602	0.0437073714387089
603	0.004401259772389088
605	0.23022413098327177
606	0.03616524433008683
607	0.22941467932874665
611	0.7061925347280669
612	0.025676986688250192
613	0.27037914453321177
615	0.5593259144790403
616	0.03328746741115633
617	0.24335279279690195
621	0.5880784165776101
622	0.27755784472189143
623	0.5036710608732659
624	0.25485828841796476
625	0.2590098169789459
626	0.46170404965010947
627	0.5044147008111268
631	0.07214131484728718
634	0.2102190952493366
635	0.2548185117317735
639	0.19141232834777708
640	0.25525692527315974
642	0.2044223986383887
643	0.05728853517965325
645	0.28661327273201875
646	0.23932815959923998
647	0.2841967093252741
648	0.17769886399797596
650	0.01093317240472487
651	0.2055768998094234
652	0.464769942555171
653	0.4190714848900864
654	0.1919644519361006
655	0.036796856547243684
657	0.33404042947321194
658	0.23689638204532432
659	0.0697818702964542
660	0.5606759092412762
661	0.01434993386293916
662	0.3014713610775288
663	0.49484602049060644
664	0.0003615043955410985
666	0.4820050682918392
667	0.5067233252178501
669	0.002819319801827508
670	0.006524142421875406
672	0.5342817690911441
673	0.5080866418351675
674	0.49410374204835394
675	0.18658195683621698
677	0.1939680709523719
678	0.15668505138811148
679	0.25676041625756585
681	0.2503583141957494
682	0.2603366044005955
684	0.06503849141894334
686	0.28509980493717096
687	0.02493329942694436
688	0.03785018322115315
689	0.19147892653947307
690	0.535466840823816
691	0.26742599547943585
693	0.11877637352360404
694	0.2507484547591661
696	0.4658504276513975
697	0.23760891737967943
699	0.2796179423268459
701	0.051135101486452436
703	0.19018327589019213
704	0.011516033728579816
705	0.2177820732605766
707	0.34674470250495126
708	0.18737043984712942
709	0.7635815097911626
710	0.54775381882112
711	0.06890991247432338
712	0.19946236398470293
713	0.2364825021310729
714	0.20913726272635785
715	0.05311377163350908
716	0.4572604411318444
717	0.052371466088988294
718	0.30362083919637645
719	0.5249075888692842
720	0.47394742056139444
721	0.024026557929934425
722	0.22968999516805289
724	0.30800289980514867
725	0.7223912858924348
728	0.498314860910886
729	0.20434459149104717
731	0.0278460724258012
732	0.1977411331127843
733	0.4509501498743461
736	0.25408371183585843
737	0.30083771116868285
738	0.2835929605975379
739	0.21342325244928956
740	0.22814464298494852
741	0.5461891394263819
742	0.29148647339365175
743	0.2516000431464532
745	0.5030475939357772
747	0.05784511904442556
749	0.28402190179278636
754	0.49988873069978823
755	0.24000215996142543
756	0.22310126329339916
757	0.2560293571632284
758	0.25519106050084334
762	0.2162508560623434
765	0.05260178508015763
766	0.26612848782205245
767	0.10310114126033038
768	0.17389106375827734
769	0.03496774962327083
770	0.03580064821811946
772	0.24610246859718488
773	0.040951306694427744
774	0.0543436798191603
776	0.792061878976051
778	0.20500695886474862
780	0.2626988156712618
781	0.17014225765563706
784	0.03372910660998221
786	0.022497298253101303
787	0.2673717749467827
788	0.26930462715314407
789	0.4683874268669336
790	0.28248096744101137
791	0.6723193163186543
792	0.2879140385030545
794	0.054900802939001736
795	0.029615569683945867
797	0.13291472618922337
798	0.21081049291391651
799	0.013317508158771432
801	0.24396732398971988
802	0.26693711041204105
803	0.2545270077089325
804	0.7651427553595237
805	0.33373806925562954
807	0.2751195810249699
808	0.2586352245300788
809	0.18889765851733073
810	0.6985127244730022
813	0.23529740784505904
814	0.084178548986421
815	0.3542432829583194
816	0.2638188244931316
819	0.4019194842962733
820	0.27087708623694684
821	0.025107962448091742
822	0.03681366643596547
823	0.3261275493285079
824	0.30438560636258
825	0.22080575224028975
826	0.020928964116303517
828	0.4733059208895028
829	0.2153036396216244
830	0.5233353441230549
831	0.2322672478551202
832	0.5050463407318503
833	0.022239384419025135
835	0.5480204544842189
837	0.25384048809234394
838	0.042609275649281936
839	0.1842363482427634
841	0.19842747977477204
842	0.024798939068381584
844	0.0038902905830461437
845	0.07228537443276457
846	0.1870626785111292
847	0.05100756250514782
851	0.2741873723177043
852	0.007467911319766693
853	0.16234313141102882
854	0.32224745852021996
855	0.5518376659714933
856	0.03486862065737979
858	0.6783927061023958
859	0.06235909030847535
860	0.25217676845971837
861	0.014394738994004605
862	0.0497583527069672
863	0.41641365330528496
864	0.672784299894467
865	0.24428324744311272
867	0.25541321943041695
868	0.2653226223906967
869	0.20620719686271022
871	0.2196035834307996
872	0.24287485569398615
873	0.5092426832741809
874	0.4688335852048346
876	0.24146858224628492
877	0.327697154799778
878	0.7875224546464643
879	0.3053774895462896
880	0.48857258776428947
881	0.28783067555291686
882	0.5321717170155706
883	0.2615914685010434
884	0.05710467818034187
885	0.10234259162279752
888	0.49554183779913247
889	0.2593742499925825
890	0.32725359565898715
891	0.2704403578055906
892	0.475901873085649
893	0.001989756619077923
894	0.09678237310605545
895	0.07027128149534283
898	0.027223153084017945
900	0.7978914894366059
901	0.28866815860961764
902	0.04591325287930362
903	0.25307550492060144
904	0.11512293847766948
905	0.23701987171379144
906	0.25569847378844335
907	0.05386851636124801
908	0.039873877350757286
909	0.025718148990925227
910	0.006760551808718485
911	0.07326435939338172
913	0.5357925728442223
915	0.2315955922830014
916	0.22142094107452182
917	0.10000004666426046
918	0.23029420681580215
919	0.03691325641197908
920	0.4781695388548007
921	0.18757703761063788
923	0.498119752532256
925	0.4879058254271431
927	0.43644216420273824
928	0.04643557449075124
929	0.30072689012505815
930	0.29710031275139015
931	0.2909708279608959
932	0.2672316225464555
933	0.51572367556604
934	0.5382297354047204
935	0.47516174492265717
936	0.26869486178147983
939	0.28108980070639117
940	0.25018478630593055
941	0.2650735085060826
942	0.3066566034153254
943	0.28311043880123843
0	0.0
0	0.0
0	0.0
0	0.0
0	0.0
0	0.0
0	0.0
0	0.0
0	0.0
0	0.0
0	0.0
0	0.0
0	0.0
0	0.0
0	0.0
0	0.0
0	0.0
0	0.0
0	0.0
0	0.0
0	0.0
0	0.0
0	0.0
0	0.0
0	0.0
0	0.0
0	0.0
0	0.0
0	0.0
0	0.0
0	0.0
0	0.0
0	0.0
0	0.0
0	0.0
0	0.0
0	0.0
0	0.0
0	0.0
0	0.0
0	0.0
0	0.0
0	0.0
0	0.0
0	0.0
0	0.0
0	0.0
0	0.0
0	0.0
0	0.0
0	0.0
0	0.0
0	0.0
0	0.0
0	0.0
0	0.0
0	0.0
0	0.0
0	0.0
0	0.0
0	0.0
0	0.0
0	0.0
0	0.0
0	0.0
0	0.0
0	0.0
0	0.0
0	0.0
0	0.0
0	0.0
0	0.0
0	0.0
0	0.0
0	0.0
0	0.0
0	0.0
0	0.0
0	0.0
0	0.0
0	0.0
0	0.0
0	0.0
0	0.0
0	0.0
0	0.0
0	0.0
0	0.0
0	0.0
0	0.0
0	0.0
0	0.0
0	0.0
0	0.0
0	0.0
0	0.0
0	0.0
0	0.0
0	0.0
0	0.0
0	0.0
0	0.0
0	0.0
0	0.0
0	0.0
0	0.0
0	0.0
0	0.0
0	0.0
0	0.0
0	0.0
0	0.0
0	0.0
0	0.0
0	0.0
0	0.0
0	0.0
0	0.0
0	0.0
0	0.0
0	0.0
0	0.0
0	0.0
0	0.0
0	0.0
0	0.0
0	0.0
0	0.0
0	0.0
0	0.0
0	0.0
0	0.0
0	0.0
0	0.0
0	0.0
0	0.0
0	0.0
0	0.0
0	0.0
0	0.0
0	0.0
0	0.0
0	0.0
0	0.0
0	0.0
0	0.0
0	0.0
0	0.0
0	0.0
0	0.0
0	0.0
0	0.0
0	0.0
0	0.0
0	0.0
0	0.0
0	0.0
0	0.0
0	0.0
0	0.0
0	0.0
0	0.0
0	0.0
0	0.0
0	0.0
0	0.0
0	0.0
0	0.0
0	0.0
0	0.0
0	0.0
0	0.0
0	0.0
0	0.0
0	0.0
0	0.0
0	0.0
0	0.0
0	0.0
0	0.0
0	0.0
0	0.0
0	0.0
0	0.0
0	0.0
0	0.0
0	0.0
0	0.0
0	0.0
0	0.0
0	0.0
0	0.0
0	0.0
0	0.0
0	0.0
0	0.0
0	0.0
0	0.0
0	0.0
0	0.0
0	0.0
0	0.0
0	0.0
0	0.0
0	0.0
0	0.0
0	0.0
0	0.0
0	0.0
0	0.0
0	0.0
0	0.0
0	0.0
0	0.0
0	0.0
0	0.0
0	0.0
0	0.0
0	0.0
0	0.0
0	0.0
0	0.0
0	0.0
0	0.0
0	0.0
0	0.0
0	0.0
0	0.0
0	0.0
0	0.0
0	0.0
0	0.0
0	0.0
0	0.0
0	0.0
0	0.0
0	0.0
0	0.0
0	0.0
0	0.0
0	0.0
0	0.0
0	0.0
0	0.0
0	0.0
0	0.0
0	0.0
0	0.0
0	0.0
0	0.0
0	0.0
0	0.0
0	0.0
0	0.0
0	0.0
0	0.0
0	0.0
0	0.0
0	0.0
