1	0.2592066969154122
2	0.04901754430002262
5	0.259513884979146
6	0.04353966165835779
7	0.2593844380272391
8	0.7504525313452031
9	0.022709444442604983
10	0.506768324369495
12	0.028625682065503026
13	0.3285963864112377
14	0.042926904890236095
15	0.2348174451336261
17	0.29378917646263797
18	0.2581068703275385
19	4.626787710217822e-05
20	0.23966875201250845
21	0.058367883516163704
22	0.30086884502339656
23	0.0027655752130910996
26	0.30201589564867654
27	0.17197962405268466
28	0.2610324911051896
29	0.2710875444957184
30	0.004534199761774736
31	0.2571686040247217
32	0.500457451357844
33	0.027921926854621255
36	0.04051183795977458
37	0.2594924631858013
38	0.29462824143078786
39	0.04675256719020584
40	0.26569712480631774
41	0.29098967227490324
43	0.29472691979335974
44	0.29619710529279286
45	0.5169263588254106
46	0.25235078612484907
47	0.038044599933419646
51	0.5276940327843403
52	0.5222475512133331
53	0.02717126813364036
54	0.27975757658869876
55	0.27350201600019686
56	0.2851336788436417
57	0.28815364979113256
58	0.057386540997933735
59	0.2838925361454674
60	0.4940355815364212
62	0.009784915805872589
63	0.16074460866330903
64	0.004705608017596376
66	0.004499935949525122
67	0.042024767021463294
68	0.5050302092880665
69	0.25889445717971793
70	0.048352098614673676
71	0.2512835020942306
73	0.031575908511230155
74	0.029533628881311454
75	0.23679867087372866
76	0.5355327995991896
78	0.013929340830815228
79	0.03195970942302798
80	0.08978189384801562
81	0.2839706545707227
82	0.26750952766201097
83	0.01405040260395081
84	0.2700114496873116
86	0.3377901977329673
87	0.5101604686418346
88	0.04365567723251603
89	0.023028605850862437
90	0.0501260084459304
91	0.011171622772835052
92	0.2614246440127033
94	0.26285862688820005
96	0.49147973878948137
98	0.2602592516680196
99	0.2607755296270619
100	0.0017721019529440135
101	0.2704056777812024
102	0.5217079375343409
103	0.20986406638922003
104	0.5017287969560235
105	0.04792727653454796
106	0.22935557413765534
109	0.4928810289605312
111	0.28935913141783076
113	0.2843736280385144
114	0.5661268042837306
116	0.023331403857339672
117	0.2631786929580222
118	0.02544426297903546
119	0.039897144180841365
120	0.048480810056914785
121	0.026066959633118704
122	0.01205376636228643
123	0.04399100983318398
124	0.02815723823194067
125	0.25169248233289954
126	0.06432831289598435
127	0.03322391916240469
128	0.2657054946003753
129	0.05940667088935356
132	0.02748929745075534
133	0.25908252652169284
134	0.004799291744398575
135	0.26024828527676436
136	0.266782064020769
137	0.28507527685744827
138	0.28984025191253904
139	0.05313054873981398
140	0.26628327412466085
142	0.24474566087662797
145	0.09807814267979796
147	0.2709515265718172
148	0.2681928450228477
149	0.2592588137415576
151	0.01377313853932742
152	0.03479130053839196
155	0.1506618612632623
156	0.2765377219767722
157	0.2863927820288896
159	0.2458229304784559
160	0.016257422733554697
163	0.10991015318097408
165	0.21643665756829977
167	0.3027542829215769
169	0.24187398710429775
170	0.22473993943593362
171	0.24822039429412773
172	0.2546232291758931
173	0.015852590809149178
174	0.24814074228716482
175	0.2372521060630826
177	0.2654262116633891
178	0.5179060561777787
180	0.2823043748721532
183	0.07413003956818917
184	0.023975408332788085
186	0.05203624954807548
187	0.00421614739894887
188	0.7434271077645986
189	0.22333554799883443
190	0.21754498963544533
191	0.21768535158098262
193	0.27408771947078914
194	0.29510424945673547
197	0.5554993739290711
199	0.05405265791024849
200	0.26603860181752986
204	0.08314550168221146
207	0.26367745820798616
208	0.24456708985694364
210	0.015139489370145406
211	0.24859626696712603
212	0.052577861067972284
214	0.012871043612156345
216	0.28120784826599127
218	0.31029775821477595
219	0.008089080789686232
222	0.21292169007523346
224	0.025127072104400676
225	0.02993555125451665
226	0.30664348771697914
228	0.36569503466308795
229	0.017335733590599187
230	0.01924833620198224
231	0.5333427392900486
232	0.028347929361143616
233	0.27587590270935525
234	0.2545090805483578
235	0.043119774003610355
236	0.2311522749179651
237	0.2178943202191627
238	0.04538253082643529
239	0.26955985918837944
240	0.28414745890271714
241	0.10199322863050235
242	0.04290343530826948
244	0.02087609038244355
245	0.029179464106478564
246	0.27074062678536703
247	0.2467411521013679
248	0.3113900100414373
249	0.5179190775803665
252	0.013087618463157036
254	0.2792462642542507
256	0.04226316074256357
257	0.2591246489574237
258	0.07245498624102081
259	0.23625464604236424
260	0.0710885379279807
261	0.009053649019941677
263	0.016928859400327984
264	0.2538736642839218
267	0.5237686740765755
268	0.7719786279884251
271	0.2693975061749126
272	0.022126466507238894
273	0.02239872665549124
274	0.05889332000328056
275	0.2803565073612263
276	0.2786029894419196
279	0.017173338753324552
280	0.013526031939825947
281	0.2741033940645198
284	0.04389356312729973
285	0.030838915790085575
287	0.015285689742083705
289	0.36741770826512815
291	0.007042021642039875
293	0.040625453435000784
294	0.23981948881780968
295	0.023358360359669893
296	0.01709806862532843
298	0.279209200173544
299	0.7600967464664569
301	0.5207802170056213
302	0.5305417514777471
303	0.28857483326558275
306	0.27731021179758303
307	0.00640106916957741
309	0.042191291440950816
310	0.21274422509323226
312	0.014676775376552993
313	0.25634218849994006
314	0.25724256170122717
315	0.007847959978836763
316	0.24773425653378495
317	0.013831159008686797
320	0.2909987463990753
321	0.034917528820380295
322	0.2980746299699735
323	0.2809950463348452
325	0.27702678161176353
326	0.5037552327671071
327	0.040405645291227116
328	0.02828375197005127
329	0.4739155032958444
330	0.007782555802523322
331	0.26070328351632965
332	0.5236011618650667
333	0.033907008460530505
334	0.010847507186745028
336	0.5414978628078578
337	0.4741306578281129
338	0.24101503963363843
339	0.003619886276548537
341	0.10915708017029133
343	0.25296022532334017
344	0.02708637577028542
345	0.2294037194228307
346	0.050125146199634575
347	0.30279179838141745
348	0.2704388459660388
349	0.017203109122013734
352	0.5190953734696383
353	0.020890749409051675
356	0.052019192475119845
357	0.04017123409571739
358	0.007040228070597981
359	0.2569854777438878
360	0.5468386450903147
361	0.5120378110939189
362	0.2805624093853289
363	0.5167376482624122
364	0.013999353722280151
366	0.02676585719775909
367	0.5108769375664662
368	0.22905081467371807
369	0.5149217965798777
374	0.24493938126962533
376	0.5038854752843315
378	0.5167871606801486
379	0.01722681141974712
380	0.014664903658084864
381	0.029457179038909986
382	0.016441972696645712
383	0.01876717115031288
384	0.03397971397739176
385	0.06734365120009725
386	0.33436865137137095
387	0.27750513075572575
388	0.038166677176117055
389	0.27567036419591234
390	0.01975773948055315
392	0.010375505014045099
393	0.5255031782419008
394	0.2834768865709696
395	0.7830807348334843
396	0.2590657898638843
397	0.29197989699646604
398	0.26055170765080604
399	0.04161354741598858
400	0.2786323164918334
401	0.05586608362686474
402	0.032833908222946406
403	0.040985457107256054
406	0.02452780349864013
408	0.2539247756282691
409	0.7686765797696188
410	0.04775534464334912
412	0.027098371506349354
413	0.5022612828213292
414	0.25600648926863423
415	0.038735973180542616
416	0.7150113787297852
417	0.5278189388675937
418	0.32342725199588146
419	0.2302516920317402
420	0.27405224703254627
421	0.273861989940697
423	0.48989915363331227
425	0.04996879822374291
426	0.2723205479419918
429	0.5284002216013106
430	0.0161110115773204
431	0.02429558617165007
432	0.25761041642084226
433	0.2993605698078838
435	0.28468647101004496
438	0.036714162706902295
439	0.030603019899290998
440	0.4981104571206685
441	0.03930500816151484
442	0.4906167286236399
443	0.04421031734100146
446	0.07415217652688294
447	0.48229154841300104
448	0.24109102230464402
449	0.3033055512010918
450	0.023053304246980703
453	0.02057733385345454
454	0.00977423557866762
455	0.2739449259367445
456	0.24477741714706805
457	0.49787372109902805
459	0.2566526410055785
460	0.24486667247921606
461	0.5183740997010969
463	0.23868019968070214
464	0.0020838175175595247
465	0.010390079371913823
466	0.5179799189231524
468	0.2211425591356899
469	0.2608096083408908
470	0.27587653343346435
471	0.009787895625453964
472	0.02358105552110469
474	0.4931757107762589
476	0.008272851350270977
479	0.26290896065084457
481	0.5346583463799695
482	0.035921744553960154
483	0.507384111999512
484	0.5100393600295878
487	0.2777139011131907
489	0.010304462668326658
490	0.28491027950270503
492	0.25630414104836
493	0.0607862017639621
494	0.027057363661828752
495	0.5231342845664865
496	0.28293463597213375
497	0.02131969016065883
498	0.05142415931760394
499	0.022341238212209763
500	0.06483487087848185
501	0.038303046375429875
502	0.02328166446880501
504	0.268157768910791
505	0.2839460227125747
506	0.5430235591324561
507	0.01811682506968064
509	0.5354373726440543
510	8.954851920100343e-05
511	0.0672931409521651
512	0.30074330181788
513	0.5240085288218446
514	0.2561036623336419
515	0.0709168093855637
517	0.2909571609609412
518	0.008363398684663521
519	0.49314783265804374
520	0.08346876966572295
521	0.24285418672837455
522	0.05048750688646701
523	0.02111209093188012
524	0.28819791561905067
526	0.2143429357922454
527	0.04246459330263125
528	0.5308393159754672
531	0.2750786625436284
532	0.5260960948086141
533	0.269720546586608
535	0.00468997265306402
536	0.5133863444399842
537	0.27255390912801325
538	0.09044667225384263
539	0.043488734615141855
540	0.2630295448992437
541	0.033825025160801964
542	0.002392848760199226
543	0.006567798264222852
544	0.306714645774557
545	0.019564426728195985
546	0.2684055327734342
547	0.26173928352535913
548	0.31751852581409223
549	0.019987848074633795
550	0.27607264513822993
551	0.2800294078802412
552	0.26527947938154295
553	0.2817810216385742
554	0.5259445975106324
556	0.2635097484246843
557	0.25741534971611435
559	0.24534179924451754
560	0.054089637442392646
561	0.5157418434337796
563	0.4996097556454682
564	0.020549531815087375
565	0.2601845500697758
566	0.04291743548285188
567	0.051094184843450546
568	0.2606225253497898
569	0.022032348879946095
570	0.24186328849511712
571	0.49302934858552905
573	0.5070594012177853
574	0.001193338554916927
576	0.5331781188398207
577	0.04690948617063355
578	0.0190576013955348
580	0.23925851666996362
581	0.013525911336539118
582	0.4618484390404935
583	0.015741916945120393
584	0.006872121860959951
587	0.2933280638326988
590	0.04059170965302334
591	0.05019994705927354
592	0.26203209169768743
593	0.2766181380319175
594	0.23881729755992837
595	0.2274167850698148
596	0.020529999441762904
597	0.01690686514985354
598	0.022172182393051944
600	0.5377873773235051
601	0.0008581604323314104
602	0.033350340399979764
603	0.2485830028890113
606	0.2931732364797607
609	0.4022256343040679
611	0.008644532252065684
612	0.04197562813564067
613	0.524572584778772
615	0.5086600957516838
616	0.745387235050703
617	0.2641718354648105
618	0.02604071545001818
619	0.5304827556142445
620	0.2640751691679628
621	0.5343809277415835
622	0.2773965207112407
623	0.5471749654481918
624	0.024525156549696545
625	0.2845777742307199
626	0.32071011133476124
627	0.528922701214353
628	0.01975773948055315
629	0.016252026178554098
632	0.2779033501624216
634	0.26903135699076897
636	0.020582171905212145
639	0.05504431185284919
640	0.0052837808798647246
642	0.03455852325234783
643	0.2806955150423709
644	0.2870027102054299
645	0.24201828513043355
646	0.2388900456527333
647	0.05323279259775372
648	0.29247251450610384
650	0.2491726790871543
651	0.061209565106557125
653	0.02763871224780095
654	0.293805434565638
655	0.0110882198504871
656	0.4689526452856424
657	0.28593051437302336
659	0.048131514385358176
660	0.5044911390452606
661	0.2511903521654509
663	0.2591273218058819
666	0.2760811808036345
667	0.04109322304164654
669	0.03992019899630479
670	0.0313656109963928
672	0.24090761128660004
673	0.06777943594877112
675	0.2981882957457185
676	0.03193233636121349
679	0.502010390145264
680	0.2540248595751242
681	0.24983904165682697
682	0.5200807173832018
683	0.010424859176629421
684	0.5052975944206355
686	0.007031248703016468
688	0.2568713528288168
689	0.2869019669192386
690	0.03143431225321838
691	0.01842355172483015
692	0.03709101383011322
693	0.289704976983169
694	0.5222025733972959
695	0.2924322101064405
696	0.25648792961926853
697	0.5029874891400832
698	0.27433563930161087
699	0.025446258551851328
700	0.2796318172215221
701	0.5196291025579038
702	0.013885373051237299
703	0.28499294089804955
704	0.007082925629784895
706	0.020451346623459814
707	0.2778517745008403
708	0.27764750568011787
709	0.29257909436419594
710	0.27805668517935045
711	0.028291277662696172
712	0.032244691545112905
713	0.06887798802407952
714	0.26901972260231444
715	0.02810402981913622
716	0.0014692730717422373
717	0.045783944813213046
719	0.2516848219832398
720	0.2809973164625993
721	0.24441531670746414
722	0.25189526347959135
723	0.28600499463529494
725	0.012352632811055336
727	0.11006878905559975
728	0.2344702288740349
730	0.25410666214294625
731	0.005948922899234259
732	0.04922237491832915
733	0.2851144079139265
735	0.02544426297903546
736	0.022591035822181388
737	0.2605981327970135
738	0.5267559805311994
740	0.054283011499656655
741	0.49295789558778913
743	0.04735305082360236
745	0.21665987537807468
746	0.03317412007801656
747	0.3076273546784518
748	0.0346002582128405
749	0.047067227849459686
750	0.25385447125414196
751	0.04333112815717766
752	0.025267339318777483
754	0.02357311361871569
755	0.014074237566352864
757	0.2808580775387427
758	0.2717420157002124
759	0.0003687351570384953
761	0.29859495008473347
762	0.4791855500833014
764	0.012014325945917656
765	0.019930786995501673
766	0.513273255795129
767	0.031751135000765346
769	0.012691501475361681
772	0.7455931891303963
773	0.26956528622129367
774	0.0778922216064579
776	0.5385243294967057
777	0.054025974295468585
780	0.25715768841123343
781	0.5139957118073665
783	0.27557155587452853
784	0.016570415373972983
785	0.2991775638764233
787	0.4791953439727206
788	0.28847048360731237
789	0.02375924993433913
790	0.2971614855811259
791	0.2857103290459426
792	0.26091190529683655
794	0.003478168708854888
795	0.03469087667267709
796	0.026363130212540373
797	0.3861257581961285
798	0.03326545188546545
799	0.28162023205052233
802	0.5200813353931681
803	0.04380264420559099
804	0.2799988399691279
805	0.2892724773269517
806	0.0147447828001281
807	0.2626295044584167
808	0.04129604352835533
810	0.008073342132033347
811	0.3123623998797704
813	0.22957778511559931
814	0.031069922374258256
815	0.5347190397333935
818	0.2733030606364676
819	0.037272706691744054
820	0.042010843406759986
821	0.017570965456614157
823	0.5055762891800399
825	0.25408010370759126
826	0.5049728474633023
828	0.4821627224069241
829	0.026126645798853376
830	0.494642566812439
831	0.25007357246265155
832	0.27831646832961887
833	0.05094091384134464
834	0.28598014372175834
835	0.525222646229953
836	0.05747446935904096
837	0.21712831826864076
838	0.014712708688934303
841	0.027352133663451655
842	0.2799191446718154
843	0.2897857077198173
844	0.006256262564215499
845	0.05834597458086269
846	0.019590405803132455
847	0.2651047179997087
848	0.025196793236902465
849	0.26837254683419787
850	0.02488167927912105
851	0.49622137793364474
854	0.023794707819443733
855	0.0205956395621249
856	0.011144569114423665
857	0.12114649070869292
860	0.5154698358287009
862	0.5015298248106344
863	0.04948911243566213
864	0.04384325371915487
865	0.10206428131835854
867	0.46834840874883754
868	0.5012404019798683
870	0.02534480963993902
871	0.5320678806495878
872	0.2753401154841536
874	0.2741106340936159
875	0.23533723158095488
876	0.26864062531323707
877	0.5187036764996418
878	0.2853955432507035
879	0.24119930599043896
880	0.2587407137998171
881	0.5036708254327131
882	0.5276830382786133
883	0.07181033994883326
884	0.32838269707864093
885	0.09285360340985635
886	0.27546257614100245
887	0.02173304097691997
888	0.013685212873288818
889	0.2445525271350999
890	0.2549655703131151
891	0.012368915060915545
892	0.2889751845054331
893	0.04727355341571304
894	0.02568231082717723
895	0.5177595393021244
896	0.02539080179913049
898	0.22185454336860055
900	0.5476864729216374
902	0.022344673478497216
903	0.013190438643192588
904	0.041484910631333874
905	0.29321607513512926
906	0.01671347218175768
908	0.24928373759853367
911	0.04684285394049911
913	0.3090213023194922
915	0.2947219681151084
916	0.2321069190598611
917	0.014699885963943546
918	0.03042743586484961
919	0.014812459085780334
920	0.032948210668869674
922	0.27976377341272046
923	0.015972327876031665
926	0.2790103702630105
927	0.014805029462965726
929	0.23220813269723817
930	0.045536841201550445
931	0.008548176308133669
932	0.26190168826180177
933	0.26211911196469395
934	0.5110136571561373
935	0.020858881544401027
936	0.028740535164187217
937	0.004419308130794344
938	0.2587837532161479
939	0.2617135802106543
941	0.0072932197122903344
942	0.7545626924785007
0	0.0
0	0.0
0	0.0
0	0.0
0	0.0
0	0.0
0	0.0
0	0.0
0	0.0
0	0.0
0	0.0
0	0.0
0	0.0
0	0.0
0	0.0
0	0.0
0	0.0
0	0.0
0	0.0
0	0.0
0	0.0
0	0.0
0	0.0
0	0.0
0	0.0
0	0.0
0	0.0
0	0.0
0	0.0
0	0.0
0	0.0
0	0.0
0	0.0
0	0.0
0	0.0
0	0.0
0	0.0
0	0.0
0	0.0
0	0.0
0	0.0
0	0.0
0	0.0
0	0.0
0	0.0
0	0.0
0	0.0
0	0.0
0	0.0
0	0.0
0	0.0
0	0.0
0	0.0
0	0.0
0	0.0
0	0.0
0	0.0
0	0.0
0	0.0
0	0.0
0	0.0
0	0.0
0	0.0
0	0.0
0	0.0
0	0.0
0	0.0
0	0.0
0	0.0
0	0.0
0	0.0
0	0.0
0	0.0
0	0.0
0	0.0
0	0.0
0	0.0
0	0.0
0	0.0
0	0.0
0	0.0
0	0.0
0	0.0
0	0.0
0	0.0
0	0.0
0	0.0
0	0.0
0	0.0
0	0.0
0	0.0
0	0.0
0	0.0
0	0.0
0	0.0
0	0.0
0	0.0
0	0.0
0	0.0
0	0.0
0	0.0
0	0.0
0	0.0
0	0.0
0	0.0
0	0.0
0	0.0
0	0.0
0	0.0
0	0.0
0	0.0
0	0.0
0	0.0
0	0.0
0	0.0
0	0.0
0	0.0
0	0.0
0	0.0
0	0.0
0	0.0
0	0.0
0	0.0
0	0.0
0	0.0
0	0.0
0	0.0
0	0.0
0	0.0
0	0.0
0	0.0
0	0.0
0	0.0
0	0.0
0	0.0
0	0.0
0	0.0
0	0.0
0	0.0
0	0.0
0	0.0
0	0.0
0	0.0
0	0.0
0	0.0
0	0.0
0	0.0
0	0.0
0	0.0
0	0.0
0	0.0
0	0.0
0	0.0
0	0.0
0	0.0
0	0.0
0	0.0
0	0.0
0	0.0
0	0.0
0	0.0
0	0.0
0	0.0
0	0.0
0	0.0
0	0.0
0	0.0
0	0.0
0	0.0
0	0.0
0	0.0
0	0.0
0	0.0
0	0.0
0	0.0
0	0.0
0	0.0
0	0.0
0	0.0
0	0.0
0	0.0
0	0.0
0	0.0
0	0.0
0	0.0
0	0.0
0	0.0
0	0.0
0	0.0
0	0.0
0	0.0
0	0.0
0	0.0
0	0.0
0	0.0
0	0.0
0	0.0
0	0.0
0	0.0
0	0.0
0	0.0
0	0.0
0	0.0
0	0.0
0	0.0
0	0.0
0	0.0
0	0.0
0	0.0
0	0.0
0	0.0
0	0.0
0	0.0
0	0.0
0	0.0
0	0.0
0	0.0
0	0.0
0	0.0
0	0.0
0	0.0
0	0.0
0	0.0
0	0.0
0	0.0
0	0.0
0	0.0
0	0.0
0	0.0
