2	0.008067526509429351
4	0.03000435016527663
5	0.07275878739416172
6	0.009887238726687356
7	0.026554241031184173
8	0.2809311478794524
9	0.026987696154501813
10	0.03536499640650115
13	0.4987087312880227
15	0.06680299468457443
16	0.024019576820885763
17	0.02886593720023691
18	0.04709791393436524
21	0.05169264451226372
22	0.24825939717761492
23	0.2550213835314682
24	0.053202146848894745
25	0.012916313874391495
26	0.21314293093424963
27	0.2344707926185733
28	0.2571338327750506
29	0.5456072988423986
32	0.04807275143169737
33	0.03350974139739787
34	0.45634801124910745
37	0.046701541106207896
38	0.03874776612023839
42	0.026236966077964045
43	0.3066025909552723
46	0.2951226198206699
47	0.051757970740171244
48	0.02934124648242665
49	0.20977805923564977
50	0.38240206664556275
53	0.06972597319475546
54	0.5006226045812686
55	0.028432856071001086
56	0.24391615782733655
57	0.22301672858670138
58	0.27227163538302385
59	0.2679895841960257
63	0.012660518637742764
64	0.2667626305913166
66	0.029229379805584925
67	0.26426264290093326
68	0.258529684657611
69	0.03352016511975319
70	0.24592668623117214
71	0.041970121974198624
72	0.27307356070775873
73	0.22835310985556384
74	0.28206669873673235
75	0.31859227222819625
76	0.27786863315356924
77	0.5196059657317025
78	0.039845593149363506
79	0.24150441472626347
80	0.3228557525799451
82	0.2911117939572393
84	0.00804824901263533
85	0.027780694493828452
88	0.28575478643703334
89	0.04072645728236407
92	0.5228241895096037
93	0.34366885454500423
94	0.24905913851385547
97	0.024733806103392292
98	0.30544278555182985
99	0.009228551924263292
100	0.02927075995601565
101	0.02119021567937987
102	0.2653010658593816
103	0.33739263323761326
105	0.036583625631700555
107	0.2717223039266044
108	0.2724913115606825
112	0.2994049127954395
113	0.02104639634098098
115	0.27032317164272546
116	0.5072774426162341
117	0.2791978805006328
119	0.25409762138305947
120	0.0293394382985792
122	0.015083420113494256
123	0.2839697811927107
124	0.0017340187611504868
126	0.007695166698784998
128	0.012748374460465027
130	0.2769194757577082
131	0.030431385419531415
132	0.04453905950830383
133	0.011065491240012985
134	0.22484705668627247
135	0.5324233314600231
136	0.03017723537042325
138	0.05909925024850149
139	0.26987923456889085
140	0.04342073811263667
142	0.28263247445532275
143	0.03659892255490726
144	0.006280050623472609
145	0.2777725207778819
149	0.28463259040560174
150	0.03331627429259174
153	0.14740369127419128
154	0.27433018843053236
155	0.4748176865277012
156	0.28495398463245697
157	0.011745622516485199
158	0.48852641485173415
160	0.25773372129535393
161	0.19077802230017354
162	0.28283213715490674
163	0.03851862301291595
164	0.293199989906141
165	0.029932473478145934
166	0.002095694694763832
167	0.29192428189269803
169	0.008061478122578729
171	0.059400305185701295
172	0.009932882084167004
173	0.2691065000064141
174	0.3098836558555492
176	0.2902479719572133
177	0.02790731732098485
178	0.27891592329209147
179	0.047828718325462705
182	0.01162442948588871
183	0.5351540175722295
184	0.017711862912918104
186	0.2520776538792165
187	0.030063010197308497
188	0.0010085810497515724
190	0.3157042452775051
192	0.08924962058256325
193	0.49163320966248863
194	0.23797685132279253
195	0.4792332278627013
197	0.054884407192908116
198	0.20888610931027857
199	0.24735685140083488
200	0.24899853824724708
203	0.307788872992387
204	0.27267667408640883
207	0.024404470597741833
208	0.5291163149793886
209	0.04014515835107099
210	0.24816262597221883
212	0.05385294420083132
213	0.5146685113894658
214	0.2847339763538989
215	0.2548702734105297
216	0.03691842993318579
217	0.29140405604536834
219	0.2625643116760984
221	0.5313805890269097
223	0.046431081729544556
225	0.5049423647321484
226	0.009988004271468953
227	0.2956828320354631
229	0.31624763604376627
233	0.26678367758981847
234	0.004475331718950169
235	0.27183753080376155
236	0.06358150225580371
237	0.29796544824372057
239	0.00981534769851286
240	0.030447037415089376
241	0.07152526273602136
242	0.24446628786223676
243	0.0007883733141268723
246	0.47558720348237726
247	0.04096445288673148
249	0.526598386714384
250	0.045156321581361125
251	0.2812231363339242
252	0.25341464588146184
253	0.017588439050894182
254	0.0019437421887516446
255	0.44304096576487023
256	0.026982303444685753
257	0.01890924850236804
259	0.23488236264286594
260	0.024831949592922127
261	0.04698979955016255
262	0.5236251522392018
263	0.7273066206554266
265	0.24630688796012273
266	0.5473208695691386
267	0.28090897091714917
268	0.009069141828945498
269	0.00888570230857965
270	0.2552282105388677
271	0.013427578243888065
273	0.07371252987898566
274	0.020426151120811982
276	0.4902189144515483
277	0.27261513286633976
278	0.5133027592094506
280	0.25494157456933664
281	0.04500771680937514
282	0.26375167526045457
283	0.5351567043926699
284	0.2802338412902158
286	0.015215673909174693
287	0.29591756762262966
288	0.5038187982266574
290	0.05553217991134586
291	0.5233485661704964
292	0.27224121539239243
294	0.22826830976841606
295	0.00269253767173689
296	0.30033166075257
297	0.007360547954141379
298	0.041629427466433624
300	0.11218195747637885
301	0.2618360785636472
303	0.4725055650554469
304	0.010036912973693399
305	0.2982308108360192
308	0.23858410347689263
315	0.038112562512628824
316	0.22019073858501143
317	0.28248568981106204
318	0.26063839829164787
319	0.5370114832394313
320	0.2890530431043094
321	0.07994819256980301
323	0.03572939288392342
324	0.023889334403517995
325	0.26066390574079584
327	0.2691667378316459
328	0.029722607080627586
329	0.03297279812743093
332	0.026569605934266882
333	0.016573757362024745
335	0.12550384776631412
339	0.2481676149844173
341	0.2696484436862385
342	0.2889683114930053
343	0.5098175487650974
344	0.21663187050948446
345	0.008001606290620251
346	0.022393516761619568
347	0.5352528526047136
348	0.2541925858527833
349	0.33768644569308354
350	0.27318555347403667
351	0.05089832956763665
352	0.024406161077114713
353	0.3462514087462772
354	0.03663556005415559
355	0.23990733913400522
357	0.3000479468652003
358	0.0459813460643885
359	0.258627499110258
360	0.27747568446440896
362	0.04330564202172146
364	0.24677259280569727
365	0.26844022338497275
366	0.5028918152519227
367	0.029387242022335086
369	0.03968775628708563
370	0.03851038867521391
372	0.24807968853364953
373	0.04323398961012397
374	0.22323668954548928
375	0.29145827600433305
376	0.020154246620974585
377	0.2873463846849404
378	0.25661987138863074
380	0.05463674845613906
382	0.27075176262386297
383	0.014327852133779094
384	0.0006924756871997742
385	0.03741810262213646
386	0.3243544235079583
388	0.029558848166082112
391	0.052260354000940784
392	0.24530502029788998
393	0.018411572514180158
394	0.2297742313095361
395	0.02325424957044786
397	0.0021153117405029176
398	0.2586420299272124
401	0.5229643574879785
402	0.2964633104087586
404	0.009268551422232381
406	0.03720445550586832
407	0.028071777269603984
409	0.02518752931052988
410	0.2298241044520599
411	0.2504022803363243
412	0.2596944577083562
413	0.023655862735348934
414	0.05060501694910001
415	0.278571657099997
417	0.24414193210356605
418	0.08262056839000645
419	0.3061197736046412
420	0.025880630992306294
423	0.027325921419890785
424	0.462827045961104
425	0.027954182630026955
426	0.010004072361515355
427	0.28414713262969304
429	0.2388863668917835
430	0.007105510003233867
432	0.5200579243466972
433	0.448508660255047
435	0.27103993872824494
436	0.03635901124168122
438	0.27808251620772895
439	0.05874982531475373
440	0.03641264017336685
441	0.045863816788969995
442	0.24051643821770458
443	0.5329201758655036
444	0.03507966339296319
445	0.02074207403029421
447	0.003899447529727859
449	0.24421072371400837
450	0.5246389105910559
453	0.2381591586750772
455	0.23716797154654592
456	0.01126678722304298
457	0.2506314137309635
458	0.039654403288059005
459	0.033574907351303813
460	0.025184371195389237
461	0.07695567692880731
462	0.24270966420908857
464	0.2669341247812423
465	0.26733958002449637
466	0.018973614897172877
467	0.010157260366365911
468	0.034482093075009844
470	0.24879054164753367
472	0.2798268208172305
473	0.020426065469038766
474	0.021299341543682196
476	0.06805298726967085
477	0.01965649063694469
478	0.22536926558892742
479	0.23894475642641314
480	0.040875766684887405
481	0.036342869798227456
482	0.03321525767584554
483	0.008387131609007385
484	0.030124891193576038
485	0.22757423530663182
486	0.012376584481756117
487	0.7658306144378928
488	0.02087609038244355
491	0.050908876455227736
493	0.28274582282516175
494	0.06158297853565408
495	0.2723649910913115
496	0.4524457768401449
497	0.5219370358046996
498	0.0413709160345031
499	0.23577429411747894
500	0.483463509709826
501	0.026330762755996356
502	0.02803517218882487
503	0.03405492364846481
504	0.012429725174483583
505	0.006653579989288547
506	0.2587355377721624
507	0.03185936795301977
508	0.22568402101167617
510	0.2875152758320128
511	0.24499631804380456
512	0.27274097966158306
513	0.04517012041173296
516	0.2885024032205123
520	0.20371808849240985
521	0.01629817318012093
522	0.5210869695509012
523	0.04095104661459297
524	0.2718764472170522
525	0.25431463532694637
526	0.027313377404138015
527	0.2655110064633614
528	0.23907534992724938
529	0.032660631995480575
530	0.26451798440307445
531	0.24524379226147514
532	0.25396554146505823
534	0.2978826490226182
536	0.025467246477876695
537	0.25039755295430144
538	0.060566544239733955
539	0.033384773659304395
540	0.27803211370254816
541	0.015340070986553697
543	0.2516231514502365
544	0.2097089468651141
549	0.5164194201270459
550	0.00900442089165917
551	0.533485483451865
552	0.2822287235367338
553	0.015295046566001586
555	0.2914778505035478
556	0.04441571961411636
557	0.02229515484772806
558	0.26796306891476634
560	0.2678136186118196
561	0.2574024998701383
562	0.012969000465167607
563	0.024225061913752136
566	0.2599616542659613
567	0.029962307421172327
569	0.04129118075073654
570	0.26079849883786815
571	0.015586161486840583
573	0.2686700201178066
574	0.2622285570299766
576	0.02592751888324754
577	0.23848067610867035
578	0.027592917728086905
579	0.5279518145007207
580	0.006953066173469961
581	0.5319817320209671
582	0.3303608413956305
584	0.04726597093560216
585	0.05720310430620382
586	0.29385778805781826
587	0.2543915373765158
588	0.21099929559693303
589	0.04918726431419651
590	0.2280123557472047
591	0.28638085312767575
592	0.4704533767362108
593	0.004262891936116724
594	0.05286955145375142
595	0.21920108893545798
598	0.5400567094824958
599	0.2695875442233976
600	0.23132813904710098
602	0.29492969742713826
603	0.5126105251890007
605	0.529589553872599
606	0.023900792325240436
608	0.062205724218504316
609	0.13690882393672082
610	0.26807095245596596
611	0.029775693963705788
612	0.2702503946208247
614	0.0904087930467298
615	0.027458872721444594
616	0.011233104345756022
618	0.03273762580944681
621	0.05615240926802155
622	0.2624835983670697
624	0.267553968274009
625	0.04100248376260296
626	0.23864792498997953
627	0.013972136131476257
628	0.029394556790634616
630	0.30510817069552704
631	0.476014600581764
635	0.2810586703130585
637	0.042046316733302974
638	0.011703755873130127
640	0.26399186506976524
643	0.03627395328491896
646	0.00422359653391953
647	0.2884373300391324
649	0.048380848696392975
652	0.28963175744969577
653	0.05236160475685388
655	0.0019181358684971853
657	0.26801182695078507
658	0.2862137457782719
659	0.04721620273779678
660	0.25230422227116267
661	0.07007325381064602
662	0.32240019330218406
663	0.04777259300380653
664	0.054134808490951855
665	0.03424705529789682
666	0.2596230325755552
667	0.03197957619775392
668	0.2353614873001686
669	0.02539616160203989
672	0.07011121985943394
674	0.5486083150965952
675	0.06008497725659267
676	0.27822296795228973
677	0.278188224601979
678	0.09564900045783398
679	0.02060922719849157
681	0.05186702225969449
682	0.2722867491819433
683	0.03588895174699099
684	0.020307288581046398
686	0.26690865245759815
687	0.2850441231040263
690	0.2535096422200655
691	0.5386471075754542
692	0.01972521526431157
693	0.5038104290329797
695	0.020590023778899756
696	0.23982457315634018
697	0.011057817926125674
698	0.025503872638294872
699	0.2798801605693907
701	0.26045452605649083
702	0.07547845477565529
703	0.028719407513991657
704	0.06081523061863684
705	0.28520276579477
706	0.05847822275976046
707	0.02860428884590674
709	0.5141408750083525
710	0.27227427830514783
711	0.0060247257504572466
712	0.03412129399948381
713	0.23214282107275913
715	0.2700573731366839
716	0.24900830914875494
717	0.2652973576445727
719	0.27510508575884507
720	0.003719826974184118
725	0.29226340298259
726	0.017169212189391048
727	0.2050902774271792
728	0.09507137634600198
730	0.032240421995798026
731	0.020489033155018023
732	0.019051184348364607
734	0.023890795323793526
736	0.2931661838745749
737	0.05374169825204867
738	0.45503209133221734
740	0.24722262446409438
742	0.5293080783915075
743	0.49030388018730886
745	0.1954579223998553
746	0.26558052793904785
747	0.24683288047222196
748	0.02735745582070425
749	0.2641309187344307
750	0.016411161332125397
751	0.014959096620322854
752	0.054130133380235174
753	0.03808766321667041
754	0.2853320124252009
755	0.036083585223663596
756	0.26854653595924466
757	0.018272528276931523
760	0.23304030641931683
761	0.27518748947207905
763	0.04643893660038307
764	0.022418548813190012
765	0.03661289233917663
767	0.505618907693435
768	0.3356541595692619
769	0.25342137634609774
770	0.24721713352954042
773	0.0036795004509979287
775	0.03436704161711163
776	0.30124139828199026
777	0.23053249901945827
778	0.08736098542959339
780	0.03739934357165693
782	0.03975362295678625
783	0.029236191901035304
784	0.018263144465194184
787	0.03759702567998605
788	0.0021155900072259842
789	0.017326024509736367
790	0.464969086176218
791	0.003952833208742554
792	0.26779158337589626
794	0.26839765480429506
795	0.25650574768024625
800	0.04129118075073655
801	0.03099279687452939
803	0.5247975265682486
804	0.0021194542002790223
805	0.47535993660565456
806	0.030527597202320622
807	0.27674048476639473
808	0.258273049532727
809	0.30554972534633695
810	0.03631752627198519
812	0.02849393149875721
813	0.25686875224142225
814	0.5134394943493396
815	0.2620167142544834
816	0.5370353524221726
817	0.5165925456520525
818	0.25261526652838745
820	0.45886613779590596
821	0.019159708352109506
822	0.274447297849198
823	0.016316761515091274
824	0.23191253932942238
826	0.23775925620131
827	0.02336520748054806
828	0.02325438237351686
829	0.04129118075073657
830	0.20569803967967432
831	0.03106914668912182
832	0.27466026626862466
833	0.25420877003215675
834	0.013121516183181997
835	0.2720255181194391
838	0.023317622971584774
839	0.04477287075095605
840	0.011371723828416697
841	0.014344863203133162
844	0.07322226711733468
847	0.017556610338875824
850	0.26975553579416667
851	0.027355987115896853
852	0.5211518308316655
854	0.5035491988949903
855	0.21466569405579972
856	0.2870451309068829
857	0.03762080049602215
858	0.020649972678171077
859	0.5198028496227056
860	0.25091560967755155
861	0.22667333281960655
862	0.2651044633554085
863	0.03831321512337004
864	0.014375360872286205
865	0.045342643949517016
866	0.11739570896612322
868	0.2707914655289839
869	0.03047427762060753
870	0.027112299153676585
873	0.45652030748608496
876	0.0046289476484265984
877	0.26132683265745305
878	0.26531449974012444
879	0.313283790588292
880	0.24988469404086247
882	0.006463346310152121
883	0.2761511770178833
884	0.24233589613987294
885	0.32209974858325596
887	0.0033727002942831735
888	0.01133948930886916
889	0.2503825363581703
890	0.015028632823782168
891	0.2652882757280738
892	0.008300794347114178
893	0.2694590668531143
894	0.2614031986201382
896	0.014158607000884386
897	0.03461782295020916
898	0.22126958726051205
900	0.32543410728836974
901	0.2977987879432939
904	0.4956730907450731
905	0.013560886025325743
906	0.2709719198838579
907	0.267840093127928
909	0.01798803652541412
910	0.48724182647397635
911	0.0334104839678635
913	0.26735465698792166
915	0.016031949052635573
916	0.21071694042632985
917	0.32238938223071534
919	0.022490251716765976
920	0.2585947984115785
923	0.5148214678475497
925	0.2573166924386031
926	0.024526591563987725
928	0.281566396484894
929	0.5281301283835419
930	0.04211791718306489
931	0.2673699293455653
932	0.0025320080182779925
933	0.26574204383682226
934	0.24953020000383275
935	0.022163621527930555
936	0.27464173678259446
938	0.2812800386931927
939	0.27344171926953903
940	0.27660165407840265
941	0.2542277912924788
942	0.2503566269537131
943	0.2817450466540582
0	0.0
0	0.0
0	0.0
0	0.0
0	0.0
0	0.0
0	0.0
0	0.0
0	0.0
0	0.0
0	0.0
0	0.0
0	0.0
0	0.0
0	0.0
0	0.0
0	0.0
0	0.0
0	0.0
0	0.0
0	0.0
0	0.0
0	0.0
0	0.0
0	0.0
0	0.0
0	0.0
0	0.0
0	0.0
0	0.0
0	0.0
0	0.0
0	0.0
0	0.0
0	0.0
0	0.0
0	0.0
0	0.0
0	0.0
0	0.0
0	0.0
0	0.0
0	0.0
0	0.0
0	0.0
0	0.0
0	0.0
0	0.0
0	0.0
0	0.0
0	0.0
0	0.0
0	0.0
0	0.0
0	0.0
0	0.0
0	0.0
0	0.0
0	0.0
0	0.0
0	0.0
0	0.0
0	0.0
0	0.0
0	0.0
0	0.0
0	0.0
0	0.0
0	0.0
0	0.0
0	0.0
0	0.0
0	0.0
0	0.0
0	0.0
0	0.0
0	0.0
0	0.0
0	0.0
0	0.0
0	0.0
0	0.0
0	0.0
0	0.0
0	0.0
0	0.0
0	0.0
0	0.0
0	0.0
0	0.0
0	0.0
0	0.0
0	0.0
0	0.0
0	0.0
0	0.0
0	0.0
0	0.0
0	0.0
0	0.0
0	0.0
0	0.0
0	0.0
0	0.0
0	0.0
0	0.0
0	0.0
0	0.0
0	0.0
0	0.0
0	0.0
0	0.0
0	0.0
0	0.0
0	0.0
0	0.0
0	0.0
0	0.0
0	0.0
0	0.0
0	0.0
0	0.0
0	0.0
0	0.0
0	0.0
0	0.0
0	0.0
0	0.0
0	0.0
0	0.0
0	0.0
0	0.0
0	0.0
0	0.0
0	0.0
0	0.0
0	0.0
0	0.0
0	0.0
0	0.0
0	0.0
0	0.0
0	0.0
0	0.0
0	0.0
0	0.0
0	0.0
0	0.0
0	0.0
0	0.0
0	0.0
0	0.0
0	0.0
0	0.0
0	0.0
0	0.0
0	0.0
0	0.0
0	0.0
0	0.0
0	0.0
0	0.0
0	0.0
0	0.0
0	0.0
0	0.0
0	0.0
0	0.0
0	0.0
0	0.0
0	0.0
0	0.0
0	0.0
0	0.0
0	0.0
0	0.0
0	0.0
0	0.0
0	0.0
0	0.0
0	0.0
0	0.0
0	0.0
0	0.0
0	0.0
0	0.0
0	0.0
0	0.0
0	0.0
0	0.0
0	0.0
0	0.0
0	0.0
0	0.0
0	0.0
0	0.0
0	0.0
0	0.0
0	0.0
0	0.0
0	0.0
0	0.0
0	0.0
0	0.0
0	0.0
0	0.0
0	0.0
0	0.0
0	0.0
0	0.0
0	0.0
0	0.0
0	0.0
0	0.0
0	0.0
0	0.0
0	0.0
0	0.0
0	0.0
0	0.0
0	0.0
0	0.0
0	0.0
0	0.0
0	0.0
0	0.0
0	0.0
0	0.0
0	0.0
0	0.0
0	0.0
0	0.0
0	0.0
0	0.0
0	0.0
0	0.0
0	0.0
0	0.0
0	0.0
0	0.0
0	0.0
0	0.0
0	0.0
0	0.0
0	0.0
0	0.0
0	0.0
0	0.0
0	0.0
0	0.0
0	0.0
0	0.0
0	0.0
