1	0.05490272930353307
2	0.03520755116126759
4	0.00820167328368588
5	0.008838421528193491
6	0.015361275800936273
7	0.2850767800984126
10	0.015736092675355334
11	0.12079526575373506
13	0.25049401828991746
14	0.23489304144364972
15	0.03769363251695343
16	0.5248519691094251
18	0.004000281996802087
19	0.07023883455078957
21	0.3281242946141081
22	0.028290700422110737
23	0.2879577419696292
24	0.037140929828178765
25	0.06296581120174745
26	0.0762976367949044
30	0.5398612018864359
35	0.011530260814632612
36	0.01672855086515767
37	0.03181504469533715
38	0.47245640773692105
39	0.03362831269485756
40	0.022714527267790455
42	0.26138440432990406
44	0.5294581991233518
47	0.003671617535049722
49	0.24537294881629046
60	0.034949320465502844
62	0.027717661436681355
64	0.052999995951274956
65	0.10403688971540227
72	0.2645607999718267
74	0.02636883605031648
77	0.043273619974679656
81	0.002184350440827893
82	0.026393850615241653
85	0.48943310841136156
89	0.016100263166796133
90	0.5244193594115631
92	0.008919365938156884
93	0.10175662681183607
95	0.27657693378498976
96	0.28472472895627965
97	0.5199396735049837
99	0.01611601872898711
104	0.12423532060474722
105	0.08488620501714095
108	0.27744515515115464
109	0.08404777622954643
110	0.29199200307445294
111	0.04409473921521006
115	0.0806755420106871
116	0.07380423676849576
120	0.005420322015152246
121	0.2783676361474492
123	0.04620298300926035
125	0.06451301136294174
129	0.023315847567008507
130	0.5311698806232771
132	0.030366860843882532
134	0.06344375488977969
136	0.03570073969995728
140	0.2455715179588941
144	0.2967078639220213
146	0.09990056900312713
150	0.010208250863307622
151	0.24889838633477657
158	0.07229690938431382
162	0.05446296896188178
165	0.06381340402004088
168	0.03179579499558245
172	0.05946107495610371
173	0.036392840670542784
175	0.028122587884605213
178	0.04381384889406058
179	0.48439941703882483
182	0.23849293093726182
184	0.502934141502874
185	0.11089773897503376
188	0.04178574659332783
189	0.2836875873500001
193	0.020067465668133985
195	0.0532565576092906
200	0.2613007920152355
201	0.7826095725914565
206	0.35562015503875966
207	0.2722232847121888
209	0.08871187386963122
210	0.0389278781603815
211	0.2957117768223057
214	0.4799931266616898
215	0.044486050101984864
216	0.030310141030667353
217	0.015026790951902479
218	0.0008444967887567198
223	0.5451059527501816
224	0.3070473219031402
226	0.047435678812424054
227	0.03220580156276447
230	0.2980629119001584
232	0.28412574295542775
234	0.5096146340644163
235	0.005193501538408491
236	0.5149112744152328
237	0.03336322035595052
238	0.2492180324973741
239	0.03878838449873048
240	0.04218110131783373
243	0.3132652628398004
245	0.02206483963571984
250	0.5453574691616216
251	0.016760339958516206
252	0.2816933550680916
253	0.5154723211617885
256	0.28442278603551957
259	0.2854401589986491
264	0.2474883673050226
265	0.044624610895626665
267	0.2625774062256119
268	0.020525568256852506
269	0.4423043654883817
270	0.042434405138621754
271	0.2630301829482578
272	0.03508707757271114
276	0.03390309834334883
279	0.07453189632728621
280	0.5026377767911594
284	0.014029307893314726
285	0.08145398420892548
286	0.24303778911810323
290	0.2983512759552395
291	0.030775388295979207
292	0.05225380162310348
293	0.21365747296666826
294	0.05749902691691615
295	0.5304397138461059
296	0.029784086647538004
297	0.041595535475160185
298	0.01979364829984402
299	0.027482170777696734
303	0.2755642803960073
307	0.28367519424965065
308	0.26087414784024443
311	0.27441062838623526
312	0.019017299783706074
313	0.04524918696041341
314	0.2659504215363586
315	0.03018455898872909
316	0.07147588446713621
318	0.05696650217122099
321	0.4762400964781752
322	0.020650733622452667
323	0.0018366142138207218
324	0.2930596110460133
325	0.25441055473638524
327	0.26119401599902503
328	0.22862209622129842
329	0.2936979690921815
331	0.06132876818702778
333	0.01179860230622519
334	0.32009145408393214
338	0.03907128815373236
339	0.25044798075905167
340	0.2676301495277376
342	0.23477795216766673
343	0.06417328641890829
344	0.2558856757422001
345	0.06084968217444276
350	0.03846180857800474
351	0.041030044152809884
354	0.2897838529856103
358	0.5346827493543976
361	0.004887713915866933
362	0.029344310469018822
363	0.2644305729552676
364	0.03436588473519224
365	0.014112876174857694
370	0.4832057601211287
371	0.3233305450484575
373	0.24688507465371637
378	0.26059497421527905
379	0.2559837319379043
380	0.2675252283783712
381	0.011830635575274952
382	0.03978164717316877
383	0.029202800666567278
384	0.271039927650222
385	0.29279370968934826
387	0.3160266819973318
388	0.03365744264413601
389	0.035516634780697026
390	0.7331448902413145
392	0.2732720989155431
394	0.26294659949372573
395	0.025697539968218622
396	0.08740074830246927
397	0.30998341931303836
398	0.038432196870074965
399	0.5273392931575814
402	0.2801711960419409
403	0.018392037174707963
404	0.29762880666617425
405	0.33720930232558144
406	0.25649107526071413
407	0.7689792707610071
408	0.0793450236276522
409	0.015234579394704621
411	0.2644012489377404
414	0.032803043325257554
417	0.01112696413301286
420	0.031122790907293578
422	0.03969958798882629
423	0.023895810373494333
424	0.07197222497216085
425	0.051699946356772365
426	0.03496612912120369
427	0.01995962507321217
428	0.4980796809002395
429	0.028542069155337184
430	0.2949471173323747
434	0.07952985476778575
436	0.296144236213083
437	0.32767385780596053
438	0.004161142013246251
441	0.009923029330875036
442	0.05389459692951944
445	0.6237243985531357
446	0.2205615600179902
448	0.07240607981660148
450	0.022957533559898897
452	0.07791110056632568
454	0.02519126550150111
455	0.07681198789235844
456	0.013152063707073447
458	0.49875636489995356
459	0.013745478028577878
460	0.2682488757584198
462	0.0711005596960753
463	0.11557960351536238
464	0.01919079027898407
465	0.2711427571833519
467	0.22539913121549832
468	0.294169392751756
469	0.019045830692002372
474	0.02305071898693923
478	0.06240276650437181
480	0.5193872968602905
485	0.4827384235543834
486	0.20234215292460944
490	0.047887808051089206
491	0.3018976873185068
493	0.02251037410650515
495	0.03952570850360167
499	0.048108068694090365
500	0.28587950977685506
501	0.29316504018845563
503	0.5437293125588193
507	0.03693362905145925
508	0.5851885255837979
514	0.3085576208825494
516	0.03402548878685861
517	0.0005218016515170683
519	0.2853845027506591
524	0.03904085551092897
525	0.2819163196943929
526	0.09074747639739333
529	0.022887228968066747
531	0.03374140813756232
532	0.255915539818266
535	0.29610830256147647
536	0.006438744819596415
538	0.2513196804332227
539	0.04252415680383924
542	0.2725363471311708
543	0.28384824096215616
545	0.07572060926247787
547	0.05869186705654408
548	0.016785018432568286
549	0.05286426260496246
551	0.02533481093428864
553	0.03023280703634882
555	0.05680793166798316
557	0.2283594075419361
560	0.02136778396893437
561	0.046074026214081486
562	0.5254577484187573
564	0.056579496206846644
566	0.03681211137811389
567	0.24355929345147975
568	0.041573321679563076
569	0.4855048384264705
570	0.05348611649541993
571	0.26446676631667904
572	0.0700433316220925
573	0.024030393774536182
574	0.03716110412003182
579	0.22978477046357942
584	0.28662156834713387
586	0.026808327936491735
588	0.00532336114570341
589	0.5519285412795105
597	0.28659049263953545
598	0.005438907920826089
599	0.022162391430417032
603	0.07427150856198962
605	0.026090176136704554
606	0.255510301980454
608	0.2525176397909038
613	0.03148367190832459
614	0.12154245561557579
615	0.01563714169655442
617	0.04244250845103469
618	0.01773130533111784
622	0.013914519425096118
624	0.2878599637982585
625	0.28767015931850365
626	0.05441155598291121
627	0.008065381160467268
628	0.016757597491230007
629	0.3063312380908112
632	0.2804502416651259
633	0.31331789393486587
634	0.2912711660473805
635	0.4959030495500507
637	0.2675564436798337
638	0.044637030234865864
639	0.28718258908011984
640	0.2866173508757871
642	0.011592486371654009
643	0.24459357785277308
645	0.03768879199229419
647	0.2717229920806259
648	0.05328639984403112
649	0.3260015655597301
650	0.26680028979159587
651	0.05407230593257414
652	0.29371644585638074
653	0.04359781085473498
654	0.27817579524609826
655	0.0585696395159047
658	0.5184582571838315
659	0.4914622982580485
661	0.23145393899439237
664	0.4950545329298047
665	0.76106895828915
666	0.2650718144997028
667	0.014780746507581006
668	0.29739637234679195
669	0.7421369576971046
670	0.26530501147096824
671	0.0792571994110726
676	0.27679697234115386
677	0.03819518937943207
678	0.08685428301548753
680	0.04231641036704395
682	0.015776123211777043
683	0.518826136727946
686	0.020116420085550757
688	0.007913309926414154
690	0.032782808814863416
692	0.27172299208062595
693	0.010518416560514512
696	0.044997873016811366
697	0.05096567677134106
699	0.013944540509052389
702	0.047547700081915736
704	0.2974015742752968
706	0.013427973472897724
707	0.2480701535605819
710	0.013049007476826746
711	0.28175249946658665
713	0.28336633018215646
715	0.035812409462424824
717	0.27863162268970576
720	0.0269116709153486
721	0.039354037408129997
722	0.049283756024787
724	0.35562015503875966
726	0.40374569867176546
727	0.2847979932393773
729	0.07550728465485976
730	0.048515680448630985
731	0.03380480672682231
733	0.04054937719775685
734	0.5319653632254177
735	0.26439764930607407
736	0.07296709812840244
738	0.0493789116974746
739	0.046379297493560505
740	0.05394490428735503
741	0.03816041017500145
742	0.2555166040362603
743	0.26916754138593235
744	0.5064537687637392
745	0.07992875927542842
746	0.22556357967433835
747	0.017925435413105942
748	0.26620879821832427
749	0.26160851781424893
751	0.2462995848152896
752	0.26633109423890233
753	0.3227474819389521
755	0.2796763275609967
756	0.2792956486388096
757	0.49616901898286114
758	0.0026839322271042937
759	0.28980635395800514
760	0.32468754474572126
762	0.041697504902200026
763	0.21987296606869156
764	0.49542143186560716
766	0.0392104693443346
767	0.2676475320000491
768	0.28975877001495365
769	0.04533132137190058
770	0.018817582720319324
771	0.7907076555286926
772	0.04301974056939069
773	0.23429785099098738
779	0.2682599130053587
780	0.05208912316139803
782	0.2946465684657115
784	0.015894773879739386
786	0.3126164385497361
787	0.021679920430988344
788	0.2710245130512831
792	0.012082814653101185
793	0.029266325798126703
795	0.49900813188749765
796	0.03299065166250151
800	0.2643976493060741
803	0.020308253686210215
806	0.5165555342911335
808	0.047755268574013694
809	0.023952926484137674
810	0.037439654482899556
817	0.02275426604384023
819	0.030939561210184624
820	0.2361173966985915
821	0.23899818478955792
822	0.025861989329266512
823	0.017235709280800843
828	0.060471309203264295
829	0.26439764930607407
830	0.06474654217828912
831	0.03997883583305738
833	0.2680565527929347
835	0.015121246975661098
837	0.3084905300828501
838	0.2640150945816594
839	0.03248319832275645
840	0.7712136714692728
841	0.030081925404488424
842	0.05034348512299041
843	0.03984823990133536
845	0.06845141465516782
846	0.043870230295961654
848	0.29900294248503057
849	0.25555336174125826
850	0.0192186631799049
852	0.005522504431564049
853	0.29107654378444936
854	0.019441530765469082
861	0.08178751971310828
862	0.0008123012690226528
865	0.10223477525503913
867	0.04712565910635923
868	0.03529415538506779
869	0.28246051112140524
870	0.5349787457319839
874	0.2802270221094426
877	0.015896459811272842
880	0.042032151861010614
881	0.03700558372094441
882	0.2645819943243316
883	0.49562321504691187
885	0.004259924072693724
886	0.2621263422229344
887	0.2754857184704809
890	0.30048495469606573
892	0.04533962350872085
893	0.016053567033091444
894	0.28631650587283125
895	0.00251426250503943
896	0.2561877180031735
897	0.2760268451899354
898	0.07676373102293614
899	0.7564383627216636
901	0.012371355239848766
902	0.05919151697796531
903	0.25889584184175796
905	0.07914086546892071
906	0.01822179209866216
907	0.042848283073651884
908	0.2708117493192169
909	0.019998868248543595
910	0.07713339378440438
912	0.5532766493022089
913	0.027426698730450637
918	0.022461994930382957
919	0.26883887720954625
921	0.0563578680088347
922	0.3071939746982514
924	0.2942334116663221
928	0.019603527290660335
931	0.2624235768114529
932	0.2839917470934858
933	0.24747121677659062
934	0.039284986176777975
936	0.016799641958055538
937	0.06308768734065323
938	0.0026144890086925374
940	0.517267586395435
941	0.2632679903374262
942	0.024020423164793428
943	0.012042266428246885
0	0.0
0	0.0
0	0.0
0	0.0
0	0.0
0	0.0
0	0.0
0	0.0
0	0.0
0	0.0
0	0.0
0	0.0
0	0.0
0	0.0
0	0.0
0	0.0
0	0.0
0	0.0
0	0.0
0	0.0
0	0.0
0	0.0
0	0.0
0	0.0
0	0.0
0	0.0
0	0.0
0	0.0
0	0.0
0	0.0
0	0.0
0	0.0
0	0.0
0	0.0
0	0.0
0	0.0
0	0.0
0	0.0
0	0.0
0	0.0
0	0.0
0	0.0
0	0.0
0	0.0
0	0.0
0	0.0
0	0.0
0	0.0
0	0.0
0	0.0
0	0.0
0	0.0
0	0.0
0	0.0
0	0.0
0	0.0
0	0.0
0	0.0
0	0.0
0	0.0
0	0.0
0	0.0
0	0.0
0	0.0
0	0.0
0	0.0
0	0.0
0	0.0
0	0.0
0	0.0
0	0.0
0	0.0
0	0.0
0	0.0
0	0.0
0	0.0
0	0.0
0	0.0
0	0.0
0	0.0
0	0.0
0	0.0
0	0.0
0	0.0
0	0.0
0	0.0
0	0.0
0	0.0
0	0.0
0	0.0
0	0.0
0	0.0
0	0.0
0	0.0
0	0.0
0	0.0
0	0.0
0	0.0
0	0.0
0	0.0
0	0.0
0	0.0
0	0.0
0	0.0
0	0.0
0	0.0
0	0.0
0	0.0
0	0.0
0	0.0
0	0.0
0	0.0
0	0.0
0	0.0
0	0.0
0	0.0
0	0.0
0	0.0
0	0.0
0	0.0
0	0.0
0	0.0
0	0.0
0	0.0
0	0.0
0	0.0
0	0.0
0	0.0
0	0.0
0	0.0
0	0.0
0	0.0
0	0.0
0	0.0
0	0.0
0	0.0
0	0.0
0	0.0
0	0.0
0	0.0
0	0.0
0	0.0
0	0.0
0	0.0
0	0.0
0	0.0
0	0.0
0	0.0
0	0.0
0	0.0
0	0.0
0	0.0
0	0.0
0	0.0
0	0.0
0	0.0
0	0.0
0	0.0
0	0.0
0	0.0
0	0.0
0	0.0
0	0.0
0	0.0
0	0.0
0	0.0
0	0.0
0	0.0
0	0.0
0	0.0
0	0.0
0	0.0
0	0.0
0	0.0
0	0.0
0	0.0
0	0.0
0	0.0
0	0.0
0	0.0
0	0.0
0	0.0
0	0.0
0	0.0
0	0.0
0	0.0
0	0.0
0	0.0
0	0.0
0	0.0
0	0.0
0	0.0
0	0.0
0	0.0
0	0.0
0	0.0
0	0.0
0	0.0
0	0.0
0	0.0
0	0.0
0	0.0
0	0.0
0	0.0
0	0.0
0	0.0
0	0.0
0	0.0
0	0.0
0	0.0
0	0.0
0	0.0
0	0.0
0	0.0
0	0.0
0	0.0
0	0.0
0	0.0
0	0.0
0	0.0
0	0.0
0	0.0
0	0.0
0	0.0
0	0.0
0	0.0
0	0.0
0	0.0
0	0.0
0	0.0
0	0.0
0	0.0
0	0.0
0	0.0
0	0.0
0	0.0
0	0.0
0	0.0
0	0.0
0	0.0
0	0.0
0	0.0
0	0.0
0	0.0
0	0.0
0	0.0
0	0.0
0	0.0
0	0.0
0	0.0
0	0.0
0	0.0
0	0.0
0	0.0
0	0.0
0	0.0
0	0.0
0	0.0
0	0.0
0	0.0
0	0.0
0	0.0
0	0.0
0	0.0
0	0.0
0	0.0
0	0.0
0	0.0
0	0.0
0	0.0
0	0.0
0	0.0
0	0.0
0	0.0
0	0.0
0	0.0
0	0.0
0	0.0
0	0.0
0	0.0
0	0.0
0	0.0
0	0.0
0	0.0
0	0.0
0	0.0
0	0.0
0	0.0
0	0.0
0	0.0
0	0.0
0	0.0
0	0.0
0	0.0
0	0.0
0	0.0
0	0.0
0	0.0
0	0.0
0	0.0
0	0.0
0	0.0
0	0.0
0	0.0
0	0.0
0	0.0
0	0.0
0	0.0
0	0.0
0	0.0
0	0.0
0	0.0
0	0.0
0	0.0
0	0.0
0	0.0
0	0.0
0	0.0
0	0.0
0	0.0
0	0.0
0	0.0
0	0.0
0	0.0
0	0.0
0	0.0
0	0.0
0	0.0
0	0.0
0	0.0
0	0.0
0	0.0
0	0.0
0	0.0
0	0.0
0	0.0
0	0.0
0	0.0
0	0.0
0	0.0
0	0.0
0	0.0
0	0.0
0	0.0
0	0.0
0	0.0
0	0.0
0	0.0
0	0.0
0	0.0
0	0.0
0	0.0
0	0.0
0	0.0
0	0.0
0	0.0
0	0.0
0	0.0
0	0.0
0	0.0
0	0.0
0	0.0
0	0.0
0	0.0
0	0.0
0	0.0
0	0.0
0	0.0
0	0.0
0	0.0
0	0.0
0	0.0
0	0.0
0	0.0
0	0.0
0	0.0
0	0.0
0	0.0
0	0.0
0	0.0
0	0.0
0	0.0
0	0.0
0	0.0
0	0.0
0	0.0
0	0.0
0	0.0
0	0.0
0	0.0
0	0.0
0	0.0
0	0.0
0	0.0
0	0.0
0	0.0
0	0.0
0	0.0
0	0.0
0	0.0
0	0.0
0	0.0
0	0.0
0	0.0
0	0.0
0	0.0
0	0.0
0	0.0
0	0.0
0	0.0
0	0.0
0	0.0
0	0.0
0	0.0
0	0.0
0	0.0
0	0.0
0	0.0
0	0.0
0	0.0
0	0.0
0	0.0
