1	0.048217980872010416
2	0.30614158761973365
5	0.2931292333478213
6	0.0693511144473859
8	0.24289124263275724
9	0.0320408425839676
10	0.2782259118876027
12	0.25031135819084976
13	0.1189084700356599
14	0.06645136902401064
18	0.5310458675431652
20	0.259840390799422
21	0.30916692891453224
22	0.3282632973929856
23	0.033585285551789835
24	0.26429701654959953
26	0.35410577898650863
29	0.3018015468667275
31	0.24628584638171344
32	0.2207853057957977
33	0.020879439277742044
35	0.016371042870013494
36	0.02469592950351896
37	0.24980794342831275
38	0.2925172867469926
39	0.07245327638385363
40	0.042304371650359836
41	0.26026910631069
42	0.25638082347740876
43	0.5033706035481822
44	0.09578517378074214
45	0.525125677842602
46	0.002387298519510514
51	0.49759061301076307
52	0.25468689187411175
53	0.2541912257146079
55	0.25457266333852097
56	0.04732301075326554
58	0.04219360898194863
59	0.2634261827774544
60	0.054999835346900845
62	0.02159847425843054
66	0.02482181023404379
67	0.2615605352283915
68	0.28685427524047313
69	0.025021736435971845
73	0.061315078211265445
74	0.059311399575060514
75	0.26632386406495123
76	0.0585769987577453
79	0.012331553028751677
80	0.13158872044353176
81	0.024763276609962193
82	0.5396718388325762
84	0.0264426443262687
87	0.27981904677073804
88	0.09118255724201763
89	0.2619358347289607
90	0.05885447852522113
91	0.013675769987409166
92	0.29339046691283743
94	0.27779920800369373
96	0.04395143167690507
98	0.46617895312334023
99	0.2687737781516944
100	0.014172516152915815
101	0.26935025501217746
102	0.25904046510810014
103	0.08071593793801383
104	0.31769300641973264
105	0.13435577559958956
106	0.20782261758005738
109	0.23020994918852702
111	0.07928262911095228
112	0.024417620660946188
113	0.31424852539072595
114	0.5210134261647931
116	0.03001259266004644
117	0.28239988308843056
118	0.018083170314334256
120	0.029576959878982116
121	0.013911920757453643
122	0.015418884577071842
123	0.46988138903277377
125	0.2200215161635385
127	0.016811969747200672
128	0.26281850378419863
129	0.32990972765930854
132	0.06358142626124544
133	0.22294594885831018
134	0.039069298750724894
135	0.22656542772683885
136	0.32016054648609105
137	0.30159564667442096
138	0.5131267267215516
139	0.05464682687552574
140	0.2711428316071358
142	0.05492517612487252
143	0.23685948598409562
145	0.5286381078420503
147	0.04712588524994699
148	0.04813930264173542
149	0.5417289389945775
151	0.0014875766453398345
152	0.021470530902324036
153	0.0780696859787346
154	0.25126729469835585
156	0.5170281272258953
157	0.26928909860212585
159	0.215053971040949
160	0.2714318385024846
164	0.002531312969946617
167	0.5237011099168963
168	0.26755299133809773
169	0.002116170364970568
170	0.2273671530643107
171	0.010416057121853076
172	0.3448516259748518
173	0.04597883029709163
174	0.2937496893088438
177	0.5249266639232842
178	0.26107731922874056
183	0.10425634008974767
186	0.042209342863266885
188	0.5179171323850698
189	0.015415031576348236
191	0.17596371955184278
193	0.014555776899884812
194	0.03414334628744506
197	0.5246184752478424
198	0.01471916605446403
204	0.2577971714755173
207	0.06854786685892122
208	0.3097241637172725
210	0.05807258894026641
214	0.05290711971314386
215	0.02673863407340489
216	0.31634928331581624
218	0.31534762370770314
220	0.033985202952630605
222	0.23880160360790303
225	0.029424051650207617
226	0.08836207722280223
228	0.1886789353168955
230	0.006796319695628612
231	0.2501566823876825
232	0.04832522908657464
233	0.02486436915418229
234	0.06478040050475065
235	0.03986038547801245
236	0.2368728203114066
237	0.23237370055289666
238	0.037875976855675994
239	0.07079956508624399
240	0.3194760496355822
241	0.050526394801576405
244	0.026569605934266882
248	0.32932358754911095
249	0.5370271520411458
254	0.04013699585027465
256	0.06801370731021537
257	0.23129193255247077
258	0.08957748206299743
259	0.2586137505444779
260	0.2829247478211884
261	0.007553498023923411
263	0.022396563477401585
264	0.2550291292357171
265	0.004664443283632018
266	0.03319252539943387
267	0.3072706951512704
268	0.3295140122039901
270	0.027137725093542765
271	0.07092986948882865
272	0.5176805699153716
274	0.25005304525544086
275	0.2617508485076276
276	0.3158667222786862
278	0.00979458433421803
283	0.2689540687808917
284	0.04860697994471177
285	0.5003225200976937
287	0.2885544521851182
288	0.01436435451949894
289	0.0893097664118615
291	0.011106265461020705
292	0.022141372076855667
293	0.06766362925439351
296	0.2608136546364184
297	0.04845985703686204
298	0.5028457010073101
299	0.32965863259907835
301	0.5096316202223993
302	0.03944418382657613
303	0.3113471702285421
305	0.20464453369511845
306	0.31407124295946154
308	0.05938444749063514
309	0.21593834355628314
310	0.29584785235297184
312	0.03140364423409648
313	0.05496586255092873
314	0.0029959223900522247
315	0.027227525277728086
317	0.5047988649872986
320	0.5403485786869318
321	0.0385219554597179
322	0.31247324496742035
323	0.2890727069585668
325	0.0660712937090924
326	0.2838427569098789
328	0.05006771262576542
329	0.26137341354793886
330	0.2227362704042284
331	0.0586336383211028
333	0.27301130731234735
334	0.2511581649470181
335	0.032144471477345955
336	0.24195439413523173
339	0.03692488128036903
341	0.269503179245195
342	0.017586572437607376
343	0.25710625105546925
344	0.06184027179890153
345	0.014355829877078972
346	0.2766015408990661
347	0.31127135037347786
348	0.03229572954365242
349	0.024438305197815792
350	0.03540906270928397
351	0.024295602512978152
352	0.0704227599601003
353	0.025394974120246716
354	0.06432574787622583
357	0.03930749352861447
360	0.560516533269873
361	0.29527967248756
362	0.584731878504868
363	0.3050032947927746
364	0.06781636929341732
366	0.025571114635601792
367	0.5316976026880216
368	0.44933125506100413
369	0.23662533762437196
370	0.04854165528934264
374	0.01567542492340157
375	0.24316385987683242
376	0.2731833027427219
377	0.26804317259988414
378	0.29926690152970686
379	0.296760562492346
380	0.28498674967180043
382	0.04722304188092569
383	0.005955737310523707
385	0.07841969289248846
386	0.4749042510266176
387	0.08070940967647963
388	0.28497345944637265
389	0.3236358487727516
391	0.26310628637275957
392	0.037737517511358475
393	0.4971041354844811
394	0.08577407701688769
395	0.3251146053426579
396	0.21750279399088915
397	0.5228260820433797
398	0.23134439194229842
399	0.3017572106818658
402	0.02086478198751056
403	0.5029769837172852
404	0.0648792381271405
406	0.29376596258260673
407	0.04834212279772152
409	0.30244655464956494
410	0.05784177120243363
411	0.042085848305627116
412	0.024320585620302766
413	0.01804527598794351
414	0.34788861730519205
415	0.03278594704808978
416	0.5005475050755744
417	0.5403592948619846
419	0.27294871504145773
420	0.5431665272235453
421	0.5403069446190072
423	0.4984941880856204
424	0.010362867622690536
425	0.11806249561851703
426	0.06848222081234437
427	0.015209122973581526
428	0.055130932430022865
429	0.5456431196773265
430	0.03738490492268163
431	0.01463702880810979
432	0.23380481637520223
433	0.30311825699365447
435	0.27485719233986194
436	0.27616975926676124
438	0.014558826200012795
440	0.27990420947545036
441	0.011435803207028458
442	0.5207768024732987
443	0.02513283373956214
446	0.007107566773647274
447	0.49614121349528195
448	0.2393844886549685
449	0.03940921748281287
450	0.026406415813004402
453	0.03444311127051337
454	0.008346771315197454
455	0.03119556621535502
456	0.03729904836666456
457	0.2749207715300543
458	0.05883433015716823
459	0.009824659464742057
460	0.29990865741328643
461	0.2589737584901605
463	0.08508716682455675
464	0.0659500532113513
466	0.29675507848408633
469	0.5232885543036704
470	0.25990038820829275
472	0.2772222314052938
473	0.26215435316609387
474	0.524230171550105
475	0.055727600620714475
476	0.23650692654123667
479	0.3074768232378788
480	0.236435874498113
481	0.26901493560097356
482	0.49123525885350855
483	0.022236729719137475
484	0.040827467059560855
485	0.18164706113065843
486	0.24822440260321876
487	0.2626688316042745
488	0.5236011618650667
490	0.2931747795451692
491	0.28236415222549305
492	0.50153280593255
493	0.03870848433186726
494	0.22835826294017944
495	0.2587814930949878
496	0.3459447528887191
497	0.044755752411700454
498	0.054996209888374364
500	0.3107600653844629
501	0.019670398959016552
504	0.00798521689397251
505	0.2542427656620748
506	0.3175940897332881
507	0.2867157262888609
509	0.3143013462794394
510	0.2697336370426635
512	0.7269741208512
513	0.26410197319081463
514	0.04216275510338395
515	0.005729389537364869
517	0.043224775198900015
518	0.22004062063190394
519	0.29028286029316724
520	0.29473481901924303
521	0.012825335590367387
522	0.045609420313655544
523	0.0034990748418912906
524	0.5474491708519168
525	0.020119845544052377
526	0.04822239623272593
527	0.4559443761495773
528	0.5255076389807068
531	0.32416421769651493
532	0.30563928832058496
533	0.25489964938659565
534	0.2636796018861319
536	0.28056769864401643
537	0.29725032664215223
538	0.29894865277699323
539	0.014730862361397729
540	0.2588398105238202
541	0.013950464354936326
542	0.22993435790348538
544	0.55697647033492
546	0.4994130614349662
547	0.32373356271316794
548	0.31962679011265016
549	0.02604755733994251
550	0.03323912229992547
551	0.2560560522916514
552	0.27213666821843785
553	0.5272874160401733
554	0.26885470473456086
556	0.2754891216042021
557	0.05625874384423716
559	0.22708466561741328
560	0.3256482760449354
561	0.5481785180128469
563	0.22561165899112046
565	0.01399236646454178
566	0.05498301654262675
567	0.29584721922765017
568	0.26986344641043847
569	0.2910321222758066
570	0.3424539790772789
571	0.04238235702933691
573	0.5329467366962294
574	0.260635464349559
575	0.0011799117280910654
576	0.47908857751082673
577	0.02684960195352165
578	0.5095144104758205
579	0.068485379133604
581	0.05773649721800242
582	0.2783350104420081
583	0.0032073956581988167
585	0.05801895142946745
586	0.03437315842960724
587	0.05047985557017665
590	0.018506845442221462
591	0.03248201240681664
592	0.015003986869797134
593	0.007924760469563169
594	0.5077919181952639
595	0.22172752024830628
596	0.2468955520509431
598	0.06494293281429639
600	0.3204377324968218
602	0.3032137987987171
603	0.0542115052971184
606	0.30212193047332647
607	0.0503049677795577
608	0.02432262342395341
610	0.021692375424290276
611	0.2726496962310313
612	0.007609184081602147
613	0.28150471958091594
615	0.28813537225694025
616	0.2937382573898429
617	0.27135603272953707
618	0.24824188217440063
619	0.5181782387875546
620	0.2514425660573456
621	0.055126697502149866
622	0.3163673724100238
623	0.5142389346451155
624	0.05720249938848753
625	0.021876753542635657
626	0.33666664287567655
627	0.5216401046878789
628	0.049085451464147424
629	0.003534288603161899
630	0.023106717790883684
632	0.021958178558655714
634	0.30732404487391557
635	0.07678305823936993
636	0.2539151872727304
638	0.01895605496278853
639	0.32053785656512035
642	0.02715336038830088
643	0.2852774075295964
644	0.2622575036542232
645	0.037413712616208974
646	0.21338942378161063
647	0.27401839047525506
648	0.30464872666624965
650	0.04548163983130156
651	0.3445115776491851
652	0.0029951255368522445
653	0.4768119787963646
654	0.5340902158637042
657	0.049818902509442944
658	0.02841069083367974
659	0.29287117075377467
660	0.24184997223400517
661	0.5424052170458447
662	0.05306130129295891
663	0.27529047534150786
664	0.07635961706068214
666	0.3086114788303912
667	0.035260243316053756
668	0.07965408574497726
669	0.05185442210942418
670	0.31598953108787187
672	0.5076041748365147
673	0.036361907098979934
674	0.057694178206361114
675	0.049209906201964526
676	0.2931812649592151
677	0.0135996121732005
678	0.2093594237301575
679	0.5146417625828172
680	0.0077505851224984185
681	0.19937923666018764
682	0.5193988682793874
683	0.2643643367378214
684	0.023104095344080873
686	0.04669608215052457
688	0.2731791167135836
689	0.2405676424571829
690	0.014097483959863266
691	0.019925629591482835
693	0.07868624381110689
694	0.480361157746815
695	0.34430238432616134
696	0.3154334900207533
697	0.079802005916738
698	0.23610685003892637
700	0.024473269663734795
701	0.011937713828341773
703	0.5025199449319616
705	0.27610144975136414
707	0.054578448779303235
708	0.2416380569208099
709	0.5105433938660253
710	0.299204960054005
712	0.4961498971243608
713	0.10153634762751915
714	0.2541797926523155
716	0.013255360849422977
717	0.06577602600858579
719	0.004810130239392668
720	0.33598115456699895
723	0.2800382988346822
725	0.28263769080361384
727	0.355358257617178
728	0.30133671703096926
732	0.5042084595859191
733	0.3197259127839131
737	0.30670812696223354
738	0.3178287074334576
739	0.23333466336499115
740	0.11505345383159007
741	0.2791155985891616
743	0.1024311080330074
745	0.27871677371614684
746	0.05580863441415429
747	0.3151090624893956
748	0.056369351937311206
749	0.02677941407640609
750	0.014906058598846791
751	0.031025106285700356
752	0.31194336426656805
754	0.254337399913138
756	0.02027843823771286
757	0.07428109598842912
758	0.2768904001122436
761	0.02612274478870845
762	0.5384914201838701
764	0.034788234417909715
766	0.08194720303346098
768	0.010463485688987494
772	0.29971908503919786
773	0.07467445005363253
774	0.07485085190932463
775	0.007387829251555428
776	0.7346256708236212
778	0.05050681813483022
779	0.005408936324326118
780	0.4892902932675728
781	0.759897528474872
783	0.5268782517511476
784	0.042604035529469717
785	0.28672461258774434
787	0.290011789111455
788	0.08820603999451528
789	0.030524446150139384
790	0.3039781145935033
791	0.2375535867478221
792	0.05986360036312536
795	0.07735571298227989
796	0.0392037604042867
797	0.4587600608344136
798	0.49701345044874784
799	0.012895223000225824
802	0.5101580082927984
804	0.26602961808142717
805	0.3142144277805674
806	0.05967089475786581
807	0.28673616048881434
808	0.09382083071193759
809	0.2801993140063157
810	0.25743234291961564
811	0.25995907107383603
813	0.018852373635104648
814	0.0426261904531458
815	0.3016116120508846
816	0.03461888818449841
818	0.2855254759492874
819	0.5352808978676551
820	0.17604246499170265
823	0.2897392674832666
824	0.0021399712683091016
825	0.24635778363804672
826	0.07796648562587526
827	0.06421071110744686
828	0.3176354403582127
829	0.2588163970862106
830	0.2935264326101112
832	0.4794387764607496
833	0.27106051311400753
834	0.25292725151608325
835	0.5300077926255036
836	0.5494683806152892
839	0.23954163298820844
841	0.30071253325029834
843	0.04514276471392082
844	0.26044990026128495
846	0.26851057024522446
849	0.013432983791431229
850	0.012283639664055525
851	0.303879791608927
852	0.04389941362821811
853	0.3063932756491614
854	0.03422151017079174
855	0.042316834912973875
858	0.24803138149964932
860	0.3101740888080462
862	0.05062231811243215
863	0.2618837287865953
864	0.4750482541823836
865	0.17288953046230668
867	0.04844693026782363
868	0.32434453607967106
869	0.2633141285565708
870	0.2868920167522048
871	0.7508107450416113
872	0.023632836847969664
873	0.023126818925744252
874	0.3313262919687661
876	0.2388701749167537
877	0.023808388515073206
878	0.27104341398175097
879	0.06741670517210037
880	0.2907982454740304
881	0.08051483925656829
882	0.30798270273071165
883	0.310472405079765
884	0.2760126423370312
885	0.2770871096441965
886	0.07767743935079331
887	0.04692383332758245
889	0.24794490475588293
890	0.036321234959950474
891	0.022683602393993342
892	0.31118585155900197
893	0.26963612659915676
895	0.03792374195881383
896	0.05008066649421222
897	0.009431037841076205
898	0.2504873618422371
900	0.3396168957175124
901	0.049167558159523755
905	0.13495161901654468
906	0.01422584011598163
907	0.02834499131329249
908	0.04141107231733456
911	0.018161938676145725
913	0.32437066636033596
915	0.2961737408241767
916	0.26287292206669327
918	0.045238893824404006
919	0.0647888839238855
920	0.010063232284689055
921	0.0005229636152665473
922	0.5093513380003738
923	0.02828432340578539
925	0.026956141528863782
926	0.3077576779793739
927	0.265232770068467
929	0.01714648547835826
931	0.05173836599240528
932	0.06650333142977521
933	0.2963039101215055
934	0.5250870618488311
935	0.022408582766078572
938	0.26417124303566025
939	0.03767554125047679
940	0.04690712734567897
942	0.5300522951970768
0	0.0
0	0.0
0	0.0
0	0.0
0	0.0
0	0.0
0	0.0
0	0.0
0	0.0
0	0.0
0	0.0
0	0.0
0	0.0
0	0.0
0	0.0
0	0.0
0	0.0
0	0.0
0	0.0
0	0.0
0	0.0
0	0.0
0	0.0
0	0.0
0	0.0
0	0.0
0	0.0
0	0.0
0	0.0
0	0.0
0	0.0
0	0.0
0	0.0
0	0.0
0	0.0
0	0.0
0	0.0
0	0.0
0	0.0
0	0.0
0	0.0
0	0.0
0	0.0
0	0.0
0	0.0
0	0.0
0	0.0
0	0.0
0	0.0
0	0.0
0	0.0
0	0.0
0	0.0
0	0.0
0	0.0
0	0.0
0	0.0
0	0.0
0	0.0
0	0.0
0	0.0
0	0.0
0	0.0
0	0.0
0	0.0
0	0.0
0	0.0
0	0.0
0	0.0
0	0.0
0	0.0
0	0.0
0	0.0
0	0.0
0	0.0
0	0.0
0	0.0
0	0.0
0	0.0
0	0.0
0	0.0
0	0.0
0	0.0
0	0.0
0	0.0
0	0.0
0	0.0
0	0.0
0	0.0
0	0.0
0	0.0
0	0.0
0	0.0
0	0.0
0	0.0
0	0.0
0	0.0
0	0.0
0	0.0
0	0.0
0	0.0
0	0.0
0	0.0
0	0.0
0	0.0
0	0.0
0	0.0
0	0.0
0	0.0
0	0.0
0	0.0
0	0.0
0	0.0
0	0.0
0	0.0
0	0.0
0	0.0
0	0.0
0	0.0
0	0.0
0	0.0
0	0.0
0	0.0
0	0.0
0	0.0
0	0.0
0	0.0
0	0.0
0	0.0
0	0.0
0	0.0
0	0.0
0	0.0
0	0.0
0	0.0
0	0.0
0	0.0
0	0.0
0	0.0
0	0.0
0	0.0
0	0.0
0	0.0
0	0.0
0	0.0
0	0.0
0	0.0
0	0.0
0	0.0
0	0.0
0	0.0
0	0.0
0	0.0
0	0.0
0	0.0
0	0.0
0	0.0
0	0.0
0	0.0
0	0.0
0	0.0
0	0.0
0	0.0
0	0.0
0	0.0
0	0.0
0	0.0
0	0.0
0	0.0
0	0.0
0	0.0
0	0.0
0	0.0
0	0.0
0	0.0
0	0.0
0	0.0
0	0.0
0	0.0
0	0.0
0	0.0
0	0.0
0	0.0
0	0.0
0	0.0
0	0.0
0	0.0
0	0.0
0	0.0
0	0.0
0	0.0
0	0.0
0	0.0
0	0.0
0	0.0
0	0.0
0	0.0
0	0.0
0	0.0
0	0.0
0	0.0
0	0.0
0	0.0
0	0.0
0	0.0
0	0.0
0	0.0
0	0.0
0	0.0
0	0.0
0	0.0
0	0.0
0	0.0
0	0.0
0	0.0
0	0.0
0	0.0
0	0.0
0	0.0
0	0.0
0	0.0
0	0.0
0	0.0
0	0.0
0	0.0
0	0.0
0	0.0
0	0.0
0	0.0
0	0.0
0	0.0
0	0.0
0	0.0
0	0.0
0	0.0
0	0.0
0	0.0
0	0.0
0	0.0
0	0.0
0	0.0
0	0.0
0	0.0
0	0.0
0	0.0
0	0.0
0	0.0
0	0.0
0	0.0
0	0.0
0	0.0
0	0.0
0	0.0
0	0.0
0	0.0
0	0.0
0	0.0
0	0.0
0	0.0
0	0.0
0	0.0
0	0.0
0	0.0
0	0.0
