2	0.2533877398884439
5	0.2723791131097826
6	0.02618253756317959
7	0.03613269016065207
8	0.5155586776435863
9	0.7367954778404681
10	0.010407627945240222
11	0.19142764712809673
12	0.763950176391952
15	0.2788317215786346
17	0.5442994504577053
18	0.028177741382311498
19	0.012305725037798216
20	0.2897568599884124
22	0.015943014443150147
24	0.24302050564084104
27	0.46339677536545243
28	0.29243993122596035
29	0.01601142551329915
31	0.2541471229973362
32	0.7559218038408548
33	0.03515784286437757
35	0.2942055203668116
36	0.5103963757890049
37	0.25477937827858893
39	0.24532608438873577
40	0.022716058632509868
41	0.545741181912899
42	0.04373021776348499
43	0.23840439611529615
44	0.01574829938245307
45	0.7703207177487442
46	0.5067625822710273
47	0.010467593160517971
48	0.2846313045784106
50	0.05255697015675139
51	0.7911420678336645
52	0.5336889302119869
53	0.01089915005680855
54	0.2805326987364586
55	0.5362791538722178
56	0.0670784251450878
57	0.30691764155382223
59	0.03717783418338725
60	0.026014298519918606
62	0.015785619063538234
63	0.011177610435782005
65	0.0040141375560373595
66	0.2506303072377134
67	0.2871836456863205
68	0.5353686128364998
69	0.3081575228506307
70	0.07222021525694913
71	0.5167172582042953
75	0.23467110496065585
76	0.4852900079479205
77	0.015275591076191582
78	0.5301956736947561
79	0.26860221858044925
80	0.23613460025490207
81	0.2945476434205124
83	0.49237996856508
84	0.2898837890235517
86	0.29872532897570514
87	0.5564673025351533
88	0.26371949830455454
89	0.26166439830769833
91	0.2611244658605704
92	0.031191620674006586
93	0.18358401954199877
95	0.0334188317181256
96	0.03057853199359009
99	0.29985772934775623
100	0.2517702365602069
101	0.7334296808937378
102	0.26772224415142626
103	0.4133929039628615
104	0.182845964451342
106	0.23576541539689988
107	0.010316648718966676
109	0.2645594952948653
110	0.027602800560016343
111	0.247450901498801
112	0.031286881413137214
113	0.47298753789675063
114	0.485750373701851
117	0.29219158794189604
118	0.521346232059399
119	0.052832829781472496
120	0.2777099071318417
121	0.0383183370486441
122	0.5114270082330861
123	0.009384549583801333
124	0.259084647177953
125	0.49677944413449343
126	0.7235531565651325
127	0.7327565696026712
128	0.5362179471886568
129	0.2526445506366777
131	0.4938942584553634
133	0.48303916757003074
134	0.26850175394922615
135	0.24901673997789878
136	0.0008052648481520243
137	0.5190610092818251
138	0.2496875331984476
139	0.018342337598265663
141	0.22749198277235416
142	0.2961592912284448
143	0.023805515437319787
145	0.02930570411315972
147	0.5221343915518721
148	0.493382971232772
149	0.2520505406145247
150	0.04928519530843735
151	0.02581283841572887
152	0.5315431692184645
154	0.5086869713583851
155	0.2595154564630181
156	0.24347026988192771
157	0.5364389317054197
158	0.0026413877994190295
159	0.24403992609846203
160	0.00950292506444846
161	0.13665750184625347
163	0.49909106730836933
165	0.23960445500913863
166	0.26562935432135093
167	0.06939019168178118
168	0.2509929524977859
169	0.2663417954926254
170	0.2565110733718184
171	0.24434578511556432
174	0.053889787649569296
175	0.24961504658366634
177	0.029999356810163257
178	0.029814735587706684
180	0.26564835036489653
182	0.042203572526771586
183	0.007879936077604732
185	0.4372183653764901
187	0.49114109568620523
188	0.027556926932612025
189	0.001830525538870205
190	0.45914357353511404
191	0.4650800648972197
193	0.057302288434632385
194	0.048751459574259214
196	0.17221313236934047
197	0.6995581343972823
199	0.3024038520984368
202	0.2561925355160044
203	0.20527084994567968
204	0.49753488607000257
205	0.19010677143450497
208	0.230007184571366
211	0.04924102173172701
212	0.30957410517756107
215	0.01430499703027465
218	0.06488855324197217
219	0.24759597896464988
220	0.08526358668235011
222	0.0014106405092087805
223	0.0018237886745117275
224	0.25723233211179986
225	0.008792096018407074
228	0.40034142756313057
229	0.21270511832653596
230	0.031439860482478016
231	0.52246523947613
233	0.5266438229521136
237	0.012582757751244508
238	0.2890857786366435
241	0.5309892988746184
242	0.06666076412227973
245	0.26404246814676147
246	0.28379475119839587
247	0.5172463895276728
248	0.032004886706179826
249	0.018013030813087694
252	0.03150403367696794
253	0.021690411909355067
254	0.5288834928922477
257	0.5099907586501634
258	0.5484122502628345
260	0.28154416128099696
261	0.517494387809587
262	0.02228189568850128
264	0.28201255465844166
266	0.11359309508401373
268	0.03331136105505575
272	0.009862843824934783
273	0.4955144559118648
274	0.286877046540765
276	0.02851683255679181
277	0.20844719532749031
278	0.29641682247928863
279	0.24601598572634092
281	0.5718318351960289
282	0.257466930339504
283	0.21053933109953493
287	0.25492020429612366
289	0.34229460125853306
290	0.0238519745896671
291	0.03599656827445695
294	0.2588205630350755
296	0.270158948653992
298	0.03218793924415932
299	0.036765775352617436
300	0.13156463693190892
301	0.2804720657500131
302	0.3253172377506587
304	0.29040801363895
306	0.7819827562395557
307	0.23064232222871803
309	0.2897645761152424
310	0.7412201727757463
313	0.00766543733084972
314	0.26973927260287917
316	0.0017625976032168145
317	0.28806309193164437
320	0.03305171667739585
322	0.2749031188352164
323	0.29447131027767826
324	0.009206038566806702
325	0.027354713437952198
326	0.2846359799653005
328	0.04937713840019137
329	0.0063080066532881125
330	0.504209538994691
331	0.24879190136422158
332	0.2617508485076276
333	0.058652954252663016
336	0.5409656513262515
337	0.4513862182596441
338	0.0017808936767492525
340	0.007970634810682692
341	0.1941768213433559
345	0.019281464187763303
346	0.30330755153483163
348	0.28174083253714305
349	0.2784752892514525
352	0.29968299795366277
353	0.2382136912829276
355	0.02656860617106952
356	0.07767640275841488
357	0.03468653123048751
359	0.4992313476737131
361	0.05891114197299342
362	0.004615972317963051
363	0.26009563786307827
366	0.277126278129791
367	0.5195596046138483
368	0.7650374125519945
369	0.7640077155999663
372	0.01689050615901492
373	0.0026461123695946456
375	0.30437993989414125
376	0.29601020951895607
377	0.47362897718582964
381	0.2542191915979669
383	0.2662066791429222
384	0.005445509419331727
387	0.010944781806972077
388	0.012610798481227876
389	0.01864755403934868
393	0.28062369323488257
394	0.028055387408068014
395	0.02796197010134374
396	0.48687855541465574
398	0.029197546523222526
400	0.5152255401787006
403	0.28763362981287804
409	0.02213227843292414
410	0.5498242983442186
412	0.03860427095206518
413	0.5457310554540176
415	0.2845191916720902
416	0.00621264277836131
418	0.15996171358641448
419	0.2768071565102943
420	0.02055718486475415
421	0.29690853451906996
422	0.256397611084558
423	0.024672221863771437
426	0.03224852202563782
427	0.0028509665331664033
431	0.2560216716822543
432	0.289950898563746
433	0.02309337570607848
434	0.24700360441975538
435	0.27346244956488863
438	0.031580360903316285
439	0.522359401953726
440	0.2856510783221592
441	0.5280250425389313
443	0.02849399584442637
444	0.015700051333462993
446	0.06714988270911866
448	0.19610593418627928
449	0.2808406557500784
450	0.04133554025242712
451	0.012898388062072236
453	0.03751310833257995
454	0.24994890523722052
455	0.0011673908481459744
456	0.028818502124842466
459	0.2693811247940543
461	0.042722033937766135
466	0.055845759027707234
468	0.004129535415089192
469	0.030843781145319986
470	0.5258391164039808
471	0.7492066180595589
472	0.5188905334601704
473	0.2919716854464495
474	0.04195763003029504
475	0.04811394519939888
476	0.23008969952270386
477	0.24932895545198308
481	0.48766839372296666
482	0.5572321014245187
483	0.7741789058951164
484	0.2892844975336529
487	0.03216304950158551
488	0.2803565073612263
489	0.2412401758349581
490	0.0256904795065291
492	0.5027411977905072
494	0.46729453662502846
495	0.025454651051693776
496	0.0732295653250736
497	0.03971753957500829
502	0.2698812875201023
505	0.2910040977017943
506	0.031088020861749735
507	0.0188486884934715
509	0.42087067143600865
510	0.06308499999804586
511	0.31203595807087114
512	0.27463906308552466
513	0.5278672749622249
514	0.011870882867837478
515	0.2933513318661015
516	0.019703838100334988
517	0.3060229332235632
518	0.2605633396377597
519	0.0469290984300003
520	0.30137146743973664
521	0.02270732949037864
523	0.26450841170037254
525	0.026731400383372902
528	0.3099157291372705
529	0.2650581644371651
530	0.010723949137196848
531	0.0423257053444524
533	0.5263019237495189
534	0.014942377044707578
536	0.5300047865696051
537	0.019911751461582694
539	0.2069134121001856
540	0.5172297726192054
544	0.22573867364659175
545	0.2661717771385867
546	0.5170520026324993
547	0.0156650499888032
548	0.0007176014995300545
550	0.28236982822126067
552	0.5082627455333906
554	0.7755468892000272
555	0.24059036528737915
556	0.040766589486561325
557	0.0681104510539239
558	0.009190406181772248
559	0.25658858379862987
563	0.775415917281685
564	0.4953069068897352
565	0.2756839282350686
568	0.038621164369902636
571	0.03723961471481634
574	0.015029668702262473
575	0.4419544183011088
576	0.5237525772547921
577	0.025093881004825867
578	0.5419482222442905
580	0.46303294042423465
582	0.22726059021819295
583	0.2469658353134347
584	0.27426208737785956
585	0.218277423403072
586	0.02763946366897059
588	0.018151873317319985
590	0.022540750311456
593	0.5289321026632315
594	0.2656178051318443
596	0.530417549198259
597	0.24601843773899132
598	0.032499511596397516
601	0.2359430745221049
602	0.2829111207234401
603	0.0029325295080416605
604	0.40719722483828935
607	0.008963262211680763
609	0.37808788361115864
610	0.02800967513155917
611	0.03313054597490403
612	0.25238376212469565
613	0.23739187524048616
614	0.15480472666886314
615	0.013255295326636697
616	0.5256554149086551
618	0.27818433343314947
619	0.524879768258372
620	0.7656229206671749
621	0.006739444594009353
622	0.026703224671897674
623	0.48644467531477287
625	0.027361570304076863
627	0.056553704740376756
629	0.26212335663281194
632	0.290909117842133
633	0.009667320949149336
634	0.026939277973085787
636	0.26348584026279875
637	0.040876408981845636
638	0.0034438016438733884
642	0.5352324330084226
644	0.7609179876853909
646	0.4758355659122818
648	0.24804856143827542
650	0.01922736230581402
651	0.2633290210418462
653	0.2735357507695139
654	0.2530562474563789
656	0.19812447826802265
657	0.28767340794665813
660	0.28673802831576606
661	0.02033060370893964
662	0.20164642246191913
663	0.2621483041990043
671	0.4716533630694826
672	0.46808347310069603
673	0.2694178107657337
674	0.031195129302357457
675	0.5439968975052878
676	0.005071755579804028
679	0.5428722763005007
680	0.48343851940330856
681	0.5059860311132757
682	0.03806412598576913
684	0.2808235340182062
687	0.22048249181348584
688	0.2590144259237148
689	0.7691531541088359
691	0.025894471664990443
692	0.044204058520175615
694	0.5207226139561432
695	0.49405231540091954
697	0.2523357746507392
698	0.7516040599558164
700	0.5517108652810764
701	0.5393657041537685
702	0.4870776374426728
703	0.5238399049649645
705	0.282303045441937
706	0.5232402577077242
708	0.7866830957032975
709	0.03457335308076208
712	0.5316110204120578
714	0.5322603532698315
715	0.042607626419535236
716	0.023997200083025676
718	0.2278739740316957
721	0.013351368556339262
722	0.276826180466635
723	0.7835009682070135
725	0.2403540452610081
727	0.014955891827645455
728	0.016512762525905115
729	0.03962488878020484
730	0.23952669460533307
731	0.2752388534432217
732	0.27086229366356496
735	0.03163455794028652
737	0.01660941663757313
738	0.023764815577154055
739	0.25005722344392245
746	0.06567113022946058
749	0.03445065543359038
750	0.49305168631490376
751	0.05599882750777654
754	0.26601577683810373
756	0.025390686303996008
759	0.23211790041812227
761	0.2675843480900765
762	0.495524983895076
765	0.2510931206816457
766	0.027489747549097096
769	0.2580237109811309
772	0.2627435861898043
774	0.08504702032252681
775	0.5048974953556548
776	0.244455635604218
777	0.06352256929052716
779	0.2461134605603173
780	0.023618588777577623
781	0.4906019535851713
783	0.23783279461281073
785	0.5482220977465296
787	0.010516708984389181
788	0.05649551841029465
789	0.05240300802093374
790	0.0019719277402696217
791	0.3036465411704787
792	0.04346323190393411
793	0.20160104692785447
794	0.2216853690931535
796	0.26276001121400194
797	0.7931739684846958
798	0.29231972193661754
799	0.5250031270410084
801	0.2508215332361704
802	0.2913970733218768
804	0.04886930302686823
807	0.05737256859198414
810	0.013735240331455179
811	0.5481763684558746
812	0.2310687294760778
813	0.02351754038606923
815	0.03537229444381292
816	0.04156406464829904
817	0.02061869802708018
818	0.20714687799803796
819	0.0064418029105232436
825	0.5134517192611158
826	0.24782752546282052
827	0.2329985818663977
829	0.03850821021738046
830	0.032202209327787765
831	0.25839590583882605
832	0.522114004198152
834	0.766413817109995
836	0.23927907890159889
837	0.016361543112900508
838	0.037263793013888075
839	0.011645997243955965
842	0.2294465843716385
843	0.04213788918054248
844	0.5026367034321352
845	0.27616306800094087
847	0.27870234687611856
848	0.23875986923578751
849	0.28120100984708196
850	0.28211438052503696
851	0.03301542963626383
852	0.054547521716118375
855	0.010707764826118252
856	0.02521127071507126
857	0.3182929365774632
858	0.27094663117819257
859	0.017622220690606552
860	0.26279625544499363
862	0.2916717820187064
863	0.2781005285925792
864	0.020910671553590346
866	0.16121137794746043
868	0.011045371167362115
869	0.020955019553731642
871	0.25492533401018014
872	0.2962462321715378
873	0.030299338537606125
875	0.24759348942086298
876	0.507140388878495
877	0.036419793434284385
879	0.4571609334911585
881	0.038387324867270096
884	0.4977842191213517
885	0.2155523113988747
886	0.010053276605441832
887	0.0005021571644346634
888	0.4691085539241875
889	0.029332866235974992
891	0.22058364970960845
893	0.2963010055884885
895	0.30253461376517543
896	0.020066247781279446
897	0.022316468174147192
901	0.009303853794254704
902	0.03150023458225763
906	0.051682841145008096
909	0.2570945980404579
914	0.15685127967785767
915	0.49342580978054956
917	0.22021689042195372
920	0.2732539874467473
921	0.48795709196299586
922	0.21015832874070733
923	0.028641267623923387
924	0.001958534270875726
926	0.47267438506330184
927	0.2593322594193755
930	0.22815173437465439
935	0.29274338209531225
936	0.03564925861525606
937	0.011274191640502876
938	0.02364009582443366
939	0.519140162419242
941	0.06484964466353998
942	0.03879728551140775
0	0.0
0	0.0
0	0.0
0	0.0
0	0.0
0	0.0
0	0.0
0	0.0
0	0.0
0	0.0
0	0.0
0	0.0
0	0.0
0	0.0
0	0.0
0	0.0
0	0.0
0	0.0
0	0.0
0	0.0
0	0.0
0	0.0
0	0.0
0	0.0
0	0.0
0	0.0
0	0.0
0	0.0
0	0.0
0	0.0
0	0.0
0	0.0
0	0.0
0	0.0
0	0.0
0	0.0
0	0.0
0	0.0
0	0.0
0	0.0
0	0.0
0	0.0
0	0.0
0	0.0
0	0.0
0	0.0
0	0.0
0	0.0
0	0.0
0	0.0
0	0.0
0	0.0
0	0.0
0	0.0
0	0.0
0	0.0
0	0.0
0	0.0
0	0.0
0	0.0
0	0.0
0	0.0
0	0.0
0	0.0
0	0.0
0	0.0
0	0.0
0	0.0
0	0.0
0	0.0
0	0.0
0	0.0
0	0.0
0	0.0
0	0.0
0	0.0
0	0.0
0	0.0
0	0.0
0	0.0
0	0.0
0	0.0
0	0.0
0	0.0
0	0.0
0	0.0
0	0.0
0	0.0
0	0.0
0	0.0
0	0.0
0	0.0
0	0.0
0	0.0
0	0.0
0	0.0
0	0.0
0	0.0
0	0.0
0	0.0
0	0.0
0	0.0
0	0.0
0	0.0
0	0.0
0	0.0
0	0.0
0	0.0
0	0.0
0	0.0
0	0.0
0	0.0
0	0.0
0	0.0
0	0.0
0	0.0
0	0.0
0	0.0
0	0.0
0	0.0
0	0.0
0	0.0
0	0.0
0	0.0
0	0.0
0	0.0
0	0.0
0	0.0
0	0.0
0	0.0
0	0.0
0	0.0
0	0.0
0	0.0
0	0.0
0	0.0
0	0.0
0	0.0
0	0.0
0	0.0
0	0.0
0	0.0
0	0.0
0	0.0
0	0.0
0	0.0
0	0.0
0	0.0
0	0.0
0	0.0
0	0.0
0	0.0
0	0.0
0	0.0
0	0.0
0	0.0
0	0.0
0	0.0
0	0.0
0	0.0
0	0.0
0	0.0
0	0.0
0	0.0
0	0.0
0	0.0
0	0.0
0	0.0
0	0.0
0	0.0
0	0.0
0	0.0
0	0.0
0	0.0
0	0.0
0	0.0
0	0.0
0	0.0
0	0.0
0	0.0
0	0.0
0	0.0
0	0.0
0	0.0
0	0.0
0	0.0
0	0.0
0	0.0
0	0.0
0	0.0
0	0.0
0	0.0
0	0.0
0	0.0
0	0.0
0	0.0
0	0.0
0	0.0
0	0.0
0	0.0
0	0.0
0	0.0
0	0.0
0	0.0
0	0.0
0	0.0
0	0.0
0	0.0
0	0.0
0	0.0
0	0.0
0	0.0
0	0.0
0	0.0
0	0.0
0	0.0
0	0.0
0	0.0
0	0.0
0	0.0
0	0.0
0	0.0
0	0.0
0	0.0
0	0.0
0	0.0
0	0.0
0	0.0
0	0.0
0	0.0
0	0.0
0	0.0
0	0.0
0	0.0
0	0.0
0	0.0
0	0.0
0	0.0
0	0.0
0	0.0
0	0.0
0	0.0
0	0.0
0	0.0
0	0.0
0	0.0
0	0.0
0	0.0
0	0.0
0	0.0
0	0.0
0	0.0
0	0.0
0	0.0
0	0.0
0	0.0
0	0.0
0	0.0
0	0.0
0	0.0
0	0.0
0	0.0
0	0.0
0	0.0
0	0.0
0	0.0
0	0.0
0	0.0
0	0.0
0	0.0
0	0.0
0	0.0
0	0.0
0	0.0
0	0.0
0	0.0
0	0.0
0	0.0
0	0.0
0	0.0
0	0.0
0	0.0
0	0.0
0	0.0
0	0.0
0	0.0
0	0.0
0	0.0
0	0.0
0	0.0
0	0.0
0	0.0
0	0.0
0	0.0
0	0.0
0	0.0
0	0.0
0	0.0
0	0.0
0	0.0
0	0.0
0	0.0
0	0.0
0	0.0
0	0.0
0	0.0
0	0.0
0	0.0
0	0.0
0	0.0
0	0.0
0	0.0
0	0.0
0	0.0
0	0.0
0	0.0
0	0.0
0	0.0
0	0.0
0	0.0
0	0.0
0	0.0
0	0.0
0	0.0
0	0.0
0	0.0
0	0.0
0	0.0
0	0.0
0	0.0
0	0.0
0	0.0
0	0.0
