1	0.26641082951969386
3	0.3217044754088887
4	0.27801506221626865
5	0.03471215036255218
6	0.034279140582479536
7	0.2511763212546422
8	0.522138020413345
9	0.24675710595633568
11	0.442795850607651
12	0.2927918596673519
13	0.0024550501127596214
14	0.05317802372271288
15	0.32142805708828437
17	0.5613823129539288
18	0.02178760397988892
19	0.22960633611534498
20	0.003797038369693719
22	0.2635238799509693
24	0.009261013840515232
25	0.22050576095165142
26	0.21541720315649665
27	0.7064904545913534
28	0.5305675670276482
29	0.26614647081913456
30	0.003035123004045681
31	0.2861411881351712
32	0.5448779283423257
34	0.23481686152266756
35	0.08184334266236358
36	0.007446090602121855
37	0.29747376661404124
39	0.03586516238692753
40	0.021618817958248843
41	0.04960522369860431
44	0.00030142851212898794
45	0.299775619062338
46	0.5382742918984128
47	0.26344214839219143
48	0.08215738450268915
50	0.2634966337238118
51	0.30186126608921143
52	0.25788942885519184
54	0.5327058796785596
55	0.29496396553206894
56	0.27625918195997856
57	0.531296782245733
58	0.23149814254321371
59	0.021145522626752303
60	0.2411642748294604
62	0.24961255378596023
63	0.5625561601188163
64	0.00309239215068758
66	0.2480786156697143
67	0.03912641602402832
68	0.4630702775412892
69	0.3057387102633606
70	0.3120656199664061
71	0.7783046008202232
73	0.24043206712053944
74	0.04802548637179489
76	0.7378418905861442
77	0.24147630005240878
78	0.06784208509007283
79	0.5611274524483225
80	0.4979201961495859
81	0.275402348345926
83	0.03645900976672435
84	0.2896733889665426
85	0.04084355968095639
86	0.5419952421600164
87	0.5311567308584779
88	0.5071621809805484
89	0.013352495443399878
91	0.0016970215286808282
92	0.2792834064785135
93	0.2114765523525884
94	0.03839930605399084
95	0.04199633323652941
96	0.0006154154101255874
99	0.007332116760229799
100	0.2568824310091627
101	0.2579240190682944
102	0.2786751588064567
103	0.6727791320413988
106	0.008132142922243256
107	0.230725789285641
109	0.003345208971965191
110	0.03538731594255508
111	0.025058927621488196
112	0.06080772411614545
113	0.25154360830563083
114	0.2750561827148718
117	0.28792584369228236
118	0.5219692211183635
119	0.5336830264529913
120	0.27066212792698463
121	0.015583079339867335
122	0.28221673484469545
124	0.27973310255494843
125	0.005599812095181712
126	0.2693038082919867
127	0.25755248821658283
128	0.2921403884830033
129	0.26585328391800533
130	0.03307384390890328
131	0.513055674387853
132	0.008856870013448544
133	0.261423530525598
134	0.23358533624628117
135	0.31233842788973476
136	0.22484540927674243
137	0.02823041838738752
138	0.0036273628912521574
139	0.25542943493749515
141	0.010582649391972388
142	0.5195535824631212
144	0.239919955663198
147	0.4838549155160036
148	0.28050455680021524
149	0.2723962479446831
151	0.037827308513769385
152	0.2932190672450275
154	0.2958400450820173
155	0.24592993908599478
156	0.2334907994949636
157	0.30559839525429056
158	0.23139846229661015
159	0.004635141508352196
160	0.27347384837635597
161	0.45686055545098125
163	0.5797785746880925
165	0.23413673943539837
166	0.22227439063766197
167	0.07884879697323938
168	0.028452574450336835
169	0.015412804312135216
171	0.2753544007323964
173	0.047673748869748275
174	0.30602003233744995
175	0.0014042005163162757
176	0.2637498348981787
180	0.052624945524246285
182	0.05022073093168946
183	0.23779585305666054
184	0.005977327655352915
185	0.02265648176155162
187	0.29069261299966004
188	0.007381649488860602
189	0.24460524033212797
190	0.4819013586874792
191	0.24075802779690256
192	0.20746386092755179
193	0.3082061375914509
194	0.29878188151567464
196	0.7093261169559689
197	0.25416273008103024
198	0.29220045951144114
199	0.33037854565029745
203	0.4413622015927195
204	0.5744947972137725
208	0.22404446857511995
209	0.015410473105312173
211	0.24002564976372934
212	0.5650996131765487
213	0.03338483736694116
215	0.24462260430624674
216	0.025558184453831508
218	0.06950874411917954
219	0.26089888054104676
220	0.006011892665724539
221	0.273167070815079
222	0.29626733024203517
225	0.2724715015999448
226	0.21893612694344428
227	0.046797704341158784
228	0.25962925751160926
229	0.2650215651086508
231	0.28263928901479624
233	0.5393960498933689
235	0.2709302322100508
237	0.021274444074542622
238	0.035070908394020744
239	0.24055222342448204
240	0.22677709895767087
241	0.5938582013501478
242	0.04922749668662156
243	0.20184684023991656
244	0.04096445288673148
246	0.5052827196318698
249	0.2600633034353594
251	0.21046457579476988
252	0.26488765100014205
253	0.027735039548085445
254	0.5320729719232168
257	0.26209021895688034
258	0.53868882182123
260	0.2871096921830586
261	0.5349450179192606
262	0.3072580467012666
263	0.027820752629125152
266	0.38302894776320273
268	0.24287065196519686
269	0.05860689443360324
271	0.24490443164005907
273	0.35863307361563296
274	0.048488380530299205
275	0.5172463895276728
276	0.2635448792477022
277	0.45581479107949613
278	0.28439754009060864
279	0.014638724500277176
280	0.025397452432546153
281	0.3310588059129782
282	0.28934707328186954
283	0.008962041178057434
284	0.018635636653133444
286	0.03445937928491856
287	0.0220894500801389
288	0.04777306940608698
289	0.35898829020132955
290	0.041381715665234464
291	0.047155228666334995
292	0.22276143745975763
293	0.0644615164617865
294	0.4753325779970112
295	0.026115584392399846
296	0.03913652986390245
299	0.23667380030511553
300	0.11208557216239179
301	0.2524306349108386
302	0.3150125882794409
304	0.2842688289382374
305	0.22906226020000497
306	0.4715169273249988
310	0.48117195037416155
311	0.045805374015527686
314	0.01970171160023956
315	0.2339736784344175
316	0.2420579761161871
318	0.03744006557903171
319	0.05932387319722507
320	0.04172059553209723
322	0.003673977745943885
323	0.021359539089955304
324	0.014521594525285172
325	0.27354501091721733
326	0.2783981278371754
328	0.3003439056150954
330	0.2916913456589967
331	0.03723780784476487
334	0.005254016780426585
336	0.2921550244670925
337	0.457387594713483
338	0.24272901497067964
339	0.03164284900386065
341	0.2946370297290525
344	0.02854408644854699
345	0.22162367332787147
346	0.06681459585844265
347	0.004670599398550079
348	0.2617193641902045
349	0.7492231789774013
350	0.018661777837783056
352	0.5480949454274788
353	0.5220283079763607
355	0.4903870446205898
356	0.28271093552358695
357	0.2999077999827965
358	0.005057364003197791
359	0.7453854672948445
360	0.20298608903740917
361	0.23594604411013984
363	0.008919498503318947
364	0.006834479731461993
366	0.2969587497197928
367	0.2929933335132433
368	0.328996034282041
369	0.5625411480458687
372	0.030161067081039827
373	0.28719362124032854
374	0.28401488567583116
375	0.07736187558039626
376	0.24795929588663998
377	0.043449291806453585
378	0.004192557634872071
381	0.5176924987773037
383	0.019100587078948066
384	0.2638710493434932
386	0.036841134828770855
387	0.21711689776698354
389	0.22999539529488208
392	0.02793724146639963
393	0.01684802894553157
394	0.2630081079789598
395	0.23338957790020512
396	0.016228971565444145
400	0.25955149958408696
401	0.012645610508610856
404	0.005438034419865536
406	0.006018266735015168
409	0.2377319785039899
410	0.5506500876255478
412	0.025366167827319836
413	0.5253779270357484
414	0.1972502298288474
415	0.2811682777349304
416	0.2535890432586842
417	0.030559876613955032
418	0.11611912865847263
419	0.27461776402802285
420	0.010863746454264238
421	0.033511163958565335
422	0.27708963392889113
423	0.021357663592037023
424	0.011343555844671956
426	0.2722946975606375
429	0.014176048591401993
431	0.25855916654041267
432	0.3096274342399485
433	0.2673981596088573
434	0.03484533609500426
435	0.2773997969349079
437	0.24611738626558674
438	0.03498264755953734
439	0.3318618003109537
440	0.23190435441288085
441	0.30462265046254866
443	0.2940260297946225
444	0.050380724867027396
447	0.2698171842332378
448	0.018492505179518
449	0.533061386625306
450	0.28919722124698133
452	0.25936648230167164
453	0.516018142037948
454	0.2778075129084004
456	0.5248472204349407
457	0.26837141794995145
459	0.002721776910747268
461	0.06170939267166543
462	0.03434136682728521
463	0.17801373591807898
465	0.008642351066940692
466	0.27421293227886545
467	0.09143916711135325
468	0.21367977441614436
470	0.28467764887136676
471	0.2994486222999167
472	0.2863505109005434
473	0.031234485252520806
474	0.012499322736282951
477	0.29163886524914645
478	0.2555472739155819
479	0.22847535605210628
481	0.24915457934106355
482	0.05698508082328495
483	0.7526984822752536
484	0.5406773089081478
486	0.07440700806563666
487	0.2803499657494778
488	0.2467411521013679
489	0.042079173693823614
490	0.24160034554587528
492	0.020007448896597665
494	0.0032069432680282353
495	0.014236461216305403
496	0.2863142520525086
497	0.2763989847970545
498	0.00976451014877873
499	0.02978983014496772
502	0.27352610390467574
504	0.26263100521266375
505	0.05625806881814325
506	0.014846416251110266
509	0.21625778566989723
510	0.07301195294207245
511	0.5590531764059364
513	0.29721922569849346
514	0.21850459027245156
516	0.03683436651081867
517	0.28182235096085373
518	0.05520796574563423
520	0.3000265322036393
521	0.5092519227763378
522	0.004187396164000989
523	0.006344012887338078
525	0.03321095457188187
526	0.19836476937113687
528	0.06314350903745454
529	0.04417419330543172
530	0.28345786740029494
531	0.2691628392519869
532	0.003369224807619607
533	0.25343375102586896
536	0.2831086573826439
537	0.5106833203238057
539	0.012969220759437149
540	0.2743223099676103
541	0.010526000444737359
544	0.23176686692896853
545	0.2704873993727869
546	0.011892506192998784
549	0.01558307933986728
550	0.2672529946569334
552	0.5197857435590495
554	0.5240746117289269
555	0.2515595160395581
556	0.2548028736524629
557	0.30307380567568243
558	0.46721479157645956
559	0.0019363778004068723
560	0.022827718048243455
563	0.5630336082769056
564	0.5096148391110626
565	0.2518820596962564
566	0.04190345307369481
568	0.022331290171596817
571	0.0036090329351178008
572	0.2597062160507461
573	0.001145346808516974
574	0.025047517174213368
575	0.1911738831536155
576	0.02511082034986563
577	0.3091298301161331
578	0.03808305122465992
580	0.24533749235433
582	0.24041111389161413
584	0.2803441583066153
585	0.2431972012559893
586	0.03696769084960807
587	0.03943366790742887
588	0.30978004241395934
590	0.5237596071471167
591	0.003215156250262051
592	0.27533826475420187
593	0.28867919994451563
595	0.2658033725293826
596	0.05952536899912897
598	0.28051039674201245
599	0.019920892045897042
600	0.020315831810040937
601	0.5527448924173903
602	0.054275088902646665
603	0.24495221333400513
604	0.27537129557806106
606	0.0036629864460093337
607	0.23771189693443667
609	0.3904546826225838
610	0.037476377442978825
611	0.004698069867525519
612	0.023264275701773394
613	0.23149533422251672
614	0.14884581762791804
616	0.5009315488256232
617	0.01533171895300025
619	0.03839137373079222
620	0.2876557767219855
621	0.2251359840277652
622	0.27135459954132296
624	0.04230247903555357
625	0.011629722814648788
626	0.24564063018096016
627	0.03948534051229374
629	0.016920628491735822
631	0.044402796950342424
632	0.028545995176966193
634	0.010779977684844715
636	0.01245174980694605
637	0.27017251675567017
638	0.01177087469927295
640	0.001326023855062558
642	0.3051293520875126
643	0.009940820590799544
644	0.2664762214313263
645	0.25583147907028997
646	0.556337010874663
648	0.0021990319824729196
650	0.24282524309855544
651	0.010598832011697739
655	0.24452379711648278
656	0.449921363262407
657	0.5233515033175743
660	0.2989703129076498
662	0.26727341256013865
663	0.25115255560859356
666	0.010572130582061738
667	0.036824546438867276
671	0.2759700159867211
672	0.249622331282503
673	0.2918727993751365
674	0.2656456900720974
675	0.4728277881310918
679	0.2940157554001965
680	0.22531753232417648
681	0.35396895183444516
682	0.021867737665982157
684	0.5078900512328425
686	0.014678312864664811
687	0.2891734942056233
688	0.015674751384935844
689	0.2841143031098931
691	0.27445605389694727
693	0.2464803895005615
694	0.01814452475184237
695	0.21058382127390257
697	0.48345941529007164
698	0.26750745394056363
699	0.02382309552038137
700	0.5228101751294052
701	0.5368893899262476
702	0.05175740332400704
703	0.007424496882936345
705	0.05413461776735849
706	0.07503824971413707
708	0.316136419996407
709	0.016899350430600764
711	0.25462521631996293
712	0.044977874026050815
714	0.01862808658343026
715	0.28122390571002065
716	0.5364968664329948
717	0.04372104397567049
718	0.23913825891877472
720	0.015217130806569414
721	0.27387766701205996
722	0.4925314320761223
723	0.260134394627092
725	0.2566320788229145
727	0.02223914513811629
730	0.2307216148225711
731	0.27131623230153373
733	0.24586786440425393
735	0.25393097243596063
736	0.21725375767944702
737	0.4835040443109173
738	0.25607769386914775
741	0.2325088082192575
742	0.035239934200413554
743	0.020898028844288197
746	0.07472671619269852
747	0.012426983471830966
748	0.011162552749189189
749	0.0429712096095192
750	0.24647980272027978
754	0.05043406368043331
755	0.009531597677629983
756	0.03380877708254698
757	0.01143955445826331
758	0.25404534880223456
759	0.0005586917926994131
760	0.20695762944336588
761	0.04520885689353828
765	0.7621943285151332
766	0.2410682171305482
767	0.02184533660137144
769	0.4907332955893552
770	0.29585010691918756
772	0.22984165214676328
773	0.26452682586786774
774	0.4824007160535807
775	0.045298481890423306
776	0.02603283244327681
777	0.006499776014595671
785	0.003917688651955204
787	0.23187417997643694
788	0.29024022851299563
789	0.02160786947063248
790	0.0260400170316044
791	0.27727641050213064
792	0.2524548393101285
793	0.25837084362256846
794	0.7480417020016702
796	0.046547308584235406
797	0.26829855707956163
799	0.26046733680019907
801	0.27934670390772154
802	0.029142483488639924
803	0.040002096608374074
804	0.02746934120886599
805	0.01715841318243802
807	0.5365333571589139
808	0.24501315841256585
810	0.004228646075961046
811	0.04485283398295777
812	0.022380662017435028
813	0.22172771333681646
814	0.06144405085145449
815	0.28200985136454143
816	0.060405079009332764
817	0.05175458817664145
818	0.21029378670645832
821	0.019210096167882166
822	0.017999822686718327
823	0.2526126363084468
825	0.010105029094074701
826	0.47637817541506416
827	0.04364084991520495
828	0.20120772688298383
830	0.2529669878250971
831	0.24220839950356648
832	0.3098639320279204
834	0.2849584959365944
838	0.04805373437450415
839	0.021121787224420995
841	0.26272878122063076
842	0.48078504751775203
843	0.02687088878798913
844	0.28663004785997614
845	0.4840532384577777
846	0.02838256047451276
847	0.2841538765679571
848	0.26507480346025514
849	0.015674751384935844
850	0.04391991742084457
851	0.48755181618388266
852	0.06230766623638703
856	0.2786668953564467
857	0.5861725005543307
858	0.2507669781611886
859	0.29405339635715183
860	0.49908852209077176
861	0.23655117870971834
862	0.5293955669572672
863	0.039188920574212936
864	0.056982095841917414
865	0.10327477396356752
866	0.4220389710090727
867	0.4603656319229062
868	0.22666602917648268
872	0.2665369509163916
873	0.021277433961760524
875	0.2512728819239689
876	0.5440073646051589
877	0.2551981356371799
878	0.014407751737992212
879	0.705756991462364
880	0.003712044450881344
881	0.24706817585077076
882	0.0064949524267792005
884	0.2553311186454241
886	0.23538471075740375
887	0.25982279689619125
888	0.501871538476096
889	0.27144666946946666
891	0.47817739400891507
892	0.0157364871948589
893	0.05456596117279314
894	0.01020265682628773
895	0.2769097904672039
896	0.27227903351619287
900	0.18248278736453255
902	0.25275881424782476
903	0.2578428194041975
904	0.2508828388050051
906	0.29629498821432215
907	0.03945613511253641
908	0.25715628576368754
909	0.28690021201342747
910	0.24954735986278934
914	0.20218550893191306
915	0.5333608786606292
916	0.5247333268915177
917	0.3182285019091331
918	0.03208341471130389
919	0.01643030422144266
920	0.2897193685771559
921	0.2569698979291064
923	0.2759478562289646
924	0.21234588328714044
926	0.485087067662157
927	0.005211137595436809
928	0.24965587456694496
930	0.5154251965454704
931	0.030099490441597036
932	0.22407036841621641
933	0.018484605242968365
935	0.2949929174225615
936	0.5292975466402692
939	0.7713209635166032
941	0.2854036368287779
942	0.0004124027343481232
0	0.0
0	0.0
0	0.0
0	0.0
0	0.0
0	0.0
0	0.0
0	0.0
0	0.0
0	0.0
0	0.0
0	0.0
0	0.0
0	0.0
0	0.0
0	0.0
0	0.0
0	0.0
0	0.0
0	0.0
0	0.0
0	0.0
0	0.0
0	0.0
0	0.0
0	0.0
0	0.0
0	0.0
0	0.0
0	0.0
0	0.0
0	0.0
0	0.0
0	0.0
0	0.0
0	0.0
0	0.0
0	0.0
0	0.0
0	0.0
0	0.0
0	0.0
0	0.0
0	0.0
0	0.0
0	0.0
0	0.0
0	0.0
0	0.0
0	0.0
0	0.0
0	0.0
0	0.0
0	0.0
0	0.0
0	0.0
0	0.0
0	0.0
0	0.0
0	0.0
0	0.0
0	0.0
0	0.0
0	0.0
0	0.0
0	0.0
0	0.0
0	0.0
0	0.0
0	0.0
0	0.0
0	0.0
0	0.0
0	0.0
0	0.0
0	0.0
0	0.0
0	0.0
0	0.0
0	0.0
0	0.0
0	0.0
0	0.0
0	0.0
0	0.0
0	0.0
0	0.0
0	0.0
0	0.0
0	0.0
0	0.0
0	0.0
0	0.0
0	0.0
0	0.0
0	0.0
0	0.0
0	0.0
0	0.0
0	0.0
0	0.0
0	0.0
0	0.0
0	0.0
0	0.0
0	0.0
0	0.0
0	0.0
0	0.0
0	0.0
0	0.0
0	0.0
0	0.0
0	0.0
0	0.0
0	0.0
0	0.0
0	0.0
0	0.0
0	0.0
0	0.0
0	0.0
0	0.0
0	0.0
0	0.0
0	0.0
0	0.0
0	0.0
0	0.0
0	0.0
0	0.0
0	0.0
0	0.0
0	0.0
0	0.0
0	0.0
0	0.0
0	0.0
0	0.0
0	0.0
0	0.0
0	0.0
0	0.0
0	0.0
0	0.0
0	0.0
0	0.0
0	0.0
0	0.0
0	0.0
0	0.0
0	0.0
0	0.0
0	0.0
0	0.0
0	0.0
0	0.0
0	0.0
0	0.0
0	0.0
0	0.0
0	0.0
0	0.0
0	0.0
0	0.0
0	0.0
0	0.0
0	0.0
0	0.0
0	0.0
0	0.0
0	0.0
0	0.0
0	0.0
0	0.0
0	0.0
0	0.0
0	0.0
0	0.0
0	0.0
0	0.0
0	0.0
0	0.0
0	0.0
0	0.0
0	0.0
0	0.0
0	0.0
0	0.0
0	0.0
0	0.0
0	0.0
0	0.0
0	0.0
0	0.0
0	0.0
0	0.0
0	0.0
0	0.0
0	0.0
0	0.0
0	0.0
0	0.0
0	0.0
0	0.0
0	0.0
0	0.0
0	0.0
0	0.0
0	0.0
0	0.0
0	0.0
0	0.0
0	0.0
0	0.0
0	0.0
0	0.0
0	0.0
0	0.0
0	0.0
0	0.0
0	0.0
0	0.0
0	0.0
0	0.0
0	0.0
0	0.0
0	0.0
0	0.0
0	0.0
0	0.0
0	0.0
0	0.0
0	0.0
0	0.0
0	0.0
0	0.0
0	0.0
0	0.0
0	0.0
0	0.0
0	0.0
0	0.0
0	0.0
0	0.0
0	0.0
0	0.0
0	0.0
0	0.0
0	0.0
0	0.0
0	0.0
0	0.0
0	0.0
0	0.0
0	0.0
0	0.0
0	0.0
0	0.0
0	0.0
0	0.0
