4	0.055511706865221624
6	0.24687861359269614
7	0.5370804563049602
11	0.3438057329559294
15	0.49803560675501257
16	0.3183224803771664
18	0.006470436801243661
19	0.7287610259611458
20	0.48184072060364
22	0.25081857686809156
26	0.17685588793204413
28	0.22894544653591026
30	0.5022383033245312
32	0.006389430272663574
35	0.2286379922337223
38	0.019370658644412238
39	0.013417628495152167
41	0.014564872169943965
42	0.2953853853092632
44	0.27377358601860813
47	0.059915289102654146
49	0.06068175314008947
50	0.049255508608465406
52	0.22905239195091417
53	0.23865887317925066
54	0.023664087363672596
55	0.22381627070559498
56	0.2724541201515655
57	0.007318384134804103
60	0.21794294647939866
61	0.48999341300024096
64	0.30733487296254824
65	0.26967035345924484
70	0.24782466451679921
71	0.1993797308659731
72	0.23900371830257774
73	0.0106772470806629
76	0.021245965642762654
79	0.011931404906151175
80	0.24781105098607129
81	0.4959154084881134
84	0.5100245128119912
85	0.04584335737789247
86	0.4227845944081932
88	0.2375693485912529
89	0.013782984832262313
90	0.069885348958521
92	0.008337379564078411
94	0.014048901696092284
95	0.7677251106373136
96	0.2743774699694372
97	0.052360496891308596
98	0.06436741614161727
99	0.23023872749076799
102	0.27182295106110343
104	0.029690314365823457
106	0.2078050271082434
108	0.30509426294520153
109	0.054946753944266374
110	0.4919289361973033
115	0.2432119283388654
116	0.0021955752823048513
117	0.2569514205519046
118	0.03237523654365413
119	0.27761081241270286
120	0.008665605664510304
121	0.005162240535290186
123	0.010555365237527745
124	0.01754749355557088
128	0.2362569795365743
130	0.5280126178082296
133	0.30100661232377435
134	0.24468895221007525
139	0.2576134401672394
140	0.024616839269265407
142	0.24672846723762354
144	0.2826814194138232
146	0.5391856978266699
147	0.2464714151086064
150	0.26081012321984376
151	0.26047761057103086
152	0.2523265341890522
153	0.12050043988711125
157	0.28622129395239726
158	0.2708775003942968
159	0.21855832226899277
161	0.22653040971966037
162	0.24671510087800158
165	0.27472254211814967
166	0.22291607275982522
168	0.03097500598237278
169	0.0222142658985569
170	0.1915143960672051
174	0.011392037984970082
175	0.2822553604569872
176	0.2562606936889233
178	0.24383738365282415
179	0.015688892030232857
180	0.2712775154414555
182	0.5169993411772561
184	0.0023720903670352116
185	0.11129487459162274
187	0.026335571351014515
189	0.27501021423145977
191	0.20598199103899228
192	0.2337483423605022
193	0.2589857538443475
194	0.5158400828174367
195	0.055867210713345807
196	0.08509052173901381
198	0.22790161832799224
199	0.0030200921204735047
200	0.017415586113218272
201	0.3339277505200733
202	0.023114104091326873
204	0.060131493868700724
207	0.23759089850833276
211	0.768111430810556
212	0.485867205159433
213	0.25697134899978147
214	0.2744348006683598
215	0.5078705850683027
216	0.47414917188729605
217	0.25435887743871444
218	0.03824840170170315
220	0.24075376107722482
223	0.30139522128441965
224	0.0692624432065761
225	0.037557705391603545
227	0.28562633365061074
228	0.33838867385632365
229	0.2122215071655887
230	0.7698996104508612
231	0.29299523908675557
233	0.016337188515160615
234	0.2457122636290876
235	0.25522930141716743
236	0.24745306298627
238	0.05007828795031001
240	0.0005565226227043293
241	0.2642981844052026
242	0.2339438249003296
243	0.1995915837411086
245	0.01997976826105317
246	0.022353594597997056
250	0.5234561529238705
251	0.22883172773157195
252	0.2379676475668009
253	0.2973615219335833
254	0.024910209180529386
256	0.21309094287806554
258	0.23423785658635113
259	0.07820367567465152
260	0.04913442165351509
261	0.2122097821861717
262	0.050593139473938176
263	0.05316265531843237
265	0.05038964618749098
268	0.005076018695646917
270	0.5049816415765009
273	0.01638823513749935
274	0.0011066493819859337
277	0.01572104425078612
279	0.04954077008994459
280	0.28829610642170406
282	0.03615053495450102
286	0.24606752605378418
289	0.3592058439711746
290	0.28853236964084217
293	0.18817067654540814
294	0.27168575816180884
295	0.5328601244399452
299	0.0020718775624622224
300	0.03439531209853086
301	0.0001553137877297675
302	0.28587366062652164
304	0.20358291173676
307	0.05820597964279257
314	0.2685351245582426
315	0.09153298592294505
316	0.18176006818115603
318	0.537664582658013
321	0.2424338599742371
323	0.01879464368142132
324	0.0632250866165709
325	0.2576111693937935
327	0.2760216505574087
328	0.041184388483139586
330	0.03663319383796414
333	0.024272715067775247
334	0.0564380569567175
336	0.21992502817114978
337	0.2871038419415375
338	0.004270621239898811
340	0.28366341856062527
343	0.264362353455566
345	0.23387947408534865
346	0.015264851607115302
348	0.014208678604110195
351	0.25403737249797603
352	0.048313830880230516
353	0.20587939755619433
354	0.23835363019311331
355	0.05443808496765696
357	0.45867181903462034
358	0.2455026110119427
363	0.013735354636734896
364	0.0003329570012220902
365	0.2133859812677255
369	0.030818118076832997
370	0.056036601002358286
373	0.21984024994101448
374	0.1703004610730504
376	0.21347024340162588
378	0.24487633780757628
379	0.24101528440484676
383	0.2711700256042942
384	0.03205671501394561
386	0.021853094525581596
387	0.034127958621236416
390	0.043738466118705216
392	0.3026261820585863
393	0.0015353744541296427
394	0.2582316054582672
395	0.20996445720279844
396	0.0984451127566958
397	0.05444664479247997
398	0.0472593579602048
399	0.2934953953254621
402	0.051602711027239574
403	0.003092461319127972
405	0.3923318553367331
406	0.00865786201896563
407	0.07374080054669441
408	0.26874712725222455
410	0.02572763465648514
411	0.04754262586396339
412	0.03571468522343364
413	0.2468678119201429
417	0.27277160669008643
419	0.19536229871554203
421	0.013932206217127159
422	0.2536395877212365
423	0.2630870214544758
424	0.012919567207122479
426	0.21342165444623473
428	0.0005898840979908018
430	0.2243905748112337
431	0.2266809541242564
432	0.010818107101829632
434	0.2912355957311288
436	0.055913790403987765
437	0.05903432994231289
438	0.016503387594207167
442	0.2570389852112349
443	0.02463554285703085
445	0.057278257806271805
446	0.009884275667180673
449	0.3047724534495512
450	0.003772266922496645
452	0.25475827896991204
453	0.276347269218597
454	0.24896260953340502
455	0.0796912598050754
459	0.031637024402798745
460	0.2536848723864845
461	0.02249083769890988
462	0.2448937319374459
464	0.027408798755292788
465	0.03161706570185445
466	0.23362138822869852
468	0.5024868534412422
470	0.013879263872066006
477	0.2751370954124175
478	0.32110770471221445
484	0.014854464325390275
493	0.036249471298936076
495	0.26908722337709784
496	0.004691767497055625
497	0.2203796416596361
501	0.04524078376390555
503	0.5290504815843412
504	0.22934923085738237
505	0.010304777725287248
508	0.2737929879446342
511	0.044695994632315564
514	0.029931383959732286
517	0.2929258239160202
519	0.5233596858921984
520	0.3237924639806924
521	0.23065679529683114
524	0.009529909630344703
525	0.2945955452546574
532	0.24557336332601362
535	0.068917861353792
538	0.24787306425440914
539	0.0689904460687242
541	0.2590650742908334
545	0.25792832870664867
546	0.014507364891915356
549	0.00020052063506545426
550	0.01988653883904814
552	0.007707267015908858
554	0.01765932918315429
555	0.028830382507549598
556	0.25628857336721234
557	0.4950872036121022
558	0.00643393236503443
559	0.22157179619465583
562	0.28154212544798324
563	0.009023141076358484
564	0.3172468044328121
565	0.22552951350215894
566	0.006255532955756857
568	0.2875827265267973
569	0.2710030576197259
574	0.045944240400737114
577	0.01944630766396533
580	0.06661412079816631
582	0.008958123778227477
584	0.2754741085672058
588	0.04029934009355436
589	0.29445479490235626
590	0.020479015892608834
591	0.0015838759102199118
593	0.03982496768720291
594	0.20545555134303714
595	0.2196870681122993
597	0.08365599747468408
598	0.24729797027157635
599	0.2287136787831247
600	0.20274359678158532
602	0.030341350653018524
605	0.21855093636897818
606	0.003993980265287633
608	0.01546057393804276
609	0.07582784971045685
610	0.2668776529531578
611	0.21883025807787015
612	0.005786421857820825
614	0.035530054428315486
618	0.03494649308498963
620	0.04703981382202804
621	0.2008266994109393
622	0.25860404268298676
624	0.050117414675778744
625	0.036129125357117084
626	0.002477387806819765
629	0.5459836802251744
631	0.326182153350328
632	0.3048969833784467
633	0.29523383938460546
634	0.052909500229947115
637	0.038991762693423124
638	0.28241123306407817
639	0.22379746767634487
640	0.2566125662427591
641	0.3233305450484575
642	0.043767276858322775
643	0.00901053511598833
644	0.0013355553652267121
645	0.1978963418572683
647	0.28694320521648314
650	0.028684839876601417
652	0.038803512519735725
655	0.5367604089450507
657	0.2161322649180762
658	0.006727242192832404
659	0.2973249894955221
660	0.011416727644387788
661	0.0094522280986475
663	0.22532677114307625
665	0.29837099403293704
667	0.5020142876898036
669	0.049610679307447336
670	0.0053293377909724715
671	0.10465445554922274
672	0.015314146256564437
673	0.26173484458851903
678	0.21198566109655695
679	0.003402309253310202
680	0.006244145527418806
681	0.3164364532077749
683	0.26907534104178527
684	0.018430957341271596
687	0.06316932234356175
688	0.01192142330856235
690	0.011947592436969925
691	0.2151940315444686
692	0.03681227753436378
694	0.04568301439685261
699	0.040811855406088296
701	0.0033691467815885542
707	0.24688449852842573
709	0.0014347374917281497
711	0.019226314502828332
715	0.45995205479590767
717	0.29714153002238514
719	0.19889042840761095
720	0.21817938838403414
721	0.04097223029476463
722	0.25696606193951693
726	0.36891475002167484
727	0.010526185770611918
728	0.18264793979312083
729	0.24364003756837635
730	0.01619324933977092
731	0.027093959899125483
732	0.02852836870932156
734	0.3018052913152779
735	0.005861034201868433
736	0.26885518923383067
737	0.01271918023438266
742	0.01519065367802527
746	0.041444955222279346
749	0.032384478520735026
750	0.023245277244828957
751	0.29653564256047266
753	0.08412980093095646
755	0.4547479806621518
756	0.03370430065731085
757	0.22857163565817465
760	0.31396521376984315
763	0.2225309012918935
764	0.2844116100238737
765	0.23625319594056343
767	0.2711210866174859
769	0.24518038875216447
770	0.2825596257013325
771	0.30815310840437427
773	0.24255034620741808
774	0.05682577374006531
776	0.01042692688341225
779	0.05443578713001544
780	0.26657832326955
782	0.03548012107846104
784	0.23408597777817744
786	0.7753066283732338
787	0.24044650409570895
788	0.27208081954910457
792	0.2543983495022269
793	0.00523508516295821
795	0.25817610610474967
798	0.2680055332115848
800	0.03237523654365414
803	0.2719813441992993
804	0.2360357375149395
806	0.057825397960310394
807	0.011039111298100587
810	0.26651175199480104
813	0.20817149925598583
814	0.03453994007307305
815	0.2670449716526567
821	0.01564739502477666
823	0.23833853128523175
829	0.03237523654365416
831	0.23330169277926324
832	0.029532140199120642
835	0.25088654002206295
837	0.494472660120279
838	0.2798638144857902
839	0.01144092446930194
840	0.07054923083706309
843	0.01337976569996607
844	0.01398091938748695
845	0.5546528276322246
849	0.2710030576197259
850	0.0349120592391484
851	0.0017907256441346657
852	0.005436416338922511
853	0.0018231465896229454
854	0.2646617052999889
857	0.20032706464636385
859	0.014526138743070766
861	0.3334966447521459
862	0.004217990906216575
866	0.248826803879627
869	0.30195406426238014
870	0.26785038490173385
872	0.2208966204427606
874	0.2242282092329924
875	0.04481486266335885
876	0.005958443370647406
877	0.2402915731290241
878	0.2147130116956958
881	0.224100257126911
882	0.2479685058873175
886	0.006234537515373222
890	0.2711671813835965
891	0.2952993378473102
892	0.2148898984884115
893	0.019425034426136314
894	0.27322541217765933
895	0.2698591103470214
896	0.03548486947277972
897	0.2947489507851494
898	0.09942556131883994
899	0.08692577944644808
902	0.7350463165963106
903	0.502647252769719
904	0.07128436375308833
906	0.5025818222191398
907	0.0690609892601777
908	0.49785431665844637
909	0.2720819752912748
910	0.03292106367558336
912	0.5746521917636347
914	0.34657154298266574
915	0.011017165452726862
917	0.06738153269009257
919	0.25076408135993256
921	0.05663617535266953
924	0.3060290694912609
928	0.011604648423687948
929	0.010780904439067804
930	0.26190252980540835
931	0.006545692150279666
933	0.003361362235399939
935	0.22844327966257308
936	0.009294113081481932
939	0.022420522516437145
941	0.21407997937646633
943	0.2591157781362944
0	0.0
0	0.0
0	0.0
0	0.0
0	0.0
0	0.0
0	0.0
0	0.0
0	0.0
0	0.0
0	0.0
0	0.0
0	0.0
0	0.0
0	0.0
0	0.0
0	0.0
0	0.0
0	0.0
0	0.0
0	0.0
0	0.0
0	0.0
0	0.0
0	0.0
0	0.0
0	0.0
0	0.0
0	0.0
0	0.0
0	0.0
0	0.0
0	0.0
0	0.0
0	0.0
0	0.0
0	0.0
0	0.0
0	0.0
0	0.0
0	0.0
0	0.0
0	0.0
0	0.0
0	0.0
0	0.0
0	0.0
0	0.0
0	0.0
0	0.0
0	0.0
0	0.0
0	0.0
0	0.0
0	0.0
0	0.0
0	0.0
0	0.0
0	0.0
0	0.0
0	0.0
0	0.0
0	0.0
0	0.0
0	0.0
0	0.0
0	0.0
0	0.0
0	0.0
0	0.0
0	0.0
0	0.0
0	0.0
0	0.0
0	0.0
0	0.0
0	0.0
0	0.0
0	0.0
0	0.0
0	0.0
0	0.0
0	0.0
0	0.0
0	0.0
0	0.0
0	0.0
0	0.0
0	0.0
0	0.0
0	0.0
0	0.0
0	0.0
0	0.0
0	0.0
0	0.0
0	0.0
0	0.0
0	0.0
0	0.0
0	0.0
0	0.0
0	0.0
0	0.0
0	0.0
0	0.0
0	0.0
0	0.0
0	0.0
0	0.0
0	0.0
0	0.0
0	0.0
0	0.0
0	0.0
0	0.0
0	0.0
0	0.0
0	0.0
0	0.0
0	0.0
0	0.0
0	0.0
0	0.0
0	0.0
0	0.0
0	0.0
0	0.0
0	0.0
0	0.0
0	0.0
0	0.0
0	0.0
0	0.0
0	0.0
0	0.0
0	0.0
0	0.0
0	0.0
0	0.0
0	0.0
0	0.0
0	0.0
0	0.0
0	0.0
0	0.0
0	0.0
0	0.0
0	0.0
0	0.0
0	0.0
0	0.0
0	0.0
0	0.0
0	0.0
0	0.0
0	0.0
0	0.0
0	0.0
0	0.0
0	0.0
0	0.0
0	0.0
0	0.0
0	0.0
0	0.0
0	0.0
0	0.0
0	0.0
0	0.0
0	0.0
0	0.0
0	0.0
0	0.0
0	0.0
0	0.0
0	0.0
0	0.0
0	0.0
0	0.0
0	0.0
0	0.0
0	0.0
0	0.0
0	0.0
0	0.0
0	0.0
0	0.0
0	0.0
0	0.0
0	0.0
0	0.0
0	0.0
0	0.0
0	0.0
0	0.0
0	0.0
0	0.0
0	0.0
0	0.0
0	0.0
0	0.0
0	0.0
0	0.0
0	0.0
0	0.0
0	0.0
0	0.0
0	0.0
0	0.0
0	0.0
0	0.0
0	0.0
0	0.0
0	0.0
0	0.0
0	0.0
0	0.0
0	0.0
0	0.0
0	0.0
0	0.0
0	0.0
0	0.0
0	0.0
0	0.0
0	0.0
0	0.0
0	0.0
0	0.0
0	0.0
0	0.0
0	0.0
0	0.0
0	0.0
0	0.0
0	0.0
0	0.0
0	0.0
0	0.0
0	0.0
0	0.0
0	0.0
0	0.0
0	0.0
0	0.0
0	0.0
0	0.0
0	0.0
0	0.0
0	0.0
0	0.0
0	0.0
0	0.0
0	0.0
0	0.0
0	0.0
0	0.0
0	0.0
0	0.0
0	0.0
0	0.0
0	0.0
0	0.0
0	0.0
0	0.0
0	0.0
0	0.0
0	0.0
0	0.0
0	0.0
0	0.0
0	0.0
0	0.0
0	0.0
0	0.0
0	0.0
0	0.0
0	0.0
0	0.0
0	0.0
0	0.0
0	0.0
0	0.0
0	0.0
0	0.0
0	0.0
0	0.0
0	0.0
0	0.0
0	0.0
0	0.0
0	0.0
0	0.0
0	0.0
0	0.0
0	0.0
0	0.0
0	0.0
0	0.0
0	0.0
0	0.0
0	0.0
0	0.0
0	0.0
0	0.0
0	0.0
0	0.0
0	0.0
0	0.0
0	0.0
0	0.0
0	0.0
0	0.0
0	0.0
0	0.0
0	0.0
0	0.0
0	0.0
0	0.0
0	0.0
0	0.0
0	0.0
0	0.0
0	0.0
0	0.0
0	0.0
0	0.0
0	0.0
0	0.0
0	0.0
0	0.0
0	0.0
0	0.0
0	0.0
0	0.0
0	0.0
0	0.0
0	0.0
0	0.0
0	0.0
0	0.0
0	0.0
0	0.0
0	0.0
0	0.0
0	0.0
0	0.0
0	0.0
0	0.0
0	0.0
0	0.0
0	0.0
0	0.0
0	0.0
0	0.0
0	0.0
0	0.0
0	0.0
0	0.0
0	0.0
0	0.0
0	0.0
0	0.0
0	0.0
0	0.0
0	0.0
0	0.0
0	0.0
0	0.0
0	0.0
0	0.0
0	0.0
0	0.0
0	0.0
0	0.0
0	0.0
0	0.0
0	0.0
0	0.0
0	0.0
0	0.0
0	0.0
0	0.0
0	0.0
0	0.0
0	0.0
0	0.0
0	0.0
0	0.0
0	0.0
0	0.0
0	0.0
0	0.0
0	0.0
0	0.0
0	0.0
0	0.0
0	0.0
0	0.0
0	0.0
0	0.0
0	0.0
0	0.0
0	0.0
0	0.0
0	0.0
0	0.0
0	0.0
0	0.0
0	0.0
0	0.0
0	0.0
0	0.0
0	0.0
0	0.0
0	0.0
0	0.0
0	0.0
