1	0.3139981513755815
2	0.28755376457340975
4	0.024891198489315803
6	0.5061993561045781
8	0.02296374314771433
9	0.01208867095565011
10	0.3092610572687795
13	0.4885627649950107
14	0.2732354111417819
15	0.0553909650109589
17	0.20763341841840327
18	0.28687368278668984
20	0.01829526133699982
22	0.28779796457746026
23	0.549188458564768
25	0.2997204737733857
26	0.3137171253067147
27	0.22308660363837052
28	0.47571491155089396
29	0.2435778002478528
30	0.09250783748825356
32	0.037589520186837325
33	0.2665184440043841
34	0.5201094733293331
35	0.28929451400720607
37	0.5687653472871518
39	0.30310085462078834
40	0.5271189532004755
44	0.08969667217077368
45	0.014066411682767833
46	0.0394118274635912
47	0.019922480715054376
48	0.4916134596827638
50	0.17049305775739332
53	0.024440539963730412
54	0.2444986596385738
55	0.24153090566430754
56	0.0022474899451157236
57	0.46662017113984133
58	0.03070232886362062
59	0.03186761982896389
60	0.5394779467153905
61	0.18303204792649438
63	0.4483421595416072
64	0.003762780381167341
65	0.2815817040818521
66	0.008316366479182699
67	0.23651912694730876
68	0.000655343941482936
69	0.26077131762396594
70	0.7073648736604938
71	0.24758376679689953
72	0.2888982106986575
73	0.2682569018717283
74	0.7594238186449118
76	0.011422590831816314
77	0.21512792227209349
78	0.023688218062695693
79	0.005168766762472469
80	0.19922081412429737
82	0.2692421351774415
83	0.2890197559080758
84	0.21234272956678354
85	0.02070211292529111
86	0.003204140549110151
87	0.019935225340297156
90	0.06110181300376491
91	0.2849069685739043
92	0.2511419128905712
94	0.026642810258055788
95	0.007978951792395921
96	0.02729558202031214
97	0.0442913773676126
100	0.29726541278273577
101	0.0073617337158248565
102	0.00036427639314307036
103	0.003215310344262177
104	0.09200392022393487
105	0.5375270177488585
106	0.32304458803939645
107	0.22501241311118453
110	0.25921723209168746
111	0.2895377114448325
112	0.5054974402783092
113	0.049936333697360585
114	0.04677235948907988
115	0.4930847528741488
117	0.001306360170218495
119	0.24100188035284506
122	0.26226306512465203
124	0.03210394734042395
128	0.23351915450051672
129	0.24828294720678787
131	0.3153313891362019
132	0.5402267703552965
133	0.00202303150044246
135	0.029816845695524716
136	0.3074407662910363
137	0.249147687063137
139	0.2507584710748758
140	0.3072251701968568
141	0.5476798863495566
142	0.004918430881577434
143	0.28923066775258205
148	0.2746293018724238
149	0.27541301062940765
150	0.24871767272902845
153	0.3952631336977801
154	0.017325462686273975
155	0.4567988023812294
157	0.0023701670576495026
158	0.19887307533459656
159	0.3152883774036465
160	0.260106124470039
161	0.4811458241006156
162	0.003491186928990156
163	0.2241182237015587
164	0.5257307985973761
166	0.25259076555345206
167	0.23191036259900305
169	0.03692856733467412
170	0.30337132098501524
172	0.48740430112251887
173	0.7709401039983637
174	0.4975609919147323
176	0.23519850696479033
177	0.27110958390896744
179	0.5045337317695465
180	0.023565780770816412
182	0.01044624245248841
183	0.1498502422921716
184	0.3060578266241146
186	0.48155862805391214
187	0.019770098692385343
188	0.3114137753060562
190	0.301200609434119
191	0.04771557201498221
193	0.012910600856435271
194	0.23680307892217642
195	0.41894593984723805
199	0.2572314124671967
200	0.29000343066030826
203	0.29371727792735697
204	0.014978352214257307
205	0.20903988039930252
206	0.38945221636849264
207	0.5414518345582281
210	0.7716126152486891
212	0.042362936829766426
213	0.45706824947517233
214	0.033006538899040164
216	0.2732896759843738
217	0.4838026157032313
218	0.47731226720701425
219	0.5301632437806337
221	0.21919471910226787
227	0.45719495418525896
229	0.5227534075025205
232	0.3167091180384647
233	0.021440533156835192
234	0.29806691849007144
237	0.010863003583712068
239	0.31246608936849185
240	0.32529541414434254
241	0.251991071449592
242	0.27256293440873125
243	0.08228551846695038
244	0.23577429411747894
246	0.2467762736749022
247	0.02978983014496772
248	0.28896305764002317
249	0.253285632221141
251	0.0457270433325154
252	0.25833761198373306
254	0.26111166561070387
255	0.5063506189491283
256	0.24493760530282213
257	0.29391467065543736
258	0.17635413666325156
259	0.2631871952488017
260	0.0374932662193497
261	0.2643492654883591
262	0.03290843488585383
263	0.22443351299093262
264	0.042576287792932294
266	0.15305957261611378
267	0.283813188466156
268	0.29040541302418643
269	0.23721135917861202
271	0.29604157610871756
272	0.3041637355176625
273	0.06296080282261582
276	0.275583266102228
277	0.24308966428096646
278	0.2770081573069009
280	0.2501070063347759
281	0.22695627002410396
282	0.24984709902926178
283	0.010799882972458937
284	0.5587422342267053
285	0.34649223747474206
286	0.02094846360159254
287	0.2377347098719085
288	0.25129735286676536
289	0.12297116457159421
290	0.0034918527609188593
291	0.2823968469174797
292	0.06020147064780231
293	0.042388517039504636
295	0.26638660436595757
296	0.02159757751620173
297	0.5293000588444537
299	0.28809869908031926
300	0.3005140718534757
302	0.011028605851160105
303	0.32947290759042036
304	0.23330199454655914
308	0.29359674279626846
309	0.0352397196644272
312	0.5316744193967701
313	0.5511827746610612
315	0.027093145051723964
316	0.3417282397290873
317	0.26798307164796303
318	0.2379513504059292
319	0.7299977128776041
320	0.23690102273747088
322	0.28317820320466114
325	0.2725700952679914
326	0.0045041176558461085
328	0.001243417747238039
329	0.31727277522969893
331	0.5599764949117213
333	0.02958918938687137
334	0.046418175157948036
335	0.2944469311395777
338	0.7741607430503645
339	0.292281908041187
341	0.35209966910394297
342	0.01519225574697567
344	0.049000032425860096
345	0.06441117420791238
346	0.2501060302059085
347	0.01479667680256816
348	0.02861800248623157
349	0.06404130612730681
350	0.02955137864023078
351	0.27221654663211026
352	0.4980538617465697
353	0.26910697687157226
354	0.5178979938892808
355	0.2262642915684492
356	0.19649409058697354
357	0.24023778140513036
358	0.0036444712588292183
360	0.05736225320565695
361	0.2772642547415683
362	0.27684945188339166
364	0.7552123180174969
365	0.25167955646472884
366	0.23262972507449864
367	0.04596091444855106
368	0.027838344337012107
369	0.029137003485501696
370	0.2754699170736985
372	0.7528751662340819
375	0.2759073939778242
378	0.04256260967926932
379	0.2958390766850397
380	0.06469722031316816
381	0.03778839784772429
382	0.029170449015444133
384	0.5237304819726902
385	0.3031852352818395
386	0.0634382506211854
387	0.09044048117377734
388	0.2810506578513482
389	0.07809521526506205
390	0.05724402137995953
392	0.24933435333240528
393	0.0351399631768295
394	0.28234126374599605
395	0.043160111712172496
397	0.06302533278289081
399	0.071141484337126
401	0.7088994121715265
404	0.2945069276908964
407	0.06721242579226688
408	0.4835955652469583
409	0.2895167049396922
411	0.03611230624346368
412	0.012867686500148738
413	0.013140550797278886
414	0.29576364482349415
415	0.26938872517129625
416	0.0516936975810772
417	0.039291374414304664
418	0.27656759691022215
419	0.230628636245223
420	0.30546526624799814
421	0.013345481148681313
423	0.03664033986583899
424	0.2968891423212247
425	0.3037231744378442
426	0.7638217302363818
428	0.3177255320035163
429	0.2929259421597072
430	0.5461827592242203
431	0.2825771643870008
432	0.26950220084749205
433	0.3095855560902797
435	0.03022537881266677
436	0.27634992037335904
437	0.04166524911427089
439	0.2850904895428888
440	0.02236198029053236
442	0.04399318098345659
443	0.5059547415840214
444	0.2622793544376887
446	0.25478859503525497
449	0.0005390943470557734
450	0.2731534342021864
451	0.3069893236682909
456	0.5151102603789616
457	0.015153869761267084
458	0.07168469520439964
460	0.2897204648171428
461	0.043962106782308885
462	0.7209038552399423
463	0.3661442567175181
464	0.26221591025936625
465	0.04889122030672987
466	0.2533915739780232
467	0.49618964366245416
469	0.2958347478550933
470	0.23592285462047774
471	0.028626232802812353
473	0.00559777452366271
474	0.29520939161790916
475	0.0230074516324118
476	0.060243132001642885
477	0.2223989286351139
478	0.21278540181086156
479	0.2847255279294574
480	0.026618103309000177
481	0.02504971516953515
482	0.007318254456924425
484	0.5171974575254084
485	0.3316331113329962
486	0.021898077222520827
487	0.012222421695124268
488	0.022341238212209763
489	0.003146182826691213
490	0.09133834109435385
491	0.2979354159010426
496	0.4634606130827981
497	0.22035842700669836
498	0.2590339950004813
500	0.3016900647797964
502	0.5058962610044462
504	0.28193207282961924
505	0.26660857704658114
506	0.025938267633331076
507	0.030378909348451708
508	0.23979248869670522
509	0.3143392778453803
510	0.5017070946254919
511	0.47074088856549834
513	0.004737632124098168
515	0.012886165410452385
516	0.2800151294580832
519	0.018044256576299066
522	0.26408616008033436
524	0.040694796927356815
526	0.0341991193536707
528	0.23997693261565767
529	0.275270944527774
530	0.7460753745348809
531	0.5242727699457436
532	0.05086323341115486
534	0.007324580496934012
535	0.036874662464010874
536	0.023140876389594146
537	0.2736604274410022
540	0.004760877907378898
541	0.009183425107762336
542	0.0781096420835164
543	0.7663021633644588
544	0.3304137776843787
545	0.26484207222379685
547	0.31995326105844185
548	0.27580172059593516
549	0.23363385767100933
550	0.26861751633880476
551	0.036528285854938024
552	0.006957863821392712
553	0.310229827159769
557	0.25888601777006504
558	0.23853201413507907
559	0.30322113294284814
560	0.2751291846516658
561	0.32181576049792904
562	0.09074123305159446
563	0.013728818718966997
565	0.27682671762157807
566	0.7754689016455141
567	0.049275655536203236
568	0.02169026500002289
570	0.5100193259872073
571	0.28918584118604584
572	0.29751490093189636
573	0.2985911251467618
574	0.2575728240443462
575	0.09750314382554859
579	0.004012621441759151
583	0.29278332080536806
586	0.26676421992766164
587	0.49983573271445414
590	0.26943570008234063
591	0.2902988642396663
592	0.0006328930929195287
594	0.0025053266660203834
596	0.273655949700295
598	0.00932445563346172
599	0.23823048264535718
600	0.5081593080064599
601	0.003417160898922498
603	0.2897870384804437
605	0.038742448304508674
607	0.02172628870831295
608	0.5440534289782817
609	0.3272035467545533
610	0.22339763029811288
611	0.2688668526359213
612	0.22717382896368907
613	0.07315988000911239
615	0.2871666518498108
616	0.26619170490115396
617	0.2639884738398611
619	0.026664550325623794
621	0.2570900531678926
622	0.26728265544775737
624	0.5207232825050684
626	0.5464268835695177
627	0.04742974044795286
628	0.5263567132829273
630	0.038219491079579296
631	0.43978435310419484
633	0.022480956050044923
634	0.05593432361897371
635	0.2662816606815787
638	0.4586793530216527
639	0.31959991784630526
640	0.2591751328832499
641	0.048108068694090365
642	0.0337602312753483
645	0.5224342306287111
648	0.31641358159099475
650	0.07518410652936658
651	0.5105609483573242
652	0.04389875208836667
654	0.09879359089159208
655	0.0008583367798530687
656	0.2025960287030641
657	0.004810825344823383
658	0.26909959824665364
660	0.2855322269230784
662	0.2138936074276716
663	0.008184387317922457
664	0.06902644125656533
665	0.019669755994798303
666	0.3166096595803975
667	0.2743379999643941
668	0.28809523962327543
669	0.04918705916372483
670	0.2857067645024756
673	0.2669451842360078
674	0.25424017963612167
675	0.25714908926006363
676	0.03336029942018711
677	0.2615210581778342
679	0.2567033294745876
681	0.04030286404970551
686	0.5288924790895131
687	0.2715643677820905
688	0.03416267882622313
689	0.025079917819151587
690	0.27155640696585404
691	0.22910388097884696
693	0.23717646386549368
696	0.535482527441399
697	0.5545489949695067
698	0.010870694687439026
699	0.2767943317675132
701	0.01857102460237821
704	0.49733606846442535
707	0.5186256891283892
708	0.03169920480519243
710	0.5256051166795631
711	0.5589931162149565
712	0.00432458599855386
713	0.5576456566110302
714	0.028599133488804218
715	0.2118919482607041
716	0.24469456598407482
717	0.28803442857391115
718	0.5338029750386403
719	0.5250667596719112
720	0.5104995208307334
722	0.2169505576882064
724	0.38945221636849264
725	0.25531477296244814
727	0.10085090671913863
728	0.2282241807017934
729	0.46637011863321093
731	0.27546915391885457
733	0.30549721640819805
734	0.035111664755392735
737	0.027144954586910398
738	0.3003686965911106
740	0.760887325053546
741	0.30385162922412345
742	0.2637603477479059
743	0.5353896757677307
744	0.5676148434083819
745	0.5608412443591956
746	0.25431004440854665
747	0.03479344792561494
748	0.07626929454474583
749	0.03502758634547616
750	0.00222078888409679
752	0.3195749525402987
754	0.2742952136055964
755	0.2209135219692009
756	0.04187804062392736
757	0.31145280960355487
758	0.04207800968915098
761	0.2216680094091634
762	0.08410970733624941
764	0.011820203387965175
765	0.027064135874760167
766	0.5371649586499905
770	0.003016947102041617
772	0.315786224191195
773	0.03235376058391218
775	0.2769456282310202
778	0.2599954521239439
782	0.2583739526385827
783	0.05680492236926066
784	0.5020718986590151
787	0.0339615499075985
788	0.5072092974957328
789	0.24681120207605617
790	0.524252268791922
791	0.03151693420758439
795	0.05664527542857488
796	0.5334262978373381
800	0.037697659217335915
801	0.5405211598047872
802	0.00885826730791242
803	0.054805461441036235
804	0.2684285024888697
805	0.21336719040435737
807	0.2676091076342254
808	0.5432333865776342
809	0.5395199804047796
810	0.03913968157732457
812	0.5263883688477453
813	0.24887748808584104
814	0.7273285861110519
815	0.24914251123919468
816	0.4660865119178551
818	0.31999959373925835
819	0.31141806052693544
820	0.5182951359052436
821	0.5325026460082704
822	0.2886465575040795
823	0.008628248550705958
824	0.5285798077468927
825	0.04827677431841293
826	0.5200284581316873
827	0.5142111060022989
828	0.3301984817387692
830	0.546421056101891
832	0.02707225390468272
835	0.02841624937464074
837	0.04463123735114316
838	0.273408093755758
840	0.2715516542059769
841	0.2801980112474124
842	0.5350695787808746
843	0.036169716680592996
846	0.29999209400848026
847	0.5058066691827104
848	0.3202136077271618
850	0.0037551191854288367
851	0.028585858399535136
853	0.32256928000939156
854	0.0002674561196375075
855	0.4807585855674645
856	0.7459504256905354
857	0.027851595057629047
858	0.028678738622308516
859	0.4872916497750418
860	0.2833196766148624
862	0.25922215653378294
863	0.03033842604563138
865	0.3473755999795349
866	0.10781424075531681
867	0.31595988274343434
868	0.058457521638745166
872	0.22633528312486076
873	0.5092749769335111
874	0.31599249676959584
878	0.27256228809924865
879	0.0013030473740784088
880	0.5479430000858885
881	0.52684210355883
882	0.30879737437919447
883	0.07511603992473337
887	0.297465928320048
888	0.3044889762283869
890	0.4915778462218061
892	0.5459352244314122
896	0.025222058385156357
898	0.23454946490620904
899	0.051542755746355993
901	0.22854886271058844
903	0.02027020416171638
904	0.2424736397864723
905	0.5431057173032002
906	0.021017388784375857
908	0.026319851041802525
909	0.007994393329940758
911	0.27615827258883685
913	0.5256590321080666
914	0.3098071225729677
915	0.2855051306408797
916	0.22733152813850424
917	0.05109651790067957
918	0.5288176633020212
919	0.035553514028695436
920	0.27062869239822995
921	0.03285190505283736
923	0.5079511182047327
925	0.508283198658371
926	0.01567838988153736
927	0.04730066904166809
929	0.04352845231491097
930	0.532143868692383
931	0.5273361245203708
932	0.32481750377626356
933	0.3175892549372172
934	0.3101499922440671
935	0.504173762648767
936	0.2601524210052867
937	0.017657441683332893
938	0.04982733134935754
939	0.023254806952328337
940	0.26722445136245404
941	0.2758278014296691
942	0.03485833974203709
943	0.489726356076061
0	0.0
0	0.0
0	0.0
0	0.0
0	0.0
0	0.0
0	0.0
0	0.0
0	0.0
0	0.0
0	0.0
0	0.0
0	0.0
0	0.0
0	0.0
0	0.0
0	0.0
0	0.0
0	0.0
0	0.0
0	0.0
0	0.0
0	0.0
0	0.0
0	0.0
0	0.0
0	0.0
0	0.0
0	0.0
0	0.0
0	0.0
0	0.0
0	0.0
0	0.0
0	0.0
0	0.0
0	0.0
0	0.0
0	0.0
0	0.0
0	0.0
0	0.0
0	0.0
0	0.0
0	0.0
0	0.0
0	0.0
0	0.0
0	0.0
0	0.0
0	0.0
0	0.0
0	0.0
0	0.0
0	0.0
0	0.0
0	0.0
0	0.0
0	0.0
0	0.0
0	0.0
0	0.0
0	0.0
0	0.0
0	0.0
0	0.0
0	0.0
0	0.0
0	0.0
0	0.0
0	0.0
0	0.0
0	0.0
0	0.0
0	0.0
0	0.0
0	0.0
0	0.0
0	0.0
0	0.0
0	0.0
0	0.0
0	0.0
0	0.0
0	0.0
0	0.0
0	0.0
0	0.0
0	0.0
0	0.0
0	0.0
0	0.0
0	0.0
0	0.0
0	0.0
0	0.0
0	0.0
0	0.0
0	0.0
0	0.0
0	0.0
0	0.0
0	0.0
0	0.0
0	0.0
0	0.0
0	0.0
0	0.0
0	0.0
0	0.0
0	0.0
0	0.0
0	0.0
0	0.0
0	0.0
0	0.0
0	0.0
0	0.0
0	0.0
0	0.0
0	0.0
0	0.0
0	0.0
0	0.0
0	0.0
0	0.0
0	0.0
0	0.0
0	0.0
0	0.0
0	0.0
0	0.0
0	0.0
0	0.0
0	0.0
0	0.0
0	0.0
0	0.0
0	0.0
0	0.0
0	0.0
0	0.0
0	0.0
0	0.0
0	0.0
0	0.0
0	0.0
0	0.0
0	0.0
0	0.0
0	0.0
0	0.0
0	0.0
0	0.0
0	0.0
0	0.0
0	0.0
0	0.0
0	0.0
0	0.0
0	0.0
0	0.0
0	0.0
0	0.0
0	0.0
0	0.0
0	0.0
0	0.0
0	0.0
0	0.0
0	0.0
0	0.0
0	0.0
0	0.0
0	0.0
0	0.0
0	0.0
0	0.0
0	0.0
0	0.0
0	0.0
0	0.0
0	0.0
0	0.0
0	0.0
0	0.0
0	0.0
0	0.0
0	0.0
0	0.0
0	0.0
0	0.0
0	0.0
0	0.0
0	0.0
0	0.0
0	0.0
0	0.0
0	0.0
0	0.0
0	0.0
0	0.0
0	0.0
0	0.0
0	0.0
0	0.0
0	0.0
0	0.0
0	0.0
0	0.0
0	0.0
0	0.0
0	0.0
0	0.0
0	0.0
0	0.0
0	0.0
0	0.0
0	0.0
0	0.0
0	0.0
0	0.0
0	0.0
0	0.0
0	0.0
0	0.0
0	0.0
0	0.0
0	0.0
0	0.0
0	0.0
0	0.0
0	0.0
0	0.0
0	0.0
0	0.0
0	0.0
0	0.0
0	0.0
0	0.0
0	0.0
0	0.0
0	0.0
0	0.0
0	0.0
0	0.0
0	0.0
0	0.0
0	0.0
0	0.0
0	0.0
0	0.0
0	0.0
0	0.0
0	0.0
0	0.0
0	0.0
0	0.0
0	0.0
0	0.0
0	0.0
0	0.0
0	0.0
0	0.0
0	0.0
0	0.0
0	0.0
0	0.0
0	0.0
0	0.0
0	0.0
0	0.0
0	0.0
0	0.0
0	0.0
0	0.0
0	0.0
0	0.0
0	0.0
