3	0.0025849884843937507
4	0.046824867202204384
6	0.017317378307719428
7	0.02588084336338751
9	0.027482510942711195
11	0.24631344687078743
12	0.018126892111856804
13	0.0062049097478174
15	0.0007893313711380794
16	0.2781603627803338
17	0.22860340410955093
19	0.5095541216218349
20	0.01498348202173811
21	0.03862746864107677
23	0.23504122139154895
24	0.0272900387502099
25	0.4809320663841936
27	0.3861539162539682
28	0.24476096141471
30	0.013950606325906029
33	0.008127914852494748
36	0.02534469921791529
38	0.01333601145251865
40	0.252398806909652
41	0.0076824793131014014
42	0.03358623228623357
43	0.026124395567151244
46	0.029718251429666893
47	0.02957687091479825
48	0.006490562193489209
49	0.21305325947514914
50	0.27429451921620335
52	0.016668332361437516
53	0.2575838930217556
54	0.271423998887497
55	0.0042314269446281395
56	0.014511852849555546
57	0.0050913347488866535
61	0.5131971536938318
64	0.01591043374005508
66	0.2617628650255877
67	0.005805154934691491
70	0.2373909457970323
71	0.26402209990381253
72	0.5004632806540574
74	0.005296559326208206
75	0.038285846575410246
76	0.01510830683480835
77	0.7638392940938655
79	0.002152247679228572
80	0.16594700229266512
81	0.013771626272892797
85	0.03320900129347
86	0.43754621715683056
88	0.2201187187895837
89	0.030455654328268165
91	0.022572348371557856
92	0.035366402780393165
93	0.3438826569465172
95	0.00977547266108331
96	0.019997526962511468
97	0.27122065265631806
99	0.2541621596543068
103	0.03404467416696905
105	0.1614888546465529
107	0.2527973576230097
108	0.4598284997524099
112	0.006849765864210093
115	0.2328765537088614
116	0.01645202030326301
119	0.023534141615605922
120	0.2625026756345197
121	0.0021681359327909745
122	0.03595459079780363
123	0.06147219316382538
124	0.5121437011549881
126	0.05745664111221549
127	0.0587340731272748
128	0.003486660666670586
130	0.27128418412098265
131	0.011747834755895907
132	0.240031718391849
134	0.27966634312561633
135	0.04933975776946456
139	0.47589277016845394
140	0.04023052573066298
143	0.02456688431133866
144	0.4936648611530058
146	0.26435096211004394
147	0.2579264446966806
148	0.010810118555490397
150	0.25192091245851617
153	0.13318394751389745
154	0.04221865014935107
155	0.15987605004627536
156	0.013849074981554778
158	0.2767241311570742
159	0.02030552635625248
161	0.4932811403664586
162	0.5308590847757775
163	0.2388031970131395
164	0.27410685320547473
165	0.27398833110089915
166	0.4472192846236913
168	0.02638365043313448
169	0.2614133212309829
171	0.23817492115944233
175	0.06930441293329132
176	0.5041985391593455
177	0.014969161020284148
178	0.022501841110152215
179	0.2797294949399428
180	0.021062983103185613
182	0.24369780737137806
183	0.1913260660096896
184	0.2606154415195223
185	0.05842887532465557
187	0.28816504259082404
190	0.08222104645250544
191	0.3292363202201471
192	0.1832410212940893
193	0.2819737584533464
194	0.017337152746336564
196	0.011595564037705251
199	0.2235188549784105
200	0.2568019744960427
201	0.014020660344216139
202	0.46911750440349653
203	0.5429187876671479
204	0.03346406999256919
205	0.234433095100096
207	0.03636674497875622
209	0.31239882246336403
210	0.23839044223916828
212	0.22945634184449576
213	0.23895567059633133
214	0.2707369014521785
215	0.029889119776260926
216	0.002923702780351655
217	0.24805249998797968
219	0.04157222077049813
220	0.23466009215993294
221	0.24659751044871536
223	0.05208000431530519
225	0.028704057805444036
226	0.007375803633264344
227	0.0016903285772148363
228	0.07555419307344197
229	0.3180909641939688
230	0.004566103463896909
233	0.25562823346598157
234	0.0036991226950459054
235	0.26506181318371425
236	0.05749137972960529
237	0.32236292626356655
240	0.0022851557274300924
241	0.17391689767838703
242	0.46880081649801675
243	0.4545358679629511
244	0.2695875442233976
245	0.037621066140373915
246	0.26399172344175725
247	0.019920892045897042
250	0.2864406239900466
251	0.7784319793399977
252	0.27221979398053103
253	0.04486494796659303
256	0.48672805607662173
258	0.21043602138336506
260	0.024667608375049103
261	0.23970994280777325
262	0.2751255610938538
263	0.012937488965551525
265	0.5227901392729252
266	0.10518383210008833
267	0.02364554044130405
269	0.2105042572151234
270	0.2590754520530945
271	0.012777885824647919
273	0.30209352213825313
274	0.007070075920295425
276	0.013802890910085637
277	0.26422345646744666
278	0.2528179269866831
279	0.24201956873427571
280	0.2615258028141935
282	0.28128323086967905
283	0.04171580888784397
284	0.2936466595422796
288	0.02179106731932952
289	0.11982798797925674
290	0.020442720642642076
291	0.020687571132110845
292	0.014092621657643238
294	0.29080790841658993
295	0.007908351752864244
300	0.5795800963086277
304	0.48306116260219073
305	0.044646670162025816
307	0.2904198061070942
308	0.004692591492684389
312	0.018995196370533672
313	0.0107233948206393
314	0.04463500970588014
315	0.027451298156813228
318	0.004546485640407584
319	0.24505175573618404
321	0.27824001639295864
323	0.015738495502848105
324	0.26318069680064365
325	0.027912024619281318
327	0.27748921370977875
329	0.032159398513663146
335	0.2608448695773133
337	0.31555556312077604
338	0.015142888973285924
339	0.007358943067310775
340	0.2738357008721914
341	0.05434057302732156
342	0.2781311094987384
343	0.008352301679413435
344	0.22423880612884417
348	0.2631395791357628
349	0.021614880545446625
350	0.026729607789816853
353	0.23702900546751884
355	0.2568156079899434
356	0.20529080031130906
357	0.2489305151891538
358	0.29932480235172926
359	0.294549013366871
363	0.01924674717635302
364	0.011212177028900143
365	0.7500479149645898
366	0.2623768388946762
370	0.012519633675289847
371	0.2287136787831247
372	0.2551461509264083
373	0.028344447407328072
374	0.18733391504953878
377	0.03405408011291262
378	0.021574344694479768
382	0.24353371772540117
383	0.04396993656646395
384	0.02312837688330898
388	0.25272481797664154
390	0.031150523964011217
392	0.02336690809362195
398	0.036818017390982165
400	0.25112454202511886
401	0.2657244326740612
402	0.03703603694506644
404	0.03484639104574512
406	0.034576685620060374
408	0.20084328033713394
410	0.22832727764233024
412	0.025003597618817465
415	0.015067082217660135
418	0.2886061384210845
423	0.05175123700600623
427	0.28525447934241316
428	0.2475946093897603
430	0.24283594914522896
431	0.2597638004266342
432	0.037884105317403424
433	0.0050465897804630525
434	0.2337065686042794
437	0.010236120121529281
438	0.27141818989840116
439	0.04279155348102235
441	0.0240863214930366
443	0.06876689375922182
444	0.27647412095206475
445	0.37532635350635385
450	0.028992936588615206
451	0.010224179078311406
457	0.008322485021633456
458	0.023143334578560652
459	0.03890099970021241
461	0.038077233894448136
462	0.20748002666984672
464	0.253588899427708
465	0.01349567459989201
466	0.00026961124394506847
468	0.2734312779983898
470	0.028996116271950204
475	0.23596296923453752
477	0.2432778629541557
478	0.2525461343065387
479	0.01161133683446288
480	0.08856875887247553
483	0.005653195692906492
485	0.15710839502441665
487	0.0283585583689921
489	0.009704823637247194
491	0.014510462939794903
493	0.018466540436119408
494	0.05326865153661134
495	0.01478368238640889
497	0.247503725199444
498	0.0032285937659415204
499	0.23823048264535718
500	0.008099379585332918
502	0.010720891112495436
503	0.27808599207542417
504	0.01658845870253492
506	0.00796008683780601
508	0.4833280889333743
511	0.22645850944741328
515	0.2397870353383345
516	0.05002013746665843
522	0.25802251742961324
523	0.045999090922562345
525	0.07875254754370431
526	0.21862960613593574
529	0.02354436229103026
530	0.5056990715466453
532	0.013953170935341819
534	0.2619134450672811
535	0.02439367452875664
539	0.04754836922996422
541	0.0165786874044329
543	0.4777110944219721
549	0.286330184712198
550	0.02041412520768358
551	0.03158036820217062
555	0.27378627276221673
557	0.008294126442173633
558	0.27301434877214364
559	0.010191730050318652
562	0.04297307402172172
565	0.0033983277573290324
566	0.017715420366438493
569	0.0311505239640112
571	0.014829618351504044
575	0.01737514443267203
579	0.012599328846387398
581	0.2539234112516203
582	0.02694996730419254
583	0.25891537551327026
584	0.03435309601062797
586	0.0031596464826979948
587	0.24045333358381638
589	0.3090318625441055
591	0.012861736242660113
592	0.24236924401407767
598	0.01071404598567064
600	0.22335399401560244
603	0.05030055104727168
605	0.5530347681573876
607	0.010873790988555773
608	0.05842839771829411
609	0.08841425233245903
611	0.005017339694038649
612	0.2819678362245822
614	0.3383514489579438
618	0.037449096443303784
628	0.01576040625519439
630	0.5075658569666184
631	0.24300208934310596
633	0.012584371780693888
635	0.25221144840627757
637	0.0718952027599939
638	0.01139402989552734
640	0.2710836782204606
641	0.022162391430417032
643	0.03549822608900958
644	0.00323311681566886
649	0.2893834845089504
652	0.026265935883270634
655	0.013018261054742804
656	0.18108897927950035
657	0.2283751682505548
658	0.29972122368252424
662	0.25064260310081976
663	0.005292628328344911
664	0.019561570320051333
665	0.04278797009318419
666	0.012855766091526347
667	0.013690181844904632
668	0.25076269823145275
669	0.06769230001216024
672	0.016346320143461632
673	0.25796102794498454
674	0.0005793185310056757
676	0.03891101612870517
677	0.2742880009906513
678	0.3129606457762511
680	0.29391902278113696
683	0.026048684983508954
684	0.019929982320786185
686	0.26794147177272765
687	0.2904228758784224
688	0.2762198269082179
690	0.27334796970796493
691	0.2718251408318623
692	0.26708980959665846
693	0.00646997648866883
696	3.001079877975113e-05
699	0.03263977718936387
701	0.015518835615577629
702	0.06283691563914234
704	0.5083521528019429
705	0.00948186880288018
706	0.02768010277027235
709	0.017207110703642954
710	0.0085588601859568
713	0.23674309756735606
715	0.49835891957666634
719	0.2739132006324017
722	0.04367113378410597
726	0.29765073098177164
730	0.5138211698394262
732	0.019151844465623326
734	0.028595989689467294
735	0.031150523964011214
736	0.54516116015719
737	0.023201690637722025
738	0.003414324443706984
740	0.2150293282441364
742	0.2734776875711992
743	0.0036166675069784354
744	0.4477876798199918
746	0.016618549543591314
747	0.0066818953712490595
750	0.06549044360370579
751	0.24808529223952486
752	0.02220858117950744
753	0.2988525292054051
755	0.5066034861255786
757	0.25731328010894056
759	0.31205804082044314
760	0.27399035009616957
763	0.22358767542294564
764	0.27394008588474356
765	0.3026883358156517
766	0.007223182491231727
767	0.2660108969327696
768	0.08282577333845735
769	0.5165053401051521
770	0.027096234094107732
771	0.24848861792457022
773	0.0030642684241607605
775	0.03290235513235536
777	0.7187726598163642
778	0.036764828199190885
779	0.26382352489901084
782	0.2696844339829305
784	0.503118658256031
785	0.004441195381034147
786	0.25373531749804645
787	0.03857822767196241
790	0.014514930344080607
792	0.25594959296562353
793	0.26976508960641227
794	0.02158700864710658
795	0.24252068817456426
799	0.2539825798594496
800	0.01576040625519439
801	0.2319819739588623
803	0.33087296568505886
804	0.0023835737103150983
806	0.05011872108974288
808	0.001300785538554422
812	0.2588112387491813
813	0.25747006230566566
814	0.2722469477024165
816	0.22418487047059577
817	0.5068141304365028
820	0.15646439939888793
821	0.03081924158489955
822	0.22190699136651515
824	0.2006286268753778
826	0.01624111084926163
827	0.24688070337825246
831	0.28817175554263647
833	0.041882223991743094
837	0.0037187756707340036
838	0.019072181865883553
839	0.04735187702589586
840	0.26047286113480284
842	0.023058836086390394
845	0.20744681149993077
847	0.008033536306167634
849	0.0311505239640112
850	0.03368779189069752
852	0.26212025578271236
853	0.011625246235119693
854	0.2658333098212041
856	0.273949246523813
857	0.21095901604631115
858	0.04979954315359296
859	0.4794399669401216
861	0.27484753799867995
862	0.018339815759590306
866	0.18219437365004768
868	0.02028166117909668
869	0.02038810380407146
870	0.025017832056419782
872	0.23500824086848657
873	0.0041851529097147525
877	0.2690674275319284
879	0.0060784520106465754
880	0.015119259218602504
883	0.017374305391844334
888	0.026737050748889067
889	0.011049260311789579
891	0.01637917218552177
893	0.03040325949540196
894	0.26913309335762226
895	0.2504506060578017
897	0.0399675487390343
901	0.010076887968645629
902	0.4737799286679965
904	0.26094011270352635
906	0.02404156589053442
908	0.010720855873626544
909	0.3069823819792412
910	0.5732768689490023
911	0.2489049650124527
912	0.4797651590575763
914	0.2974494864025877
915	0.00776276076023712
917	0.06392386465673375
918	0.002503406114332911
919	0.0011290392821868972
922	0.03771813879164387
923	0.028117645462504285
924	0.06505630872312741
925	0.24377636435363942
928	0.5194789060646602
929	0.05796872044149469
930	0.2826705327788895
931	0.02147810816080939
932	0.001975717496571206
933	0.00761921403901988
935	0.003176350200190855
936	0.036293971553922534
937	0.05545147653250028
938	0.041372126980896075
939	0.02843158093518901
940	0.26357465221180965
941	0.2305132849841554
942	0.014127060347121988
943	0.24465609284744627
0	0.0
0	0.0
0	0.0
0	0.0
0	0.0
0	0.0
0	0.0
0	0.0
0	0.0
0	0.0
0	0.0
0	0.0
0	0.0
0	0.0
0	0.0
0	0.0
0	0.0
0	0.0
0	0.0
0	0.0
0	0.0
0	0.0
0	0.0
0	0.0
0	0.0
0	0.0
0	0.0
0	0.0
0	0.0
0	0.0
0	0.0
0	0.0
0	0.0
0	0.0
0	0.0
0	0.0
0	0.0
0	0.0
0	0.0
0	0.0
0	0.0
0	0.0
0	0.0
0	0.0
0	0.0
0	0.0
0	0.0
0	0.0
0	0.0
0	0.0
0	0.0
0	0.0
0	0.0
0	0.0
0	0.0
0	0.0
0	0.0
0	0.0
0	0.0
0	0.0
0	0.0
0	0.0
0	0.0
0	0.0
0	0.0
0	0.0
0	0.0
0	0.0
0	0.0
0	0.0
0	0.0
0	0.0
0	0.0
0	0.0
0	0.0
0	0.0
0	0.0
0	0.0
0	0.0
0	0.0
0	0.0
0	0.0
0	0.0
0	0.0
0	0.0
0	0.0
0	0.0
0	0.0
0	0.0
0	0.0
0	0.0
0	0.0
0	0.0
0	0.0
0	0.0
0	0.0
0	0.0
0	0.0
0	0.0
0	0.0
0	0.0
0	0.0
0	0.0
0	0.0
0	0.0
0	0.0
0	0.0
0	0.0
0	0.0
0	0.0
0	0.0
0	0.0
0	0.0
0	0.0
0	0.0
0	0.0
0	0.0
0	0.0
0	0.0
0	0.0
0	0.0
0	0.0
0	0.0
0	0.0
0	0.0
0	0.0
0	0.0
0	0.0
0	0.0
0	0.0
0	0.0
0	0.0
0	0.0
0	0.0
0	0.0
0	0.0
0	0.0
0	0.0
0	0.0
0	0.0
0	0.0
0	0.0
0	0.0
0	0.0
0	0.0
0	0.0
0	0.0
0	0.0
0	0.0
0	0.0
0	0.0
0	0.0
0	0.0
0	0.0
0	0.0
0	0.0
0	0.0
0	0.0
0	0.0
0	0.0
0	0.0
0	0.0
0	0.0
0	0.0
0	0.0
0	0.0
0	0.0
0	0.0
0	0.0
0	0.0
0	0.0
0	0.0
0	0.0
0	0.0
0	0.0
0	0.0
0	0.0
0	0.0
0	0.0
0	0.0
0	0.0
0	0.0
0	0.0
0	0.0
0	0.0
0	0.0
0	0.0
0	0.0
0	0.0
0	0.0
0	0.0
0	0.0
0	0.0
0	0.0
0	0.0
0	0.0
0	0.0
0	0.0
0	0.0
0	0.0
0	0.0
0	0.0
0	0.0
0	0.0
0	0.0
0	0.0
0	0.0
0	0.0
0	0.0
0	0.0
0	0.0
0	0.0
0	0.0
0	0.0
0	0.0
0	0.0
0	0.0
0	0.0
0	0.0
0	0.0
0	0.0
0	0.0
0	0.0
0	0.0
0	0.0
0	0.0
0	0.0
0	0.0
0	0.0
0	0.0
0	0.0
0	0.0
0	0.0
0	0.0
0	0.0
0	0.0
0	0.0
0	0.0
0	0.0
0	0.0
0	0.0
0	0.0
0	0.0
0	0.0
0	0.0
0	0.0
0	0.0
0	0.0
0	0.0
0	0.0
0	0.0
0	0.0
0	0.0
0	0.0
0	0.0
0	0.0
0	0.0
0	0.0
0	0.0
0	0.0
0	0.0
0	0.0
0	0.0
0	0.0
0	0.0
0	0.0
0	0.0
0	0.0
0	0.0
0	0.0
0	0.0
0	0.0
0	0.0
0	0.0
0	0.0
0	0.0
0	0.0
0	0.0
0	0.0
0	0.0
0	0.0
0	0.0
0	0.0
0	0.0
0	0.0
0	0.0
0	0.0
0	0.0
0	0.0
0	0.0
0	0.0
0	0.0
0	0.0
0	0.0
0	0.0
0	0.0
0	0.0
0	0.0
0	0.0
0	0.0
0	0.0
0	0.0
0	0.0
0	0.0
0	0.0
0	0.0
0	0.0
0	0.0
0	0.0
0	0.0
0	0.0
0	0.0
0	0.0
0	0.0
0	0.0
0	0.0
0	0.0
0	0.0
0	0.0
0	0.0
0	0.0
0	0.0
0	0.0
0	0.0
0	0.0
0	0.0
0	0.0
0	0.0
0	0.0
0	0.0
0	0.0
0	0.0
0	0.0
0	0.0
0	0.0
0	0.0
0	0.0
0	0.0
0	0.0
0	0.0
0	0.0
0	0.0
0	0.0
0	0.0
0	0.0
0	0.0
0	0.0
0	0.0
0	0.0
0	0.0
0	0.0
0	0.0
0	0.0
0	0.0
0	0.0
0	0.0
0	0.0
0	0.0
0	0.0
0	0.0
0	0.0
0	0.0
0	0.0
0	0.0
0	0.0
0	0.0
0	0.0
0	0.0
0	0.0
0	0.0
0	0.0
0	0.0
0	0.0
0	0.0
0	0.0
0	0.0
0	0.0
0	0.0
0	0.0
0	0.0
0	0.0
0	0.0
0	0.0
0	0.0
0	0.0
0	0.0
0	0.0
0	0.0
0	0.0
0	0.0
0	0.0
0	0.0
0	0.0
0	0.0
0	0.0
0	0.0
0	0.0
