1	0.2507804757587438
3	0.3487939715282903
4	0.420245996533887
5	0.18945986881798682
8	0.22417552911146188
11	0.17624536670821572
13	0.42307242651692356
15	0.26247243689392297
17	0.21710318181254434
18	0.4598725280710396
22	0.4206869558220056
23	0.4753197775642645
24	0.21010466957380053
25	0.23955901117772127
26	0.38172201298168673
27	0.1496425577411553
28	0.21498296292501395
29	0.4531805220949849
30	0.2645225804130619
32	0.24039124637665715
33	0.201829778920707
35	0.285510033077043
37	0.5514061844836744
40	0.21627782072414609
46	0.4792421986998759
47	0.4327271909137509
48	0.2575166306661738
50	0.31973303907519557
53	0.18812037230375078
54	0.2129347578106666
55	0.21785969673002228
56	0.1257048953917847
57	0.46987568046932143
58	0.4184580643512586
59	0.1920451586183763
60	0.21666085629964565
61	0.025197123972504967
62	0.21379873757626022
63	0.46897090640512945
64	0.15129525691537932
65	0.22658482056139592
66	0.14652051379331416
67	0.44126812721954
68	0.4340897650091109
70	0.4884146372877923
71	0.23380265884292803
72	0.456570985041268
73	0.47093650542920884
74	0.7677245493136964
75	0.17631813270623545
76	0.2085735584135178
77	0.1634728687412247
79	0.2013973396696018
80	0.4913618179370679
82	0.5036103584824988
83	0.2751200668807733
84	0.1934845405076847
88	0.4579819465257559
92	0.44223970633491405
93	0.16084823138672322
94	0.12853471379604353
98	0.17412657236201298
100	0.5326551691773441
102	0.19606552858748563
103	0.5053392130752533
105	0.46910788562475064
106	0.27492661008988756
107	0.46634614673373026
108	0.1438807610623726
110	0.2669263352254351
112	0.7723126556190022
113	0.1803057121180132
115	0.4411920913214077
116	0.05516655405834406
117	0.4554313978869379
119	0.21057343079828694
121	0.008139849516475756
122	0.49685850174684293
128	0.19964721859847892
129	0.4452492686412238
130	0.19569461336850008
131	0.5645456663052832
132	0.4743637603210965
133	0.1951410101515858
134	0.12965157759933266
135	0.4666754337559933
136	0.4615566095666542
138	0.1989603104220446
139	0.1517577858111084
140	0.4617076133773392
141	0.5484066960465687
142	0.4619721214764892
143	0.19758520340810684
146	0.10015858102517666
147	0.15982274467764654
149	0.4616357325725246
153	0.5483883082021506
154	0.19169727565485575
155	0.3939973298413509
156	0.15363506790334844
157	0.19713207379290124
158	0.162339812477039
159	0.24941490275505424
160	0.1597929957121626
161	0.3563149565802365
162	0.13220834821497165
163	0.22279225162178773
164	0.44351223561193154
166	0.18340719564168698
167	0.19151785575787914
168	0.20382780263053543
170	0.24887903247098228
171	0.17541442848220068
172	0.44995909759320296
173	0.7716039463851049
174	0.7654985460135979
176	0.46492741914399444
179	0.264265221161491
183	0.39857662616701317
184	0.19839694493979473
186	0.4994913114491138
187	0.22025386202589753
188	0.21090745603401212
190	0.20029032995179902
192	0.20252428865211491
193	0.20940274383135218
194	0.19679428859850412
195	0.7055355719193397
196	0.17347171120858618
198	0.11335554880161819
199	0.22515103392100733
203	0.17355104977468838
204	0.44832693749853914
205	0.07561347127659718
206	0.5103856513470888
207	0.16756161667702046
208	0.46372796286729556
210	0.4518704421677815
212	0.2489106084695928
213	0.45311752175544223
214	0.15438910897573913
215	0.4281867514447058
216	0.1550049287860402
217	0.4672763668520242
218	0.21794922119065926
219	0.5175208279355928
220	0.07429694663210987
221	0.4508783812620493
225	0.439205823058982
227	0.7435344881476644
228	0.10108713664934185
229	0.20259648461618462
233	0.22212165936530637
234	0.19663715020374875
235	0.1469273074465354
237	0.12518999914771223
239	0.4223072381366494
240	0.45069973991747553
241	0.26621996407813653
242	0.21280405608582495
243	0.25430512494839475
244	0.45634801124910745
246	0.1657996342654966
247	0.23481686152266756
249	0.44167097382230575
252	0.49283855825577055
253	0.20722917271295538
254	0.4963607587238797
255	0.7210832073171488
257	0.5343220433945021
258	0.17473412419047638
259	0.4144179563430201
260	0.42507064022314023
261	0.24222307795813477
262	0.4731164057491755
263	0.43634882620366694
266	0.6953655094592407
267	0.17094873702674296
268	0.17477197526688268
269	0.17827526305929225
270	0.1465237580847361
271	0.1863610036744612
272	0.21804595253518488
273	0.2681095804872657
276	0.41827680376370385
277	0.44312074193159107
278	0.22155202883610103
280	0.18663333096073986
281	0.00579907287642566
282	0.20709093395695255
283	0.1711643940885742
284	0.428904342873399
285	0.22891611490584318
286	0.4266453441093742
287	0.7522431502821608
288	0.20030930637881514
291	0.7649980561326117
292	0.476025342478716
294	0.1585581942748271
295	0.1877611184291457
296	0.4953864327759492
297	0.21067371832962334
298	0.20316611904340265
299	0.17968532566781203
301	0.13779113573571997
302	0.17107264985455564
303	0.4405704735639731
304	0.19594797456296464
306	0.14375196855953
308	0.17779805848288807
309	0.1544134494465886
315	0.1565911590412953
316	0.5817215079371424
317	0.2145964963584816
318	0.43830845599698254
319	0.7684377643536686
320	0.19279950257663614
325	0.19581631795810836
329	0.21678630710915575
331	0.2797726181966294
333	0.4287206024162281
334	0.13383078550656125
335	0.22995459540485724
338	0.4964612705270304
339	0.4351459682857721
341	0.4475700494232661
343	0.13994705173971594
344	0.0973143460570553
345	0.4731729502760954
346	0.4798776701504913
347	0.43040732038498725
349	0.5256866147294896
350	0.49923471127131647
351	0.48376180693706616
352	0.4938751974406637
353	0.5296278724432462
354	0.47172658058011396
355	0.1936704224635158
357	0.47775960045010424
358	0.16408231718054353
359	0.1801977242778624
360	0.12862803005810736
361	0.18749963061833486
362	0.42013812540977885
364	0.7307153408613732
366	0.466118184645231
367	0.19286819136236114
369	0.2310783168162124
370	0.1840202900947417
372	0.5130144346746561
375	0.2148936310725063
376	0.13707601857568663
377	0.22097077724084196
379	0.21598279275205062
380	0.18542590722196342
382	0.45358906364036666
384	0.4702801716391667
386	0.45008203775226363
389	0.19414853681199967
392	0.4202722846011858
393	0.19978822873197324
394	0.1857800394088218
397	0.15502884432982322
399	0.18123212883394263
401	0.4544475933037364
403	0.2105780594459112
404	0.4738118176910359
407	0.19001021426443368
409	0.18631390672112422
410	0.1947339689018056
411	0.21582828374127724
412	0.14699302004070725
413	0.21404516509556704
414	0.4426423663044779
415	0.7450249186905018
417	0.1346631825186277
419	0.48420175372787094
420	0.4393515135128932
423	0.14609883940230053
424	0.7981116505539112
425	0.21264562865513717
426	0.4979235432223798
429	0.41839600062878257
430	0.4617591682873974
431	0.22047510088750077
432	0.45960172785110687
433	0.39397419652408694
435	0.4961529976809116
436	0.44850396804246256
437	0.26318336584927127
438	0.15415390030508536
439	0.5279595775160346
440	0.4434912356809046
442	0.12960876715937042
443	0.718185778078506
444	0.46276082971442933
445	0.10823913290228884
449	0.41683387773914893
450	0.7505598047086972
451	0.22028302202679184
453	0.4119160398315464
456	0.50211164966101
458	0.18088549366766737
460	0.44202000295608707
461	0.19673343362298656
462	0.5274395157351834
463	0.42941963612289713
464	0.14005525958215323
465	0.4588654217382515
466	0.13725141283065448
467	0.26758968260583155
469	0.19953004075838274
470	0.18665428490096697
471	0.2507705706998319
472	0.21638488380884066
473	0.18194388340086748
474	0.4523799353660588
475	0.17673401696007443
476	0.2204924866399082
477	0.20798771777867678
478	0.19356941668811756
479	0.11211772601667969
480	0.164215863181011
481	0.24421798763156086
482	0.199944451028584
483	0.19647035107124336
484	0.509888804037083
485	0.20240860481194958
486	0.16827994349221093
487	0.45017148015758524
490	0.18241438500747617
491	0.1949337809528231
492	0.21295289958354272
496	0.4138703325646337
497	0.4397842794242132
499	0.5201094733293331
500	0.1874616445576322
501	0.1945720437315889
502	0.26776372131207943
504	0.2126552818149464
505	0.2549215487551477
508	0.20039368571124808
510	0.4724957729272978
511	0.49400889061983927
516	0.477152707936323
520	0.3713976159543388
521	0.1336410289970863
522	0.4449309980175863
525	0.14940376777478978
529	0.264165064447142
530	0.5189160206202508
531	0.7126882596917031
537	0.42580262714400624
538	0.16860661587231252
540	0.1955502950700999
542	0.20123032635060578
543	0.2330314488407765
544	0.38174014531347367
545	0.26348229825502256
547	0.4128787930801088
549	0.40258650223230114
550	0.19154207393623016
551	0.437841050924805
552	0.4585857014531402
553	0.18840931905397337
554	0.18017467789574962
555	0.1948107849761933
556	0.16187090217539174
557	0.21288246030810734
558	0.4397736664581978
559	0.22997374401097184
560	0.4704443554077304
561	0.4341921499126019
563	0.21397291914793476
565	0.20207771197293048
566	0.7443642352370924
567	0.17034464474328864
570	0.7209351692978602
571	0.19702547839645823
572	0.3160398843192665
573	0.4525591717760111
574	0.18755394530418273
578	0.18908964598716566
579	0.44485819379142644
581	0.12661888507174618
582	0.21084624323859177
586	0.5217105442624156
587	0.1422600872394562
590	0.7201000513045973
591	0.47300025273399793
594	0.1694216193529228
595	0.09707582068970046
596	0.286396560257119
598	0.48490986673906705
601	0.42912892659807894
602	0.22294340182666014
603	0.4073484701993875
605	0.12514538384871512
607	0.21845499540174904
608	0.17035271653286244
609	0.31536937226591644
610	0.20068322317262083
611	0.4468819407093335
612	0.1834490029936409
615	0.20774720428869084
616	0.19839781090935477
621	0.2034839466584161
622	0.43676216793227063
624	0.7293354296499147
626	0.6775616842400964
627	0.18840736000259417
628	0.19729435650276728
631	0.43771412563919365
634	0.1789765240201745
635	0.43745917687364105
637	0.17644246405725406
639	0.1835621080107022
640	0.19758538735302827
642	0.25893132571003347
645	0.23448443101677993
646	0.1879677441018956
649	0.20869944002498977
651	0.21543391628066444
652	0.46191298097031824
653	0.17975349044147418
657	0.20583381859025657
658	0.41518822219892687
660	0.5253355644526037
662	0.49122953104946265
663	0.1650028214273879
664	0.20641643929532738
666	0.4394842778138684
667	0.4471236468189973
670	0.21203052769351005
672	0.18661668579280766
673	0.2080338942509992
674	0.775432449445461
675	0.4918162019208242
676	0.17273433437186034
677	0.18145308539284608
679	0.21000366737965992
681	0.24574679107626185
686	0.46932532420734935
687	0.22527835975663216
689	0.24554100131091372
690	0.20195534310513236
691	0.4415985698494425
693	0.1710249454896841
695	0.17471020201063037
696	0.4276346544507625
697	0.49111857113469054
699	0.45767284050356827
701	0.21746527422540585
704	0.169372822857877
705	0.19296827137952116
707	0.20815793642293834
708	0.2572114015176511
709	0.12723382133701244
710	0.43980343085614493
711	0.5254955937919423
712	0.19690952140444123
713	0.410434249217884
715	0.190517187244196
716	0.7123534315936185
717	0.4414794371718506
718	0.5509260922858429
719	0.19785296800245666
720	0.4073637339309745
722	0.4445246481500309
724	0.5103856513470888
725	0.7677492515981491
727	0.1417121800064548
728	0.4762090427501825
729	0.47253161828173534
731	0.5172481805649279
733	0.3968297428050399
736	0.13457356636693882
737	0.17126846559485912
738	0.18477593610340337
739	0.21038390763553816
740	0.4026914225060335
741	0.2173411441822632
742	0.756056835691588
743	0.7136319703670961
745	0.455275473896315
748	0.19679013869594505
749	0.25805919139061584
752	0.1934768186798001
754	0.7578936325443124
755	0.15855659714151846
756	0.5036471979246551
757	0.1922039616156528
760	0.15029160593456511
765	0.2249082266313178
766	0.19731195809382254
767	0.18311487105851207
768	0.4429460427951615
769	0.17327259128298186
770	0.42292738299564914
772	0.19224302855487632
775	0.26037930963129785
776	0.1486068665160695
778	0.20293923269015757
787	0.15527992094033555
788	0.4707201118928737
789	0.42743571474754827
790	0.18712402813619727
791	0.41781813020872144
792	0.14144049058102354
794	0.44236936095630985
795	0.13155981088990426
796	0.27113882620989566
800	0.19729435650276728
801	0.5480516046093452
803	0.12517044136176622
804	0.20173006713188205
805	0.110377022216059
807	0.4575361824709549
808	0.7292809872940199
809	0.4783027325408617
810	0.4577763347205059
812	0.2686228231220136
813	0.12919580767751362
814	0.47220139234022473
815	0.19590095598189264
816	0.4892975297440868
817	0.21602631645312304
818	0.12474080590540741
819	0.18869614782264404
820	0.4506028509057165
821	0.18347482910886964
822	0.5430553587578375
824	0.5069360256877085
826	0.1825596005758032
828	0.45252126480928445
829	0.1972943565027673
830	0.504653454127999
832	0.45358768487835244
835	0.1240453326340127
837	0.21177747326366708
838	0.5114281197550498
841	0.46538444813340546
842	0.4615620925942925
844	0.2385093742510611
845	0.13457877106416555
846	0.1888698289014909
847	0.5125255682138652
848	0.2752216043976624
851	0.14495978453859226
852	0.18986488385946862
853	0.1681448169987036
854	0.13756731669469052
855	0.4615025948764411
856	0.4974261894799625
857	0.22288406713812942
858	0.43447016544917
859	0.4881048643841605
860	0.4268549079974165
861	0.40083495411250136
862	0.2078370675009238
863	0.1820262592787146
864	0.16446915669340822
865	0.400603955264388
866	0.27409179418422863
867	0.21311582317547179
868	0.13966196282898483
873	0.7541784215951894
874	0.4226481022796134
876	0.1897142080986874
878	0.4515634967262995
879	0.48597542062366283
880	0.4562569820060144
881	0.20874693995602359
882	0.1923044572344096
883	0.16978167695193136
884	0.1429050479702753
887	0.24849809770599326
888	0.5444668865819545
889	0.13727056302881085
890	0.19905565030524844
891	0.43845187252711576
892	0.42740040137362434
893	0.1739894790157395
898	0.12810416934839802
900	0.3654158217854152
901	0.21994386681952593
903	0.1831272374763791
904	0.19929419079571178
905	0.413319326426083
906	0.45282157235032916
907	0.18428308609900007
909	0.2058199594203423
910	0.3797086343878909
913	0.4141832274423062
914	0.16861067585362893
915	0.20448371394842108
916	0.38016165225233645
917	0.5020108039550644
918	0.18950989567196574
919	0.1397342590764532
920	0.742927510355755
921	0.25577113956288844
923	0.7574031509994691
925	0.4606175654932172
926	0.17910462357764528
927	0.20880704762509048
928	0.1483084705757829
929	0.13943238598380303
930	0.5235472592687804
931	0.7639923212523173
932	0.21554750679579907
933	0.4777798735643824
934	0.44193456012366167
935	0.5086685105846896
936	0.4942308538610545
939	0.45477125554867204
940	0.43761011558239626
941	0.517628938835698
943	0.46269245313033286
0	0.0
0	0.0
0	0.0
0	0.0
0	0.0
0	0.0
0	0.0
0	0.0
0	0.0
0	0.0
0	0.0
0	0.0
0	0.0
0	0.0
0	0.0
0	0.0
0	0.0
0	0.0
0	0.0
0	0.0
0	0.0
0	0.0
0	0.0
0	0.0
0	0.0
0	0.0
0	0.0
0	0.0
0	0.0
0	0.0
0	0.0
0	0.0
0	0.0
0	0.0
0	0.0
0	0.0
0	0.0
0	0.0
0	0.0
0	0.0
0	0.0
0	0.0
0	0.0
0	0.0
0	0.0
0	0.0
0	0.0
0	0.0
0	0.0
0	0.0
0	0.0
0	0.0
0	0.0
0	0.0
0	0.0
0	0.0
0	0.0
0	0.0
0	0.0
0	0.0
0	0.0
0	0.0
0	0.0
0	0.0
0	0.0
0	0.0
0	0.0
0	0.0
0	0.0
0	0.0
0	0.0
0	0.0
0	0.0
0	0.0
0	0.0
0	0.0
0	0.0
0	0.0
0	0.0
0	0.0
0	0.0
0	0.0
0	0.0
0	0.0
0	0.0
0	0.0
0	0.0
0	0.0
0	0.0
0	0.0
0	0.0
0	0.0
0	0.0
0	0.0
0	0.0
0	0.0
0	0.0
0	0.0
0	0.0
0	0.0
0	0.0
0	0.0
0	0.0
0	0.0
0	0.0
0	0.0
0	0.0
0	0.0
0	0.0
0	0.0
0	0.0
0	0.0
0	0.0
0	0.0
0	0.0
0	0.0
0	0.0
0	0.0
0	0.0
0	0.0
0	0.0
0	0.0
0	0.0
0	0.0
0	0.0
0	0.0
0	0.0
0	0.0
0	0.0
0	0.0
0	0.0
0	0.0
0	0.0
0	0.0
0	0.0
0	0.0
0	0.0
0	0.0
0	0.0
0	0.0
0	0.0
0	0.0
0	0.0
0	0.0
0	0.0
0	0.0
0	0.0
0	0.0
0	0.0
0	0.0
0	0.0
0	0.0
0	0.0
0	0.0
0	0.0
0	0.0
0	0.0
0	0.0
0	0.0
0	0.0
0	0.0
0	0.0
0	0.0
0	0.0
0	0.0
0	0.0
0	0.0
0	0.0
0	0.0
0	0.0
0	0.0
0	0.0
0	0.0
0	0.0
0	0.0
0	0.0
0	0.0
0	0.0
0	0.0
0	0.0
0	0.0
0	0.0
0	0.0
0	0.0
0	0.0
0	0.0
0	0.0
0	0.0
0	0.0
0	0.0
0	0.0
0	0.0
0	0.0
0	0.0
0	0.0
0	0.0
0	0.0
0	0.0
0	0.0
0	0.0
0	0.0
0	0.0
0	0.0
0	0.0
0	0.0
0	0.0
0	0.0
0	0.0
0	0.0
0	0.0
0	0.0
0	0.0
0	0.0
0	0.0
0	0.0
0	0.0
0	0.0
0	0.0
0	0.0
0	0.0
0	0.0
0	0.0
0	0.0
0	0.0
0	0.0
0	0.0
0	0.0
0	0.0
0	0.0
0	0.0
0	0.0
0	0.0
0	0.0
0	0.0
0	0.0
0	0.0
0	0.0
0	0.0
0	0.0
0	0.0
0	0.0
0	0.0
0	0.0
0	0.0
0	0.0
0	0.0
0	0.0
0	0.0
0	0.0
0	0.0
0	0.0
0	0.0
0	0.0
0	0.0
0	0.0
0	0.0
0	0.0
0	0.0
0	0.0
0	0.0
0	0.0
0	0.0
0	0.0
0	0.0
0	0.0
0	0.0
0	0.0
0	0.0
0	0.0
0	0.0
0	0.0
0	0.0
0	0.0
0	0.0
0	0.0
0	0.0
0	0.0
0	0.0
0	0.0
0	0.0
0	0.0
0	0.0
0	0.0
0	0.0
0	0.0
0	0.0
0	0.0
0	0.0
0	0.0
0	0.0
0	0.0
0	0.0
0	0.0
0	0.0
0	0.0
0	0.0
0	0.0
0	0.0
0	0.0
0	0.0
0	0.0
0	0.0
0	0.0
0	0.0
0	0.0
0	0.0
0	0.0
0	0.0
0	0.0
0	0.0
0	0.0
0	0.0
0	0.0
0	0.0
0	0.0
0	0.0
0	0.0
0	0.0
0	0.0
0	0.0
0	0.0
0	0.0
0	0.0
