1	0.5397054205298872
2	0.0809691501289788
4	0.008564874242326735
6	0.0560863804467579
7	0.002844531444020717
8	0.023897496865280997
9	0.21420446353901562
10	0.27900155753109257
11	0.47984505616628687
12	0.025145587809025427
13	0.27727321607096117
14	0.053780453246763615
15	0.08056910281574786
17	0.28488257656848315
18	0.04017985126876894
21	0.0946541830151221
22	0.06431061555725624
23	0.09038340068249492
24	0.02119444912969519
25	0.2794206880613001
26	0.12144308016447589
27	0.25642256924939655
28	0.02166760321612782
29	0.25678422109076793
30	0.2861817828632861
31	0.2573473544996612
32	0.03370910091451931
33	0.03069988991859139
34	0.2752216043976624
35	0.06279511057353218
36	0.23332557450187189
37	0.333220576059879
39	0.3113125749398017
40	0.29587502696353146
44	0.5325184520525746
45	0.26425549987550134
46	0.2577380768014036
47	0.22535129610299284
48	0.3022574603247686
50	0.056492930712722655
51	0.006300628284390673
54	0.005141408163325912
57	0.26887391545240474
58	0.010872006084942668
59	0.026300426376417683
60	0.2977618771090953
62	0.03059694254833221
63	0.24582073240313182
64	0.0074766744962242795
65	0.07752014351769482
66	0.007330738647377724
69	0.29577156328579934
70	0.0251602790915144
71	0.27882921511337305
74	0.3020057380154628
76	0.20873528025716964
77	0.018137305098994003
78	0.2660910929377611
82	0.2779976719023933
83	0.2875047995080571
85	0.040455277794360964
86	0.04174430600265561
87	0.272036300080569
90	0.2996540184508274
91	0.02482612212024444
92	0.027532345833674803
95	0.009367900587550018
96	0.26860993723377424
97	0.2652819411572395
100	0.2884542086737227
103	0.18227865501117632
104	0.10098425440508482
105	0.32618224661140893
107	0.2535054936577211
109	0.28096251500385044
110	0.048381905431825745
111	0.3079621964624792
112	0.04204962265499758
113	0.5154635704600655
114	0.3204081597351044
115	0.054238197900587745
117	0.0032515850452056114
118	0.2509496953269573
120	0.012179857042384213
122	0.264380735195134
124	0.02852137825499751
126	0.23813168521776526
127	0.22703899619027162
129	0.49084817518097124
130	0.007739795483100338
131	0.340483887057636
132	0.28776527405112146
133	0.038052656058411835
135	0.036379490145075605
136	0.2794561193053044
137	0.27486732139174525
138	0.014271365009617745
140	0.04687057228363799
141	0.09709055114066695
142	0.02062086799553312
144	0.00724255976997791
148	0.527016193232116
149	0.0843779058790314
152	0.2550798868708992
154	0.020783286399224728
160	0.026769841192611468
161	0.1394289605444442
163	0.2818186456040716
167	0.034345921133885564
168	0.020083031534968723
171	0.02876135461018542
172	0.09955905705666743
173	0.3226706608278234
174	0.264572736841162
179	0.2793977608302025
183	0.010993419815105085
184	0.06994239362221255
185	0.2599253049093779
186	0.05118407329908849
187	0.02306725066906287
188	0.08087503936410043
189	0.261538252582414
196	0.43497387217764283
199	0.06035104769281263
200	0.05723449560284105
201	0.05791428936869836
203	0.19867878659737814
204	0.015279143730805834
205	0.240414049439084
206	0.3710153166494236
207	0.28137242156519093
210	0.07782092967826071
211	0.05011680026927309
212	0.2405466622031586
216	0.03216455418379885
218	0.2576377562319508
219	0.046136946822009
223	0.001352894096254477
224	0.26216312410129666
225	0.011774858823168692
226	0.291259089703125
227	0.0008813933951506217
232	0.0920460336354882
233	0.018418176479428717
234	0.07622644500118286
237	0.026982826673904534
238	0.01663822118627554
239	0.30524415859829207
240	0.2888339918237883
241	0.020157096147332135
243	0.06824439124172002
247	0.26507480346025514
248	0.06537245719946301
249	0.03783415085014765
252	0.035093407264481166
254	0.26438950075122364
255	0.2567515960597886
257	0.06237397804343511
259	0.03513087509232815
261	0.039477420464555796
262	0.025110182749723625
263	0.031966695089003426
264	0.2759063017691933
266	0.11536210521754264
267	0.05438921586796694
268	0.2766236302875734
269	0.030570031036894145
271	0.06538512179469283
272	0.07367181599723423
273	0.06191837315006622
275	0.23875986923578751
276	0.06633603363597304
277	0.20187987009984154
279	0.26477979741336316
280	0.03224659668179958
281	0.09667235951313569
282	0.03463084544176185
284	0.27279448542970947
285	0.1234388030862025
287	0.011679522674259826
290	0.2597781241816489
291	0.05251676655967648
295	0.3065092593897013
296	0.026986752858707556
297	0.08016046740782928
299	0.2800420339352526
302	0.03079847183772193
303	0.09949253748994252
304	0.024687265141222624
308	0.07245358363503741
309	0.042505395807437236
311	0.23958331378913317
312	0.056778895320808244
313	0.302382419306965
315	0.0007806490980986139
316	0.10732477328765792
317	0.057732285888184506
318	0.02835786513280243
319	0.040420961402691705
320	0.03080813336837887
322	0.2860562583800345
324	0.2536800178600169
325	0.05164164397357626
326	0.015537401898085442
328	0.020412877766228958
329	0.08165805357265948
330	0.034787431715245044
331	0.5702286588179172
334	0.32100296309605203
338	0.528003138891673
339	0.05860414847785625
341	0.29393644614558034
345	0.06305882549094396
346	0.028130589537968688
349	0.04526553130172552
350	0.2536966095110847
352	0.4771729263068006
353	0.01750601198792765
354	0.2958295423076246
355	0.029472788334740076
358	0.23146736647828547
359	0.24329536575358665
361	0.04156926121457878
362	0.07042084444866574
363	0.052814256460744266
364	0.29064554996107533
366	0.026204333196176537
367	0.28762620724720467
368	0.3182652686778301
369	0.02695623260134826
370	0.03448915562779059
372	0.051049498957930955
375	0.2810490335075368
377	0.016640304235697456
379	0.062445350505628786
380	0.06244909063402643
381	0.5181678148611435
382	0.018752223389725577
384	0.5388644327601806
385	0.09026555651414442
387	0.5403186649528366
389	0.2931632976487796
390	0.28637150625690877
392	0.03211877282079362
394	0.07340102172092572
395	0.26613263527275444
396	0.2850034034061304
397	0.31498022486683797
399	0.2977411030324734
400	0.027403424507530718
401	0.00016040013599821074
404	0.5185032137371086
407	0.3052997361912932
408	0.05296325048796375
409	0.2865462145462244
410	0.0222116848623114
413	0.02942217258364649
414	0.2866724445809063
415	0.25601948967760557
420	0.07067287551361667
421	0.014170564651938174
422	0.2697531451485057
424	0.0800196823364377
425	0.5219955478191237
426	0.31544232977196934
428	0.07750147134243388
429	0.06710379742123052
430	0.0892355049020716
431	0.03197540662099489
433	0.34427544925036774
434	0.269114430106583
435	0.26197530605028263
436	0.2978087592090565
437	0.5122267607049349
439	0.28990748192809634
440	0.01495997567271222
441	0.030786405954587967
444	0.07138314643956735
446	0.32280344866406496
447	0.018575803011217425
448	0.06387714386162718
449	0.2220756767671308
450	0.03763137634674991
451	0.07215003883605034
452	0.26440648404736244
453	0.014108495867153258
455	0.03923268689594918
456	0.2910409803063133
458	0.06900159585525092
460	0.05988343891856385
461	0.005286204290285042
462	0.06871772556059555
463	0.3516111321072076
464	0.028367057082836097
465	0.03942924534846971
466	0.03278602645343685
467	0.28958113826275605
469	0.05662870812494168
471	0.5173260005729144
472	0.015411505954819407
474	0.06020489737497225
476	0.03419104104074276
477	0.03240797456305492
480	0.023534089913451017
481	0.25322331083311905
483	0.2575712496216121
484	0.5152188556839278
485	0.1392368716841986
486	0.018730736197309226
488	0.025196793236902465
490	0.3208263578307572
491	0.08356552904518806
492	0.01996753280316096
496	0.06526140768403262
498	0.2420519783922669
499	0.3202136077271618
500	0.08799920238472242
501	0.262539912495065
502	0.2640950069181324
505	0.03761058763738266
506	0.026024474721526768
507	0.26486342870433754
508	0.061567562173512405
509	0.35364906306374183
510	0.06268541825477122
511	0.2431649707396802
513	0.017823091443817933
514	0.28599618593138276
516	0.254001025581286
519	0.04102373784427805
522	0.01156638874674723
524	0.04095376862395328
526	0.029920462689446224
528	0.03300147221097561
529	0.26508099291458
530	0.2728189243582728
531	0.3152965216598199
533	0.020068239998525146
535	0.28663903453372064
536	0.27906820601408633
537	0.053478365263990045
538	0.0031062875258574124
540	0.0116513539962507
542	0.2814542214260409
543	0.08114374469361023
544	0.15154266455770268
545	0.5203128359952407
546	0.0016285807146538406
547	0.31922250482567044
548	0.2756897993415272
550	0.018482105072605674
552	0.008427048078687167
553	0.06924222556775278
554	0.003781269011180949
555	0.0034987836577766995
557	0.05152358412502135
558	0.012264918823487583
560	0.2862782023373684
561	0.08790866734466891
562	0.028628894101529856
563	0.04991679153264274
564	0.47126616578182073
565	0.038915180431745036
566	0.30555383837981087
567	0.04668554110362156
568	0.2680317637233699
570	0.3100908758045856
571	0.2956568643681373
572	0.3154887062640757
573	0.06178188817746527
574	0.04388108044910386
575	0.25386170104423444
579	0.009087552054107023
583	0.03509237409395323
584	0.2468022681460388
586	0.04514155606096724
587	0.06267003951314194
590	0.026427392680079112
593	0.26382082919614935
596	0.06377180500759144
597	0.028143398049913212
601	0.21882905063544494
603	0.28671723725407444
604	0.19914654873686863
607	0.018357956629090667
608	0.2579236951109883
609	0.07373085579461623
610	0.038920884805750566
613	0.5294755806284221
615	0.27625176804482987
616	0.2803744752012103
617	0.0819248999245251
619	0.054772385535947
620	0.2501414602397705
621	0.009685349539184651
622	0.04729250938387708
624	0.5351559292872948
625	0.24884799544654337
626	0.30777702949581065
627	0.2774384861365477
628	0.28637150625690877
629	0.02679307604061954
632	0.2488422103303955
633	0.27142529576985464
634	0.5141360401181077
635	0.05028358400160511
638	0.016181999629745626
639	0.09929305352149005
641	0.29900294248503057
642	0.26592009382064197
644	0.0013365656230079383
645	0.07465741564922262
648	0.32760350903588586
649	0.018936113137633406
650	0.2889395189122455
651	0.3164818882868319
654	0.09661648784133697
656	0.5015074784948039
657	0.02487291896870563
658	0.039067416050767134
659	0.010897973027292743
660	0.05324354050465307
664	0.2849389540662048
665	0.25969146863626275
666	0.07695379607177716
668	0.09685978554524374
669	0.047506215316437256
670	0.07165004224416932
671	0.5177362371533457
673	0.0015489102162813163
674	0.03424295257896087
675	0.22111027436829817
676	0.052868374037967104
679	0.04347399683424565
682	0.03398876354683581
686	0.2884081284612282
687	0.01180038873021192
688	0.03166258538882041
689	0.28046978805665285
692	0.01806253112571488
693	0.034754988092288316
694	0.01333588757732087
695	0.4362414622526563
696	0.08534488279676965
697	0.5576563253927569
698	0.012876814127990594
699	0.01981219825670772
700	0.028828733332265034
701	0.029361941472783894
702	0.02278479399538017
704	0.2618672276643496
706	0.044238085979096065
707	0.05225758529343251
708	0.27960507989690375
710	0.050622096688753664
711	0.33077055786293386
713	0.1045695058648919
714	0.029279160375479833
716	0.02223597687752375
717	0.28363295160280944
718	0.2918909578963673
720	0.06649214039449285
721	0.0031172061758587416
722	0.24989708714423137
723	7.393809092216125e-05
724	0.3710153166494236
725	0.02441521766809345
726	0.025295251296374145
727	0.12142255926246188
729	0.0629711061700747
731	0.2794442162913382
733	0.08187106107755993
734	0.025443470114012063
735	0.02661155943726517
737	0.010375138781150681
738	0.09494216877321865
739	0.04833173506781656
740	0.09760226217493945
741	0.07597915330582253
742	0.02170606608635948
743	0.3175316141313931
744	0.1134485010493902
745	0.12061399891897234
746	0.04743357569657429
748	0.30739438923566453
749	0.040103024719451166
752	0.08296747476475651
754	0.027159237925569745
756	0.04635774582459529
757	0.07182041237418758
758	0.25637259772192494
759	0.23526176579154007
761	0.017068712734745396
762	0.27547061104228016
765	0.023914918178510162
766	0.29987031957608784
771	0.28528658213177044
772	0.3116872220060801
775	0.2662658910156527
781	0.06434606606325326
782	0.25204299860852036
783	0.06899271571221903
787	0.022666449158969267
788	0.5156188520673031
789	0.039327272956377904
790	0.08411538200927039
791	0.05614790734047713
794	0.21482460840064774
796	0.5500369231412657
797	0.023261877226096597
799	0.022684854500767074
800	0.026611559437265196
801	0.300589997238816
802	0.028273178482495137
806	0.02889339782269593
807	0.04692261368414216
808	0.538944874920687
809	0.27809792076073747
812	0.262900487364561
814	0.02265803665608874
815	0.02670351580157087
817	0.023498359345510398
818	0.28145281995579424
819	0.07090977885333602
820	0.103851020398292
821	0.05218181954043026
822	0.27116654398241047
823	0.015555001258050968
825	0.03440187351654089
826	0.30097777397916353
827	0.3177502305028432
828	0.3153678173782188
830	0.34188924477515903
834	0.010164558117216563
836	0.048579015490325166
838	0.039855766644730825
840	0.30189511494996385
841	0.29065154185226255
842	0.7735489616991368
843	0.2931496040422345
844	0.026936688980006552
845	0.19703238990385247
846	0.08332200485468028
847	0.27606601083742216
851	0.025674330291656302
853	0.09452356132557917
855	0.022948183853238928
856	0.2555390378749907
857	0.4961964651891871
858	0.05018046174630646
859	0.020047344412599408
860	0.29712208219599084
862	0.27624057318174433
863	0.019691854999095874
865	0.1460489685612222
866	0.1648361804338994
867	0.30095025720600677
868	0.0387104559557076
870	0.06309803126114942
871	0.09018623241006202
873	0.06146714818412272
874	0.10295756113790483
875	0.015916714394368134
879	0.21030575613285934
880	0.08116108407110677
881	0.29042300243876107
882	0.07374664500356116
883	0.07276109571958334
884	0.2246446234839388
886	0.05199882797348315
887	0.30719253888426123
888	0.29835870205443854
890	0.30064584934997596
892	0.08626004739892024
896	0.04487895101811781
899	0.28464199914223476
901	0.009168788155605873
902	0.018687906681996734
905	0.3371080842928713
907	0.013408954336241133
908	0.03963200621459899
909	0.025928501982368034
911	0.023044529794185344
912	0.030207899690267676
913	0.06768152829849922
915	0.30648016640524983
916	0.023946697851563503
917	0.016371525238403364
918	0.061610599470051194
919	0.04455589410771617
920	0.2837097290962881
921	0.25637629742631796
923	0.0369090187922904
926	0.5081310471892312
927	0.021442677769669415
930	0.23547353327670562
931	0.2975686951925138
932	0.09600201734091644
933	0.06944540303030616
934	0.07857065735956334
935	0.04384868832027081
936	0.020621653891340876
937	0.007072181202561978
938	0.04235721336654111
939	0.23894228236963724
940	0.05515793714114241
941	0.06840471447667092
0	0.0
0	0.0
0	0.0
0	0.0
0	0.0
0	0.0
0	0.0
0	0.0
0	0.0
0	0.0
0	0.0
0	0.0
0	0.0
0	0.0
0	0.0
0	0.0
0	0.0
0	0.0
0	0.0
0	0.0
0	0.0
0	0.0
0	0.0
0	0.0
0	0.0
0	0.0
0	0.0
0	0.0
0	0.0
0	0.0
0	0.0
0	0.0
0	0.0
0	0.0
0	0.0
0	0.0
0	0.0
0	0.0
0	0.0
0	0.0
0	0.0
0	0.0
0	0.0
0	0.0
0	0.0
0	0.0
0	0.0
0	0.0
0	0.0
0	0.0
0	0.0
0	0.0
0	0.0
0	0.0
0	0.0
0	0.0
0	0.0
0	0.0
0	0.0
0	0.0
0	0.0
0	0.0
0	0.0
0	0.0
0	0.0
0	0.0
0	0.0
0	0.0
0	0.0
0	0.0
0	0.0
0	0.0
0	0.0
0	0.0
0	0.0
0	0.0
0	0.0
0	0.0
0	0.0
0	0.0
0	0.0
0	0.0
0	0.0
0	0.0
0	0.0
0	0.0
0	0.0
0	0.0
0	0.0
0	0.0
0	0.0
0	0.0
0	0.0
0	0.0
0	0.0
0	0.0
0	0.0
0	0.0
0	0.0
0	0.0
0	0.0
0	0.0
0	0.0
0	0.0
0	0.0
0	0.0
0	0.0
0	0.0
0	0.0
0	0.0
0	0.0
0	0.0
0	0.0
0	0.0
0	0.0
0	0.0
0	0.0
0	0.0
0	0.0
0	0.0
0	0.0
0	0.0
0	0.0
0	0.0
0	0.0
0	0.0
0	0.0
0	0.0
0	0.0
0	0.0
0	0.0
0	0.0
0	0.0
0	0.0
0	0.0
0	0.0
0	0.0
0	0.0
0	0.0
0	0.0
0	0.0
0	0.0
0	0.0
0	0.0
0	0.0
0	0.0
0	0.0
0	0.0
0	0.0
0	0.0
0	0.0
0	0.0
0	0.0
0	0.0
0	0.0
0	0.0
0	0.0
0	0.0
0	0.0
0	0.0
0	0.0
0	0.0
0	0.0
0	0.0
0	0.0
0	0.0
0	0.0
0	0.0
0	0.0
0	0.0
0	0.0
0	0.0
0	0.0
0	0.0
0	0.0
0	0.0
0	0.0
0	0.0
0	0.0
0	0.0
0	0.0
0	0.0
0	0.0
0	0.0
0	0.0
0	0.0
0	0.0
0	0.0
0	0.0
0	0.0
0	0.0
0	0.0
0	0.0
0	0.0
0	0.0
0	0.0
0	0.0
0	0.0
0	0.0
0	0.0
0	0.0
0	0.0
0	0.0
0	0.0
0	0.0
0	0.0
0	0.0
0	0.0
0	0.0
0	0.0
0	0.0
0	0.0
0	0.0
0	0.0
0	0.0
0	0.0
0	0.0
0	0.0
0	0.0
0	0.0
0	0.0
0	0.0
0	0.0
0	0.0
0	0.0
0	0.0
0	0.0
0	0.0
0	0.0
0	0.0
0	0.0
0	0.0
0	0.0
0	0.0
0	0.0
0	0.0
0	0.0
0	0.0
0	0.0
0	0.0
0	0.0
0	0.0
0	0.0
0	0.0
0	0.0
0	0.0
0	0.0
0	0.0
0	0.0
0	0.0
0	0.0
0	0.0
0	0.0
0	0.0
0	0.0
0	0.0
0	0.0
0	0.0
0	0.0
0	0.0
0	0.0
0	0.0
0	0.0
0	0.0
0	0.0
0	0.0
0	0.0
0	0.0
0	0.0
0	0.0
0	0.0
0	0.0
0	0.0
0	0.0
0	0.0
0	0.0
0	0.0
0	0.0
0	0.0
0	0.0
0	0.0
0	0.0
0	0.0
0	0.0
0	0.0
0	0.0
0	0.0
0	0.0
0	0.0
0	0.0
0	0.0
0	0.0
0	0.0
0	0.0
0	0.0
0	0.0
0	0.0
0	0.0
0	0.0
0	0.0
0	0.0
0	0.0
0	0.0
0	0.0
0	0.0
0	0.0
0	0.0
0	0.0
0	0.0
0	0.0
0	0.0
0	0.0
0	0.0
0	0.0
0	0.0
0	0.0
0	0.0
0	0.0
0	0.0
0	0.0
0	0.0
0	0.0
0	0.0
0	0.0
0	0.0
0	0.0
0	0.0
0	0.0
0	0.0
0	0.0
0	0.0
0	0.0
0	0.0
0	0.0
0	0.0
