3	0.17580429393367628
4	0.24746712538718707
5	0.11991016088302352
6	0.29797695009152075
7	0.0721398563558103
8	0.050862288629679044
10	0.05767617709219726
12	0.26507769878759585
14	0.057259431362676326
15	0.061192798856379085
17	0.2052168245037636
18	0.3205952050055713
19	0.4529635788235861
20	0.3064876171201494
21	0.16532383380376348
22	0.299233160214762
23	0.23725957399372458
24	0.26696741029300786
25	0.2160527034216363
26	0.2386625970177325
27	0.5575773116681932
28	0.5393081375310821
29	0.20405910012145514
32	0.06420939432058506
33	0.25952486229122523
34	0.1517577858111084
35	0.07253172979423772
37	0.05204714464834559
40	0.230983110285022
42	0.062161159338229355
43	0.24266261100433503
46	0.2338729797512884
47	0.2517354944405099
48	0.013808149979806218
50	0.4202160475706296
52	0.05782678405822263
53	0.29944870912493177
54	0.3208170100897465
55	0.29710669016993596
56	0.5537057519165354
57	0.303886561450261
58	0.1918469822567814
59	0.2982595226775747
60	0.29074522784645795
61	0.19857757123220546
62	0.04833007951557914
64	0.2683380844072009
65	0.005508511905845604
66	0.48919717993861084
67	0.261174807642237
68	0.2626765252774238
70	0.5588845632326498
71	0.49157397479912157
72	0.27069725609526973
73	0.534471847404286
74	0.2683184664932655
75	0.05670446172771163
76	0.2799820236163703
77	0.21111990780895168
79	0.07287484000429895
80	0.7667921424497954
81	0.06886624310115119
82	0.045585558033840394
84	0.298027488292209
86	0.4762127886403957
88	0.5492733637441244
89	0.0612750000527497
91	0.29570167968545646
92	0.31195650720465684
94	0.009336481430987809
95	0.06367567970897525
98	0.054366340850905664
99	0.05145809993646487
100	0.2791686836118975
101	0.12161959344073722
102	0.06265684546196393
103	0.5610836903879579
105	0.40797964157780225
106	0.2792224459683544
107	0.5020655730904339
108	0.21596898582489293
110	0.03878770821427537
112	0.2763602394509958
115	0.4834536375269477
117	0.32427766010998327
119	0.316797664764624
120	0.26484888488680175
122	0.00384061874967628
123	0.018458220125540555
124	0.27190698720694606
126	0.016467202293766622
127	0.016343236849240207
128	0.31210355116932265
129	0.30816597312223126
131	0.2240802169180924
132	0.4698147721375498
133	0.053803234482143455
134	0.04495648047868848
135	0.2518338856309272
136	0.496456655213597
138	0.056733444768213764
140	0.04246880182413856
141	0.01157039799890118
142	0.3100381541933106
143	0.26286066994889734
145	0.5137844670690079
146	0.22268471431067122
147	0.2551236046598707
149	0.30097893283690275
150	0.017227088329689055
152	0.049566762801143374
153	0.4291406870632704
154	0.5147254003717034
155	0.16080315689957023
156	0.5031819842706843
157	0.09731620515000344
158	0.264755579988767
159	0.2886319737028235
160	0.2927985388120198
161	0.47615641573799505
162	0.24521434887430285
163	0.2196172056063274
164	0.5258282567913855
165	0.25120199729160325
166	0.22994231399788145
167	0.27404454726710203
168	0.28539099155520475
169	0.05187593362574271
170	0.26113570266783603
171	0.48757179376855947
172	0.20143958346008498
173	0.24807974213896047
174	0.3324178416854004
175	0.07434938540300463
176	0.4819959755740055
177	0.5293034566646768
178	0.04173621398362261
180	0.037927540710571125
182	0.07786274613495985
183	0.41496621150164636
188	0.050988113394922374
190	0.35850707027509904
191	0.5120088736888578
192	0.4715347613418623
193	0.09329545266129594
194	0.33591116419401956
195	0.265886594341175
198	0.4764502831866315
199	0.03134834335522187
200	0.018792317420819257
202	0.01664726871704182
203	0.2797701547601813
204	0.5737584827843767
205	0.1988638963807506
207	0.3053460697772645
208	0.25528618498511724
210	0.4894281793761381
211	0.05553708666503408
212	0.28643395529234206
213	0.5073105096724849
214	0.03450345337294145
215	0.2829693958438696
216	0.5450439050564136
217	0.5441561475316353
218	0.1064988670553717
219	0.30346082858991663
220	0.39645892251844433
221	0.26987170543786476
222	0.24817675421224106
225	0.24194237142728875
227	0.2774358908374923
228	0.11155065836975459
229	0.5842118665399737
230	0.04419523037682411
231	0.09278423832061886
233	0.282051562264745
234	0.04288619285704263
235	0.3206692892031204
237	0.22774207094690693
239	0.008364796406493253
240	0.48757548361717057
241	0.5123069598900923
242	0.053547734365496605
243	0.22014895853341732
244	0.26987923456889085
246	0.36552167843304395
247	0.25542943493749515
248	0.2112654354389445
249	0.2807089378579745
251	0.5097355859354051
252	0.052671027515845514
254	0.0899634126956862
255	0.16579482183014826
256	0.2550500324246292
257	0.03381390413818648
258	0.5202488476806069
259	0.005257943990066273
260	0.5357863887714533
261	0.48604511025522956
262	0.2547838276991373
263	0.2603969248635126
265	0.2501927876005468
266	0.44722591680061874
267	0.027484032392295292
268	0.06592172661897885
270	0.5137381808163554
271	0.05233111629467182
272	0.025695523850282537
273	0.04951556049839226
274	0.5362045649796046
275	0.018342337598265663
276	0.28257720925330887
277	0.5178743628918566
278	0.29670670331888815
281	0.20427519954351547
282	0.2438879847207031
283	0.24199014053682136
284	0.4842724796586126
285	0.0016011413883813969
286	0.012998386737347992
287	0.0635560527894173
288	0.26804333358329974
289	0.4402346552910032
291	0.023503815431550938
292	0.2820809284261043
293	0.01474140269518083
294	0.05611423355868763
296	0.0653301870858261
297	0.2332483052619917
298	0.05931549329158448
299	0.06356919293811823
300	0.5496307532458038
301	0.2978328144976148
302	0.1088828244144924
303	0.005306859352402868
304	0.24485703100329462
305	0.18373850469938416
306	0.2551315446962178
309	0.023727802339704177
312	0.026888015315543436
313	0.2803442984656047
315	0.23615706966472497
316	0.04574645795867544
317	0.01722708832968909
318	0.2584343567264345
319	0.5108054185682026
320	0.2883873114669454
322	0.23965209989274044
323	0.08059681165780952
325	0.06144279001465813
326	0.05336967051301314
329	0.036792780335865034
332	0.05464682687552574
333	0.015030322836147518
335	0.5220094319426233
336	0.29374709283828004
337	0.2641984192735477
338	0.03286051569482027
339	0.007084429052263738
341	0.2286676598210925
342	0.007352295566746752
343	0.27177651103740186
345	0.26642237854507683
346	0.3154474548627772
347	0.3009130374649296
348	0.3482339281973121
349	0.4998079112386158
351	0.2711957812718937
352	0.11476052867507011
353	0.7258615837784502
354	0.2620317006219609
355	0.21994369958888282
356	0.21641647033479028
357	0.5529010642879868
359	0.2741524186688371
360	0.26010736131088913
361	0.04080570024155952
362	0.32323298941185513
364	0.27884461715851044
365	0.27340594383922545
366	0.4724460331790749
367	0.064031841082904
368	0.04066340629520518
369	0.0945104352081417
370	0.03286731583726291
371	0.2576134401672394
372	0.2678854521346024
374	0.23758411764008225
375	0.012219999622820926
376	0.532877750237227
377	0.2747406837412124
378	0.04709475547330422
379	0.29461281565456127
382	0.22019668256503364
383	0.04513658365642194
386	0.3014096795190456
388	0.014347391035377105
389	0.05981378925388816
392	0.013639832268217127
393	0.06106755415516598
394	0.04927929146231642
395	0.033639656519541136
397	0.029791854490485034
398	0.05087405363516707
399	0.045919029724712734
401	0.27711062929782326
403	0.07257004002029666
406	0.04886823805518763
408	0.21270155116466768
409	0.040491025471361373
410	0.3006898306521522
411	0.2969745050281074
412	0.2622847958448717
413	0.049048463442420864
414	0.48934703699207344
415	0.22251988353965102
416	0.02312063771549127
417	0.30944414277309806
418	0.29693967782759156
419	0.5392592399021129
420	0.29927639270110445
421	0.31089986177304413
423	0.2982595480584382
424	0.03216493725154735
425	0.21056200141204937
426	0.28565017329961734
427	0.24008677618477436
429	0.2852221846919515
430	0.22988482980795083
431	0.5112248664355465
432	0.5436951090641484
433	0.1715998753120949
435	0.06223530109484659
436	0.0338131479795072
438	0.03401980464170238
439	0.010392732962884229
440	0.2942212821220738
442	0.2587908620482971
443	0.5819852102108001
444	0.4970475010309786
447	0.0237178209555479
449	0.3311568502125362
450	0.30189016325070983
451	0.23749721803267126
453	0.2957572168733555
455	0.017871551526396974
456	0.049532478599022225
457	0.04794219728728159
459	0.06267604534930893
460	0.285951399292043
461	0.07638509313049581
462	0.21862488729829296
464	0.47090102033188425
465	0.02159723123418872
466	0.5424611799762508
468	0.03261767352148849
469	0.29737406090385055
470	0.32683433923537714
472	0.3028735838983543
473	0.018663721081036082
474	0.29821726798219955
475	0.2203850786273004
476	0.3097588182258714
477	0.22037144929334648
478	0.003664154694495058
479	0.5083745054262516
482	0.2593884468244342
483	0.2488863407215522
484	0.07497334684876568
485	0.015818082010865837
486	0.03327063832280265
487	0.2934756298388168
488	0.05313054873981398
489	0.018407733405305993
490	0.026425180018301304
492	0.08293844164159808
493	0.035959689577074044
494	0.2515975356494274
495	0.057742159070910806
496	0.5234279393925351
497	0.5434870556717449
499	0.2507584710748758
502	0.3055514883742075
503	0.030588950445025798
504	0.30211181905809825
505	0.07299119771991139
506	0.05815047851570045
507	0.026293615093592588
509	0.0036043269599783205
510	0.24597144388530945
511	0.5235147966752108
512	0.30255292471026035
513	0.05557078210964236
515	0.02840505821580496
516	0.02409310207740701
517	0.08564347431494902
519	0.04277587813600327
520	0.3399180539396535
521	0.2754303793509625
522	0.46833429255401715
524	0.28334671542499296
525	0.04953603845975988
527	0.001958637456257316
528	0.07020726320581128
530	0.48082534156803497
531	0.285811706657596
532	0.04580500532334296
534	0.5450248788299996
537	0.28490644805968446
538	0.046152688541128
540	0.30307448962369965
541	0.2903727785084715
543	0.24181414170220605
544	0.22337614704922906
545	0.0388832677683999
546	0.058710530715368886
549	0.5127934536246695
550	0.3321752097380899
551	0.02229141773577223
552	0.32167434029345093
553	0.28715915314886115
554	0.08026637866025206
556	0.3201216755035124
557	0.06590112749449127
558	0.5184120587187694
559	0.2936279047837279
561	0.2723133440455033
563	0.07010152755476753
564	0.018550529125385115
565	0.29930505804065677
566	0.265152455416881
568	0.2918611305432135
569	0.05409221251658919
570	0.04362797459313393
573	0.2887105694003604
574	0.2631293436860854
575	0.24382019892681372
578	0.27658862613114316
580	0.0641727362777448
581	0.2664118419910523
582	0.35711886859823666
583	0.4910298067720947
586	0.2947944231825817
587	0.4804860177361348
588	0.0368634607040193
590	0.30073230260107797
591	0.2711051747476346
592	0.2826427236236088
593	0.04517276165868343
594	0.5433661613926983
595	0.2245875739313164
596	0.04211172641622897
598	0.3400291403710525
599	0.47589277016845394
600	0.5178732492977796
601	0.021443266610091407
602	0.11282164942892611
605	0.5288041596400098
607	0.5207226567901934
608	0.2913055848717641
609	0.10484144809067501
610	0.5148758029968885
611	0.5400525513037205
612	0.034334864122704076
614	0.19032359081213857
616	0.045204157594769166
618	0.06352102892797555
619	0.05323161050837644
621	0.27093585169102774
622	0.3084372504434666
624	0.02611624512915933
626	0.2868137685201398
627	0.06635704013315105
628	0.2656882203020704
630	0.5009073071951885
631	0.48794011946395704
634	0.060978447038144354
635	0.02485661496131037
638	0.271945572703675
639	0.2572100393233115
640	0.2772006956342404
644	0.26873528106463823
645	0.2690235816844586
646	0.057641528219100964
647	0.047020586224777054
648	0.022539046769598673
651	0.015635353560630876
652	0.02772015875469891
653	0.056753646070021146
655	0.28759691348118543
656	0.14471559638288864
657	0.25812045571008535
658	0.0025274225651639066
660	0.07241913256682572
661	0.07805147605817978
662	0.5288992551638618
663	0.5584691874281216
666	0.2892661666679419
667	0.5550364240321933
670	0.022169979195644084
672	0.5431630186835786
673	0.5435220079094765
674	0.31514540631233157
675	0.18699506145123462
677	0.250700583891951
678	0.2480712290974038
679	0.06345876716121374
680	0.003938340296524186
681	0.09939742217709895
682	0.05081104548984902
683	0.014962833906661754
684	0.08027185822802813
686	0.47943658301382075
687	0.25622839445312795
690	0.021699016366197907
691	0.5252598908240157
696	0.511154675902356
697	0.03191626229979344
698	0.059537242899483006
699	0.2820974400796866
701	0.06164971565252519
703	0.28541285763622276
704	0.1953841226529402
705	0.3063148080251951
707	0.01651057255652018
709	0.29515376972248086
710	0.2686015890205409
712	0.29074709914729296
713	0.23460538454366806
714	0.04470673630719522
715	0.2917969770310927
716	0.2739168334617587
717	0.03216456403204928
718	0.013829672822933136
719	0.5423396754621731
720	0.531422521368379
722	0.037280760582681705
723	0.03475992760094828
725	0.331043589759
727	0.024642183873636037
728	0.5535563682520128
732	0.28557745850727456
733	0.2710332840565407
734	0.05142459835230816
736	0.45591400487806566
737	0.5350830236320973
738	0.04051898794130723
740	0.46609698772364394
741	0.03630442857592128
742	0.05235733636446195
743	0.024456522427494163
744	0.00791657214145703
745	0.2316906407372175
746	0.0671525383926006
747	0.04235310518839906
750	0.07172066473543093
751	0.08226681947732167
752	0.04773625566449692
754	0.0467533823782315
755	0.2835690283550811
756	0.0477560137307822
757	0.054517342300725226
761	0.007303485083709441
763	0.016715214591153913
764	0.04371311018930497
765	0.2787857023253094
766	0.2891862833226963
769	0.25363826699484426
770	0.01585721150037421
772	0.03812113339682871
773	0.057878279649551445
774	0.11329498166141487
776	0.3159605236388851
777	0.21777634262609652
778	0.3272954502259274
780	0.05515439128508996
781	0.02110392197600519
782	0.023374532329117764
783	0.023311605286541612
784	0.2650977963163585
785	0.04211037288557502
786	0.27061628023051504
787	0.2957033180379868
788	0.078627105113261
789	0.2488742957822784
790	0.016253352730830013
791	0.26822799359899824
792	0.32501267625232666
794	0.24150566708486298
795	0.012388681478465915
797	0.15793904730945094
798	0.3001310061141011
800	0.023864211404377573
801	0.21417620042371446
802	0.05085891633485969
803	0.5357456063189645
804	0.31199210053493415
805	0.2003735514356716
807	0.30623430111236993
808	0.21760130150298676
809	0.3060988110391476
810	0.29926937030520334
811	0.28657224551503174
812	0.23224850474849587
813	0.7736955634784404
814	0.5323483706675073
815	0.07195958898289348
816	0.4982223149517428
817	0.225411028750566
818	0.283300840021115
819	0.29266127282580284
820	0.27326757641841676
821	0.03229799676112048
822	0.2456892480230846
823	0.040163126631058435
824	0.4430545184814024
825	0.0508316404814513
826	0.2758442093776597
827	0.21636255767662713
828	0.2703015640312162
829	0.05409221251658916
830	0.03790065677855854
831	0.03965000423499534
832	0.3188309157544896
834	0.06882826480585243
835	0.2616873489383747
837	0.02292184275153892
839	0.04680031213065834
841	0.040479903444599626
844	0.2714280116323171
845	0.27866426419097845
846	0.231808676971406
847	0.025090301255422928
850	0.056738854648054615
851	0.30661093632260256
852	0.31238785038577815
853	0.0054775157826840275
854	0.2604632836854374
855	0.016555131895922226
856	0.28566479411725204
858	0.5022705469291285
859	0.706654125569249
860	0.28108322230815763
861	0.1873060799977307
862	0.06415996619078809
863	0.3229739469823097
864	0.043395662755821615
865	0.04265255160375095
866	0.14350806701779484
867	0.028766667954944408
868	0.29641683300953015
869	0.07622434313732221
870	0.028695703689229808
872	0.5378207167569464
873	0.23185453293023833
874	0.27222254241483435
875	0.026820152019140047
876	0.06647847881168092
877	0.061429470034494234
878	0.5213610596943196
879	0.5282122595021437
880	0.5155777386630078
881	0.29985660410730075
882	0.04939365748479523
888	0.26107272492966593
889	0.5245212799208772
890	0.002187591583394509
891	0.4946784767766655
892	0.5113178504840796
893	0.06834871123700068
895	0.08990443868620925
897	0.06621731127222377
898	0.2230836568269916
900	0.2442610404962382
902	0.49930369799764324
903	0.05282369944695543
904	0.22917882178296606
905	0.21624811748956418
906	0.2850220080103003
908	0.052236950457565906
909	8.166322671344928e-06
910	0.19911261001637254
911	0.22099496109485162
913	0.24272723836796994
914	0.2888117805437839
915	0.2771600090367801
916	0.24914226824181068
917	0.2843660834373461
918	0.01935663284496938
919	0.020374349949152257
920	0.022307721291370566
923	0.545104437301925
925	0.5066834020031089
926	0.2580105453726533
927	0.3055032667835578
928	0.23661805669789682
929	0.30586064934083157
930	0.5305151410304947
931	0.03525001317720953
932	0.04056940140081752
933	0.3086493257971587
934	0.009898668399967933
935	0.30281434375020644
936	0.06893801545970919
938	0.03595431705458965
939	0.5242510561019288
940	0.003895645099704994
941	0.04709415779660445
942	0.04321969172470022
943	0.5248760594674068
0	0.0
0	0.0
0	0.0
0	0.0
0	0.0
0	0.0
0	0.0
0	0.0
0	0.0
0	0.0
0	0.0
0	0.0
0	0.0
0	0.0
0	0.0
0	0.0
0	0.0
0	0.0
0	0.0
0	0.0
0	0.0
0	0.0
0	0.0
0	0.0
0	0.0
0	0.0
0	0.0
0	0.0
0	0.0
0	0.0
0	0.0
0	0.0
0	0.0
0	0.0
0	0.0
0	0.0
0	0.0
0	0.0
0	0.0
0	0.0
0	0.0
0	0.0
0	0.0
0	0.0
0	0.0
0	0.0
0	0.0
0	0.0
0	0.0
0	0.0
0	0.0
0	0.0
0	0.0
0	0.0
0	0.0
0	0.0
0	0.0
0	0.0
0	0.0
0	0.0
0	0.0
0	0.0
0	0.0
0	0.0
0	0.0
0	0.0
0	0.0
0	0.0
0	0.0
0	0.0
0	0.0
0	0.0
0	0.0
0	0.0
0	0.0
0	0.0
0	0.0
0	0.0
0	0.0
0	0.0
0	0.0
0	0.0
0	0.0
0	0.0
0	0.0
0	0.0
0	0.0
0	0.0
0	0.0
0	0.0
0	0.0
0	0.0
0	0.0
0	0.0
0	0.0
0	0.0
0	0.0
0	0.0
0	0.0
0	0.0
0	0.0
0	0.0
0	0.0
0	0.0
0	0.0
0	0.0
0	0.0
0	0.0
0	0.0
0	0.0
0	0.0
0	0.0
0	0.0
0	0.0
0	0.0
0	0.0
0	0.0
0	0.0
0	0.0
0	0.0
0	0.0
0	0.0
0	0.0
0	0.0
0	0.0
0	0.0
0	0.0
0	0.0
0	0.0
0	0.0
0	0.0
0	0.0
0	0.0
0	0.0
0	0.0
0	0.0
0	0.0
0	0.0
0	0.0
0	0.0
0	0.0
0	0.0
0	0.0
0	0.0
0	0.0
0	0.0
0	0.0
0	0.0
0	0.0
0	0.0
0	0.0
0	0.0
0	0.0
0	0.0
0	0.0
0	0.0
0	0.0
0	0.0
0	0.0
0	0.0
0	0.0
0	0.0
0	0.0
0	0.0
0	0.0
0	0.0
0	0.0
0	0.0
0	0.0
0	0.0
0	0.0
0	0.0
0	0.0
0	0.0
0	0.0
0	0.0
0	0.0
0	0.0
0	0.0
0	0.0
0	0.0
0	0.0
0	0.0
0	0.0
0	0.0
0	0.0
0	0.0
0	0.0
0	0.0
0	0.0
0	0.0
0	0.0
0	0.0
0	0.0
0	0.0
0	0.0
0	0.0
0	0.0
0	0.0
0	0.0
0	0.0
0	0.0
0	0.0
0	0.0
0	0.0
0	0.0
0	0.0
0	0.0
0	0.0
0	0.0
0	0.0
0	0.0
0	0.0
0	0.0
0	0.0
0	0.0
0	0.0
0	0.0
0	0.0
0	0.0
0	0.0
0	0.0
0	0.0
0	0.0
0	0.0
0	0.0
0	0.0
0	0.0
0	0.0
0	0.0
0	0.0
0	0.0
