2	0.02254095882612705
3	0.18509106958819388
4	0.24924686078024302
5	0.04125351666442417
6	0.02272352994502454
9	0.03557169187506397
10	0.034473074687680724
12	0.018467031467930363
14	0.019537265180682835
18	0.5198640925797755
20	0.2862426006399813
22	0.022023259111043636
23	0.5300916278481665
24	0.28358128090256857
25	0.2940612761992018
27	0.026538633809496212
28	0.24266848092314744
29	0.006704648604696384
30	0.07114565924948064
32	0.016474439419292247
33	0.5199244122528669
34	0.4606175654932172
35	0.26476432974283043
36	0.02183932378921811
37	0.2521129095186083
39	0.01132492823521937
40	0.264838688043029
42	0.00018457713349316618
46	0.024208148385183467
47	0.2638361327349759
48	0.47377591636281824
50	0.15139281219077988
52	0.003554306525361678
53	0.5330511398449143
54	0.010307606306363227
55	0.25175824556274407
56	0.23312538094193921
57	0.2289675390446256
58	0.2439859623076559
59	0.27160730283912543
60	0.2741504393951872
61	0.4158518959085865
62	0.056345431860143964
64	0.255828769820081
65	0.5004438347451273
66	0.5123441022118217
67	0.4901025489129954
68	0.014159502226871325
70	0.4704586231367733
71	0.010567299316228192
72	0.5329401726113729
73	0.5003296463478555
74	0.5275165690789888
75	0.27973386147019597
78	0.002248882453920867
80	0.2946469855351095
81	0.0007700131353639249
82	0.08185013112078188
83	0.29967431384992516
86	0.009165658213375671
88	0.04977933897113618
89	0.03443206493415115
91	0.5273064056536645
92	0.029078803587005448
94	0.005227748736775659
97	0.029757842685733976
98	0.2768881504477992
100	0.3182054198068883
101	0.03677755413335281
103	0.11180098900808477
105	0.4971617962029481
106	0.5345879019809586
107	0.5053665655083477
108	0.021203082588343074
110	0.040946657332008175
112	0.7546567751777102
115	0.7347251084029147
117	0.03270121183603164
119	0.002507706938314279
122	0.2720674227676104
124	0.2646428248224954
127	0.02833847352491705
128	0.25951437824579976
129	0.048771608127628444
131	0.25181667209457403
132	0.5322977561132674
133	0.0003130649245814236
135	0.027633568832810068
136	0.28552650336828833
137	0.017967458774980204
138	0.2744676297415654
139	0.5066834020031089
140	0.28533705030293977
141	0.5429141995349207
142	0.020218021862761386
143	0.7729561369998166
145	0.4537634198790111
146	0.22646865358461327
149	0.22352321519765303
150	0.014540008466657262
152	0.021585439970158687
153	0.8835157432268257
154	0.25055457537390546
155	0.13734325376448103
156	0.2693722202909155
157	0.00969111950087953
159	0.5373204639574581
160	0.02741007315297866
161	0.2556967727253688
162	0.47486575310373347
163	0.2191895246475447
164	0.7688365370588208
166	0.3490013959592162
168	0.26609595893337545
169	0.29711611167810636
170	0.5285894011822353
171	0.28566354397977917
172	0.47811996065026596
173	0.5196487448740729
174	0.27932530823790896
176	0.2912176071065967
177	0.272041770447642
179	0.039779958421973446
180	0.2675568587947266
183	0.20254609650316807
184	0.01504362904566954
186	0.4956646728449189
187	0.009391199553841635
188	0.024965693894923514
190	0.25958667417649994
191	0.27127596472054144
192	0.30293929296609856
194	0.028363000562317824
195	0.49078084850354164
198	0.19893771560049758
199	0.2524110924899257
202	0.12066690190504509
203	0.06383923522197701
204	0.20513113949061026
205	0.45094845623909036
206	0.3637574594844792
207	0.24364751731459894
208	0.06115956922429666
210	0.7476387451869091
213	0.502491855541285
214	0.03056788258688288
215	0.0188897823318058
216	0.26832849037963
217	0.7737080856622024
218	0.027941139124011423
219	0.5171591886267105
220	0.48873519401433885
221	0.2741344057905967
222	0.010148065380051339
224	0.004762081816142474
225	0.02368496904444515
227	0.5075935233258563
229	0.5111986050243574
232	0.03194550415824685
234	0.012304925715968286
235	0.022511705490718265
237	0.0018633395921324389
238	0.02086126176502022
239	0.24880041026293903
240	0.2755479196935845
241	0.17516439582830257
242	0.048490125026575855
243	0.06097942187451434
244	0.2573166924386031
245	0.018331744425520206
246	0.02828254807283358
248	0.2168633171183219
249	0.020706328033985012
251	0.036824298889463036
252	0.018504104746526313
254	0.23656660741301969
255	0.4920693487009682
257	0.2629027746737936
258	0.22942759662353723
259	0.2425737336410094
260	0.48913541953945383
261	0.24692076390113282
262	0.03717143455015652
263	0.24786890961293448
264	0.03465467560792319
265	0.4829664342967793
266	0.2774191267037952
270	0.2446164424266643
271	0.004629794338605168
272	0.5304213603030018
273	0.018054020378261107
274	0.47873309635643707
276	0.004881519894292145
277	0.32293934130314317
278	0.2522693160448436
282	0.0023004683616022897
283	0.27198735798156415
284	0.501988274327522
285	0.5181681746511552
286	0.2543725173661401
287	0.5237283548678666
288	0.27545790569755907
289	0.3608506329751257
291	0.27757424774057093
292	0.2963299301132722
296	0.04666817841461763
297	0.5096501134416154
298	0.048743142170800856
300	0.5884441580272588
301	0.25555392051704506
303	0.2638525986359185
304	0.2835967173682338
306	0.007669651512020804
308	0.24018874965199236
309	0.5098703338306526
311	0.0035861225241904104
312	0.2724534014417831
313	0.279580614569145
315	0.03217183896541376
316	0.11391571031004583
317	0.2534121745926556
318	0.2624254604005589
319	0.7451963350784965
320	0.03180074190857781
322	0.01107838496459886
329	0.0304392825251629
331	0.030487118208681066
332	0.026956141528863782
333	0.5000991825463654
335	0.7903432717697463
336	0.22519410104093657
338	0.2944474036051947
339	0.2592223294186898
340	0.023868629558380594
341	0.24151625528704074
342	0.00577898080635738
343	0.017397342519678574
345	0.2918428352875318
346	0.27325625507842266
347	0.26076228043685057
348	0.2423353831397204
349	0.04552206993314464
350	0.055323806026479815
351	0.7606037184964434
352	0.017931114489970576
353	0.2974166831713113
354	0.5310613637912287
356	0.43738683696214675
357	0.28183130105360293
360	0.005704930999158135
361	0.0062160796668845955
362	0.4529508147171347
364	0.544068739448992
365	0.25829251079043203
366	0.24467557204851142
370	0.2685076908107093
372	0.7510874863619198
375	0.25460190148428075
376	0.26020087460702823
377	0.2784477302740471
379	0.3045469372762505
380	0.033933473579355805
382	0.2793904811113991
384	0.0013603981074745142
385	0.020730480104750974
386	0.4879058254271431
388	0.24233138484279468
389	0.040432433863515575
391	0.008318258579466178
392	0.009256668695069442
393	0.252806267313296
397	0.0028513443227173724
399	0.026681256415404815
401	0.495185478575229
403	0.2856686478240953
404	0.03963294163083856
407	0.03414710979340367
408	0.19865698473270327
409	0.00515898866623371
411	0.27537426944961524
412	0.498549423364711
414	0.2753326526803523
415	0.2559529095249112
417	0.010956326308567896
418	0.2818057675052706
419	0.28261841454487097
420	0.492031707635846
421	0.26983301076729993
423	0.02149765617802467
424	0.33276828078463483
425	0.2666759227705274
426	0.25753618854447524
427	0.25864943457417267
428	0.27662937035329044
429	0.2437929707406819
430	0.5115684815067402
431	0.514851958189213
432	0.25154949279648253
435	0.044748836663432955
436	0.4982572631749677
438	0.2689066038047632
439	0.21164811219365406
440	0.27171853776449245
442	0.007260237495044938
443	0.5118141110848096
444	0.7239080096324642
446	0.23346788724478879
449	0.02192180204601597
450	0.26988599266587826
451	0.7553629766838342
453	0.0037968206146273727
456	0.019975911116919425
458	0.026490507493236157
460	0.26848734774167465
461	0.07039675086678375
462	0.477513705533604
463	0.2501540282255294
464	0.2559961475786941
465	0.2814640095300586
466	0.2534282134364357
467	0.009898465325957277
469	0.29593520046627425
470	0.23612647638811168
471	0.02535082168126554
472	0.2619109835958901
473	0.3032421801705807
474	0.2758055704694664
475	0.2740844633921813
476	0.5303481694208584
477	0.21286412436049518
479	0.22820694726612517
480	0.012362909374485004
482	0.2535392881415722
484	0.023579282909937306
485	0.246379998600661
486	0.017608086427769117
487	0.022241490431334138
489	0.23881074581664885
490	0.025735084656446087
491	0.48857665069143597
492	0.29384886233344876
494	0.27574380143238003
496	0.2014131370315172
497	0.2638942684528331
498	0.01328158048448752
499	0.508283198658371
500	0.24150068011133882
501	0.039030828465803476
502	0.27994791848357764
504	0.27792598008561803
505	0.04317618621688406
507	0.2639219867139019
508	0.2188785720390496
510	0.4945696084837302
511	0.20887959650282112
512	0.24425107736822044
515	0.23726188516055668
516	0.2824237594864471
518	0.25698233704012907
520	0.23563073237493862
521	0.010761514510163741
522	0.4976905564353241
523	0.016489224846931952
524	0.023908980086205157
527	0.22080632801160427
529	0.020145485091072148
530	0.5105234069426791
531	0.24270017082854303
533	0.02760987843999782
534	0.5187616572130658
537	0.01352889120788615
538	0.016359106341897883
540	0.03399686721290651
541	0.021984018138365403
542	0.04157081455271342
543	0.5047323251700683
544	0.16869977305664932
545	0.04149387364051427
546	0.0399375873790956
547	0.4840805747896071
548	0.2370699344861097
549	0.4492431915206062
550	0.46743267270227845
551	0.26345420834047556
552	0.26717607302055035
553	0.28669449307038564
554	0.0042650089621728456
556	0.03860201915703641
558	0.30776960419420407
559	0.5232733989799009
560	0.04119832474614254
561	0.2623577976822551
562	0.07462890113396277
565	0.5032495942864296
566	0.5238749068566532
567	0.0180001089655413
568	0.02765489934995289
570	0.287089157950808
571	0.01311489821568304
572	0.08443447675130497
573	0.27690430598478033
574	0.013511336236149661
575	0.3431051151774492
578	0.2900119579912747
579	0.012554109549738887
581	0.273376052892051
582	0.08870203025922987
583	0.29150458148775094
585	0.014841082129806824
586	0.3057178104705879
587	0.4737928616076452
590	0.27380020205115596
591	0.536069636447401
594	0.53297790751865
596	0.278986284276592
597	0.0014922806929113588
598	0.06590358127131399
599	0.24377636435363942
600	0.2187273693643923
605	0.2641658397873475
607	0.30756400543518536
608	0.536310648169771
609	0.09525712008494717
610	0.25966210531913014
611	0.7695761621243836
612	0.2480998895121521
615	0.26062171266519685
618	0.01099116582252832
619	0.004472132906418902
621	0.25228389207749713
622	0.027726773340153076
623	0.006842302628459598
624	0.257778329251283
626	0.24921497754008967
627	0.0322054849495544
628	0.5243693948749242
630	0.5436324897862712
631	0.4812552508212039
633	0.2559847100166457
634	0.026092426093448213
635	0.2669169179003815
636	0.027828582270100224
638	0.015168752272496085
639	0.26231678892398197
640	0.23840719487065548
642	0.013004704919561173
644	0.01697521733003851
645	0.2707425468604054
648	0.24832523361343628
649	0.04934470105031049
651	0.2599632239439571
652	0.49664930278056096
653	0.2571656706865923
654	0.014023696482841911
658	0.2421904892900806
660	0.031598328797543665
662	0.5327026079844732
663	0.5160023105533716
664	0.052305408657053847
666	0.2645569186699778
667	0.5159422851837734
670	0.2842772915452368
672	0.308658867551016
673	0.4904380417701339
674	0.29425306078304975
677	0.7460613268730111
678	0.24406850794986767
686	0.5175808591316259
687	0.23881162163386968
688	0.013669000858523454
689	0.02218790976706855
690	0.48371384679570284
691	0.2603922241425792
696	0.4843996070036018
697	0.006030126592454728
698	0.016393546147795673
699	0.5132091944551331
703	0.2463829870012544
704	0.23031330505565945
705	0.26742001512205377
707	0.2670151752514851
708	0.004280773085798148
709	0.23352528853224436
710	0.5152624008452081
711	0.04990186198546738
712	0.2734078695153774
713	0.4563267556107681
714	0.2794766799977618
716	0.24536491188282322
717	0.027211570936307966
718	0.5497476023631945
719	0.5186528046308717
720	0.47703323379134466
723	0.03130155061486952
724	0.3637574594844792
725	0.5361632521007289
728	0.5416347023169542
729	0.46603801366092545
731	0.009229533437308042
732	0.2205198881311818
733	0.22535694409396412
734	0.020496589854209046
736	0.010011846540345034
737	0.04781174359778853
739	0.2908478225952496
740	0.6896675288023939
741	0.029978118740144312
742	0.29692478946081335
743	0.257629930913266
744	0.278230164694799
745	0.5311348376349884
748	0.040309680310976294
752	0.27756711447497084
754	0.528359676049567
755	0.21790249439658763
756	0.05303132702104414
757	0.010501170459781176
761	0.004555307910895527
762	0.05657013480764565
763	0.03279740716154088
766	0.2353939132910365
768	0.24585987553605054
770	0.010881108018335521
772	0.009892405724411996
775	0.25667073377169747
776	0.24002350100789865
778	0.7808173673059466
781	0.021391896893881452
782	0.2590888021662152
783	0.24865078189262402
784	0.4872678596598968
787	0.03182130587392103
789	0.7435838493087541
790	0.21646507291468403
791	0.48284921949978155
792	0.018972218449295968
794	0.03356649684344426
795	0.008571143916431295
796	0.27282021535757817
798	0.276461635004285
800	0.2917923653418385
801	0.5049258026120546
802	0.02881069001601553
803	0.24657745572872508
804	0.5033125540154405
805	0.18904417276575095
807	0.01799173049249782
808	0.2654471469663606
809	0.32877891914737656
810	0.5118910126663759
811	0.21647670794780233
812	0.5355286690813262
813	0.5147068616155828
814	0.5266573488559012
816	0.7254624843084838
817	0.012409028129322805
818	0.038419130866047826
819	0.5153505255131723
820	0.49632439997302974
821	0.24619981302353922
822	0.344213583591101
824	0.7585553698306384
825	0.2949938732234638
827	0.22028191759672616
828	0.2773056920412731
829	0.042036350672786146
830	0.02586734709375616
832	0.268746912405795
834	0.004870360154535951
835	0.0004863540019131585
836	0.02406234603607823
837	0.025034426242259128
838	0.02006769792003448
839	0.009325591348153767
840	0.010266760819333379
841	0.038873220959114316
842	0.003320451245742491
846	0.2587419114962549
847	0.27412843420843586
851	0.021705122954995493
852	0.01671594258030838
853	0.4743799842714758
854	0.248033511886115
855	0.5310797330113903
856	0.5076263727122496
858	0.5076095446259503
859	0.5052276150847095
860	0.009946772337285553
863	0.4895641064353748
864	0.23745381458943043
865	0.25197058974212616
867	0.026922536743848553
868	0.016517152837174472
869	0.020904254718257
871	0.011198441081743726
872	0.46134429591829834
873	0.762428804843369
874	0.24822248805225866
878	0.5107639119527813
879	0.07434474897022307
880	0.5037220000701914
881	0.25765328571816964
882	0.010071803098879645
883	0.016224055970859894
888	0.2825506088522381
889	0.239616111525227
890	0.24884189747347396
891	0.034318249137501214
892	0.487781337928474
897	0.020656217549742232
898	0.2110995413995035
900	0.2026545431051009
901	0.2485888359332695
903	0.0019679931010638495
904	0.015901831523128733
905	0.4561808799048259
906	0.007893060741722958
909	0.0017402665479423
911	0.2758926324091581
913	0.47836871700938266
914	0.32016611922118016
917	0.07169480558354419
918	0.47344374908277487
919	0.016931079196679924
920	0.5082303788168352
921	0.024078679429287278
923	0.5166399323885126
927	0.5432557500481134
928	0.024521570227678015
929	0.29186477539974987
930	0.308834588675015
931	0.2987811770657443
932	0.028830104860102165
933	0.29936734072874754
934	0.26557191444221145
935	0.49577950392955317
936	0.015669711849437083
937	0.020015151557752284
938	0.03410826450450977
939	0.012220003282570419
940	0.2632977863281557
941	0.01305699103308993
943	0.7625186775815869
0	0.0
0	0.0
0	0.0
0	0.0
0	0.0
0	0.0
0	0.0
0	0.0
0	0.0
0	0.0
0	0.0
0	0.0
0	0.0
0	0.0
0	0.0
0	0.0
0	0.0
0	0.0
0	0.0
0	0.0
0	0.0
0	0.0
0	0.0
0	0.0
0	0.0
0	0.0
0	0.0
0	0.0
0	0.0
0	0.0
0	0.0
0	0.0
0	0.0
0	0.0
0	0.0
0	0.0
0	0.0
0	0.0
0	0.0
0	0.0
0	0.0
0	0.0
0	0.0
0	0.0
0	0.0
0	0.0
0	0.0
0	0.0
0	0.0
0	0.0
0	0.0
0	0.0
0	0.0
0	0.0
0	0.0
0	0.0
0	0.0
0	0.0
0	0.0
0	0.0
0	0.0
0	0.0
0	0.0
0	0.0
0	0.0
0	0.0
0	0.0
0	0.0
0	0.0
0	0.0
0	0.0
0	0.0
0	0.0
0	0.0
0	0.0
0	0.0
0	0.0
0	0.0
0	0.0
0	0.0
0	0.0
0	0.0
0	0.0
0	0.0
0	0.0
0	0.0
0	0.0
0	0.0
0	0.0
0	0.0
0	0.0
0	0.0
0	0.0
0	0.0
0	0.0
0	0.0
0	0.0
0	0.0
0	0.0
0	0.0
0	0.0
0	0.0
0	0.0
0	0.0
0	0.0
0	0.0
0	0.0
0	0.0
0	0.0
0	0.0
0	0.0
0	0.0
0	0.0
0	0.0
0	0.0
0	0.0
0	0.0
0	0.0
0	0.0
0	0.0
0	0.0
0	0.0
0	0.0
0	0.0
0	0.0
0	0.0
0	0.0
0	0.0
0	0.0
0	0.0
0	0.0
0	0.0
0	0.0
0	0.0
0	0.0
0	0.0
0	0.0
0	0.0
0	0.0
0	0.0
0	0.0
0	0.0
0	0.0
0	0.0
0	0.0
0	0.0
0	0.0
0	0.0
0	0.0
0	0.0
0	0.0
0	0.0
0	0.0
0	0.0
0	0.0
0	0.0
0	0.0
0	0.0
0	0.0
0	0.0
0	0.0
0	0.0
0	0.0
0	0.0
0	0.0
0	0.0
0	0.0
0	0.0
0	0.0
0	0.0
0	0.0
0	0.0
0	0.0
0	0.0
0	0.0
0	0.0
0	0.0
0	0.0
0	0.0
0	0.0
0	0.0
0	0.0
0	0.0
0	0.0
0	0.0
0	0.0
0	0.0
0	0.0
0	0.0
0	0.0
0	0.0
0	0.0
0	0.0
0	0.0
0	0.0
0	0.0
0	0.0
0	0.0
0	0.0
0	0.0
0	0.0
0	0.0
0	0.0
0	0.0
0	0.0
0	0.0
0	0.0
0	0.0
0	0.0
0	0.0
0	0.0
0	0.0
0	0.0
0	0.0
0	0.0
0	0.0
0	0.0
0	0.0
0	0.0
0	0.0
0	0.0
0	0.0
0	0.0
0	0.0
0	0.0
0	0.0
0	0.0
0	0.0
0	0.0
0	0.0
0	0.0
0	0.0
0	0.0
0	0.0
0	0.0
0	0.0
0	0.0
0	0.0
0	0.0
0	0.0
0	0.0
0	0.0
0	0.0
0	0.0
0	0.0
0	0.0
0	0.0
0	0.0
0	0.0
0	0.0
0	0.0
0	0.0
0	0.0
0	0.0
0	0.0
0	0.0
0	0.0
0	0.0
0	0.0
0	0.0
0	0.0
0	0.0
0	0.0
0	0.0
0	0.0
0	0.0
0	0.0
0	0.0
0	0.0
0	0.0
0	0.0
0	0.0
0	0.0
0	0.0
0	0.0
0	0.0
0	0.0
0	0.0
0	0.0
0	0.0
0	0.0
0	0.0
0	0.0
0	0.0
0	0.0
0	0.0
0	0.0
0	0.0
0	0.0
0	0.0
0	0.0
0	0.0
0	0.0
0	0.0
0	0.0
0	0.0
0	0.0
0	0.0
0	0.0
