1	0.015964908121234467
2	0.005051770399723633
3	0.19149886069010727
4	0.0002872465730170623
5	0.2583241190802607
7	0.03860579438339017
8	0.5124606223999937
9	0.042302904416400784
10	0.26279721447615106
12	0.26882670935189135
13	0.2636053206175591
14	0.0480077900528188
15	0.23932101116526933
17	0.02405509084502571
18	0.5003417007502302
19	0.007041954205216389
20	0.5012813123038456
22	0.03187907518687235
23	0.0453333523685519
24	0.2704733009098263
25	0.039374115829195463
28	0.03093131636982971
29	0.04873329587000105
30	0.06134344796131258
32	0.488976698599115
33	0.02359995195820786
34	0.19978822873197324
35	0.27275057325011964
36	0.25861418642823436
37	0.4796310255769057
38	0.04346956152609073
40	0.26594370380634946
41	0.2790937300102111
42	0.04156188021372817
43	0.2939931914159611
44	0.007881663266450241
45	0.2812624376982007
46	0.016202825674573054
51	0.5297119669062106
52	0.5095389507337551
53	0.25509251352666984
54	0.05141573520463042
55	0.5143238166438725
56	0.04926713591188903
57	0.2692576316510879
58	0.2948112322332068
59	0.2724265581151063
60	0.2747915723133467
61	0.14389951573250706
62	0.03398185602962472
63	0.18497387653719713
65	0.48139588408953987
66	0.002914016698462918
67	0.26428995704080094
68	0.2901749477969388
70	0.28155693522391956
71	0.014500380133934648
72	0.023255909860575998
73	0.30945990689286096
74	0.03268546765581571
75	0.2426113226925808
76	0.32154716127958466
78	0.008519120184941359
79	0.25680122761437163
80	0.09821895212738435
81	0.26757463729715736
82	0.29030228816490855
83	0.26243141903695966
84	0.27498649566765543
86	0.044264671192943646
87	0.04727748891768637
88	0.051589017623513235
89	0.014794262443624959
90	0.03596307502014151
91	0.27061150964753156
92	0.03522532664043948
94	0.021078805066831213
96	0.009371235701202268
98	0.4811400815324854
99	0.5072477967148933
100	0.051496690397536043
101	0.2885811914475078
102	0.5225772075908084
103	0.01687063461285046
104	0.15897117126675803
105	0.01239283282115923
106	0.7511995386865782
109	0.5047788167385879
110	0.054198450040106705
112	0.24277955674833612
114	0.23438770383976515
115	0.008301806382566564
116	0.01995334790626463
117	0.26797459769930293
118	0.02885231613189073
119	0.04754804282270062
121	0.3114854494549749
122	0.4972384912185274
123	0.27423517114921947
124	0.00120502501448784
125	0.237564715948564
126	0.006775082185395062
127	0.02671266006785456
128	0.5146159869039619
129	0.06829529080242541
131	0.46685129569018585
132	0.030638593326919157
133	0.4829836848112832
134	0.24726501979555598
135	0.25519199781237456
136	0.2762133516187281
137	0.032994528298990015
138	0.5184278191799918
139	0.06106755415516598
140	0.26661457924433407
141	0.4910408739224725
142	0.02195946706121986
143	0.26112548449681194
145	0.3205899692141375
147	0.27543475884503144
149	0.20140389696306082
151	0.24862828181612037
152	0.03234602010357795
153	0.2939588455256686
154	0.027642646127195927
155	0.14863080959452957
156	0.5176123240252826
157	0.5260235662020332
158	0.0012005196543318844
159	0.7428542046793895
163	0.014667798772224683
164	0.23708978141225695
165	0.22119201524350712
166	0.07443609628434958
167	0.09102314742801715
168	0.2742859875227987
169	0.24689236426292732
170	0.7494936287083533
172	0.25458664354904764
173	0.0324566657326623
174	0.25730586015947415
175	0.015039319163060484
177	0.02093289149052039
178	0.5182492418148814
180	0.26625287420666816
183	0.07040851324825906
184	0.007303939094653572
186	0.5473515618621365
187	0.23674654066255743
188	0.7465366817277665
190	0.22093411825225906
191	0.4335771496427214
193	0.27877075644369337
194	0.2995594716923884
197	0.5600099120805136
198	0.0011075229071098591
199	0.006850616726122111
204	0.268020082927793
205	0.15863501892705154
206	0.3412207319491742
207	0.2289733810046254
208	0.23918349235041655
210	0.018246453297150834
211	0.0226498814834468
212	0.06055910441308144
215	0.0014519362370124037
216	0.03708237811140694
218	0.3160342426358407
219	0.5003438760897193
220	0.06690580294071183
224	0.23479440084202774
225	0.027335525010670075
227	0.01467918379032706
228	0.3704520082024826
229	0.22376055735102912
230	0.022517450937706136
231	0.5059711182220529
232	0.000872128396324244
233	0.2806715114875211
234	0.25991335155003026
235	0.050828275363532016
236	0.006865812552554501
238	0.28499967714032315
239	0.0014115312103180552
240	0.26684440089043837
241	0.29720505525418606
242	0.04087784462936823
243	0.298912402697139
244	0.018411572514180158
246	0.05189851791525621
247	0.01684802894553157
249	0.28461480185070154
251	0.002198908585402136
252	0.2667981445983255
253	0.03138394103508344
254	0.5194319577424866
257	0.7427504993127587
258	0.3338742438690699
259	0.23569726157865095
260	0.5385697068726544
261	0.24982172584995976
263	0.014429079284839982
264	0.26763840392092747
267	0.4897736010712195
268	0.5122948639576524
271	0.2529239656590926
272	0.24782614595661046
273	0.2338088681167724
274	0.02061789193167078
275	0.28062369323488257
276	0.018264303776851752
278	0.23709373073961426
283	0.044386401082083624
284	0.015232380809115133
285	0.24680625695453925
287	0.46454123220047117
289	0.3643412965749558
291	0.2522242043409907
292	0.2714550986457197
294	0.02328251793854362
296	0.2549581519199152
298	0.5173099810009655
299	0.5211849910899243
300	0.1381067576301825
301	0.5238024044926863
302	0.4980728942916528
303	0.2681112692948247
304	0.03751560690122105
306	0.541787696897208
309	0.22086703733117957
310	0.3153002297318933
312	0.005771927105423139
313	0.03375191234519515
314	0.01860516925416944
316	0.5730438922006557
317	0.011742404998721062
319	0.00659326899443647
320	0.06341721425200168
322	0.26839354348904276
323	0.058844796740450074
325	0.02900112296843703
326	0.04296715579500744
327	0.03757003049842908
329	0.48023672898052683
330	0.24046132455181674
331	0.010301320293064894
332	0.4971041354844811
333	0.5095687803842726
336	0.49875878432643517
337	0.26374705441427876
338	0.01962422427479893
339	0.011958338020905436
341	0.035615057882906774
343	0.2559176232647497
345	0.27438017835311496
346	0.28977112371682295
347	0.5271740917087068
348	0.2645144830964316
349	0.02408773759377144
350	0.04476366098045621
351	0.25111021990127813
352	0.3032364990860845
353	0.02754723138356749
354	0.017372459153118365
357	0.04749951393740184
359	0.02066766920701795
360	0.2822020499002753
361	0.5077865628425392
362	0.4150900205648549
363	0.022451508591599813
364	0.01708851074640428
366	0.025005180996422016
367	0.0294142304784782
368	0.22149006067615407
369	0.4962982398331104
371	0.0015353744541296427
372	0.250246281137011
374	0.24793436971773483
376	0.2612958869767405
378	0.26376861303584165
379	0.03052144271149474
382	0.2609581567636038
383	0.021615260751337656
385	0.042831361638121956
386	0.7699511757368126
387	0.02346292526394765
388	0.0008041444880654003
389	0.027069195798697508
391	0.039326756716048045
394	0.017420370480965112
395	0.27907826198480457
396	0.444057990459243
397	0.25920652629075835
398	0.2604232786481993
399	0.027720767228739042
400	0.22845517846087196
401	0.2773062009390741
403	0.5265595365720949
409	0.5068707818413543
410	0.2869592197574531
411	0.05552971137683695
412	0.029707788620493683
413	0.2631942319545405
414	0.20976270629188193
415	0.2636488088617292
416	0.44424864871328357
417	0.28403374830150613
419	0.23448528287244325
420	0.48254715632264766
421	0.06079515950199884
423	0.2587292864578691
424	0.2625321550702004
426	0.2598891526032389
428	0.011948800694634068
429	0.5238189360175507
430	0.03973885988138644
431	0.513138277481987
432	0.26232762584456604
433	0.00396922382181987
435	0.29321881936840694
436	0.2243282286595779
438	0.026343326333383495
439	0.45153641823999047
440	0.49203696724741264
441	0.022297351235346652
442	0.2323978249998485
443	0.2632523679029417
444	0.22987101596694842
447	0.020909434985726505
449	0.0708715697116366
450	0.267232543151222
451	0.03862871418937385
453	0.028081409803297652
454	0.01888286854610985
455	0.054327759826715796
456	0.2591698683450645
457	0.27262781025443283
459	0.025639417792095096
460	0.24349351956019072
461	0.06226079646352572
462	0.02298259072945115
463	0.023355256051200528
465	0.020971566631291107
466	0.043092905420019784
468	0.0019589836014425044
469	0.26176859587300816
470	0.5085788939319315
471	0.24219779925740154
472	0.028869737040686058
473	0.03704323555298553
474	0.5101414815505951
475	0.04852512156744306
476	0.2260832015103062
479	0.0013644308666824478
481	0.5459388925260686
482	0.2818418175787858
483	0.25893659978852224
484	0.27284888697669746
486	0.0054727638211138005
487	0.28110513307421087
488	0.5255031782419008
490	0.028597050133665057
491	0.012085881485553063
492	0.4744385701693806
493	0.06244440822062501
495	0.5237955532217542
496	0.033766360946033684
497	0.02874854608502036
498	0.0684925890825594
499	0.0351399631768295
500	0.03330798448425104
501	0.03320470742553254
502	0.06026099130631587
504	0.5112688830270808
505	0.5279653307792265
506	0.07146253904741132
508	0.006608290044495077
510	0.017130597929560336
511	0.29418779809840334
512	0.5212750048874552
513	0.2949053533733782
515	0.015913208276286443
517	0.27581296645755543
518	0.003954204617691852
519	0.2548625887832152
520	0.3303083961639156
521	0.00790373910035616
522	0.2823674072971697
523	0.013230154234829088
524	0.03423459980785519
527	0.2553998649328918
528	0.3003348927395434
529	0.017011492138786603
530	0.02503008166329051
531	0.24897484076504506
532	0.2682017198702223
533	0.509722612249395
534	0.01268927056306287
536	0.030164776032883485
537	0.021880165410805633
538	0.31964772914063155
539	0.036908523571920315
540	0.023706169602627038
541	0.03614680162650667
542	0.030225298948570817
543	0.03491451524091411
544	0.18117655299548457
545	0.036336083666766175
546	0.2577192997394259
547	0.23887297911790187
548	0.2836380769132312
549	0.25276336623907736
550	0.5058687460768682
551	0.5094628252800009
552	0.2629265481192683
553	0.27035124790008613
554	0.5193620122863832
556	0.2680648248256384
557	0.03259728033831857
559	0.7377714467622248
560	0.013839270108144605
561	0.469806309905039
562	0.028745743835220133
563	0.47172059958735796
565	0.4950400637215253
566	0.03550097276194808
567	0.02775477368020375
570	0.19586930599141816
571	0.24802224098124193
573	0.5123745044363083
575	0.2840482469856933
576	0.5115272471277906
577	0.04945535659133962
578	0.2865446037820949
579	0.08134079787162392
581	0.010583946431629757
582	0.2464743977065641
583	0.2754352122123853
585	0.07702270369416325
586	0.028539649966779615
590	0.3024405240117245
591	0.2982015492827883
592	0.26552366428209134
593	0.023688560600040376
594	0.4860389963620259
595	0.23025684777327182
596	0.5217912525942535
597	0.20838643777019264
598	0.029370354712387622
600	0.2655263898721928
601	0.008933501552349545
602	0.03721952049524304
605	0.0003244237487696061
606	0.0288736033930104
607	0.014366073334904764
609	0.16761004623955897
611	0.497943570925617
612	0.25914063107633695
613	0.27913743916189
615	0.5254014817538027
616	0.2639214917292507
617	0.24525121219895998
618	0.26669942125909657
619	0.259769824308729
620	0.26995946913416624
621	0.5511510958686385
622	0.030499143304561688
623	0.7766393888963422
624	0.002583019314482342
625	0.26749362703993046
626	0.24185791690582545
627	0.3065041559785221
629	0.01909704079943149
632	0.2727396757915651
633	0.0020954048112396817
634	0.029715005610618725
636	0.015087226547978907
637	0.032066531380145244
639	0.012025953467465302
640	0.2532824471276119
642	0.26833762579347004
643	0.050810641249589644
644	0.2812134091858968
645	0.2863893159505343
646	0.4611709640911331
647	0.05537066822419702
648	0.23808076089835006
649	0.02239483962493863
650	0.051397900195421765
651	0.26918271293474794
652	0.22617427290477074
653	0.4983724278779974
654	0.47892284673247276
655	0.018267207522699273
657	0.28957060357601083
660	0.755531759025519
661	0.011639775947428245
663	0.2581890641955527
666	0.2601663542128882
667	0.2839654507019789
670	0.004654089944835342
672	0.48955805654775175
673	0.526783509389265
674	0.22687159928139494
675	0.4906285104760212
677	0.0158343878028187
679	0.507279435871692
680	0.02347802818286083
681	0.4467666524685966
682	0.039142674837868596
684	0.27799236901105806
686	0.02673300419025037
688	0.25587124776865977
689	0.49986531450739846
690	0.5018559768914822
691	0.025548147254539917
693	0.0438144029544605
694	0.5126641763648027
696	0.2444678462838566
697	0.23406831209270132
698	0.2543203612203531
699	0.018249886668875025
700	0.040782304883878656
701	0.27092499115365326
703	0.2696008384368617
705	0.03888185776777162
707	0.28793417295307033
708	0.48391400234835247
709	0.5246689344698355
710	0.2637925926994724
711	0.040973288202373594
712	0.2710780119196418
714	0.5110685900180549
715	0.03564507975990298
716	0.2369122935355919
718	0.30232205916951127
719	0.4935762918582443
720	0.2557226899992246
721	0.0198892195605134
722	0.22955751410824612
723	0.29905032185890534
724	0.3412207319491742
725	0.48279349513130204
728	0.45038804943424715
729	0.21069920428069494
731	0.246713330447691
732	0.258701663758797
733	0.24515389318440622
734	0.027546676874760707
735	0.030095736133839014
736	0.029653993347183154
737	0.03987888961713675
738	0.23969223917754218
739	0.27055979629153515
741	0.5183755792622006
742	0.020355607996209987
745	0.23809610444634086
747	0.05170820177525655
749	0.2951307290633156
750	0.030878606402000616
751	0.04760268644656126
754	0.4966319346046765
755	0.24078866049060582
756	0.0425320627667618
757	0.2519589190657636
758	0.261825058400619
761	0.04868824894453733
762	0.5319900062115207
765	0.02674025806260156
766	0.2645563528497425
767	0.029035018288710773
769	0.02014303101565717
772	0.47831896064704765
773	0.025067342943052427
774	0.0855739371474501
775	0.2527807537340871
776	0.7528611120046544
777	0.051732723685156065
779	0.015195164152653387
780	0.2566113037448561
781	0.23649633398533987
784	0.01163065883802454
785	0.3064683841253191
786	0.003821480000934206
787	0.014660438754982123
788	0.26952343811878304
789	0.24018376363198435
790	0.23348838168980376
791	0.48780941630183555
792	0.04409866131054566
796	0.019279279388435683
797	0.29965567690134987
798	0.2806482394946177
799	0.2483772800242302
801	0.24096302845246031
802	0.28644927063316705
803	0.05110955009909754
804	0.7621205652286522
805	0.048132891257689936
807	0.03833408299942319
808	0.003051733000462721
810	0.4846547186861675
811	0.2791746187665844
812	0.02778909474905871
815	0.30536102208728844
819	0.2346017886906223
823	0.278724693723439
824	0.2979025743227337
825	0.5173167848476767
826	0.0017783256705289283
828	0.2413306116119023
829	0.27020267610189225
830	0.5006611125397522
831	0.23595025386258894
832	0.5224179071389734
834	0.2717328702270425
835	0.2876770034864826
836	0.01107050317329536
837	0.4833196181709536
838	0.250437565487497
839	0.0094833840607784
841	0.009163385634109171
844	0.009472544921704205
845	0.06713213981722027
846	0.020350443065990514
847	0.26092306255290076
849	0.029393669057909015
850	0.028209192514647916
851	0.028740900296582272
854	0.021094707832772383
855	0.5240405601673764
856	0.004108330982717463
858	0.4754981283815685
860	0.016987461623469452
862	0.03127094941645827
863	0.2536091278818986
864	0.49708693190464837
865	0.00421063882556659
867	0.25377606656543794
868	0.02502270441579873
869	0.01886577678057623
871	0.22600839496705588
872	0.2515738763553842
873	0.3001435452269129
874	0.25602171171658883
875	0.008401779025310405
876	0.48613535868296714
877	0.28062098676076097
878	0.5400589091799366
879	0.01618716095703438
880	0.26780825462814783
881	0.28962001081497646
882	0.5015340202460934
883	0.03563336704430703
884	0.06403783219214981
885	0.30396256911033603
887	0.02953818457510081
888	0.5166056407827861
889	0.24901383931170887
890	0.27019826608123343
891	0.019307042410529086
892	0.26590710333551926
893	0.05107826133426195
894	0.02310192945980062
895	0.2843381459871288
897	0.020029978421358646
900	0.5480350250198723
901	0.29164214736388744
902	0.029886875772183956
903	0.2520981946041816
904	0.03894538595635125
906	0.023916469601026974
908	0.020290716135695802
909	0.0037940005335469693
911	0.2879272101339676
913	0.26082036213230675
915	0.2373079462499582
917	0.01362167451880484
918	0.2227638895944652
920	0.25394328722782666
921	0.24906411045983437
922	0.199204523095933
923	0.2647609083602671
925	0.252806267313296
927	0.27130239244080584
929	0.001279826797918493
930	0.2865053873263396
931	0.03124834339102204
932	0.26706644528171763
933	0.2833738529297308
934	0.5002380934303534
935	0.4978521777962509
936	0.2637990129595599
937	0.00032619069526243494
939	0.0508820848990559
941	0.2686110878800124
942	0.5020010335133367
943	0.005111245627708927
0	0.0
0	0.0
0	0.0
0	0.0
0	0.0
0	0.0
0	0.0
0	0.0
0	0.0
0	0.0
0	0.0
0	0.0
0	0.0
0	0.0
0	0.0
0	0.0
0	0.0
0	0.0
0	0.0
0	0.0
0	0.0
0	0.0
0	0.0
0	0.0
0	0.0
0	0.0
0	0.0
0	0.0
0	0.0
0	0.0
0	0.0
0	0.0
0	0.0
0	0.0
0	0.0
0	0.0
0	0.0
0	0.0
0	0.0
0	0.0
0	0.0
0	0.0
0	0.0
0	0.0
0	0.0
0	0.0
0	0.0
0	0.0
0	0.0
0	0.0
0	0.0
0	0.0
0	0.0
0	0.0
0	0.0
0	0.0
0	0.0
0	0.0
0	0.0
0	0.0
0	0.0
0	0.0
0	0.0
0	0.0
0	0.0
0	0.0
0	0.0
0	0.0
0	0.0
0	0.0
0	0.0
0	0.0
0	0.0
0	0.0
0	0.0
0	0.0
0	0.0
0	0.0
0	0.0
0	0.0
0	0.0
0	0.0
0	0.0
0	0.0
0	0.0
0	0.0
0	0.0
0	0.0
0	0.0
0	0.0
0	0.0
0	0.0
0	0.0
0	0.0
0	0.0
0	0.0
0	0.0
0	0.0
0	0.0
0	0.0
0	0.0
0	0.0
0	0.0
0	0.0
0	0.0
0	0.0
0	0.0
0	0.0
0	0.0
0	0.0
0	0.0
0	0.0
0	0.0
0	0.0
0	0.0
0	0.0
0	0.0
0	0.0
0	0.0
0	0.0
0	0.0
0	0.0
0	0.0
0	0.0
0	0.0
0	0.0
0	0.0
0	0.0
0	0.0
0	0.0
0	0.0
0	0.0
0	0.0
0	0.0
0	0.0
0	0.0
0	0.0
0	0.0
0	0.0
0	0.0
0	0.0
0	0.0
0	0.0
0	0.0
0	0.0
0	0.0
0	0.0
0	0.0
0	0.0
0	0.0
0	0.0
0	0.0
0	0.0
0	0.0
0	0.0
0	0.0
0	0.0
0	0.0
0	0.0
0	0.0
0	0.0
0	0.0
0	0.0
0	0.0
0	0.0
0	0.0
0	0.0
0	0.0
0	0.0
0	0.0
0	0.0
0	0.0
0	0.0
0	0.0
0	0.0
0	0.0
0	0.0
0	0.0
0	0.0
0	0.0
0	0.0
0	0.0
0	0.0
0	0.0
0	0.0
0	0.0
0	0.0
0	0.0
0	0.0
0	0.0
0	0.0
0	0.0
0	0.0
0	0.0
0	0.0
0	0.0
0	0.0
0	0.0
0	0.0
0	0.0
0	0.0
0	0.0
0	0.0
0	0.0
0	0.0
0	0.0
0	0.0
0	0.0
0	0.0
0	0.0
0	0.0
0	0.0
0	0.0
0	0.0
0	0.0
0	0.0
0	0.0
0	0.0
0	0.0
0	0.0
0	0.0
0	0.0
0	0.0
0	0.0
0	0.0
0	0.0
0	0.0
0	0.0
0	0.0
0	0.0
0	0.0
0	0.0
0	0.0
0	0.0
0	0.0
0	0.0
0	0.0
0	0.0
0	0.0
0	0.0
0	0.0
0	0.0
0	0.0
0	0.0
