2	0.21841632354376572
3	0.12676520479033382
6	0.23350109701961633
8	0.4906409019575916
9	0.5347036049068858
11	0.18327559525567122
12	0.25051876497716474
13	0.16711673522623288
15	0.5072570279730122
16	0.1837286995994824
17	0.49474205902794327
20	0.1322828840350049
22	0.19087481505518694
26	0.16400959373331894
27	0.44461895964695713
28	0.48603410650022333
29	0.22333875893498153
32	0.5033862018944256
33	0.19244157567847547
34	0.3939973298413509
35	0.0033101390970177932
37	0.24901850365927378
40	0.16445522943053992
45	0.2160244951661281
46	0.5136974107506516
48	0.2583132186440167
50	0.3986242915295057
51	0.21841141589874302
52	0.1717666788949069
53	0.16617009533580523
54	0.4808146105171107
55	0.49816201113698866
56	0.14536168838639657
57	0.44350498632963264
61	0.0070654178470235356
63	0.20825130625839303
64	0.14666654810816546
65	0.13361180751360419
67	0.507386171603351
68	0.5331967498995723
69	0.5346751368961975
70	0.47125232225403035
71	0.2430333066956855
73	0.11196736461378928
74	0.21828019668770043
75	0.15877721988752258
76	0.2165437333080461
77	0.4552004592569848
78	0.5370619542033719
79	0.20959144044859102
80	0.20737454441592457
83	0.22396192653219593
84	0.4592882060232025
87	0.2670799754574558
88	0.19240374805463462
92	0.2046544517687235
93	0.16690652813156012
96	0.15164457001989187
98	0.1278566355037106
99	0.1472317706462568
101	0.5001666152252393
102	0.45158965292266035
103	0.19835718980294614
104	0.10906411856921999
106	0.12274218028067033
107	0.10846178112588724
111	0.22241040350641744
112	0.23563933333247228
113	0.22901654301805857
115	0.16410194007731888
117	0.46718277439710987
119	0.47926592637419957
122	0.47007214058291985
126	0.5136665213814827
127	0.4787511002666991
128	0.46429180358779926
130	0.2042463058886879
131	0.2367536854530761
133	0.47029005019391085
134	0.1377358407176967
135	0.4708942501043716
137	0.24537934025437083
139	0.16080315689957023
140	0.1707469112567571
141	0.4196767748538454
142	0.21683423709803318
143	0.19657667142701404
146	0.12798890659028783
147	0.45404300072400583
148	0.23939104996424876
149	0.20651564001909628
150	0.5301260545424561
154	0.26253358488512785
157	0.4605728543033792
158	0.4273860284899894
159	0.15970801680999183
160	0.24206949233031855
161	0.3614942119153815
163	0.22764780673234428
164	0.4401707946559171
165	0.1031905210144197
166	0.19037019569539565
167	0.00028847375059855296
169	0.13706539649740643
170	0.12757753233090652
171	0.11333664634050214
172	0.13763024255173742
173	0.22048539988590338
174	0.23665161822268704
175	0.1906931618783174
176	0.21381737134598716
177	0.18461971246401512
178	0.14372248009640673
180	0.16946080451093035
183	0.1587764250866528
185	0.20402676596942046
186	0.16472500927116276
187	0.48058073057635925
188	0.12757257731278487
190	0.5498929798380858
191	0.1705826732952376
193	0.21680980792170954
194	0.20323127011241865
195	0.3976211947976532
196	0.17837017361197052
197	0.17980273429708984
198	0.10639326548367141
199	0.23429170593307586
200	0.1485813445745436
203	0.5386640799640554
204	0.21805428357732895
207	0.16939849826723485
208	0.4374956064259151
210	0.14056718165155566
212	0.2604424815789317
213	0.47180728792980453
215	0.18482663066585403
217	0.13562865553559605
219	0.48729414724180736
221	0.1995993851701848
225	0.20100699712779546
227	0.2140307151592432
228	0.43463110511612024
229	0.543620762109506
231	0.15762524844763678
233	0.4951532509528023
237	0.13344602993737928
241	0.27878403271567415
242	0.5163676919505036
244	0.4748176865277012
246	0.48196660670953695
247	0.24592993908599478
248	0.20297122922644717
249	0.2067029833104922
250	0.12586217983443015
251	0.1944474816356347
252	0.19061970534449585
254	0.19615026706639943
255	0.3921260714595894
257	0.5047875038806728
258	0.18090157763211714
261	0.2539889265585906
262	0.2415171368122222
263	0.4605094194303082
266	0.33765981199078055
270	0.13012403085959257
273	0.5143567414626699
275	0.2595154564630181
276	0.1932585588321391
277	0.17851839348525816
278	0.5303691455295775
280	0.19367214840310484
281	0.5499605817990099
282	0.7364157666612294
283	0.24846673060621743
284	0.1896895904294072
287	0.4626870096427081
288	0.2506565240978104
291	0.48219703464968316
294	0.16637402215613303
295	0.19579018476033694
296	0.22840861003877952
300	0.2423608327052555
302	0.10321557948255919
304	0.20407408798769971
306	0.4419938718326296
310	0.2847798168031206
312	0.181657539778258
316	0.1822303684409023
317	0.5301260545424561
318	0.20951259213791196
319	0.502512484501008
325	0.2030486981253167
326	0.16629219694354694
329	0.12912591603535653
330	0.24377916485498952
331	0.23822102700217584
333	0.17615685989366675
336	0.15760455793853353
337	0.16006713540156514
338	0.18287326696774997
341	0.25028368871747153
346	0.23233122643555493
348	0.17573303286554498
349	0.28656865225624606
352	0.21807524285475838
353	0.2741367621476915
355	0.4673620906440463
356	0.1318082267408364
357	0.231346771991968
359	0.18700605439820572
361	0.18291123867194625
364	0.17215310890645757
365	0.43213525394251207
366	0.7433675829001477
367	0.23290895818742413
368	0.27243200074432883
369	0.49022003978727835
372	0.47396310582357715
375	0.3021314793162771
376	0.14811211674529018
377	0.4619103090389923
383	0.5130020149060108
384	0.19300724973204175
388	0.18126362099007826
392	0.1968431915177146
393	0.14863080959452957
394	0.1938954972448456
398	0.17785701919677288
400	0.1436853273338225
401	0.47782866711233013
408	0.11828215313081922
410	0.2049195379063749
412	0.15545368876141644
413	0.49848481859253774
415	0.5225797022661606
416	0.119737533856799
418	0.43940603408511814
419	0.47453200896584435
422	0.00862602400256416
423	0.14829436942258703
424	0.1784653467340203
426	0.20494683741065955
432	0.7660285587640439
433	0.20646162281997735
434	0.24857552308874603
439	0.541910858123659
440	0.16491408026889204
443	0.5108606222439523
449	0.19583157799762974
450	0.2209010652108436
453	0.18437692795901447
456	0.20640070378440906
459	0.20576141028728406
461	0.2039109012987694
462	0.46966903520876335
464	0.146748901987236
467	0.2367524538773102
470	0.7385231306784149
471	0.23103257334176674
472	0.2401945241040253
473	0.23062259707418042
474	0.1458184824651875
477	0.2172422639241407
478	0.4457423711193617
479	0.14330490746543265
481	0.21843011297234596
482	0.28548474983070515
483	0.48208427014633504
484	0.22663186167836386
487	0.21894460716776323
488	0.1506618612632623
489	0.16733817772607848
494	0.22604329338837625
495	0.13928694816436427
496	0.42512216245650464
497	0.19805520220216444
499	0.4567988023812294
502	0.2545403689116806
505	0.23265134649071348
508	0.09823508803507533
509	0.40546771571106277
510	0.25190710968829183
511	0.47192062029226933
512	0.20150085434577797
513	0.2501460983634107
515	0.23882698498882735
519	0.14243542225345215
520	0.16462455509497445
522	0.14953666813382654
523	0.20087497347207275
526	0.07175232403456068
527	0.16273552328300445
528	0.5076537865130982
529	0.5344824986309622
530	0.49073751965653406
531	0.1933889790543281
536	0.24499217156547926
537	0.2010370170963454
539	0.198250896828725
540	0.5111099260111004
543	0.1411488470896739
544	0.17867644230169244
549	0.12770784823489795
550	0.15196029199338293
551	0.14542831166227915
552	0.21148810757066325
554	0.45246053887325205
555	0.46181106290771984
556	0.15333709415820856
557	0.2233977107369192
558	0.18118311689204894
559	0.14575333812076025
563	0.45242885589051685
566	0.21009907494151575
570	0.38511490474727117
571	0.1464584214700955
574	0.24621638174008045
578	0.23851638459386576
580	0.4597500193465028
582	0.13937924707079574
583	0.2048639859655647
587	0.15765832494833865
588	0.19687354518956443
589	0.14649927833095389
590	0.18530891829398996
592	0.14311808756036526
593	0.4899600649373907
594	0.14489982035843205
596	0.24255521314655976
598	0.21333452470832165
599	0.15987605004627536
600	0.15307756836441475
602	0.22117904772522426
603	0.20773038904513946
605	0.18632801581126165
609	0.6351133891644662
610	0.23829359352159096
612	0.4772356335787467
616	0.48618426318632413
618	0.18167046954066324
620	0.2362977189234431
622	0.19761646812441586
624	0.2136669584362114
626	0.18321794758869048
629	0.23462079961959986
631	0.44595214508748304
638	0.2331021893773599
640	0.13760195370407782
646	0.438846703996002
655	0.14385670943818402
657	0.21713603191358222
660	0.46848804830302165
662	0.19640669114098633
668	0.2086050175651882
671	0.219164387362063
672	0.12340096022733966
674	0.21493613581046112
675	0.6163282974884681
676	0.20954556228275376
679	0.4922108609787186
681	0.47141403259343456
684	0.15018102424324606
686	0.15040609994361778
687	0.513489370816469
688	0.15822404690912428
689	0.24091150672294337
690	0.15124597501230136
691	0.21003390173731018
692	0.18052593556385096
693	0.17913926408813446
695	0.2757876504459797
696	0.13115757342938789
697	0.2073664652649726
698	0.5285948214408253
699	0.16342335328837607
700	0.27556209891239053
701	0.4949756049409665
702	0.25400428665079106
703	0.20719259195034473
706	0.2833006250482224
708	0.2633078902022328
711	0.1975952998821477
712	0.25744854089014935
713	0.13580304632262277
715	0.19839694040972145
716	0.19800557093685608
717	0.21308123007685872
718	0.1873663700068926
719	0.18553711084870822
722	0.17116961835099806
723	0.23763388408718036
725	0.189641310467037
728	0.1578102411140397
729	0.16868050070708426
730	0.13520257774868805
731	0.4969753152847002
732	0.17388404687010559
738	0.1931714268980437
740	0.13779941452351718
742	0.20369616671613255
743	0.18904270463004064
746	0.2534758734356031
750	0.506635596461801
751	0.16017084409829274
752	0.14518768168014798
754	0.4821075908903232
760	0.1577197434676609
761	0.4936937172581327
765	0.23146447115983823
766	0.13722001578863205
767	0.19085148656149897
769	0.18210972505096057
770	0.20428782183459657
772	0.14253694397109257
775	0.5409716390678049
776	0.12782475992668377
777	0.45124100868787353
783	0.15627337820956477
784	0.16129767201183765
785	0.22115316144935734
786	0.13793620978874466
788	0.19547832338515905
790	0.45756556045740704
794	0.19857817725834048
799	0.1646604737567578
801	0.2359996025593751
803	0.19957414936062629
805	0.09852814687961048
807	0.23134988781710347
808	0.19512127411198055
809	0.25355610577308346
811	0.19195808406715617
812	0.2560480058011457
813	0.14098922413763013
814	0.4759782053002133
815	0.2029929776896945
816	0.49536791311220757
817	0.2206716223552357
818	0.25237168933202353
820	0.10208565068139606
821	0.1629518852294497
824	0.3861966371429747
826	0.46049948972187915
827	0.24976256958991316
830	0.1814947589464116
832	0.4840948118723995
834	0.5095077793781263
837	0.12268352878837381
838	0.48668618288341275
842	0.18053801343231135
844	0.2554617040654
845	0.14282886269270192
847	0.4805177905346085
850	0.5106270043780412
852	0.23935372778002692
854	0.14400910657187854
855	0.14881008566124804
856	0.5172160259591859
857	0.23052397216361106
859	0.4892149480901081
860	0.20160289824358055
861	0.18943279729099383
862	0.21679879450192452
866	0.28176432320805583
872	0.13850122999432224
873	0.43910120306897854
875	0.16469670088036653
876	0.46547331514796253
879	0.20309371406121063
880	0.1456066883385309
884	0.21688846435789233
885	0.19518923243994024
888	0.20415043187129847
889	0.3984366458407239
891	0.19672253105490137
893	0.23234283094779348
895	0.13955998550653279
898	0.3531256269648302
904	0.47669541085315087
906	0.23314302121438193
909	0.21461400115481197
910	0.1770618907060303
911	0.18122268191746815
914	0.17542943751907358
915	0.21472508978440677
916	0.16499141852009394
917	0.47861920092411103
920	0.20566838409195015
923	0.4816317777015364
925	0.13734325376448103
929	0.19264579888722874
930	0.2339953557334553
931	0.19905315764623108
934	0.14090870640686382
935	0.2220527302004283
936	0.21490797386904645
938	0.19248146653039022
939	0.2343506021003102
941	0.2093901366714411
942	0.1443186304162289
943	0.14334624123157033
0	0.0
0	0.0
0	0.0
0	0.0
0	0.0
0	0.0
0	0.0
0	0.0
0	0.0
0	0.0
0	0.0
0	0.0
0	0.0
0	0.0
0	0.0
0	0.0
0	0.0
0	0.0
0	0.0
0	0.0
0	0.0
0	0.0
0	0.0
0	0.0
0	0.0
0	0.0
0	0.0
0	0.0
0	0.0
0	0.0
0	0.0
0	0.0
0	0.0
0	0.0
0	0.0
0	0.0
0	0.0
0	0.0
0	0.0
0	0.0
0	0.0
0	0.0
0	0.0
0	0.0
0	0.0
0	0.0
0	0.0
0	0.0
0	0.0
0	0.0
0	0.0
0	0.0
0	0.0
0	0.0
0	0.0
0	0.0
0	0.0
0	0.0
0	0.0
0	0.0
0	0.0
0	0.0
0	0.0
0	0.0
0	0.0
0	0.0
0	0.0
0	0.0
0	0.0
0	0.0
0	0.0
0	0.0
0	0.0
0	0.0
0	0.0
0	0.0
0	0.0
0	0.0
0	0.0
0	0.0
0	0.0
0	0.0
0	0.0
0	0.0
0	0.0
0	0.0
0	0.0
0	0.0
0	0.0
0	0.0
0	0.0
0	0.0
0	0.0
0	0.0
0	0.0
0	0.0
0	0.0
0	0.0
0	0.0
0	0.0
0	0.0
0	0.0
0	0.0
0	0.0
0	0.0
0	0.0
0	0.0
0	0.0
0	0.0
0	0.0
0	0.0
0	0.0
0	0.0
0	0.0
0	0.0
0	0.0
0	0.0
0	0.0
0	0.0
0	0.0
0	0.0
0	0.0
0	0.0
0	0.0
0	0.0
0	0.0
0	0.0
0	0.0
0	0.0
0	0.0
0	0.0
0	0.0
0	0.0
0	0.0
0	0.0
0	0.0
0	0.0
0	0.0
0	0.0
0	0.0
0	0.0
0	0.0
0	0.0
0	0.0
0	0.0
0	0.0
0	0.0
0	0.0
0	0.0
0	0.0
0	0.0
0	0.0
0	0.0
0	0.0
0	0.0
0	0.0
0	0.0
0	0.0
0	0.0
0	0.0
0	0.0
0	0.0
0	0.0
0	0.0
0	0.0
0	0.0
0	0.0
0	0.0
0	0.0
0	0.0
0	0.0
0	0.0
0	0.0
0	0.0
0	0.0
0	0.0
0	0.0
0	0.0
0	0.0
0	0.0
0	0.0
0	0.0
0	0.0
0	0.0
0	0.0
0	0.0
0	0.0
0	0.0
0	0.0
0	0.0
0	0.0
0	0.0
0	0.0
0	0.0
0	0.0
0	0.0
0	0.0
0	0.0
0	0.0
0	0.0
0	0.0
0	0.0
0	0.0
0	0.0
0	0.0
0	0.0
0	0.0
0	0.0
0	0.0
0	0.0
0	0.0
0	0.0
0	0.0
0	0.0
0	0.0
0	0.0
0	0.0
0	0.0
0	0.0
0	0.0
0	0.0
0	0.0
0	0.0
0	0.0
0	0.0
0	0.0
0	0.0
0	0.0
0	0.0
0	0.0
0	0.0
0	0.0
0	0.0
0	0.0
0	0.0
0	0.0
0	0.0
0	0.0
0	0.0
0	0.0
0	0.0
0	0.0
0	0.0
0	0.0
0	0.0
0	0.0
0	0.0
0	0.0
0	0.0
0	0.0
0	0.0
0	0.0
0	0.0
0	0.0
0	0.0
0	0.0
0	0.0
0	0.0
0	0.0
0	0.0
0	0.0
0	0.0
0	0.0
0	0.0
0	0.0
0	0.0
0	0.0
0	0.0
0	0.0
0	0.0
0	0.0
0	0.0
0	0.0
0	0.0
0	0.0
0	0.0
0	0.0
0	0.0
0	0.0
0	0.0
0	0.0
0	0.0
0	0.0
0	0.0
0	0.0
0	0.0
0	0.0
0	0.0
0	0.0
0	0.0
0	0.0
0	0.0
0	0.0
0	0.0
0	0.0
0	0.0
0	0.0
0	0.0
0	0.0
0	0.0
0	0.0
0	0.0
0	0.0
0	0.0
0	0.0
0	0.0
0	0.0
0	0.0
0	0.0
0	0.0
0	0.0
0	0.0
0	0.0
0	0.0
0	0.0
0	0.0
0	0.0
0	0.0
0	0.0
0	0.0
0	0.0
0	0.0
0	0.0
0	0.0
0	0.0
0	0.0
0	0.0
0	0.0
0	0.0
0	0.0
0	0.0
0	0.0
0	0.0
0	0.0
0	0.0
0	0.0
0	0.0
0	0.0
0	0.0
0	0.0
0	0.0
0	0.0
0	0.0
0	0.0
0	0.0
0	0.0
0	0.0
0	0.0
0	0.0
0	0.0
0	0.0
0	0.0
0	0.0
0	0.0
0	0.0
0	0.0
0	0.0
0	0.0
0	0.0
0	0.0
0	0.0
0	0.0
0	0.0
0	0.0
0	0.0
0	0.0
0	0.0
0	0.0
0	0.0
0	0.0
0	0.0
0	0.0
0	0.0
0	0.0
0	0.0
0	0.0
0	0.0
0	0.0
0	0.0
0	0.0
0	0.0
0	0.0
0	0.0
0	0.0
0	0.0
0	0.0
0	0.0
0	0.0
0	0.0
0	0.0
0	0.0
0	0.0
0	0.0
0	0.0
0	0.0
0	0.0
0	0.0
0	0.0
0	0.0
0	0.0
0	0.0
0	0.0
0	0.0
0	0.0
0	0.0
0	0.0
0	0.0
0	0.0
0	0.0
0	0.0
0	0.0
0	0.0
0	0.0
0	0.0
0	0.0
0	0.0
0	0.0
0	0.0
0	0.0
0	0.0
0	0.0
0	0.0
0	0.0
0	0.0
0	0.0
0	0.0
0	0.0
0	0.0
0	0.0
0	0.0
0	0.0
0	0.0
0	0.0
0	0.0
0	0.0
0	0.0
0	0.0
0	0.0
0	0.0
0	0.0
