1	0.22156090193823635
5	0.4665523327071203
7	0.29614453424086945
8	0.46924149330123033
9	0.013012835161879885
10	0.46461708566837834
11	0.09237950147027776
12	0.020437207358931085
13	0.024534160968452803
14	0.043609840445441736
15	0.27837973121268056
16	0.04320689025816727
17	0.043056317141397196
18	0.023325971204966392
20	0.009589799875258313
24	0.03822805452784819
25	0.048090025770288924
28	0.017231973147661166
30	0.3128297480951278
31	0.01981175781331388
32	0.23579162829887712
33	0.26834045267697204
35	0.04909273379921835
36	0.26111034948628176
37	0.02152700246980733
38	0.020306422573150212
40	0.033620522655023244
41	0.2746780381049299
43	0.2575463937315369
44	0.4830436554201168
45	0.2637599246510702
47	0.00037421903725985
48	0.049167449700116876
51	0.4874179824032674
52	0.2713675812079005
54	0.02049448084355801
55	0.02528285403444623
56	0.30154575551377544
57	0.2951428953484308
58	0.05418836303921305
59	0.48714787006573923
60	0.26803222806212573
62	0.25772094868933626
64	0.0449603571711705
65	0.33564123409182656
68	0.2637798165079675
69	0.02009995535225581
70	0.0443710258743516
73	0.08909625291586021
76	0.2570925270172839
78	0.26589579979717826
81	0.04026576041546277
82	0.26366094762871517
83	0.27552676748631183
84	0.030464034426924802
86	0.07408983656582474
87	0.2694345312889997
89	0.01065474334863109
90	0.2968207885268143
91	0.25332732213023557
95	0.042332704155352244
96	0.2851048435494561
97	0.2967998393559504
99	0.03391295612564517
100	0.2700927577727229
101	0.2549491619127153
102	0.2534680793626238
106	0.30425968249297597
110	0.05123155680655386
113	0.002496965184372521
114	0.24833894606513532
115	0.0840689454505875
117	0.2785491198874635
118	0.2805766802450904
120	0.03542590110848784
121	0.30840764394166426
122	0.014678181717053325
123	0.011159464871146246
125	0.48470236163150415
126	0.0535411609497976
127	0.023070569787886852
128	0.02539548355075069
129	0.06335688254601754
131	0.03666965885829632
133	0.31699411312301595
136	0.04597300195078669
137	0.023442219530406358
138	0.49084317822261064
140	0.02083502963222661
141	0.0704081310822059
142	0.01597867155131001
143	0.026219841624806672
145	0.06187616456361231
146	0.06820486262198584
147	0.05196146433031191
148	0.0007226859789437115
151	0.24481746784452718
152	0.2869013535176565
156	0.01335416627538516
157	0.04125558155022106
159	0.27049854694761133
164	0.012737171380541625
167	0.053479180283896546
168	0.05298572974005624
170	0.3025351268135191
171	0.00500914712635471
172	0.07106644122385838
174	0.011142229066957401
175	0.22236280760146288
177	0.009852315279523322
178	0.5174656241570822
180	0.009412098519854452
185	0.060584367039082265
186	0.08813709887153928
188	0.49615531196297596
189	0.27374808569438225
193	0.003749263702331196
194	0.022634737973122668
196	0.05495445935732262
197	0.5076306868882502
201	0.08980195983833382
206	0.35735808520126067
207	0.2589036859457919
208	0.006143530079442738
211	0.35235999319561645
212	0.05362907463460658
216	0.0363853255858355
217	0.01799056724265581
218	0.2879197739752409
219	0.03288996983536437
224	0.5349296459004593
228	0.19412789698622573
230	0.2989130912785457
231	0.28157019044118675
232	0.00898257313596796
233	0.02912667549330117
234	0.04089825174024955
238	0.2755608903170385
239	0.010065793179662524
240	0.02658856354162533
243	0.08943355906748093
245	0.01883325763452918
246	0.039304615313263035
247	0.003345208971965191
248	0.014832024017451276
249	0.01704503592440118
250	0.006195416809912112
252	0.03842030534048136
253	0.026940622361536756
254	0.29850936646428955
257	0.2873762643638191
260	0.04895344443985957
263	0.05595076525187187
264	0.2778814825824523
267	0.2375638614254845
268	0.4777993116951244
271	0.02399086094190552
272	0.029682179622749223
274	0.04555323119198105
275	0.2645594952948653
279	0.30645141641313267
281	0.2582110701985879
285	0.039475862505186296
287	0.01894875112041431
289	0.0922574952816412
290	0.04369340469748229
291	0.028011350234056313
292	0.04459050732499018
294	0.014953223851772307
296	0.25097948095422434
298	0.4903802593346108
299	0.492908772572046
301	0.2517515112684491
302	0.5246433447081128
303	0.029819625600383412
306	0.06174626028908753
309	0.259410752399452
310	0.1994280555924054
311	0.27036637916162853
312	0.013667378259515556
313	0.25096373646663517
314	0.24176379045470078
316	0.31932489300213296
320	0.027497820957753952
322	0.26442946655800464
323	0.26532178629183434
324	0.06805302822500942
326	0.25596301255543147
329	0.24847949745655623
330	0.2798956326957959
331	0.2341231882321743
332	0.23020994918852702
333	0.042758010137253874
334	0.2870257604448246
336	0.28777390100748346
337	0.21143370062359246
338	0.027813092011206256
343	0.2915227113827078
345	0.2868106704815463
346	0.28445208640752334
347	0.2695065684475675
348	0.037994763949665916
350	0.02975217782078378
352	0.2710340175245999
354	0.06564259261663555
358	0.2590912108789913
359	0.013529281916952997
360	0.0185508912031047
361	0.27444096942534124
362	0.012837579519725056
363	0.23243648759942112
367	0.2405411187064999
368	1.450280324715586e-05
369	0.2591749063528307
371	0.054946753944266374
374	0.004040733522134701
376	0.26702239533538163
378	0.003490820182838611
379	0.027601774556875687
382	0.031060752279911036
383	0.010862131555641058
385	0.027920812435282272
386	0.25595308001988737
387	0.5087904522496515
389	0.24319716951484244
390	0.022573108152967654
393	0.5047788167385879
395	0.49520897048343115
396	0.7904428281633262
397	0.5238151578387678
398	0.2272780750753861
399	0.28649911774718456
400	0.0490837439328531
401	0.030111235205428202
403	0.29100580216841665
407	0.06563889607090895
409	0.484188410663293
411	0.05189530011009018
413	0.25861808022774563
415	0.035023778954691116
416	0.195803041263448
417	0.017783724151944486
418	0.14119640860713586
420	0.024495639312811464
421	0.031049197328808648
422	0.04678525232109489
423	0.004713000511054229
424	0.036396986002449463
425	0.006476599602194107
426	0.025704210103266456
429	0.2765584600734306
431	0.03157249741064503
432	0.008222552556890063
434	0.07420170519351899
435	0.49525231734082936
436	0.07558983960307811
437	0.0986329342210426
439	0.013056275570866013
440	0.4950416413440819
441	0.026519772832632814
443	0.0017562618283627068
446	0.07449522701710373
447	0.20167859549411776
449	0.3065041430854844
450	0.02547630555103028
451	0.06719140482908131
452	0.5160558697885745
453	0.07152802458072674
454	0.2705127444557168
455	0.5572331716793829
456	0.024217717251509452
457	0.009808318175818662
459	0.2414135531147344
460	0.016593589733566685
461	0.02527459815287418
463	0.026244957520923907
465	0.03508211743032734
466	0.03622303627267401
469	0.25812182089825947
470	0.03871963325759243
471	0.2453809356383016
472	0.011256657674125398
474	0.27809153451394564
475	0.055962635859877555
476	0.2476759803746722
481	0.7428641160655167
482	0.027723073365375155
483	0.27191809647118415
484	0.26133135441468036
486	0.0021281905079437585
487	0.00861358350964489
488	0.4928810289605312
489	0.0007184408540713075
490	0.2603272246944178
492	0.47771260703770635
493	0.02609656853330937
494	0.01699248297424112
495	0.5257452313205087
498	0.05047233776753854
500	0.01868391796803398
501	0.5223776619164996
502	0.27406764271529965
503	0.06058468752718983
504	0.2437566709931407
505	0.5013121184790457
506	0.2586098596750193
507	0.040274426370365754
508	0.09065921806396265
509	0.18989618792062218
511	0.05773289697550672
512	0.2651743927542185
513	0.4808093987512505
514	0.2742391829615423
515	0.05998733224709264
516	0.000556178995374218
517	0.057880940668512314
519	0.29787583822169583
521	0.004564166503684179
522	0.030430388626383004
523	0.011248851579106212
524	0.2552252370310102
527	0.011316162097944366
528	0.26573037428834745
529	0.02481435009813413
531	0.026928786496428297
532	0.004508204431402221
533	0.497888793006012
535	0.07092238623715322
536	0.2572554539946181
538	0.5411498450099724
539	0.011692969456963229
540	0.2475354022246559
541	0.0023789328750365574
542	0.2564482810188195
545	0.5466261630656625
546	0.5104422003902407
547	0.010240573084817559
548	0.26085386817884426
549	0.025953623840823226
550	0.28694381496127114
551	0.2565882584841345
552	0.016236030187938122
553	0.24477443193011628
554	0.2794641497802203
556	0.020134107817352885
559	0.28326185867399745
561	0.2161647674431162
562	0.25309062441622476
563	0.25624026475874817
564	0.28269509340771154
565	0.27948165282811055
567	0.011759613074025926
568	0.30394994846871265
571	0.27132716976756677
573	0.2558195869558242
575	0.2565265308189171
576	0.49077468077835623
577	0.015115731378644887
578	0.011053070687494199
579	0.06061901858661797
580	0.2240717704922608
582	0.2009855665155073
583	0.2726439401733051
584	0.2640272909717399
586	0.02566737166211428
589	0.023289714175581754
590	0.05578669310395344
591	0.0373781051880927
592	0.0034980397675322683
593	0.5360482552814677
594	0.00013411977166862682
596	0.27713979429741104
597	0.24241848467783667
598	0.026077089728456293
600	0.003157470905106277
601	0.21769481513381078
602	0.02496173664268877
604	0.24242242833703065
607	0.01107821429562092
608	0.0356442495242618
609	0.10600869372802393
610	0.060824414360828194
611	0.02117304015749529
613	0.494896586551115
615	0.27026827762500144
616	0.2522853541786858
617	0.2199991971134707
618	0.017827849061507632
619	0.2645960415790864
620	0.5214193451370491
621	0.505736508837563
623	0.7359072703550398
624	0.05151391427712791
625	0.7503043547342171
627	0.5155051943685832
628	0.022573108152967654
629	0.2999869928989052
632	0.7645656981608749
633	0.30482643532838105
634	0.5236799497347815
636	0.010777392996200265
637	0.02596942805547041
639	0.009108930836364125
640	0.024021827779214203
641	0.08404777622954643
642	0.2592145420800204
643	0.016009197416487958
644	0.2709470196971976
645	0.05543957262133977
646	0.001892571983172761
647	0.28369212824852946
648	0.24154813523608104
649	0.031011443928614303
650	0.26846184105344345
651	0.008661340995430866
653	0.26290560457592
654	0.25053789754704625
655	0.06609419483935278
657	0.0374671354054497
659	0.04704989291750547
660	0.49467879456468705
661	0.0006172855965384527
663	0.012261948703033682
666	0.02296916124751723
667	0.03527657728480545
670	0.012461358307576192
671	0.30144524158884173
673	0.039702406444383595
674	0.00025935848009483314
675	0.2530001105282759
679	0.03274636868692432
680	0.23886634252843406
681	0.01289043940556242
682	0.24238112042466547
684	0.2522658644470663
689	0.5194495125586109
690	0.024020413475171698
692	0.2903787366203417
694	0.7583110174321456
695	0.04741291845266033
696	0.029502715966111703
697	0.22698658573136682
698	0.25865418527683837
699	0.015959237606718857
700	0.2639041229745196
701	0.2618063145028808
702	0.004174852689983688
703	0.26929740080945613
706	0.01058501591859029
707	0.04090744892746234
708	0.4927320387526871
709	0.03534264329141369
710	0.013362364899008564
712	0.02403757947843048
714	0.4994141496744675
716	0.008467467886818972
718	0.06134226202166318
719	0.23965777143752987
720	0.0376110454510479
721	0.4868664707298941
722	0.25870336188002685
723	0.2701712728296892
724	0.35735808520126067
725	0.025597511657028893
726	0.07016040604996057
728	0.21628311940429223
730	0.01996552147924418
731	0.03576787989967463
732	0.04080007627271418
733	0.02229289130561657
734	0.2902877937002913
735	0.2614653045345628
739	0.039824833967122344
741	0.2720775678104574
745	0.03410387922410688
747	0.016954884853792526
748	0.029814038126014013
749	0.2683259426587472
750	0.23874482686429252
751	0.03465911112083547
754	0.015230310804435543
755	0.022035427083228733
756	0.03966711990048026
757	0.01406471180160511
758	0.2348334316949247
759	0.2302660220230482
761	0.25932034180769253
762	0.47503644252890376
766	0.25435081747833943
771	0.10457103461384241
772	0.4785518624692447
774	0.07113530845689575
775	0.029388946035406212
776	0.2685504947880357
780	0.5091519206319425
781	0.2309886565480875
782	0.2831532469881814
785	0.2834633774019839
786	0.07773047330509358
788	0.2968873754374458
789	0.03571613547206796
791	0.2855492114668492
792	0.024145248760074768
796	0.03211601493352819
797	0.3680883071405283
798	0.024919559501935147
799	0.046679388858000354
800	0.022573108152967654
802	0.2561882697306227
804	0.2667441718317392
810	0.0218740804532594
811	0.29581606248256387
813	0.005394629779309518
815	0.031182887716295585
819	0.006584566628494791
823	0.28033813775443966
824	0.09157152173189717
825	0.4995369814682498
828	0.23224351383785488
829	0.2664292982256089
830	0.2648939920956225
831	0.010079757416829899
832	0.015735983263736278
834	0.269997372712232
835	0.022597228441214673
837	0.2672281462877834
838	0.022112818826114176
840	0.08050664877883948
841	0.006269365497592959
842	0.0012559419749580483
843	0.28142513950649056
845	0.13264304440287697
846	0.01820739795936336
847	0.27008539443545454
848	0.28096251500385044
849	0.25277831557523206
850	0.01674040517961415
851	0.014252486378158416
855	0.04526331179076164
856	0.005201741940274805
857	0.08582693469181638
858	0.0007095921837539584
860	0.005190956734770415
862	0.022230633341215535
863	0.2708671863248913
864	0.2457719748880295
867	0.24523290428900585
869	0.06761286151684621
870	0.043793526458038516
871	0.21195275486189624
872	0.046336351202720054
874	0.04499929907039816
875	0.5120078508946486
876	0.032654504910632424
877	0.2464886151574462
878	0.28079558719344605
880	0.03245949581416804
881	0.27755428650115344
882	0.24573679802386805
883	0.019642813287980954
884	0.289520272071947
885	0.05672537117160563
887	0.02723475880044686
888	0.05877307718766138
889	0.00919957223407182
890	0.3272402005399767
892	0.029456152390447785
893	0.0386496983428481
894	0.03907183067647595
895	0.27311715104385326
897	0.04925935648781246
899	0.050264118348745924
900	0.5089469456216221
901	0.03931266132821229
902	0.08001317047393067
903	0.024993296517852676
907	0.047829377781621274
908	0.055451852330092324
911	0.27162624099524374
913	0.012514889282914984
920	0.04266527939140435
921	0.23242640906670337
923	0.023872810510514313
926	0.012697140602993137
927	0.2563328195044233
929	0.2322050793220984
930	0.014130291009158975
932	0.04199225259829816
933	0.03932531902712178
934	0.2602272135249433
935	0.030620026771328274
936	0.017823922458993488
937	0.2320610541814042
938	0.00686287279049836
939	0.01385172673504452
941	0.05456391108124746
942	0.2452656564620166
0	0.0
0	0.0
0	0.0
0	0.0
0	0.0
0	0.0
0	0.0
0	0.0
0	0.0
0	0.0
0	0.0
0	0.0
0	0.0
0	0.0
0	0.0
0	0.0
0	0.0
0	0.0
0	0.0
0	0.0
0	0.0
0	0.0
0	0.0
0	0.0
0	0.0
0	0.0
0	0.0
0	0.0
0	0.0
0	0.0
0	0.0
0	0.0
0	0.0
0	0.0
0	0.0
0	0.0
0	0.0
0	0.0
0	0.0
0	0.0
0	0.0
0	0.0
0	0.0
0	0.0
0	0.0
0	0.0
0	0.0
0	0.0
0	0.0
0	0.0
0	0.0
0	0.0
0	0.0
0	0.0
0	0.0
0	0.0
0	0.0
0	0.0
0	0.0
0	0.0
0	0.0
0	0.0
0	0.0
0	0.0
0	0.0
0	0.0
0	0.0
0	0.0
0	0.0
0	0.0
0	0.0
0	0.0
0	0.0
0	0.0
0	0.0
0	0.0
0	0.0
0	0.0
0	0.0
0	0.0
0	0.0
0	0.0
0	0.0
0	0.0
0	0.0
0	0.0
0	0.0
0	0.0
0	0.0
0	0.0
0	0.0
0	0.0
0	0.0
0	0.0
0	0.0
0	0.0
0	0.0
0	0.0
0	0.0
0	0.0
0	0.0
0	0.0
0	0.0
0	0.0
0	0.0
0	0.0
0	0.0
0	0.0
0	0.0
0	0.0
0	0.0
0	0.0
0	0.0
0	0.0
0	0.0
0	0.0
0	0.0
0	0.0
0	0.0
0	0.0
0	0.0
0	0.0
0	0.0
0	0.0
0	0.0
0	0.0
0	0.0
0	0.0
0	0.0
0	0.0
0	0.0
0	0.0
0	0.0
0	0.0
0	0.0
0	0.0
0	0.0
0	0.0
0	0.0
0	0.0
0	0.0
0	0.0
0	0.0
0	0.0
0	0.0
0	0.0
0	0.0
0	0.0
0	0.0
0	0.0
0	0.0
0	0.0
0	0.0
0	0.0
0	0.0
0	0.0
0	0.0
0	0.0
0	0.0
0	0.0
0	0.0
0	0.0
0	0.0
0	0.0
0	0.0
0	0.0
0	0.0
0	0.0
0	0.0
0	0.0
0	0.0
0	0.0
0	0.0
0	0.0
0	0.0
0	0.0
0	0.0
0	0.0
0	0.0
0	0.0
0	0.0
0	0.0
0	0.0
0	0.0
0	0.0
0	0.0
0	0.0
0	0.0
0	0.0
0	0.0
0	0.0
0	0.0
0	0.0
0	0.0
0	0.0
0	0.0
0	0.0
0	0.0
0	0.0
0	0.0
0	0.0
0	0.0
0	0.0
0	0.0
0	0.0
0	0.0
0	0.0
0	0.0
0	0.0
0	0.0
0	0.0
0	0.0
0	0.0
0	0.0
0	0.0
0	0.0
0	0.0
0	0.0
0	0.0
0	0.0
0	0.0
0	0.0
0	0.0
0	0.0
0	0.0
0	0.0
0	0.0
0	0.0
0	0.0
0	0.0
0	0.0
0	0.0
0	0.0
0	0.0
0	0.0
0	0.0
0	0.0
0	0.0
0	0.0
0	0.0
0	0.0
0	0.0
0	0.0
0	0.0
0	0.0
0	0.0
0	0.0
0	0.0
0	0.0
0	0.0
0	0.0
0	0.0
0	0.0
0	0.0
0	0.0
0	0.0
0	0.0
0	0.0
0	0.0
0	0.0
0	0.0
0	0.0
0	0.0
0	0.0
0	0.0
0	0.0
0	0.0
0	0.0
0	0.0
0	0.0
0	0.0
0	0.0
0	0.0
0	0.0
0	0.0
0	0.0
0	0.0
0	0.0
0	0.0
0	0.0
0	0.0
0	0.0
0	0.0
0	0.0
0	0.0
0	0.0
0	0.0
0	0.0
0	0.0
0	0.0
0	0.0
0	0.0
0	0.0
0	0.0
0	0.0
0	0.0
0	0.0
0	0.0
0	0.0
0	0.0
0	0.0
0	0.0
0	0.0
0	0.0
0	0.0
0	0.0
0	0.0
0	0.0
0	0.0
0	0.0
0	0.0
0	0.0
0	0.0
0	0.0
0	0.0
0	0.0
0	0.0
0	0.0
0	0.0
0	0.0
0	0.0
0	0.0
0	0.0
0	0.0
0	0.0
0	0.0
0	0.0
0	0.0
0	0.0
0	0.0
0	0.0
0	0.0
0	0.0
0	0.0
0	0.0
0	0.0
0	0.0
0	0.0
0	0.0
0	0.0
0	0.0
0	0.0
0	0.0
0	0.0
0	0.0
