1	0.037044353173709965
3	0.7434703508364683
7	0.021605510847919954
11	0.00938261148122465
14	0.027032896864065424
17	0.05543080024484501
18	0.25330420294238076
19	0.2679128670222755
20	0.012884098685753107
21	0.1985896644276977
22	0.2561600459095173
23	0.25494742355509753
24	0.2413620365232388
25	0.2712953550797176
27	0.13197162151242162
29	0.2370173981174312
30	0.2872499658981883
31	0.2819315680361577
34	0.420245996533887
37	0.023647081532105277
40	0.269161634059722
42	0.011964710841478644
43	0.005652283762844157
46	0.2695349582829711
47	0.7368381002561504
49	0.3381303498912659
50	0.5360915284345956
53	0.06433450568098639
56	0.003394967078053906
58	0.704216517070197
60	0.012105804177388282
62	0.26776101429781557
63	0.3168172592601123
64	0.27927149011727564
65	0.01824416266949523
66	0.2821540913407512
67	0.019546918248440653
68	0.014549083986535552
71	0.06402638913004477
72	0.24587513764558183
73	0.47868231371218395
74	0.2638503915011773
75	0.052650460357257914
76	0.0273675374213267
77	0.0005201963461779133
79	0.0738338348059572
80	0.2744345238388008
81	0.028680036951452204
82	0.028504226028600754
84	0.059016220081057266
85	0.0444561231050509
86	0.03555995299301873
88	0.2743567161045998
90	0.235122975674155
92	0.029903782235144342
94	0.5254827649002467
98	0.3144126237953019
100	0.017829408136796742
102	0.041455270059931625
103	0.3488164573813881
104	0.02893888476178322
105	0.47093688944243633
106	0.05495461159031109
107	0.5354158896961023
108	0.5577008678769579
110	0.048077681072393824
112	0.24976838012481378
113	0.013552703229409428
115	0.23137610989229523
116	0.43226114079939915
117	0.03191977582540388
119	0.28354602959977343
120	0.014040469083099489
121	0.03230254019217019
122	0.26045983342903495
124	0.06096353990491907
129	0.2516386983272188
130	0.04656940415982536
131	0.26809497859692905
132	0.5001703059862688
135	0.2902360129269144
136	0.4717190278433394
139	0.24746712538718707
140	0.2543879751080175
141	0.03906208010822801
142	0.25765481692089
144	0.27900117330719226
147	0.006403002345528607
149	0.022550964260845133
151	0.2827791510113621
153	0.35451160733736087
154	0.014604641928952947
156	0.27114338712137526
157	0.03266319736082912
158	0.05480498446361769
159	0.0399119028971331
160	0.032377317222452504
161	0.21187883256622325
162	0.009804977290350722
163	0.06061206823149975
164	0.23604624139299857
165	0.2911371551001699
168	0.23787663469096298
170	0.0319727815784827
171	0.2975653114863128
172	0.23613102498145605
173	0.2511460252853397
174	0.2484857326235561
176	0.2863622513149354
180	0.06885268597508207
183	0.25799203568923224
184	0.24759965120627458
186	0.017009506620115022
187	0.04068770778298596
188	0.006331965719400284
191	0.08797563131087283
192	0.7917695946158628
194	0.04235710971419603
195	0.5313150892116124
196	0.3131113804525712
198	0.5502596859322113
200	0.020796681038657994
201	0.24315313548158943
204	0.2761142896747172
205	0.22356875384618788
206	0.2938932926654109
208	0.2863181531020611
209	0.23689666916615199
210	0.23981540265798446
212	0.01934720041394646
213	0.2920937769375637
214	0.2810477854458128
215	0.2786433350849505
216	0.03182740222110858
217	0.2647744974940029
219	0.02148616202146542
220	0.4651105341357802
221	0.2938478361688952
222	0.09025767140639054
225	0.5338162492591999
226	0.015251385929421428
227	0.5416957987302494
231	0.0421942407282227
232	0.017018635359456975
233	0.0363407142188287
234	0.24129643232432635
235	0.2691441030080558
237	0.2665219973744419
239	0.4707653713779559
240	0.4656780342460966
243	0.25937688829512884
244	0.03000435016527663
247	0.27801506221626865
249	0.021081258060422547
250	0.051225452653482086
251	0.012470929748955882
252	0.0008578011731676868
253	0.011382750538931258
255	0.17914126738881478
257	0.02317060743240469
258	0.03503960047526735
259	0.5118582216076782
260	0.456954646215324
261	0.026522888393738415
262	0.5401027441309856
263	0.019852308584653866
264	0.019083780055690596
266	0.4727188582945805
269	0.3067644140618288
270	0.28785750379490416
271	0.23828477739770673
272	0.00945805393913883
273	0.09714251543821201
276	0.005547816167937168
277	0.2802093549394914
280	0.062996461751537
282	0.29866408617462925
283	0.0062347124785291155
284	0.4653135882510945
285	0.013807894702238019
286	0.7644571775100233
287	0.2634871631754925
288	0.017284561545527877
291	0.24352925055621277
292	0.4999339570207667
293	0.08162400226059022
295	0.02299551687492045
297	0.2584191660999966
300	0.14079109266777057
301	0.01485434255748759
302	0.2108825398735167
303	0.22937273015999218
304	0.05035240067647066
305	0.2736192978141748
306	0.0010173166874226508
307	0.037658564006072155
308	0.2485774995193322
311	0.04598470227541762
312	0.011915750493836197
315	0.7939945726393873
316	0.08623335328148121
318	0.26635484341580107
319	0.24562309571306462
324	0.008773473066153913
325	0.03314623739606217
327	0.25973295175690403
328	0.03844318834175185
329	0.01213476212032907
333	0.46723706916409163
334	0.20878993575463772
335	0.2376676098986627
337	0.04096877381041664
338	0.009360000103397638
339	0.5041908198814212
341	0.2628825531042089
342	0.03747445293494493
343	0.01711130878976074
344	0.2632324868217081
345	0.5005001135833896
347	0.2290715209983769
349	0.48998558919074864
350	0.24131113708027085
351	0.5274530890717345
352	0.0048061123807444095
353	0.30003323149821143
354	0.2587008759666722
355	0.5397350758884822
356	0.015952245052388542
357	0.05597274677079228
359	0.04902510703563972
360	0.23177624280775072
361	0.2413497862754947
362	0.22352703079043942
364	0.2504048028067645
366	0.29019755281515386
370	0.2678478107505136
371	0.055511706865221624
372	0.008926185324837688
373	0.07851263695500793
374	0.08960964705850283
376	0.014039878560109867
377	0.08132396700137423
378	0.022258685101913006
379	0.25150930678257477
380	0.2430426929446927
381	0.28149306480170344
382	0.47683847359784354
384	0.49330898575306986
386	0.24958029299602322
389	0.2307150312034872
390	0.00882386069441441
391	0.5191976470368574
392	0.2896518656744741
393	0.0002872465730170623
394	0.03370272134491148
399	0.2286040016589653
400	0.014381556407995627
402	0.0258800619036647
403	0.0020430438672162272
404	0.22055351456340078
405	0.36369294967344606
406	0.019362539171122427
407	0.2311472333618064
408	0.06117238860289083
410	0.020728740643097193
411	0.26072531065890714
412	0.2686431306054845
413	0.024646858532261246
414	0.47161287054901974
415	0.4622719369704143
416	0.058599474678385194
417	0.25683930718880915
419	0.04441903977061351
420	0.23305143294335806
423	0.02328060234989225
424	0.5322904969457312
425	0.23522421605797322
426	0.0006988181313631499
427	0.2819736596026809
429	0.2107140835901472
430	0.24499249904479675
431	0.26955208634781613
432	0.01641568144874225
433	0.20822571397091205
436	0.24219032036208976
437	0.260005658822064
438	0.031111632726045578
439	0.25179557837094885
440	0.23843325465218657
442	0.2823887083812222
443	0.2333017957948542
444	0.5425106413377633
447	0.06130916178670369
448	0.0828495852987283
449	0.024848445041762264
450	0.23783105878108424
451	0.0039707269824781205
452	0.03511438172316724
453	0.26554287519365777
456	0.27242510285883453
457	0.06009555261538989
458	0.2332731676494326
460	0.49401061835504717
461	0.07370684264584192
462	0.28560666880183555
463	0.4596211332530233
464	0.5150207619194681
465	0.4984228544056722
466	0.014522631970443733
467	0.05251140309464637
468	0.055807692405417525
471	0.029389352907452846
473	0.005816421071220178
474	0.24116709397239702
475	0.21340369058472505
476	0.014066143266511216
477	0.3312337542674098
478	0.3152172480662574
479	0.24142151479893859
483	0.017288230193156378
484	0.009641362090761735
485	0.007542788009550161
486	0.29171975309261516
487	0.02331934597758025
490	0.22101283484835552
492	0.011049743984624355
493	0.034095081839932054
494	0.002356314592955877
497	0.023114753224042956
498	0.25193553098529775
499	0.024891198489315803
504	0.27184455108396155
510	0.011625365788503407
511	0.2126469726018359
517	0.03317835816330935
518	0.045490329414935506
519	0.02527851799731626
520	0.2494504727629152
521	0.5356956971811144
522	0.47988751249378697
526	0.23458048626994296
527	0.04525000588151493
529	0.244968217587508
530	0.26652282203211736
531	0.21013097685267057
532	0.027016477555976824
533	0.006553097859867338
537	0.2737349557842426
539	0.02260287801129294
541	0.046918805301085005
542	0.29497914528457625
543	0.023875795064871544
547	0.20605064148709237
549	0.20093624841583202
551	0.2317325018409542
552	0.03800089316305763
555	0.26263895165301837
556	0.5248124857358641
557	0.022964521661215424
558	0.510250520302755
559	0.021322055944841305
560	0.24183003960346533
561	0.23018606530903543
562	0.049744955781175576
564	0.03412440841254802
566	0.2512014827697346
567	0.47911405028724574
569	0.02558919601380189
570	0.25025834140172554
572	0.540413077393861
573	0.24279293349409314
574	0.0479979436108712
575	0.014889582234334973
577	0.06728404925876888
581	0.21861643758811256
582	0.08687465205973792
583	0.013771183479614403
585	0.01662982508821058
586	0.012301332747360606
587	0.019706122067568208
588	0.09818953441846866
590	0.5066171434214769
591	0.49012430337604634
592	0.06847527781798593
594	0.04569641369426561
595	0.5425878309526257
597	0.04728795383151625
598	0.06424740386257749
599	0.046824867202204384
601	0.2829794698000108
602	0.04319180825371852
604	0.08858602567281121
605	0.0030177178034160937
606	0.029225371333549077
607	0.5086917380620725
611	0.23927658709765243
613	0.0025979777705186016
615	0.005279140709010512
617	0.07045474489915719
621	0.004349352290662134
622	0.2698539742869822
624	0.22728162796223036
626	0.22172143058396526
630	0.01580788989815861
631	0.34390713195886646
632	0.006200551636338876
635	0.23153392735759404
636	0.2869612241406789
639	0.22405042402193642
640	0.25332665522660613
641	0.00820167328368588
645	0.28687862535724135
646	0.09130133855788325
647	0.018916028918288474
649	0.21521308002674114
650	0.27274438158533754
652	0.5114653187318629
655	0.2787477823334957
656	0.19387876523364825
657	0.011257167607082036
658	0.2103734188581538
659	0.004220308808341761
660	0.014202422764745905
661	0.04117507234457421
662	0.3442275473465862
663	0.041384862796599343
664	0.4794964790205705
666	0.2321979884553448
667	0.486445247554955
670	0.2540923193620397
671	0.023796881844251164
672	0.2938692512325678
673	0.25493894142249385
674	0.2594277247281107
675	0.18102426344490266
681	0.05706562652475872
683	0.04318644567183004
684	0.05126211559955919
686	0.5076096283814324
687	0.30862547549165464
688	0.04235453133318935
690	0.0014733652018646612
691	0.024633952373498195
693	0.020971120173308058
695	0.01690484708011884
696	0.21865239999620015
699	0.4976016952816654
704	0.20585270160630187
707	0.2508714624546378
709	0.00468318442574478
710	0.23433749278432542
711	0.5027753037648697
713	0.20935504301562774
716	0.507237713787208
717	0.2727747900709896
718	0.05480097957515874
720	0.2042522582436361
724	0.2938932926654109
725	0.27749051120059914
728	0.27722169403680336
729	0.24561083230134959
730	0.0019170150830798358
731	0.4859958103267096
733	0.4478235640947921
734	0.014208222430806713
735	0.008823860694414393
736	0.22234856063396768
737	0.528100680862372
739	0.5011728308436321
740	0.20346917590100877
741	0.26153024563263827
742	0.2637831857110831
743	0.22570394756850573
745	0.23449094198376996
748	0.23447923556411496
749	0.010717903731762408
753	0.05803045093441699
754	0.25583542337931825
756	0.2557293604235732
758	0.2667893133991401
760	0.06355092993836294
763	0.31373963278441164
765	0.3210520370452329
767	0.04230257435155178
769	0.007271928095539535
770	0.5447104684924038
771	0.24010960063652548
773	0.27178949250370515
774	0.20564743812513056
776	0.02598923081862753
777	0.03253233774269207
778	0.0077804924715901
779	0.051452881771618934
786	0.017223077873218782
787	0.03196800355431001
789	0.22212660844980575
791	0.21260717879281638
792	0.018567314777447896
793	0.07250792087104392
794	0.5548966011486637
795	0.2640933001476894
798	0.01242615066458919
799	0.03232783558681195
800	0.24353855516583883
801	0.24129334644512557
803	0.2388959617286166
804	0.0015769241252373903
805	0.26451645976690086
806	0.011603311622913663
807	0.26337496804008975
808	0.4638416954511756
809	0.00933697174353907
810	0.5115717073562627
813	0.006462737711454239
814	0.0595308523543562
815	0.03468615862242072
816	0.03726478032626419
817	0.04353449336545629
820	0.250630748995476
821	0.48831377035360646
822	0.2697113868248265
823	0.04306853488546565
824	0.2770151346192684
828	0.24189977183510078
829	0.2435385551658389
830	0.004846805660290061
832	0.03173331429304464
835	0.258018169197609
836	0.25476993621987143
837	0.2780731682925728
838	0.26594953546558936
839	0.029478859136346153
841	0.2614378643049141
842	0.24206371928302542
844	0.2784549283167898
846	0.26538125094403087
847	0.012496212215143035
848	0.008564874242326735
851	0.2743732498846034
854	0.26136469081456365
857	0.023538294418987225
858	0.509437208558356
859	0.2744680991366647
860	0.010972520472629834
861	0.5044952062930609
864	0.2552470143258184
865	0.539488874871306
866	0.5439566981167939
867	0.27461677994490524
868	0.017026466118723507
873	0.2517757325318778
874	0.4434669219806783
876	0.062365106120904956
878	0.23983019486242413
879	0.299029581097119
880	0.24371280033969767
881	0.005288878797646453
882	0.23767586334718982
884	0.011873168036572485
886	0.025444364454952215
887	0.035899993728048404
888	0.28892878477759554
889	0.29308392159204544
891	0.5544079301298854
892	0.2205979094624973
894	0.03657561487655143
896	0.056641229764992036
898	0.32327365732898455
899	0.2690791820269368
900	0.17339891501331217
902	0.02451497213055394
903	0.5214125973720866
904	0.2998138299943552
905	0.2122391100802159
906	0.261394703662744
907	0.2759851087663873
908	0.04739168963428471
909	0.26895781700179483
910	0.2364313150072258
911	0.00292099630953508
912	0.25868782817454566
913	0.2129838444457783
914	0.23219391158317695
915	0.019416167809747403
916	0.30871763978828487
917	0.5634011845065426
918	0.2654272331251496
919	0.2802284836643216
920	0.24060060840585976
921	0.041581403752783436
923	0.2498884484211316
924	0.03730353589365504
925	0.24924686078024302
926	0.035516202307804404
927	0.0016781813609972503
928	0.5254211947664221
929	0.016926160165178394
930	0.2686292205395429
931	0.26325081016908247
932	0.24784839479259277
933	0.2646215438792457
934	0.2312747125416433
936	0.2579709846368062
939	0.263265713570604
940	0.22633195888986565
943	0.5038584337794239
0	0.0
0	0.0
0	0.0
0	0.0
0	0.0
0	0.0
0	0.0
0	0.0
0	0.0
0	0.0
0	0.0
0	0.0
0	0.0
0	0.0
0	0.0
0	0.0
0	0.0
0	0.0
0	0.0
0	0.0
0	0.0
0	0.0
0	0.0
0	0.0
0	0.0
0	0.0
0	0.0
0	0.0
0	0.0
0	0.0
0	0.0
0	0.0
0	0.0
0	0.0
0	0.0
0	0.0
0	0.0
0	0.0
0	0.0
0	0.0
0	0.0
0	0.0
0	0.0
0	0.0
0	0.0
0	0.0
0	0.0
0	0.0
0	0.0
0	0.0
0	0.0
0	0.0
0	0.0
0	0.0
0	0.0
0	0.0
0	0.0
0	0.0
0	0.0
0	0.0
0	0.0
0	0.0
0	0.0
0	0.0
0	0.0
0	0.0
0	0.0
0	0.0
0	0.0
0	0.0
0	0.0
0	0.0
0	0.0
0	0.0
0	0.0
0	0.0
0	0.0
0	0.0
0	0.0
0	0.0
0	0.0
0	0.0
0	0.0
0	0.0
0	0.0
0	0.0
0	0.0
0	0.0
0	0.0
0	0.0
0	0.0
0	0.0
0	0.0
0	0.0
0	0.0
0	0.0
0	0.0
0	0.0
0	0.0
0	0.0
0	0.0
0	0.0
0	0.0
0	0.0
0	0.0
0	0.0
0	0.0
0	0.0
0	0.0
0	0.0
0	0.0
0	0.0
0	0.0
0	0.0
0	0.0
0	0.0
0	0.0
0	0.0
0	0.0
0	0.0
0	0.0
0	0.0
0	0.0
0	0.0
0	0.0
0	0.0
0	0.0
0	0.0
0	0.0
0	0.0
0	0.0
0	0.0
0	0.0
0	0.0
0	0.0
0	0.0
0	0.0
0	0.0
0	0.0
0	0.0
0	0.0
0	0.0
0	0.0
0	0.0
0	0.0
0	0.0
0	0.0
0	0.0
0	0.0
0	0.0
0	0.0
0	0.0
0	0.0
0	0.0
0	0.0
0	0.0
0	0.0
0	0.0
0	0.0
0	0.0
0	0.0
0	0.0
0	0.0
0	0.0
0	0.0
0	0.0
0	0.0
0	0.0
0	0.0
0	0.0
0	0.0
0	0.0
0	0.0
0	0.0
0	0.0
0	0.0
0	0.0
0	0.0
0	0.0
0	0.0
0	0.0
0	0.0
0	0.0
0	0.0
0	0.0
0	0.0
0	0.0
0	0.0
0	0.0
0	0.0
0	0.0
0	0.0
0	0.0
0	0.0
0	0.0
0	0.0
0	0.0
0	0.0
0	0.0
0	0.0
0	0.0
0	0.0
0	0.0
0	0.0
0	0.0
0	0.0
0	0.0
0	0.0
0	0.0
0	0.0
0	0.0
0	0.0
0	0.0
0	0.0
0	0.0
0	0.0
0	0.0
0	0.0
0	0.0
0	0.0
0	0.0
0	0.0
0	0.0
0	0.0
0	0.0
0	0.0
0	0.0
0	0.0
0	0.0
0	0.0
0	0.0
0	0.0
0	0.0
0	0.0
0	0.0
0	0.0
0	0.0
0	0.0
0	0.0
0	0.0
0	0.0
0	0.0
0	0.0
0	0.0
0	0.0
0	0.0
0	0.0
0	0.0
0	0.0
0	0.0
0	0.0
0	0.0
0	0.0
0	0.0
0	0.0
0	0.0
0	0.0
0	0.0
0	0.0
0	0.0
0	0.0
0	0.0
0	0.0
0	0.0
0	0.0
0	0.0
0	0.0
0	0.0
0	0.0
0	0.0
0	0.0
0	0.0
0	0.0
0	0.0
0	0.0
0	0.0
0	0.0
0	0.0
0	0.0
0	0.0
0	0.0
0	0.0
0	0.0
0	0.0
0	0.0
0	0.0
0	0.0
0	0.0
0	0.0
0	0.0
0	0.0
0	0.0
0	0.0
0	0.0
0	0.0
0	0.0
0	0.0
0	0.0
0	0.0
0	0.0
0	0.0
0	0.0
0	0.0
0	0.0
0	0.0
0	0.0
0	0.0
0	0.0
0	0.0
0	0.0
0	0.0
0	0.0
0	0.0
0	0.0
0	0.0
0	0.0
0	0.0
0	0.0
0	0.0
0	0.0
0	0.0
0	0.0
0	0.0
0	0.0
0	0.0
0	0.0
0	0.0
0	0.0
0	0.0
0	0.0
0	0.0
0	0.0
0	0.0
0	0.0
0	0.0
0	0.0
