1	0.05593759188006195
3	0.33863165918076116
4	0.2736192978141748
5	0.3274273082159949
7	0.05838964801995306
13	0.09092907333120721
14	0.3373472188580996
21	0.418211380576824
23	0.04401579494992227
24	0.4784663238218856
25	0.03114726388565528
27	0.005705705662352033
29	0.22596377224193384
31	0.27620470786611556
38	0.07184656555746634
41	0.04210047666009933
42	0.27299475420659236
43	0.7111051840318905
49	0.354667628857953
54	0.041873248502960425
58	0.5076102375502158
59	0.20777275944254334
62	0.27527141811827927
63	0.12158278351081153
72	0.05182694935162157
73	0.26705429259697083
75	0.09524158323936707
76	0.20776483713093075
77	0.08671988303948953
79	0.34898086011566637
80	0.22292645651765736
82	0.22856403145261178
85	0.11840330714828767
87	0.0316747889071594
88	0.22436573528901743
89	0.25805411760785096
90	0.05265125726568211
92	0.28016210011305864
94	0.31489785567009143
98	0.02570811925996694
99	0.045405129231300766
102	0.003718517883748579
103	0.2303872236693973
107	0.04743284136369221
108	0.24062369862665742
116	0.6070053089154317
117	0.007327370553567053
118	0.037479011043086916
119	0.04483370566189809
120	0.4623960697042679
121	0.29990099526267777
123	0.49339781069210464
124	0.01872523033826453
125	0.07035982105502028
129	0.22024745048170677
134	0.08546632729227824
135	0.21880035957991334
136	0.1794964723461373
138	0.23130111239981171
139	0.18373850469938416
142	0.005962607357249808
144	0.3205666590428836
145	0.25193412970333817
149	0.007860471304880157
151	0.06546720399246747
154	0.18341642689492804
156	0.42299359073239595
158	0.06245286226766547
160	0.26898687149660483
162	0.06863846678265204
165	0.27373321051296273
167	0.22896338704723435
168	0.2002050508078642
171	0.004078617615424628
174	0.004847159553607185
178	0.2860564683592402
182	0.030453782434579732
183	0.29151197969928344
184	0.10996684974203082
189	0.045964647249502985
192	0.29500091375739307
193	0.2724849658096048
196	0.06386772619491012
197	0.05379378921982075
198	0.3322978719921534
201	0.0905321221182127
204	0.2319500095129619
208	0.2446724622511735
209	0.5620665967866747
214	0.06223021073416404
218	0.015785766922367245
221	0.3721362894717873
222	0.32679246162025083
225	0.21724590240585745
226	0.5053759478671307
233	0.23246684998369652
234	0.04068940579813935
235	0.548249435401211
236	0.28953132557920386
237	0.3078966268998555
238	0.052699235569758945
239	0.051912248335407
240	0.1631514339122958
243	0.2226455709464461
244	0.2982308108360192
246	0.035050808404847936
247	0.22906226020000497
249	0.22066750528915458
251	0.19779001972897417
252	0.04935045542939535
253	0.06412901959669395
256	0.06169937071358807
258	0.003420918089351091
260	0.1901801928354147
262	0.2422438095723383
263	0.0014685718279096593
265	0.039211936578532294
266	0.1784807514226157
267	0.2804569684926205
269	0.22237627601601084
271	0.3232175675402927
276	0.25610942859495334
277	0.00039703572490171896
279	0.03036232819255944
283	0.2137773521064956
286	0.10197131771084644
288	0.2745890891553758
291	0.057450804276871596
292	0.5357761898067945
293	0.10044838151784533
294	0.05536784779972607
296	0.28887042274486135
297	0.059465922071721175
298	0.21741938894226653
299	0.0049547743758175805
301	0.21520655929506743
303	0.253141850959896
307	0.04436172753873383
308	0.3447354597291664
310	0.07135186802513398
311	0.1557796753214736
314	0.06023307449109859
315	0.22982758781715534
320	0.22912498905391018
321	0.11513275689209274
323	0.27722038784543934
324	0.23991198302378697
325	0.04001020507409804
326	0.07371340073150032
327	0.3392799120183769
328	0.3540395858081967
329	0.04224466146386289
330	0.04343429808539847
332	0.20464453369511845
334	0.23397795047153708
339	0.3530551189521907
342	0.3914900784635309
343	0.48046050008968516
344	0.3464806458992305
346	3.5951841973795584e-05
347	0.5129145921761494
348	0.0357822019030375
349	0.4108131089118778
350	0.20841098090620058
353	0.16533562282649322
355	0.016448411840571643
359	0.2662398961916202
360	0.46677021666585145
361	0.028417945740890516
362	0.03392468425184212
363	0.026041089800928376
373	0.3765829326871881
374	0.5990726827492584
377	0.0317501493347491
378	0.267937396917257
380	0.3648367914227013
381	0.03180485036880644
382	0.21679009530183785
385	0.3301487824215154
386	0.21274399684699458
387	0.015708784677037714
389	0.25773285541740165
391	0.4949656669615805
394	0.01522399565613957
397	0.18160684400295665
398	0.26193943702012257
402	0.3089484274046167
406	0.5366522229193447
407	0.04607577270692628
410	0.2516454982682157
411	0.2606930250379138
414	0.18829283885071282
416	0.2741477013897444
417	0.20803020319887489
419	0.004729107370774782
427	0.26988337780774935
429	0.21196667054468366
433	0.16327632455498234
435	0.21805009868868203
437	0.020609376985782406
438	0.04531323520859383
441	0.05149394308382918
442	0.17919283654564433
444	0.019204587627868225
445	0.06934426462130656
447	0.516824485301819
450	0.2673605137007352
452	0.06992004588635385
453	0.28376521693651063
454	0.08330000756342407
455	0.24682939835181328
456	0.0546556335945785
457	0.5718860519159222
458	0.34955703823362433
459	0.024891128517220668
463	0.03163362735706564
465	0.05271894269867803
468	0.05020616478154852
473	0.03791558273639277
479	0.25088594508429163
480	0.06189547800723936
481	0.004496560365114768
485	0.041549342499688245
486	0.5883703179085694
487	0.49391752003286316
490	0.23322914729871455
491	0.07257783956849254
492	0.00787543204568443
493	0.53328310887422
495	0.27507803354689536
496	0.01019712158003544
497	0.290889899486465
498	0.2979131046986787
500	0.2785619092114879
503	0.054950096214496987
504	0.26450784621346823
506	0.27402551499727046
512	0.2139127405969721
513	0.003274738871557173
514	0.30315508607359914
516	0.0631331938929187
517	0.0421187425190857
518	0.08432116811714238
520	0.006684661325341616
521	0.29720785011861706
522	0.2215610905610516
523	0.1133165491063726
524	0.20904980350061622
525	0.2730240870296258
526	0.3741991293299913
527	0.3325885848241731
532	0.2568010455029129
533	0.039181540146427205
534	0.2766524528553187
536	0.03317213468138088
537	0.26081806968573285
538	0.2419995644922246
541	0.2619919248388858
542	0.3014947136564601
549	0.31326270851210586
551	0.30468342897538764
553	0.1919838467812009
555	0.06118981494352402
556	0.2801050771879501
558	0.26176491222538667
560	0.29838602838272105
561	0.18696586978602314
567	0.2998319474829278
569	0.26596440778607294
572	0.038146768275499544
573	0.20933975361265159
576	0.26515282590849554
577	0.5842666841693824
579	0.3067386367951216
581	0.582705305102342
582	0.29403865848557736
584	0.040674857402061025
585	0.2887044441950325
586	0.26768586244036185
588	0.36046093417119324
590	0.27366853874074304
591	0.2713834858810378
592	0.5677683180907458
595	0.528295479499627
598	0.27942312998831886
599	0.044646670162025816
601	0.3267183003955505
602	0.2950433291323359
603	0.06911041334365992
604	0.09899485529982827
605	0.23958367408714423
606	0.5371852786662036
607	0.48442097019971364
613	0.1678081965113794
614	0.4633478479732341
617	0.3018065757693335
618	0.04902528327100627
621	0.01586883122640538
623	0.013319288064232881
625	0.2773062470295653
627	0.2136603294898143
630	0.2466217793911276
635	0.08520220655441316
636	0.06582914072270182
637	0.38168758075501624
640	0.055694571850486874
643	0.5540824614972217
645	0.05058073361468163
646	0.1033287223505015
647	0.4998780002122064
649	0.24873741178253786
650	0.04130720237468028
652	0.0800511116090234
653	0.29214236901616986
654	0.02257181646348007
655	0.037564637045052605
657	0.20648359445088862
658	0.08457499473794974
659	0.01928805734602343
661	0.28419826711429397
662	0.03660900812382742
663	0.0011220613218891201
664	0.2643460602662644
666	0.24624915420299703
669	0.06025860132191811
672	0.20937762016317196
674	0.2793470934361532
676	0.0728435054924658
677	0.07100010891536174
678	0.2889883099112296
680	0.24670937378291613
682	0.4930983472765238
683	0.24439436309530288
684	0.33659273974258297
691	0.28728462944596583
693	0.3690170366750363
700	0.023852354284113107
701	0.014662016461799605
704	0.07886672848792958
705	0.28594167872593707
709	0.5151870610679269
710	0.007789466609579937
715	0.06797675338338333
716	0.3019876788256744
721	0.5567807427999223
725	0.014977097573946906
727	0.20433562725668844
728	0.020784236138828648
730	0.03271015687692068
732	0.0021077887674799053
733	0.25712301759333933
734	0.03492288275853301
735	0.3230857569718195
736	0.4443784882058503
737	0.4751896896632409
738	0.22975778290169974
741	0.26204599581589844
742	0.07155043899046554
743	0.04845020083113573
746	0.04443646268667232
747	0.5416537862714683
748	0.32214541127183116
749	0.26650690887829614
751	0.06218170777831834
753	0.26594663623158044
755	0.08743966728647423
756	0.2568761523855736
757	0.029018320706475906
758	0.49415268323566675
759	0.054444525949430105
763	0.3954672050914205
764	0.04003963212032679
765	0.23172236276212385
767	0.07960316275456908
768	0.14305520527666718
769	0.2626278653523592
770	0.07039944451514885
771	0.016650493013070665
773	0.3419233282081749
774	0.5278803021760617
776	0.25574097617343033
777	0.022493140279312346
779	0.03317685939318083
780	0.2035653316869676
785	0.02290410900255526
792	0.28763492899318255
793	0.5370986505042897
794	0.2973257350427259
795	0.045569192937055046
797	0.08488000199374482
800	0.058899516987741804
803	0.2428783839704577
805	0.3420985293322073
806	0.049040352927460534
807	0.2600367204918357
815	0.002588838145151248
817	0.28516857392941397
820	0.04662265029835262
822	0.24204309229778634
823	0.3012923009940686
829	0.26596440778607294
831	0.04333445575339114
833	0.5573470566300349
835	0.20994234177964963
836	0.24243295115999242
839	0.5634853906003919
841	0.2793840102110702
844	0.19345475877339127
846	0.26685962829610516
849	0.03747901104308689
850	0.04001700159133008
851	0.277489442830256
852	0.29060637385198756
854	0.01278792940377188
858	0.19278119177145034
862	0.04084058083339696
864	0.5271873369987629
865	0.18808000360526078
867	0.04364456604120783
868	0.2664974735063747
869	0.2593504528219224
870	0.23922877379705562
875	0.052860902983115056
876	0.08207003201877099
877	0.2693426315024771
878	0.21489692203351934
879	0.20594928043936417
883	0.2858296206074683
884	0.20986838664624957
885	0.13405852677942667
886	0.3256504450198947
887	0.3185120257164471
889	0.29549528311156
891	0.16950348114475758
893	0.28159961192369637
894	0.3490549305390073
895	0.04179040377595911
896	0.31546391237170346
897	0.02727030113952051
899	0.10390841440459328
900	0.2833559143971388
901	0.10049351313814109
903	0.05715499558198156
907	0.2994133311713587
908	0.048091298773836395
910	0.27107681771059533
912	0.004946666356957383
913	0.006860454023274454
916	0.3136817351216202
919	0.07542202055609193
922	0.02159323757558529
924	0.27865652071956115
926	0.18271764857315137
928	0.5520560162942927
932	0.2939236076425369
933	0.2425074410556965
936	0.33765809432349636
937	0.16078072824599146
938	0.04216461940813757
939	0.19371325123523647
940	0.08963643407751173
941	0.04557194540847035
942	0.2655129391057062
0	0.0
0	0.0
0	0.0
0	0.0
0	0.0
0	0.0
0	0.0
0	0.0
0	0.0
0	0.0
0	0.0
0	0.0
0	0.0
0	0.0
0	0.0
0	0.0
0	0.0
0	0.0
0	0.0
0	0.0
0	0.0
0	0.0
0	0.0
0	0.0
0	0.0
0	0.0
0	0.0
0	0.0
0	0.0
0	0.0
0	0.0
0	0.0
0	0.0
0	0.0
0	0.0
0	0.0
0	0.0
0	0.0
0	0.0
0	0.0
0	0.0
0	0.0
0	0.0
0	0.0
0	0.0
0	0.0
0	0.0
0	0.0
0	0.0
0	0.0
0	0.0
0	0.0
0	0.0
0	0.0
0	0.0
0	0.0
0	0.0
0	0.0
0	0.0
0	0.0
0	0.0
0	0.0
0	0.0
0	0.0
0	0.0
0	0.0
0	0.0
0	0.0
0	0.0
0	0.0
0	0.0
0	0.0
0	0.0
0	0.0
0	0.0
0	0.0
0	0.0
0	0.0
0	0.0
0	0.0
0	0.0
0	0.0
0	0.0
0	0.0
0	0.0
0	0.0
0	0.0
0	0.0
0	0.0
0	0.0
0	0.0
0	0.0
0	0.0
0	0.0
0	0.0
0	0.0
0	0.0
0	0.0
0	0.0
0	0.0
0	0.0
0	0.0
0	0.0
0	0.0
0	0.0
0	0.0
0	0.0
0	0.0
0	0.0
0	0.0
0	0.0
0	0.0
0	0.0
0	0.0
0	0.0
0	0.0
0	0.0
0	0.0
0	0.0
0	0.0
0	0.0
0	0.0
0	0.0
0	0.0
0	0.0
0	0.0
0	0.0
0	0.0
0	0.0
0	0.0
0	0.0
0	0.0
0	0.0
0	0.0
0	0.0
0	0.0
0	0.0
0	0.0
0	0.0
0	0.0
0	0.0
0	0.0
0	0.0
0	0.0
0	0.0
0	0.0
0	0.0
0	0.0
0	0.0
0	0.0
0	0.0
0	0.0
0	0.0
0	0.0
0	0.0
0	0.0
0	0.0
0	0.0
0	0.0
0	0.0
0	0.0
0	0.0
0	0.0
0	0.0
0	0.0
0	0.0
0	0.0
0	0.0
0	0.0
0	0.0
0	0.0
0	0.0
0	0.0
0	0.0
0	0.0
0	0.0
0	0.0
0	0.0
0	0.0
0	0.0
0	0.0
0	0.0
0	0.0
0	0.0
0	0.0
0	0.0
0	0.0
0	0.0
0	0.0
0	0.0
0	0.0
0	0.0
0	0.0
0	0.0
0	0.0
0	0.0
0	0.0
0	0.0
0	0.0
0	0.0
0	0.0
0	0.0
0	0.0
0	0.0
0	0.0
0	0.0
0	0.0
0	0.0
0	0.0
0	0.0
0	0.0
0	0.0
0	0.0
0	0.0
0	0.0
0	0.0
0	0.0
0	0.0
0	0.0
0	0.0
0	0.0
0	0.0
0	0.0
0	0.0
0	0.0
0	0.0
0	0.0
0	0.0
0	0.0
0	0.0
0	0.0
0	0.0
0	0.0
0	0.0
0	0.0
0	0.0
0	0.0
0	0.0
0	0.0
0	0.0
0	0.0
0	0.0
0	0.0
0	0.0
0	0.0
0	0.0
0	0.0
0	0.0
0	0.0
0	0.0
0	0.0
0	0.0
0	0.0
0	0.0
0	0.0
0	0.0
0	0.0
0	0.0
0	0.0
0	0.0
0	0.0
0	0.0
0	0.0
0	0.0
0	0.0
0	0.0
0	0.0
0	0.0
0	0.0
0	0.0
0	0.0
0	0.0
0	0.0
0	0.0
0	0.0
0	0.0
0	0.0
0	0.0
0	0.0
0	0.0
0	0.0
0	0.0
0	0.0
0	0.0
0	0.0
0	0.0
0	0.0
0	0.0
0	0.0
0	0.0
0	0.0
0	0.0
0	0.0
0	0.0
0	0.0
0	0.0
0	0.0
0	0.0
0	0.0
0	0.0
0	0.0
0	0.0
0	0.0
0	0.0
0	0.0
0	0.0
0	0.0
0	0.0
0	0.0
0	0.0
0	0.0
0	0.0
0	0.0
0	0.0
0	0.0
0	0.0
0	0.0
0	0.0
0	0.0
0	0.0
0	0.0
0	0.0
0	0.0
0	0.0
0	0.0
0	0.0
0	0.0
0	0.0
0	0.0
0	0.0
0	0.0
0	0.0
0	0.0
0	0.0
0	0.0
0	0.0
0	0.0
0	0.0
0	0.0
0	0.0
0	0.0
0	0.0
0	0.0
0	0.0
0	0.0
0	0.0
0	0.0
0	0.0
0	0.0
0	0.0
0	0.0
0	0.0
0	0.0
0	0.0
0	0.0
0	0.0
0	0.0
0	0.0
0	0.0
0	0.0
0	0.0
0	0.0
0	0.0
0	0.0
0	0.0
0	0.0
0	0.0
0	0.0
0	0.0
0	0.0
0	0.0
0	0.0
0	0.0
0	0.0
0	0.0
0	0.0
0	0.0
0	0.0
0	0.0
0	0.0
0	0.0
0	0.0
0	0.0
0	0.0
0	0.0
0	0.0
0	0.0
0	0.0
0	0.0
0	0.0
0	0.0
0	0.0
0	0.0
0	0.0
0	0.0
0	0.0
0	0.0
0	0.0
0	0.0
0	0.0
0	0.0
0	0.0
0	0.0
0	0.0
0	0.0
0	0.0
0	0.0
0	0.0
0	0.0
0	0.0
0	0.0
0	0.0
0	0.0
0	0.0
0	0.0
0	0.0
0	0.0
0	0.0
0	0.0
0	0.0
0	0.0
0	0.0
0	0.0
0	0.0
0	0.0
0	0.0
0	0.0
0	0.0
0	0.0
0	0.0
0	0.0
0	0.0
0	0.0
0	0.0
0	0.0
0	0.0
0	0.0
0	0.0
0	0.0
0	0.0
0	0.0
0	0.0
0	0.0
0	0.0
0	0.0
0	0.0
0	0.0
0	0.0
0	0.0
0	0.0
0	0.0
0	0.0
0	0.0
0	0.0
0	0.0
0	0.0
0	0.0
0	0.0
0	0.0
0	0.0
0	0.0
0	0.0
0	0.0
0	0.0
0	0.0
0	0.0
0	0.0
0	0.0
0	0.0
0	0.0
0	0.0
0	0.0
0	0.0
0	0.0
0	0.0
0	0.0
0	0.0
0	0.0
0	0.0
