6	0.06685456150006451
7	0.3421748715328384
8	0.27484123654473297
11	0.6909522852234918
12	0.2846802371042486
15	0.7912375171698287
16	0.05648233841180515
17	0.1755935288538277
18	0.06953514059035282
19	0.5497802762270415
20	0.0536788122656138
22	0.26122320996083603
24	0.060076781991397
26	0.4377050618900812
27	0.45292029887310625
28	0.29134681706034704
29	0.1480386476327074
30	0.22548762908552475
32	0.28934175790886085
34	0.13457877106416555
35	0.3436438932145606
37	0.280958065693712
41	0.12865987816532545
42	0.14182260242810246
43	0.04452019988746051
44	0.09856923795744821
45	0.10431068509891483
46	0.18253059318138395
50	0.14903331319712287
51	0.1032558428112621
52	0.3037642721169944
53	0.006018875169560116
54	0.297431191266859
55	0.28752565605670893
56	0.33447780485443285
57	0.2806903757000852
60	0.06002117751088831
61	0.22674307918693473
62	0.09361370835714725
63	0.21676492130153438
64	0.004264029281675422
65	0.015389357865897239
68	0.23642948068843594
70	0.31594618619530257
71	0.4823696025822442
73	0.08632542439458404
76	0.4882939402255412
77	0.3624993191323216
78	0.029196862002215183
79	0.2897585856740922
80	0.48181030452556095
81	0.31949304360834313
82	0.012216984383219387
84	0.2916374151309154
85	0.009149784826289035
86	0.47592790692287257
87	0.10072159932126529
88	0.7070534595719958
89	0.11992228180982957
92	0.2761614530015024
93	0.14948810640231944
95	0.5573916341891129
96	0.2501349368313902
97	0.05794631366795337
99	0.3111019705529976
100	0.06056790479211031
101	0.0900107133666608
102	0.27594662934419084
103	0.4303028088294638
106	0.05638539086179191
108	0.14725099686553875
109	0.13264304440287697
110	0.30692418768249935
114	0.04850824824038629
115	0.007576612654763511
117	0.5240345999447606
118	0.3267839065402606
119	0.2999008083044514
120	0.3149282364702005
121	0.11613098199673369
122	0.16251131826260592
123	0.11443931486640636
125	0.07447471653240881
128	0.29205418270327693
129	0.2794478731017878
130	0.4349636108113748
131	0.4575680288296899
133	0.5420644228846189
134	0.5203472022978425
135	0.18728398478343233
136	0.24375790077204787
139	0.27866426419097845
140	0.010323290082369072
142	0.2902380745662039
144	0.44922309892225604
146	0.2897641366498602
147	0.7224761568492234
149	0.26768396837714736
150	0.02374356718944887
151	0.09792030313428292
152	0.32823786168830216
154	0.2906369174598716
155	0.14282886269270192
156	0.24443074495576667
157	0.3110551216461131
158	0.22894412328766356
159	0.044900994102035484
160	0.04917339942018623
161	0.3247817761478107
162	0.017719393344954187
163	0.16499300986900864
165	0.24989209872298715
166	0.32215475043777264
167	0.11058910803108879
168	0.3384673343708241
170	0.034799293777120766
174	0.29763387528693325
175	0.13421221218724816
176	0.41376406241812885
178	0.2921659636088262
179	0.027683578688866915
182	0.3212757254286025
183	0.12687428334210682
185	0.5112225925974415
187	0.4342190280463357
188	0.05809591845073539
189	0.3605600284654142
190	0.27622060315211916
191	0.22667819658097554
193	0.5501729875663264
194	0.3023150708663502
196	0.4093912602923201
197	0.07629505605079182
198	0.03958462842183269
201	0.07543155529867127
203	0.35382306417454534
204	0.5487252648688594
207	0.2873978632560653
208	0.11443128066841929
209	0.0076041251782082014
211	0.613850283306755
212	0.9809720497808676
215	0.5100668919894135
216	0.30994526092181035
218	0.12004497931922217
219	0.25303413585595363
223	0.23564842927707752
224	0.07573718943911768
225	0.15438716467250424
228	0.6005799247298649
229	0.25520941151919263
230	0.37666533041256756
231	0.10173349805095172
233	0.49862594048991793
234	0.05172499580878127
235	0.33631662593036
236	0.062135480924061855
240	0.24087336095686493
241	0.5715179175726626
242	0.18698945914658588
243	0.4567232891186548
246	0.2942497802876668
247	0.4840532384577777
249	0.2502953748589741
250	0.21124233344592983
251	0.48500135969076164
252	0.5211052015231747
253	0.31898377271844125
254	0.31226261974240355
256	0.110735384396695
257	0.24915153705075896
258	0.518492725976381
260	0.3102555848003722
261	0.4843813513513724
262	0.18304213863014515
263	0.22155708408387834
266	0.26301300827351753
267	0.03072206427994495
268	0.07475983515302041
270	0.2991173255397365
271	0.05933124313157796
273	0.4492438174010486
275	0.27616306800094087
276	0.2608993171337389
277	0.12678055688518922
278	0.27147433965675966
279	0.025328095009428012
280	0.1860954063145223
281	0.06578344314062069
282	0.1678481707063588
289	0.17452856064568126
290	0.03530364683844345
292	0.040241530176206214
293	0.0543672439405929
294	0.5522698479621365
295	0.4576243602897245
296	0.07062945879558871
298	0.10540259069494595
299	0.0753255202328618
300	0.039281985843894016
301	0.06580916232093265
302	0.12576246482765713
304	0.38466756991431167
306	0.44655515157282566
310	0.11106595416678339
314	0.11476241363765888
316	0.438477870096692
318	0.21812966038922718
320	0.07280092840779424
322	0.04974351277525636
323	0.13325335924187023
324	0.2626850173591405
325	0.2693778891486718
327	0.010554397028224811
328	0.09490943345585046
329	0.039879119724980115
330	0.33142067061664815
334	0.12339368213417856
336	0.0784260680148057
337	0.5478662963845902
341	0.17426534142774436
343	0.3063810177372793
345	0.03403277339922208
346	0.10729383256768579
347	0.052371102931974375
348	0.08924356990811369
349	0.4907506325179773
350	0.19816300103486867
352	0.33154204645099067
353	0.46469622947529615
355	0.1553836752137508
357	0.5346234226596939
358	0.22420183433054805
359	0.4645300842755629
360	0.032259269181996654
361	0.044288443848793435
362	0.05452541663155915
363	0.1229095850758009
366	0.1744351425917815
367	0.10069088368347387
368	0.3058666968131105
369	0.32744029114719586
371	0.5546528276322246
373	0.26092445916989915
374	0.026166856398011383
376	0.05613544211767172
378	0.052696907550508765
382	0.17578753867112196
383	0.305093417936158
384	0.14742691977606381
386	0.07228537443276457
387	0.11315541422231795
392	0.19935519360238563
393	0.06713213981722027
394	0.25991724824485923
395	0.25932526795786703
396	0.1750174996091774
397	0.13294341473860607
399	0.11098466801590742
400	0.18113772070687362
403	0.11491064591697664
404	0.20122418116704066
406	0.1147197821196414
409	0.04373717337574246
410	0.5231344835183064
413	0.277344341440169
414	0.20704939977502126
415	0.1608238596397868
416	0.027923587067423365
417	0.08474317873318656
419	0.2643488862791458
420	0.06029502777722698
422	0.7590962632467463
423	0.33838507864571676
426	0.2672417168783535
429	0.06902274341810649
430	0.0031632047404749584
431	0.267823928489825
432	0.3001061870828285
433	0.14999648727788387
434	0.4891579753787212
435	0.07828458212050088
436	0.017389833001692397
437	0.4482467937432918
438	0.0027515395662888013
439	0.20273877334937737
440	0.04096005420600525
441	0.32711207047027707
442	0.02362596279055989
443	0.28773342061519813
445	0.08063961850202983
449	0.5516971907390884
450	0.28237269685963307
452	0.12957677935114237
453	0.5324771008650546
454	0.33926998534558894
455	0.15244982385334438
456	0.2636656393776733
457	0.05294551416280265
460	0.04138172418965258
461	0.0036517297362548343
466	0.08427929175364578
467	0.0011662683202162093
468	0.28168471252155547
470	0.2881453562979794
472	0.08490663437177487
474	0.06301958133716129
477	0.17016487624245122
478	0.2078204414138498
479	0.03967900055125063
481	0.05056918512705267
482	0.08154792229857899
483	0.46314224630335116
484	0.29147282646211714
487	0.2715355797120489
488	0.05834597458086269
495	0.3182362083906419
496	0.29551408481006963
497	0.27572322935488486
501	0.051773491300771024
502	0.08883539131132527
503	0.3688752553407854
504	0.06231018866294714
505	0.09276084564244857
508	0.2512747111529115
509	4.85722573273506e-17
511	0.5325630173714523
513	0.10298665342890798
514	0.10397350103758692
517	0.09902630409890173
519	0.30643785346959096
520	0.32069416419772195
521	0.042856549125509624
524	0.0867717912923411
525	0.3573807813223441
528	0.10043531405842902
530	0.16332178837775116
531	0.26865223722341414
532	0.05008177468372297
535	0.07231382281435156
536	0.07154335615233415
537	0.2597691198063929
538	0.3423646962048932
539	0.21643821966599602
540	0.06597688326264617
544	0.2264063919168316
545	0.3262414436953979
546	0.09252394590660934
549	0.06909058422590485
550	0.09637438179949917
552	0.2818089899443465
554	0.28656885186202796
555	0.13637527558837784
556	0.06904013584109284
557	0.5448241833218941
558	0.14235396112366347
559	0.048882140608273256
561	0.028176044766090952
562	0.006912797784159368
563	0.3011382439811167
564	0.5360823737698355
565	0.059032284723058645
568	0.1386142386279572
569	0.1131175061100902
573	0.04706840401226633
574	0.04858924605194628
575	0.01564975885539721
577	0.06749202284867775
578	0.06767555344418061
579	4.163336342344337e-17
580	0.034475272116413914
582	0.06778910278278419
583	0.042675727313545235
584	0.5949529992712952
586	0.06482076441027518
588	0.060337686357273615
589	0.0509214388935912
590	0.27486786645372013
592	0.05200012352620489
593	0.3268081262243573
594	0.04430221478684938
595	0.011947171575095415
596	0.09002796986490724
598	0.5055866361096455
599	0.20744681149993077
600	0.07181843565413074
601	0.055415357677497536
602	0.09201794404313388
605	0.2876887109125524
607	0.05233870526238112
609	0.06830607124487668
610	0.33761302891268524
611	0.05228792400808735
613	0.029759518678111746
614	0.2957351014199817
616	0.2609493281718208
620	0.34395095458861996
621	0.04929462829566922
622	0.2688627731128967
624	0.2217750976374484
625	0.11478736112784421
626	0.2405164983670864
629	0.5748758297894453
632	0.12209497979742548
633	0.07991868457847653
634	0.1365974602127144
637	0.3427372101047704
638	0.04054189179806443
640	0.049244375744058363
641	0.06845141465516782
642	0.10618797601621066
643	0.11663636380291989
644	0.07792700292318205
645	0.05605510653528119
646	0.2652856515034698
647	0.10529755884016434
651	0.04274269021901603
655	0.3253552090323703
656	0.09121832582887039
657	0.7184019130937123
659	0.05796281803719484
660	0.2958725982145442
662	0.1515473601250408
663	0.0668381000201925
665	0.23412181677681446
666	0.05767170049794481
667	0.08735398609166722
668	0.0025653431449385693
671	0.2552022662616996
672	0.26471399696068243
673	0.30975125456109665
674	0.25452708809943136
675	0.4126671586170547
678	0.09989452205392384
679	0.28970234810398643
680	0.30161052445312564
681	0.35235830616435815
683	0.06943586253120615
684	0.08680029202554346
687	0.16807190269065894
688	0.20109778864016037
689	0.057348787193482104
690	0.0013677117491256094
691	0.26750629947553084
692	0.04335781834595005
694	0.1271096345280714
696	0.039716020078853234
697	0.24958235124444728
698	0.05109733231045195
700	0.3246299647220767
701	0.2786155940258204
702	0.019769349308277385
705	0.09026417887566257
706	0.03578989695393048
708	0.09737950088059064
709	0.07025923452182137
712	0.07418140959752481
715	0.5371993487289144
716	0.2523304078313267
717	0.20492387797501385
719	0.03872363367988528
720	0.07323029057950028
721	0.11918280743680712
722	0.5364883684668202
723	0.051331055871388344
725	0.25302946107871954
726	0.3447112305365481
727	0.055547616045773435
728	0.025554372044451434
730	0.1849053359682896
731	0.15215776764652744
732	0.13716080813247922
733	0.057989561086321806
734	0.11017619384624644
735	0.11311750611009022
736	0.5093329227573009
737	0.2696508817225357
738	0.25120586433338904
741	0.04227472746557501
742	0.20263345675944808
746	0.10794245696902838
749	0.07486407941562093
750	0.3268794211025759
751	0.13841354570715925
755	0.3234349838115764
756	0.06505922406585113
757	0.303039064739935
758	0.026543803687846625
759	0.015502083769199617
760	0.1833136298601513
764	0.1113585919261269
765	0.7210670727107062
766	0.06587227301923002
767	0.1869192306411515
769	0.7241600597365507
770	0.2019132288638478
771	0.24882849657747613
772	0.042324457636548754
773	0.06711264861432363
774	0.16998172036358078
776	0.07792355570365439
777	0.17989867078325464
780	0.35356749105528934
784	0.003059297865299501
786	0.579568543355576
787	0.3125524576746856
788	0.5381730537512859
791	0.0503804506875479
792	0.34090129291068416
793	0.28679077462924235
794	0.1442450633481898
797	0.022307374626177635
799	0.18031513806829857
801	0.1586460287835081
803	0.08387907197406552
804	0.08141597364488304
807	0.2991853970354092
808	0.13150361472667463
810	0.05042264211655523
813	0.0240328862107091
815	0.2805199317159317
817	0.22162326218917622
818	0.014403637763404739
823	0.2888967188055517
826	0.2410388100825242
828	0.025967284027089532
830	0.2526436936574462
831	0.306657595257639
832	0.3040689349441398
834	0.07818732378601698
835	0.03935692148985341
837	0.2799898526944227
838	0.20881122913288008
839	0.11813225108974285
840	0.07555866184150206
841	0.035767479830561694
842	0.14010078850934082
844	0.2745856406715106
848	0.19703238990385247
849	0.11311750611009022
850	0.0748256851231314
851	0.06793286388741149
852	0.3293564958773916
857	0.5563681395073987
858	0.25108179930323177
859	0.1714053022631437
860	0.25940204097353287
861	0.4086356242805017
862	0.2865898384623925
866	0.2966993501230918
867	0.03273721923641043
868	0.06299587548615213
869	0.3989091308817083
870	0.355256395960491
872	0.06765187785152317
874	0.05009290132170557
875	0.11944200892387015
876	0.2798248655751193
877	0.3175489490178578
878	0.06363435526068896
879	0.43632233398938614
880	0.049219933013906744
881	0.08329324976298286
882	0.05432348554870495
887	0.038670749789813066
888	0.45852931531912317
889	0.05614392603021881
890	0.02044789545470929
891	0.4366714513613906
892	0.06470666414161619
893	0.3377607926150658
894	0.24845630278934858
895	0.35815921888956964
896	0.0588137922595495
897	0.11530036446157066
900	0.025863056731625048
902	0.7872179241423026
903	0.29391492295698385
904	0.13660942754251446
906	0.5386621978771673
907	0.009234964014497117
908	0.5581010704054064
909	0.44655227510665274
910	0.4176516572041812
912	0.47415523446775215
914	0.09782125104370248
915	0.4987430886533067
916	0.22119032105621433
917	0.1929056052775248
919	0.22585804076822885
921	0.059339675361803124
922	0.07528174855510125
923	0.26838523999930913
924	0.13742677552540403
926	0.2265091322542956
928	0.1977898680142931
930	0.4696541587670143
931	0.19659509159451052
932	0.04657228857882057
933	0.06461082807389035
935	0.2899569745397316
936	0.28140012426603134
939	0.5167632181138045
941	0.522135917610329
942	0.04966104927555964
0	0.0
0	0.0
0	0.0
0	0.0
0	0.0
0	0.0
0	0.0
0	0.0
0	0.0
0	0.0
0	0.0
0	0.0
0	0.0
0	0.0
0	0.0
0	0.0
0	0.0
0	0.0
0	0.0
0	0.0
0	0.0
0	0.0
0	0.0
0	0.0
0	0.0
0	0.0
0	0.0
0	0.0
0	0.0
0	0.0
0	0.0
0	0.0
0	0.0
0	0.0
0	0.0
0	0.0
0	0.0
0	0.0
0	0.0
0	0.0
0	0.0
0	0.0
0	0.0
0	0.0
0	0.0
0	0.0
0	0.0
0	0.0
0	0.0
0	0.0
0	0.0
0	0.0
0	0.0
0	0.0
0	0.0
0	0.0
0	0.0
0	0.0
0	0.0
0	0.0
0	0.0
0	0.0
0	0.0
0	0.0
0	0.0
0	0.0
0	0.0
0	0.0
0	0.0
0	0.0
0	0.0
0	0.0
0	0.0
0	0.0
0	0.0
0	0.0
0	0.0
0	0.0
0	0.0
0	0.0
0	0.0
0	0.0
0	0.0
0	0.0
0	0.0
0	0.0
0	0.0
0	0.0
0	0.0
0	0.0
0	0.0
0	0.0
0	0.0
0	0.0
0	0.0
0	0.0
0	0.0
0	0.0
0	0.0
0	0.0
0	0.0
0	0.0
0	0.0
0	0.0
0	0.0
0	0.0
0	0.0
0	0.0
0	0.0
0	0.0
0	0.0
0	0.0
0	0.0
0	0.0
0	0.0
0	0.0
0	0.0
0	0.0
0	0.0
0	0.0
0	0.0
0	0.0
0	0.0
0	0.0
0	0.0
0	0.0
0	0.0
0	0.0
0	0.0
0	0.0
0	0.0
0	0.0
0	0.0
0	0.0
0	0.0
0	0.0
0	0.0
0	0.0
0	0.0
0	0.0
0	0.0
0	0.0
0	0.0
0	0.0
0	0.0
0	0.0
0	0.0
0	0.0
0	0.0
0	0.0
0	0.0
0	0.0
0	0.0
0	0.0
0	0.0
0	0.0
0	0.0
0	0.0
0	0.0
0	0.0
0	0.0
0	0.0
0	0.0
0	0.0
0	0.0
0	0.0
0	0.0
0	0.0
0	0.0
0	0.0
0	0.0
0	0.0
0	0.0
0	0.0
0	0.0
0	0.0
0	0.0
0	0.0
0	0.0
0	0.0
0	0.0
0	0.0
0	0.0
0	0.0
0	0.0
0	0.0
0	0.0
0	0.0
0	0.0
0	0.0
0	0.0
0	0.0
0	0.0
0	0.0
0	0.0
0	0.0
0	0.0
0	0.0
0	0.0
0	0.0
0	0.0
0	0.0
0	0.0
0	0.0
0	0.0
0	0.0
0	0.0
0	0.0
0	0.0
0	0.0
0	0.0
0	0.0
0	0.0
0	0.0
0	0.0
0	0.0
0	0.0
0	0.0
0	0.0
0	0.0
0	0.0
0	0.0
0	0.0
0	0.0
0	0.0
0	0.0
0	0.0
0	0.0
0	0.0
0	0.0
0	0.0
0	0.0
0	0.0
0	0.0
0	0.0
0	0.0
0	0.0
0	0.0
0	0.0
0	0.0
0	0.0
0	0.0
0	0.0
0	0.0
0	0.0
0	0.0
0	0.0
0	0.0
0	0.0
0	0.0
0	0.0
0	0.0
0	0.0
0	0.0
0	0.0
0	0.0
0	0.0
0	0.0
0	0.0
0	0.0
0	0.0
0	0.0
0	0.0
0	0.0
0	0.0
0	0.0
0	0.0
0	0.0
0	0.0
0	0.0
0	0.0
0	0.0
0	0.0
0	0.0
0	0.0
0	0.0
0	0.0
0	0.0
0	0.0
0	0.0
0	0.0
0	0.0
0	0.0
0	0.0
0	0.0
0	0.0
0	0.0
0	0.0
0	0.0
0	0.0
0	0.0
0	0.0
0	0.0
0	0.0
0	0.0
0	0.0
0	0.0
0	0.0
0	0.0
0	0.0
0	0.0
0	0.0
0	0.0
0	0.0
0	0.0
0	0.0
0	0.0
0	0.0
0	0.0
0	0.0
0	0.0
0	0.0
0	0.0
0	0.0
0	0.0
0	0.0
0	0.0
0	0.0
0	0.0
0	0.0
0	0.0
0	0.0
0	0.0
0	0.0
0	0.0
0	0.0
0	0.0
0	0.0
0	0.0
0	0.0
0	0.0
0	0.0
0	0.0
0	0.0
0	0.0
0	0.0
0	0.0
