1	0.009808433274552893
5	0.19058859360848623
7	0.03538783306968757
8	0.013853451707145636
9	0.26282617047780954
10	0.002858414625232862
11	0.3423662000400139
12	0.00901431520018351
15	0.2549219143738975
16	0.2946868648913199
17	0.056972527667404585
20	0.016661361863614218
25	0.03923695038294357
30	0.5345929224774703
31	0.033142920403000056
32	0.23381644661885576
33	0.2672334144284805
35	0.22056312530093083
36	0.7589341963268526
38	0.020923111664024906
40	0.024372485489574824
41	0.4969757617127689
42	0.008197357183450767
44	0.23264765104545285
45	0.23404185445374048
46	0.01211496073132131
48	0.24840246986170553
51	0.25726228118031935
52	0.5097764829696141
53	0.2362018617495708
55	0.011017071054857813
56	0.028111093636108656
57	0.028936779849242273
59	0.016757179176445668
60	0.019646814135360985
61	0.20976030320224143
62	0.2640663600132881
64	0.040180502175688027
65	0.5227560625834484
66	0.00012714558682844906
67	0.023415029422736176
68	0.062263852701775736
69	0.03332257947547143
72	0.03193828079721525
75	0.21538910897024255
78	0.488131822172585
81	0.26266912034247103
83	0.4905946007723919
86	0.06873514862824168
87	0.031737437983821684
89	0.26989167303877815
90	0.033506406401885604
91	0.24132615402035323
93	0.17718598366370858
95	0.03159875385494018
96	0.5454958477643368
97	0.5285242228955757
99	0.27421772113826753
100	0.03260290542725722
101	0.21732369229894963
104	0.16634043958037373
106	0.25974417107648334
109	0.5349296459004593
110	0.035427146374956274
111	0.2513335570779268
113	0.015123663682476036
114	0.007356960411805093
115	0.05650960523459035
117	0.018837577694762346
118	0.2636919557589585
120	0.045456797987364496
121	0.28424675711110364
122	0.2441368246274488
123	0.026601937354035335
124	0.0016702445301791033
125	0.4823341318607873
126	0.26241001015353616
127	0.2661284536930587
128	0.004352979545528983
130	0.03079771493812339
131	0.009098271659919097
133	0.2874653828753032
134	0.04327546231520432
137	0.2638534083487942
138	0.219383682792329
140	0.2637670540904887
141	0.26546700124375344
143	0.24586940578151428
144	0.07103231514358616
146	0.34278893124058096
147	0.07515035829258235
148	0.013406579985648731
150	0.03281708157488473
151	0.24796962824901753
152	0.26799229911145095
153	0.017973964856671888
159	0.25322118883282035
162	0.0284464318286713
163	0.04186382400870232
164	0.0033851211062305916
166	0.040299753316844183
168	0.23995074721450713
169	0.24577688892050578
170	0.2780274921627824
171	0.01811463020929471
172	0.06123166371818495
175	0.2695906925598901
178	0.03094016461481018
179	0.0348800812380436
180	0.24587590991844793
184	0.023909554316042806
185	0.5438893801094636
186	0.021439549391089344
187	0.26008164378734105
188	0.014906738484630998
189	0.3021289774084554
196	0.047939832383343775
197	0.19562001162010384
199	0.03052705173260232
201	0.30810097082004007
202	0.2616725585679698
203	0.00037013054534137946
205	0.1383722222711396
206	0.3278682627430675
209	0.024962726727213794
211	0.33284638424843127
212	0.003842558702794447
219	0.005427867936210695
223	0.25891369840950595
228	0.2206810179276169
230	0.3055650704175445
231	0.2239248247485063
232	0.248710086354787
238	0.22769137711235374
239	0.0039303055778532395
242	0.036451921334951676
243	0.07560699134130253
245	0.2450201836722333
248	0.02749712552568335
250	0.2517764550393163
252	0.04085875928717355
253	0.01750071470710777
254	0.22035489885334839
257	0.265801628890804
264	0.5010082511793723
265	0.0523950138009809
272	0.2335568019259753
273	0.18801267651702325
274	0.01121095445797526
275	0.25723233211179986
279	0.30601195714829327
281	0.07022727799462851
285	0.23219050637567637
286	0.0026724272804789576
287	0.22309521499578333
289	0.05001726623599258
290	0.03840928318976215
291	0.01838567210949572
294	0.06222648908603867
295	0.05976195178815609
296	0.00275042359936626
298	0.26492354747714675
301	0.007624813990733975
302	0.2302506282226248
304	0.015764706733985293
306	0.05332541407118581
307	0.27203495730351435
309	0.4850622356535479
310	0.1963359657283804
311	0.4624856387852552
312	0.004456411001588084
313	0.013385956978482324
314	0.26393890284554217
316	0.06710482425727163
317	0.0037464556638297022
322	0.024343574055832054
323	0.26525127265929943
324	0.3189332792070731
326	0.015510091993391938
329	0.012052414885437252
330	0.25890017179395036
331	0.23147485838938633
333	0.2648718998294835
334	0.05213955001824977
336	0.2610980255330915
337	0.2892806781023668
338	0.020320370538885996
340	0.23667026430962837
345	0.04946345243161797
346	0.008390674571815405
350	0.04199528780079695
354	0.038774571957330625
356	0.06237914266121185
358	0.5075929029756678
361	0.0375170033345467
363	0.257943720073992
365	0.036861358544817265
369	0.20730105986589692
371	0.0692624432065761
372	0.00521116566323801
375	0.008897911218227354
376	0.036763324510266565
382	0.043319674072264634
383	0.052719313140161025
387	0.2551944215241214
390	0.27188489656125464
393	0.23479440084202774
395	0.011301882768125361
396	0.7404451158921278
397	0.03697580036356363
399	0.020114636090874487
400	0.5347859424350879
403	0.48195570815126865
404	0.05391940732006893
407	0.03888164166508068
409	0.005364815844992016
412	0.02232598934464184
413	0.03426955505523811
415	0.027152799838253947
418	0.15659852587983
421	0.003862511436957844
422	0.04491533914285782
423	0.04578615183655456
425	0.00012835428622113426
428	0.2393110675861647
430	0.06197487221583617
431	0.0009523765608405489
434	0.3237832206539345
435	0.011617561616297283
436	0.2577378106480828
437	0.31907147821503423
438	0.2646907322534727
439	0.19959447207616735
440	0.2660609319384846
441	0.24281240003194968
445	0.3353281385440355
446	0.27438992635954557
448	0.17840523926895233
449	0.03569460103364689
451	0.26734891296924373
452	0.28073051903945134
454	0.4777153390897011
455	0.07512459716912662
458	0.006892097540528344
459	0.020645121155663894
461	0.2613360628102738
463	0.016390012314493118
465	0.028118427889361784
467	0.014184219872290182
468	0.01628788469198367
469	0.013100664581494826
471	0.46738181747670854
473	0.027147748985904774
474	0.023543196163648906
475	0.2884323796960375
476	0.22545300917333116
480	0.2892295961161137
481	0.2511965447023603
482	0.02970331303383705
483	0.04505514766200722
484	0.011285734421533512
488	0.025127072104400676
489	0.22230335725661104
490	0.021610592431576894
492	0.4576328473361944
494	0.23819532406221028
495	0.030283971686341407
501	0.5304378167137176
502	0.013460149642391932
503	0.06661627814310021
505	0.014733693055546261
507	0.26022549410217066
508	0.32376953081110393
509	0.003382899868652995
513	0.0012393710286204979
514	0.04715489577357454
515	0.5009906936145043
517	0.002901619220702825
518	0.24047099722665485
519	0.048131013741511824
523	0.2446467806772273
529	0.01603053488503378
533	0.4860828079818488
535	0.30061877664936454
536	0.03237314492940388
538	0.2454032712291655
539	0.04543187562798467
540	0.024986692372299647
542	0.026574891481035826
545	0.2930693084638495
546	0.5023995380800921
547	0.23344351634670607
548	0.20556844118265388
550	0.21440332874667073
551	0.0023876277597060583
554	0.2524648755365594
559	0.25011749899410024
562	0.26401101873580873
563	0.2314256592692746
564	0.03292537114200371
565	0.24450589930349154
568	0.05319744471517106
571	0.2702167520624123
575	0.25992038616175367
576	0.2542810408487468
578	0.030363463632639774
579	0.016347507764559163
580	0.008456190107998019
583	0.03338918235806123
584	0.2759838940977033
589	0.2831714896666319
593	0.2989579505592304
594	0.006694574125833585
596	0.2492347133708547
597	0.6920379898313943
604	0.45588166361465926
608	0.010491128751363737
609	0.11965264988971488
611	0.0013526851164333623
612	0.011149616531715562
613	0.030978493781880494
614	0.05907861469122018
615	0.2380151808677739
616	0.03195915439190699
618	0.0007054290796223855
619	0.24387497133966118
620	0.4993973570681712
623	0.451961293390104
624	0.025604305827146106
625	0.262505258440858
627	0.021394823801346094
628	0.01626514352961128
629	0.327759395623082
632	0.5016219840914878
633	0.7614048287927716
634	0.2565503034290826
635	0.025970711225439928
636	0.24361181175594127
641	0.3070473219031402
642	0.21848432563741274
644	0.2526167360417772
648	0.22755391180139392
649	0.29667608858699474
650	0.019501396615572295
651	0.009749945600405062
653	0.22065439209537174
654	0.2133479057453605
658	0.030417399619646606
659	0.05816832257300821
660	0.009993505809075993
665	0.03224634789757601
669	0.024822372372366272
670	0.003415669548897507
671	0.29971644430804634
675	0.05974949731579719
676	0.02064655975211593
678	0.028752650670327694
679	0.00807721219180171
680	0.28539343297944997
684	0.008761255150920747
688	0.2658221203675555
689	0.5045195057933952
690	0.2558827019651007
692	0.5440563389162442
694	0.5125335446762936
695	0.06073165056516179
698	0.2582910311017597
699	0.010051227518625673
700	0.281717491619649
701	0.03957200203056767
702	0.46553481760297105
703	0.26270827168544575
706	0.4819723275456549
708	0.4654366286500191
712	0.014433899115215972
713	0.0005560138212447538
714	0.49580749779898214
718	0.2720710262801582
721	0.0356008926068391
722	0.3101742590449015
723	0.29134070482393604
724	0.3278682627430675
726	0.5252979808389378
729	0.014826520693630336
730	0.30500493386717525
731	0.026637288049905148
732	0.27617433169300515
734	0.02650499323403294
735	0.2718848965612547
739	0.255249127974474
742	0.02322516300528633
744	0.02808420652089895
748	0.023285400958015037
750	0.28503860165285644
751	0.00618981043423578
752	0.2010203918322522
753	0.013412230730498846
754	0.23291052667618667
755	0.017211478101249882
757	0.011910325147777866
759	0.5026045141088836
760	0.02880564243939482
761	0.01812722447440867
762	0.4838631534224665
766	0.0018729945250982385
768	0.19910459769251554
771	0.32310166370839777
772	0.24789930967031207
775	0.23892706362823404
777	0.07257155585867323
778	0.17878133579527142
779	0.2521228320283986
780	0.30160685801482817
781	0.25138994104576834
782	0.26513777925737386
783	0.21899339342511076
784	0.022666027070861523
785	0.2775240619855458
786	0.08984125063796658
787	0.04064842575500159
788	0.006616807619712593
789	0.26284893535755843
791	0.2726527480877956
792	0.02155221803652462
793	0.041516642977446394
796	0.2425913242207697
797	0.354107259770752
798	0.010206389251153341
799	0.5175465068521031
800	0.01626514352961128
801	0.0012896089157701587
802	0.024734080412572766
806	0.0337622182999093
811	0.2641940406670228
812	0.008210765924644106
824	0.07831463525433896
825	0.4894412497242872
828	0.005776159380817485
829	0.01839530813820837
831	0.2711095476087885
834	0.2507928854807279
836	0.004166336259335858
837	0.28411141653076133
838	0.261735613481712
839	0.013377285854330956
840	0.30714010462476066
843	0.28345995065267204
845	0.07573718943911768
847	0.26892837357660593
848	0.26216312410129666
849	0.28253571960423984
853	0.2227671231433181
855	0.026767620184084878
857	0.2940892822036763
858	0.0014044921084720857
863	0.21805875007938452
867	0.0130097283175785
869	0.2782699359643099
870	0.06064461939808302
871	0.23549599583484926
872	0.014236592021637962
873	0.04976511146778341
875	0.2859043193442957
877	0.036666470923515375
881	0.00844853352039716
883	0.0036197039452838115
884	0.059632338329550366
888	0.016944756977519165
890	0.060812355957718243
893	0.03239007846921779
894	0.05327614756442514
895	0.275752044947362
897	0.021223546900483958
899	0.024317008546745254
902	0.06543644223645051
903	0.002949819454470773
908	0.049346741064271143
909	0.04420861848499922
911	0.016924271836494177
912	0.10065837798572955
919	0.034005957051650514
920	0.2572352175499647
921	0.2208832171286709
922	0.22582522586990075
924	0.07335846598759566
925	0.004762081816142474
927	0.23266248180813723
929	0.01195552949500684
931	0.03920405581963651
934	0.02123768218871392
937	0.2310024899653408
938	0.01981250245758964
940	0.041861724320703196
941	0.0301313749368567
0	0.0
0	0.0
0	0.0
0	0.0
0	0.0
0	0.0
0	0.0
0	0.0
0	0.0
0	0.0
0	0.0
0	0.0
0	0.0
0	0.0
0	0.0
0	0.0
0	0.0
0	0.0
0	0.0
0	0.0
0	0.0
0	0.0
0	0.0
0	0.0
0	0.0
0	0.0
0	0.0
0	0.0
0	0.0
0	0.0
0	0.0
0	0.0
0	0.0
0	0.0
0	0.0
0	0.0
0	0.0
0	0.0
0	0.0
0	0.0
0	0.0
0	0.0
0	0.0
0	0.0
0	0.0
0	0.0
0	0.0
0	0.0
0	0.0
0	0.0
0	0.0
0	0.0
0	0.0
0	0.0
0	0.0
0	0.0
0	0.0
0	0.0
0	0.0
0	0.0
0	0.0
0	0.0
0	0.0
0	0.0
0	0.0
0	0.0
0	0.0
0	0.0
0	0.0
0	0.0
0	0.0
0	0.0
0	0.0
0	0.0
0	0.0
0	0.0
0	0.0
0	0.0
0	0.0
0	0.0
0	0.0
0	0.0
0	0.0
0	0.0
0	0.0
0	0.0
0	0.0
0	0.0
0	0.0
0	0.0
0	0.0
0	0.0
0	0.0
0	0.0
0	0.0
0	0.0
0	0.0
0	0.0
0	0.0
0	0.0
0	0.0
0	0.0
0	0.0
0	0.0
0	0.0
0	0.0
0	0.0
0	0.0
0	0.0
0	0.0
0	0.0
0	0.0
0	0.0
0	0.0
0	0.0
0	0.0
0	0.0
0	0.0
0	0.0
0	0.0
0	0.0
0	0.0
0	0.0
0	0.0
0	0.0
0	0.0
0	0.0
0	0.0
0	0.0
0	0.0
0	0.0
0	0.0
0	0.0
0	0.0
0	0.0
0	0.0
0	0.0
0	0.0
0	0.0
0	0.0
0	0.0
0	0.0
0	0.0
0	0.0
0	0.0
0	0.0
0	0.0
0	0.0
0	0.0
0	0.0
0	0.0
0	0.0
0	0.0
0	0.0
0	0.0
0	0.0
0	0.0
0	0.0
0	0.0
0	0.0
0	0.0
0	0.0
0	0.0
0	0.0
0	0.0
0	0.0
0	0.0
0	0.0
0	0.0
0	0.0
0	0.0
0	0.0
0	0.0
0	0.0
0	0.0
0	0.0
0	0.0
0	0.0
0	0.0
0	0.0
0	0.0
0	0.0
0	0.0
0	0.0
0	0.0
0	0.0
0	0.0
0	0.0
0	0.0
0	0.0
0	0.0
0	0.0
0	0.0
0	0.0
0	0.0
0	0.0
0	0.0
0	0.0
0	0.0
0	0.0
0	0.0
0	0.0
0	0.0
0	0.0
0	0.0
0	0.0
0	0.0
0	0.0
0	0.0
0	0.0
0	0.0
0	0.0
0	0.0
0	0.0
0	0.0
0	0.0
0	0.0
0	0.0
0	0.0
0	0.0
0	0.0
0	0.0
0	0.0
0	0.0
0	0.0
0	0.0
0	0.0
0	0.0
0	0.0
0	0.0
0	0.0
0	0.0
0	0.0
0	0.0
0	0.0
0	0.0
0	0.0
0	0.0
0	0.0
0	0.0
0	0.0
0	0.0
0	0.0
0	0.0
0	0.0
0	0.0
0	0.0
0	0.0
0	0.0
0	0.0
0	0.0
0	0.0
0	0.0
0	0.0
0	0.0
0	0.0
0	0.0
0	0.0
0	0.0
0	0.0
0	0.0
0	0.0
0	0.0
0	0.0
0	0.0
0	0.0
0	0.0
0	0.0
0	0.0
0	0.0
0	0.0
0	0.0
0	0.0
0	0.0
0	0.0
0	0.0
0	0.0
0	0.0
0	0.0
0	0.0
0	0.0
0	0.0
0	0.0
0	0.0
0	0.0
0	0.0
0	0.0
0	0.0
0	0.0
0	0.0
0	0.0
0	0.0
0	0.0
0	0.0
0	0.0
0	0.0
0	0.0
0	0.0
0	0.0
0	0.0
0	0.0
0	0.0
0	0.0
0	0.0
0	0.0
0	0.0
0	0.0
0	0.0
0	0.0
0	0.0
0	0.0
0	0.0
0	0.0
0	0.0
0	0.0
0	0.0
0	0.0
0	0.0
0	0.0
0	0.0
0	0.0
0	0.0
0	0.0
0	0.0
0	0.0
0	0.0
0	0.0
0	0.0
0	0.0
0	0.0
0	0.0
0	0.0
0	0.0
0	0.0
0	0.0
0	0.0
0	0.0
0	0.0
0	0.0
0	0.0
0	0.0
0	0.0
0	0.0
0	0.0
0	0.0
0	0.0
0	0.0
0	0.0
0	0.0
0	0.0
0	0.0
0	0.0
0	0.0
0	0.0
0	0.0
0	0.0
0	0.0
0	0.0
0	0.0
0	0.0
0	0.0
0	0.0
0	0.0
0	0.0
0	0.0
0	0.0
0	0.0
0	0.0
0	0.0
0	0.0
0	0.0
0	0.0
0	0.0
0	0.0
0	0.0
0	0.0
0	0.0
0	0.0
0	0.0
0	0.0
0	0.0
0	0.0
0	0.0
0	0.0
0	0.0
0	0.0
0	0.0
0	0.0
0	0.0
0	0.0
0	0.0
0	0.0
0	0.0
0	0.0
0	0.0
0	0.0
0	0.0
0	0.0
0	0.0
0	0.0
0	0.0
0	0.0
0	0.0
0	0.0
0	0.0
0	0.0
0	0.0
0	0.0
0	0.0
0	0.0
0	0.0
0	0.0
0	0.0
0	0.0
0	0.0
0	0.0
0	0.0
0	0.0
0	0.0
0	0.0
0	0.0
0	0.0
0	0.0
0	0.0
0	0.0
0	0.0
0	0.0
0	0.0
0	0.0
0	0.0
0	0.0
0	0.0
0	0.0
0	0.0
0	0.0
0	0.0
0	0.0
0	0.0
0	0.0
0	0.0
0	0.0
0	0.0
0	0.0
0	0.0
0	0.0
0	0.0
0	0.0
0	0.0
