1	0.30759984073291874
3	0.5496204295503503
4	0.507237713787208
5	0.2793147417409696
6	0.00378943579634242
7	0.018057984955572346
8	0.24690096532788003
12	0.01598335488734273
13	0.1695972502470426
14	0.33013786428409725
15	0.27778809576547225
17	0.015939496410225587
18	0.486692370836579
22	0.4562534393479353
23	0.25253971609521575
24	0.26013399569679463
25	0.023666347115659767
26	0.3996039209288644
27	0.15717629322361928
28	0.2564996944694026
29	0.24349449907570375
30	0.04492215596002537
31	0.08150789260742147
32	0.26261361039665576
33	0.011600663833785326
34	0.7123534315936185
35	0.28299465185535005
37	0.49347025575633946
40	0.008078500617879038
42	0.017581899427310713
43	0.003934927348034606
45	0.032302853960693656
46	0.26538018493331367
47	0.22780567974756752
48	0.009232296699979391
49	0.09861642619440918
50	0.12805445104769084
51	0.029898242090263365
52	0.005944971996008578
53	0.04450437477039641
54	0.2615600566766999
55	0.254912866753189
56	0.25262746670142755
57	0.4622703156025172
58	0.5022649498965285
59	0.23929889949647817
60	0.245002996417021
62	0.5468979766555048
63	0.7936765933167743
64	0.010225792626539644
65	0.014140778934522678
66	0.0057767794937786145
67	0.23522995746395353
68	0.4420938270472035
69	0.07280700883669813
70	0.4885697894328664
71	0.24608652381741122
72	0.24109868106704568
73	0.7708926560721042
74	0.4876028574639707
75	0.03441506326398601
76	0.2629912282408696
79	0.5742672539069091
80	0.5715427550489146
81	0.015236326238661304
82	0.45880569592454606
83	0.02191106472675219
84	0.25134466749844697
85	0.0580022895853996
86	0.02425833873567771
87	0.30344124444306764
88	0.5206244206044224
89	0.020119772476714603
90	0.037744765364204784
91	0.007003526986206498
92	0.47920303201648423
94	0.30918633024604064
95	0.010697340257164411
98	0.03168364311596193
100	0.4950754432141371
101	0.015364458331994124
102	0.24021052940859056
103	0.5161043565361664
105	0.2553228142469335
106	0.28696832794704585
107	0.2572225706148395
108	0.004005062075324237
109	0.008467467886818972
110	0.25486868458692274
112	0.49165290963651215
113	0.00043771472438434295
115	0.22796274053218638
116	0.18629716930572948
117	0.4992350340720327
118	0.29772560746175397
119	0.5388759451359766
120	0.015682698600021555
121	0.32773773455696353
122	0.22737491412459648
128	0.2532065521060608
129	0.47041644407199495
131	0.489534883716602
132	0.25802308641370614
133	0.22403936387230558
134	0.199187962856073
135	0.2562406976041288
136	0.49107311514985397
138	0.2408279144763626
139	0.2739168334617587
140	0.24762266979580794
141	0.26434414091433406
142	0.5017457573777956
143	0.005918454204225265
144	0.05678326613826785
145	0.019797954399408957
147	0.21858263442119183
149	0.49174922980318003
151	0.31013559610228064
152	0.01671973956103547
153	0.347309070415392
154	0.25179582266290357
155	0.19800557093685608
156	0.24365336399691445
157	0.26719022294086686
158	0.19572014123017048
159	0.25186658839237697
160	0.516131599473279
161	0.1756512623123445
163	0.025225944892410434
164	0.23125152850085065
167	0.25672598441190597
168	0.2719329948908523
170	0.25738195072245307
171	0.0343125543196851
172	0.2360811264996305
173	0.48666391277143445
174	0.7302796188774315
176	0.25963600721582186
177	0.005933725769197651
179	0.014029792441802746
182	0.018982795607818553
183	0.20221750233446303
184	0.27390428810735085
186	0.22694854565995615
187	0.01708197927809613
188	0.24210244193721772
189	0.06673660017902153
190	0.24109497449515008
192	0.3475596636478037
193	0.2690679546144846
194	0.2608648552217467
195	0.4425671816713844
196	0.30946198158467386
197	0.00692015796833674
198	0.5672072342974439
199	0.021880115887985503
201	0.03895772685321626
204	0.5329147345980291
206	0.3216951484122779
207	0.2011014847468674
208	0.2625213944416763
209	0.06697270667165499
210	0.23613376469856415
211	0.0025634869959336795
212	0.30647412191596296
213	0.24715883389435755
214	0.01272113871663453
215	0.4521864598857326
216	0.25629198930871133
217	0.25916218808669345
218	0.26214606359329756
219	0.4686976173433765
221	0.536252468815057
222	0.35455376345738426
225	0.23442021890826392
227	0.47387869426896095
228	0.23017062958177179
229	0.22741376076380357
231	0.0364872647655565
232	0.06459742711741168
233	0.26855744993246927
234	0.23051245106217216
235	0.5369542865803802
238	0.02686367392724798
239	0.4990359865803829
240	0.4729177815967839
241	0.36348423656041073
242	0.01177336823793507
243	0.26814400275924727
244	0.24900830914875494
246	0.24572526084078863
247	0.5364968664329948
249	0.45817357386546914
252	0.4636900617206271
253	0.21801524527020305
254	0.5002017431215803
255	0.46281426898906564
257	0.4724911681010102
258	0.27003918469300975
259	0.206332105456849
260	0.490135695538633
261	0.26386046063465296
262	0.2625359039913979
263	0.2318571104735714
266	0.5082013126422327
267	0.19071343505440305
268	0.22622284932222578
269	0.3461329472517339
270	0.2297171840043666
271	0.5057201630158166
272	0.025618214643761753
273	0.05942775130863186
274	0.019317924232972516
275	0.023997200083025676
276	0.4525763735790258
277	0.24212904580648822
278	0.24239762175282392
281	0.019641160763122962
282	0.005221148639916861
284	0.21981639585607138
285	0.03105939160539735
286	0.5421916282997827
287	0.48126444935508583
288	0.2945126023919447
289	0.11439359484937044
291	0.4822652753750422
292	0.7550849469881967
293	0.1210200501054973
294	0.21890952893930526
296	0.479370290290984
297	0.30853777934108984
298	0.24693217659414346
299	0.23484773225639108
301	0.23964425709312082
302	0.26323238468588084
303	0.22591014211588253
305	0.3019876788256744
306	0.21025921812696727
308	0.2993626997729981
310	0.3454344572133458
311	0.0982041812644179
312	0.059417015248770425
313	0.011253266496373704
315	0.2775894804511312
316	0.5154010059270395
317	0.026677492604440932
318	0.23178665160100717
319	0.48857655775317455
320	0.24694784779468315
323	0.03579107113147857
325	0.2354966667326783
326	0.09843669714795662
327	0.028953578926828517
328	0.3162835260947403
329	0.23039724244009993
330	0.30729085391915884
331	0.02659947621974185
332	0.013255360849422977
333	0.2182845923629311
334	0.46298718674651734
335	0.044919195454911756
336	0.01945970492515038
337	0.014913907145457442
338	0.2251402716892988
339	0.5363085264185883
341	0.24176698698795074
342	0.0760407738952845
343	0.21757134814030915
344	0.2841787304769331
345	0.4773251332456411
346	0.49179802303896614
347	0.4566175141321587
348	0.022014448116517833
349	0.768846522818979
350	0.24498207580347015
351	0.26688243063185585
352	0.5022379589753548
353	0.524101426306057
354	0.2554128403231706
355	0.2517538389900198
356	0.030398755711043217
357	0.5066107690527658
359	0.21966618944973015
360	0.46058440908462
361	0.49365279922929556
362	0.46671979079268056
364	0.4568688502103004
366	0.25695237403481247
367	0.26071697601895805
368	0.018729044379048976
369	0.28833978103382174
372	0.23794734372214676
373	0.31031112444046877
374	0.3351315203579917
375	0.023842358638353985
376	0.23764636485802143
377	0.04115753564311009
379	0.2541103041072208
380	0.29133853848504127
381	0.06234580941131891
382	0.24012056026769824
384	0.20584417400178331
385	0.036256939873919806
386	0.4572604411318444
387	0.26562320378969967
389	0.5145975172971635
391	0.04778443434302213
392	0.2171194441264639
393	0.2369122935355919
394	0.2252153487737286
397	0.20452616707205037
399	0.2310199414379089
401	0.19432029997289155
403	0.26915206616376763
404	0.2231269664864154
406	0.28547197491884563
407	0.0002583296237616134
409	0.209538354048093
410	0.2753174021613151
411	0.2704883416263919
412	0.005289664481469253
413	0.24553580798815317
414	0.45308053107242074
415	0.4670018082499176
416	0.29805162289672166
417	0.2493241247313574
419	0.501846291851895
420	0.46724289422483145
421	0.03016494998538077
422	0.020946219598420603
423	0.24038034225126895
424	0.510804716404325
425	0.02531211714557173
426	0.4632887895468163
429	0.45826445451566344
430	0.24159465054454915
431	0.24736129093764778
432	0.48909897006253167
433	0.18939481211642162
435	0.48349759367811196
436	0.23757420853834435
437	0.2951743398324253
438	0.011795304475240017
439	0.2534126322705374
440	0.45971247846100693
441	0.027039537959851912
442	0.2053836190578463
443	0.6885698091011652
444	0.24829121953048777
447	0.32567527714775674
449	0.47955612432634465
450	0.7101477478817845
451	0.02138923305628333
452	0.2994215296998351
453	0.7555689253899293
454	0.10569568822191276
456	0.7669460867118386
457	0.31085936463193775
458	0.2817479405777207
460	0.4587168640346933
461	0.05202981816396537
462	0.24896436518535514
463	0.4917831329017052
464	0.00024500660414566305
465	0.24259040678166355
466	0.24993907641494342
467	0.34679371516778895
469	0.24304794720146633
470	0.2467951046268793
471	0.003446184699424329
472	0.2714761038445001
473	0.2721094011030745
474	0.4791249512203368
476	0.2448339169377503
477	0.007055454337319748
478	0.2628368359920028
479	0.4894145467883685
481	0.22567738482291705
482	0.24270525138642468
483	0.23355887081747798
484	0.4802249272725009
485	0.0220600940345049
486	0.5713688552866882
487	0.4739656004369635
488	0.0014692730717422373
490	0.4978040261431042
491	0.004094954904270254
492	0.26118913116900855
493	0.022193936568590658
495	0.0057861155139249665
496	0.48079473973570486
497	0.48134246031990063
498	0.07220142759586429
499	0.24469456598407482
501	0.004843745824969381
502	0.26637933551862636
504	0.5311660013431794
505	0.2588512979835713
510	0.25820598617060225
511	0.5113983330280311
512	0.012482465039365877
513	0.03837662016637085
514	0.025379898092268014
516	0.22378764813452456
517	0.029269909468610803
518	0.08532909406382225
520	0.47070432594040623
521	0.546995713917544
522	0.23339400188477172
524	0.00791964768800258
525	0.22064439697905458
526	0.06207049753351773
527	0.08500987164409818
528	0.031462988481904486
529	0.013842722438258247
530	0.24476817893423436
531	0.6835853668569556
533	0.288974914302837
534	0.021872064065276302
536	0.009645423262953163
537	0.745771637908155
538	0.2226406654706842
540	0.2460445377519739
541	0.055569709371535554
542	0.3512028408146095
543	0.019437401693401003
544	0.4022764262986992
545	0.24414725755739966
546	0.018119557658367275
547	0.20286271718878487
549	0.44454792817348304
550	0.2563292449607352
551	0.22635119000999765
552	0.49486720315881044
553	0.2310400238977579
554	0.24408841586417387
556	0.5413786020227966
557	0.2621912459472883
558	0.4879507931734395
559	0.24766315432588748
560	0.5067802864501977
561	0.4389284906415201
563	0.2634640333902043
564	0.026053824928089442
565	0.23642379883464282
566	0.46670932153251643
567	0.28092347352672786
568	0.003420852416593196
569	0.012499847696988826
570	0.45485124496696855
572	0.34266688827928665
573	0.46707104116820825
574	0.2202292490245391
575	0.019185109547803773
577	0.33269275492289
578	0.23898834489693535
579	0.20036565466854697
581	0.23154581949044895
582	0.2983855886171019
583	0.01399078420820482
584	0.02857202513175217
585	0.04040163560090339
586	0.492763906530925
587	0.0007487142241992539
588	0.3354659954835981
590	0.9939170795566437
591	0.5145786950773847
592	0.31930599056963677
593	0.005739708699101422
594	0.252882490596805
595	0.5284370601545687
596	0.273032223732102
598	0.5134609748444009
600	0.011923276989599572
601	0.7870558410212508
602	0.2949629973035394
603	0.20289778096508504
605	0.20191961888393117
606	0.04888886856837908
607	0.5330074560628647
609	0.1220170586823652
610	0.2448266238742667
611	0.4679558771345392
616	0.22932277864333925
617	0.2993152900462219
620	0.022483483452760324
621	0.22501282126911326
622	0.4732243990114566
624	0.4551195858117845
626	0.6386587408294037
627	0.25583302899581606
628	0.007677560682963474
631	0.23639914594740455
632	0.013238696121643068
634	0.23846345394451768
635	0.22849784050487773
636	0.06773505507671045
637	0.4824044188580427
639	0.2184649037631345
640	0.224422629419506
642	0.2611020185095496
643	0.053584159670398174
645	0.5522754133472342
646	0.5743658487889863
647	0.00602958190212681
649	0.014290917523115648
650	0.3134897900602185
651	0.20266846918100068
652	0.2466825707024714
653	0.24016705889954323
654	0.007034409690820708
655	0.28204740746029666
657	0.2535276663195212
658	0.20592984120265992
660	0.49861794242374746
661	0.036870488635497314
662	0.2892859761968769
663	0.26314045375066025
664	0.017401705051150653
666	0.46116500010017136
667	0.4843981502868369
670	0.023910581436744262
672	0.2888763598662754
673	0.26883405787620956
674	0.7208278681127979
675	0.4156438410848163
679	0.25387766627279396
681	0.3103877364511781
682	0.00880773616884735
684	0.3179757823968063
686	0.2527029501104662
687	0.022751697037511124
689	0.2281385566027784
691	0.46851826183744005
693	0.25728733382320407
696	0.4499850956908784
697	0.4438247384724294
699	0.24512315947018457
700	0.2951599522596614
701	0.24826976916325222
703	0.011458460994175433
705	0.2619231384916619
707	0.0005188851210790671
708	0.25019559481385556
709	0.2364704839847825
710	0.22894767572448863
711	0.5181305841081285
712	0.2474058581782118
713	0.2038968509106249
714	0.003214521529795497
715	0.24307883009100906
717	0.2362888595696541
718	0.26878455833222026
719	0.2153384549015948
720	0.4584115691855443
721	0.10271326822637786
722	0.42177332134591694
724	0.3216951484122779
725	0.7247438084178023
727	0.19793750267235635
728	0.4794673581875814
729	0.20164479374230712
731	0.24083534768121068
732	0.035012374014215114
733	0.7190749453330598
734	0.005124510561167733
735	0.29171556502555485
736	0.22313338177886907
737	0.5447394252744011
738	0.2183458791234985
739	0.015302452070684317
740	0.1989901190320717
741	0.5208883863000462
742	0.48038733115301485
743	0.4436797916049287
745	0.23534427348607811
746	0.041358350844400135
747	0.056103150494968626
748	0.28208891266248404
749	0.2473732330113217
752	0.010633845706171107
754	0.4803904494233559
755	0.21199459635192744
756	0.47998920039519577
757	0.2232315594588687
758	0.30028199805051675
762	0.007257078564388023
763	0.11957178841026334
765	0.5194428661879557
766	0.23509702479033923
768	0.2022360758411902
769	0.22704245709421578
770	0.5298491656702426
772	0.21475412808401498
773	0.3048235821433927
774	0.5595735118810965
775	0.010889976415508405
776	0.2565512035345232
778	0.02198598316903063
780	0.015280672495568658
787	0.23946362480298994
788	0.4680637954356319
789	0.21792283787337374
791	0.43771906307355485
792	0.26391277898182075
793	0.09661349250488688
794	0.5534162678312784
796	0.01892512427404915
798	0.0135967508513209
800	0.00767756068296346
801	0.2651329949094693
803	0.21970727100106924
804	0.24940345176544382
805	0.28412123519940047
807	0.769401020609226
808	0.4552245532450981
809	0.42424885297848813
810	0.4743788266679379
812	0.017055113929353896
813	0.21187575252998378
814	0.2651013833476817
815	0.24394799592631228
816	0.2767712575529254
817	0.031563410827202425
818	0.16260025119487215
819	0.22807494868717704
820	0.24801242354598643
821	0.27906079164448494
822	0.2828201986768039
823	0.29376636855774757
824	0.2772703480517301
825	0.018676776722367686
826	0.21006399175885232
828	0.45488537037209886
829	0.24362517529777472
830	0.46874972713466595
832	0.4924006748740513
833	0.03417269825279203
834	0.012262094839469932
835	0.20693403232520644
836	0.04990171454540139
837	0.2258134561739913
838	0.2384118114626233
839	0.29895962666018516
841	0.7465721937708247
842	0.19931304159292446
844	0.2784893668304556
845	0.2523304078313267
846	0.5340790595267473
847	0.23930508859702454
848	0.02223597687752375
850	0.01232617432835054
851	0.5334250925635279
852	0.2632411715361264
855	0.19650041178411368
856	0.22804404455566601
857	0.024645455379092397
858	0.43812077662816734
859	0.27524512987142435
860	0.4540297805679657
861	0.19957710186062833
862	0.2511266082638732
863	0.24831199258442518
864	0.546520617586563
865	0.5767107877368646
866	0.1047766173364324
867	0.5265266049786115
868	0.23868492661289478
869	0.032931931522150695
872	0.004036830351369879
873	0.4704427467089806
874	0.45412437808578177
875	0.0742428550561606
876	0.5568615707175769
877	0.00890266612170143
878	0.47537852364699923
879	0.5067857867951575
880	0.4680902620494182
881	0.25881383718722933
882	0.22246015678113876
886	0.05954214582826074
887	0.5231168489816198
888	0.49386447765077135
889	0.5478306951611421
891	0.4610005916228248
892	0.4549644966417976
893	0.2501999889416353
894	0.050358456204127044
895	0.033495027081272964
896	0.28867322754216385
899	0.05141752069129906
900	0.38920936501780395
902	0.009625133537069938
903	0.5199412968267239
904	0.0017784511025273134
905	0.20819514813553627
906	0.4786521384412713
907	0.2942884823638819
908	0.2965792893980144
909	0.0053967408268688725
910	0.1813613005300441
913	0.20727067484921888
915	0.26353339713070906
916	0.7635589142284989
917	0.2910436363151017
918	0.29378472437969977
919	0.297139069596968
920	0.4646149385104311
921	0.23055644727615063
923	0.7104655840747215
924	0.02971591235202634
925	0.24536491188282322
926	0.2224676282966919
927	0.25382651239268433
928	0.2928009302194597
930	0.48202266430070206
931	0.4833215296171674
932	0.5070828964566509
933	0.49437963440168553
934	0.22756866235787881
935	0.48047164497309475
936	0.7556907691874657
937	0.034952374782342366
939	0.5026365048733232
940	0.22455072138412618
941	0.4887060811010183
943	0.25176862603189554
0	0.0
0	0.0
0	0.0
0	0.0
0	0.0
0	0.0
0	0.0
0	0.0
0	0.0
0	0.0
0	0.0
0	0.0
0	0.0
0	0.0
0	0.0
0	0.0
0	0.0
0	0.0
0	0.0
0	0.0
0	0.0
0	0.0
0	0.0
0	0.0
0	0.0
0	0.0
0	0.0
0	0.0
0	0.0
0	0.0
0	0.0
0	0.0
0	0.0
0	0.0
0	0.0
0	0.0
0	0.0
0	0.0
0	0.0
0	0.0
0	0.0
0	0.0
0	0.0
0	0.0
0	0.0
0	0.0
0	0.0
0	0.0
0	0.0
0	0.0
0	0.0
0	0.0
0	0.0
0	0.0
0	0.0
0	0.0
0	0.0
0	0.0
0	0.0
0	0.0
0	0.0
0	0.0
0	0.0
0	0.0
0	0.0
0	0.0
0	0.0
0	0.0
0	0.0
0	0.0
0	0.0
0	0.0
0	0.0
0	0.0
0	0.0
0	0.0
0	0.0
0	0.0
0	0.0
0	0.0
0	0.0
0	0.0
0	0.0
0	0.0
0	0.0
0	0.0
0	0.0
0	0.0
0	0.0
0	0.0
0	0.0
0	0.0
0	0.0
0	0.0
0	0.0
0	0.0
0	0.0
0	0.0
0	0.0
0	0.0
0	0.0
0	0.0
0	0.0
0	0.0
0	0.0
0	0.0
0	0.0
0	0.0
0	0.0
0	0.0
0	0.0
0	0.0
0	0.0
0	0.0
0	0.0
0	0.0
0	0.0
0	0.0
0	0.0
0	0.0
0	0.0
0	0.0
0	0.0
0	0.0
0	0.0
0	0.0
0	0.0
0	0.0
0	0.0
0	0.0
0	0.0
0	0.0
0	0.0
0	0.0
0	0.0
0	0.0
0	0.0
0	0.0
0	0.0
0	0.0
0	0.0
0	0.0
0	0.0
0	0.0
0	0.0
0	0.0
0	0.0
0	0.0
0	0.0
0	0.0
0	0.0
0	0.0
0	0.0
0	0.0
0	0.0
0	0.0
0	0.0
0	0.0
0	0.0
0	0.0
0	0.0
0	0.0
0	0.0
0	0.0
0	0.0
0	0.0
0	0.0
0	0.0
0	0.0
0	0.0
0	0.0
0	0.0
0	0.0
0	0.0
0	0.0
0	0.0
0	0.0
0	0.0
0	0.0
0	0.0
0	0.0
0	0.0
0	0.0
0	0.0
0	0.0
0	0.0
0	0.0
0	0.0
0	0.0
0	0.0
0	0.0
0	0.0
0	0.0
0	0.0
0	0.0
0	0.0
0	0.0
0	0.0
0	0.0
0	0.0
0	0.0
0	0.0
0	0.0
0	0.0
0	0.0
0	0.0
0	0.0
0	0.0
0	0.0
0	0.0
0	0.0
0	0.0
0	0.0
0	0.0
0	0.0
