1	0.3114386318083828
2	0.06997506000281535
5	0.06522961014026799
6	0.30104189678966076
7	0.041652514208578184
8	0.03628785289761233
10	0.5394464794686726
13	0.35887960585999507
14	0.5386949600393608
18	0.044992644009279485
21	0.3515936896263362
22	0.0927100804819511
23	0.03133463722345049
24	0.030397066383071533
26	0.12826746884306722
27	3.9140598118672654e-05
28	0.01713979549491556
29	0.07087970516774336
31	0.05417899217504047
37	0.04354143176365618
38	0.30542826915024535
41	0.029560482244863885
42	0.04678338723222846
43	0.29765320294552944
44	0.09847001844826105
45	0.0768023986964479
49	0.24437766072646103
51	0.04416980060734223
54	0.24931169768429423
56	0.04483695865221291
57	0.03086100271233895
58	0.07609973932635956
59	0.26088137777292053
60	0.05801283773328797
62	0.026165436617575033
63	0.29921593047616135
69	0.23797078153348794
70	0.03958182131944805
73	0.2358899717043682
76	0.07614097998090608
77	0.05444991036015595
79	0.2826650774939649
82	0.2871650842787222
85	0.27677639194115516
87	0.26931145251205757
89	0.0017679534117371956
90	0.29575814696029645
91	0.012660734438711976
92	0.2886769015921462
94	0.32273479606700356
97	0.00017527641847246006
99	0.028587571678020618
101	0.07611334115818107
102	0.06155384834068438
109	0.016954884853792526
114	0.326759653143194
116	0.32947175498928943
118	0.022304470718727563
119	0.25594530227317785
120	0.022612806167280328
121	0.24149480433625503
123	0.2875694716604989
125	0.040840635479088915
129	0.08637873102197914
134	0.06589198022429972
136	0.06877829870860246
138	0.04997237689252816
139	0.04235310518839906
144	0.018011932652924584
145	0.3019319587287391
149	0.0799006744631083
151	0.04417555371873641
154	0.030829035770232972
156	0.0420741664043465
158	0.25645372898920654
160	0.5434728700551235
165	0.04834351028703848
167	0.32066739926462506
174	0.031929294944518266
175	0.032684185144785945
177	0.2784405170175936
178	0.28882571334193846
179	0.018748536594534376
182	0.01682508943474302
184	0.28754854584101713
188	0.31590444570483844
189	0.2745622780862459
190	0.08544191806024512
193	0.2745149926949347
194	0.050246114458521035
197	0.11666909136351011
198	0.2887645643428832
200	0.29438759348473026
207	0.32119814135901875
209	0.08129420000773142
210	0.036852916199779456
214	0.03369666578243539
216	0.07056107459590454
218	0.3308624775112914
219	0.018168566493671122
221	0.020503214186968856
222	0.32260416881632825
226	0.5510930786392689
229	0.060819145830805506
232	0.07818517609161246
233	0.020179407227114428
234	0.30005982536908105
235	0.264224174512283
236	0.5280731220362859
237	0.058888027754012175
238	0.03927322405907224
239	0.07512832711847159
240	0.07769751116175957
243	0.020207445059972802
244	0.24683288047222196
246	0.29283960964672834
247	0.012426983471830966
248	0.0800020658227128
249	0.3071636776519413
251	0.2580610081906964
252	0.030586550034630733
253	0.04501538579719656
256	0.5316427809773548
259	0.03426247705033217
263	0.008880816534355296
267	0.5649684209341557
268	0.34504890871799393
269	0.32846223954111986
271	0.5410174414084367
274	0.02094787817031661
276	0.3141415108260141
278	0.23742124656791178
280	0.04247427685704164
283	0.06554595971950597
284	0.06203444158679996
288	0.24273192518626643
292	0.23672440586008148
293	0.5705931642357023
294	0.03953097891657312
296	0.02986579974441405
297	0.269993077383417
298	0.035706196100167675
299	0.34530936057638983
301	0.04666652772266838
303	0.30126168457927505
305	0.5416537862714683
308	0.5209529109935511
310	0.05577921215293319
311	0.043913493203357044
312	0.2844439510399531
313	0.2886455456822292
314	0.03888993100707974
315	0.004533294349757626
316	0.013331612851742156
317	0.024333173546472305
320	0.310652650423035
321	0.3092980515357243
322	0.06420441366344529
323	0.03374282509955528
325	0.3033541090974072
326	0.5245935656941471
327	0.2608048236021181
328	0.5350772904679146
329	0.2961744232434797
330	0.024569952799482743
332	0.3151090624893956
334	0.2912318531585247
339	0.28949317550378995
342	0.5398680692557537
343	0.2514396662846932
344	0.3353305612664965
347	0.28421922874522165
348	0.28331989181661726
352	0.07416396972353695
359	0.02927265297278594
360	0.5555604210493668
361	0.2739425148848507
362	0.10976005313540324
363	0.3085454937994162
365	0.027235414822960553
367	0.08411013724364139
368	0.014546954005313806
370	0.030311883587002597
373	0.29400362814932474
374	0.5440994503744822
375	0.016833174122584366
378	0.5528040554395909
379	0.04393347662599407
380	0.30938845541362964
381	0.050700798129515
383	0.005715723479824582
385	0.543627103510153
386	0.05784511904442556
387	0.30404842259113635
388	0.2967936552805449
389	0.3040771259587733
390	0.03657702063459719
391	0.04639696480325589
393	0.05170820177525655
394	0.30263039404313724
395	0.34117468109655513
397	0.3152763290128644
398	0.4892405756437651
399	0.07003986264838138
401	0.07732881468027358
402	0.06405128539307045
406	0.5138245560510559
407	0.04172498426438191
408	0.05359725266189064
409	0.31819671596250476
410	0.04228445991234329
411	0.22973724840650234
414	0.06967378429407094
416	0.5692452494470207
417	0.3189800322562205
420	0.07479690349753888
421	0.06638838251605728
423	0.04583447817874358
425	0.052617670685049356
426	0.07139371116849615
427	0.004545929477779549
428	0.05096251245107925
429	0.33182664826759456
432	0.024066180122442854
433	0.11324038524307792
435	0.044845293380882945
441	0.03267976017195744
442	0.29329446521873703
443	0.037459916344875964
445	0.0011338770256618252
447	0.5686506604681186
448	0.08168797083379745
450	0.023250744388558398
452	0.043092597393521975
453	0.04726391960396609
454	0.05950342604381152
455	0.4602163207236971
456	0.2938389708382141
457	0.7761701778009742
458	0.3061375748165378
459	0.2489365030866203
460	0.04951480360212432
463	0.10594861372968169
464	0.04289100028584612
466	0.06354324435275044
467	0.2730314702671979
468	0.025820217573338154
469	0.04922781473547947
470	0.044824430589345064
472	0.0070420416695710225
474	0.052419373806220165
476	0.010499514485510196
479	0.5495965746633242
480	0.0346295966590818
481	0.06109604689860064
484	0.04397130268552171
485	0.2907702279207186
486	0.5336185021031593
487	0.2713538481233296
488	0.3076273546784518
489	0.027119823729818693
490	0.3025339867345459
491	0.07855846347420427
493	0.7192878946872545
495	0.2824222889055993
496	0.3121507060869776
497	0.03718915384362023
498	0.5373997141349467
499	0.03479344792561494
500	0.5269483791265809
502	0.04268016587601184
503	0.24516831283981322
504	0.2683753397389581
505	0.04456856950044656
506	0.7733531805199577
507	0.03355794521853095
509	0.33393816424627626
511	0.047926163448306545
512	0.28210350447993027
513	0.061473007100291105
514	0.5103160213595901
517	0.03496871428154006
519	0.05722799693735039
521	0.049675243305162486
522	0.03348045287694831
523	0.24652840281434518
524	0.5331728309928474
525	0.04450338158647256
526	0.3974015611267376
527	0.3101318079816289
528	0.5242475988525874
531	0.08757330665453489
532	0.548968255661282
533	0.023582308467928678
534	0.24270609555276915
535	0.25878747479901554
536	0.280470944819371
537	0.3094659526769796
538	0.08584369537468106
540	0.01530782520081228
541	0.49642802721943297
542	0.3090446408379832
543	0.2591348498158669
544	0.14574104162065182
548	0.1079723665419271
549	0.28797848228730194
550	0.056046272835158464
551	0.04637506955084192
553	0.3044761016125474
556	0.02464979749659956
557	0.05957421144875
560	0.31107442717828343
561	0.31320344992697585
562	0.013910658997324896
567	0.3178061818029502
568	0.04493480610030202
569	0.28250403456958245
571	0.04284742954792658
573	0.2991041856384187
574	0.25507172627357166
576	0.26850770667311263
577	0.5358296528410613
579	0.06815335385818533
580	0.023745574566617703
581	0.2606321888899249
582	0.0036297693145461926
583	0.019380654579984204
584	0.022145010912480355
585	0.07290756960677874
586	0.006540812108474202
587	0.04009857760494352
588	0.4964554094066128
589	0.02232454501381531
590	0.05118443370968978
591	0.0165035814872148
592	0.7411750504445018
593	0.005153605742221748
595	0.3132591844373429
598	0.0019575524271169195
599	0.0066818953712490595
600	0.563664716304398
601	0.09501717925687696
602	0.02085339586970463
603	0.10673241367550743
605	0.2621268205572143
606	0.7845531062851706
607	0.006861292443545879
608	0.06705326102090076
613	0.2966939766416692
614	0.0455036128371846
615	0.06591430420704564
616	0.05440564402772811
617	0.5742997484867025
618	0.2604193150595996
619	0.07288558897871869
621	0.0734463414525445
622	0.07043502482819303
623	0.07032607959153461
625	0.27906114566652557
626	0.10796108655102096
627	0.30519305499760574
628	0.03108757835926273
630	0.013663785164336605
634	0.06987637587609646
635	0.043456048124343914
637	0.31483235251327535
638	0.2569744792272016
639	0.08621721273873081
640	0.2532879663855112
641	0.017925435413105942
643	0.7670187011639544
645	0.28752804874178634
646	0.07832644227542754
647	0.27971047063806265
648	0.08147187136428842
650	0.2868051106507287
651	0.09252745838521473
653	0.054038572544205785
654	0.31614517639222356
655	0.2468064565565677
657	0.06709210413246502
658	0.0599808751805122
659	0.0660777960014756
660	0.04226386549950922
661	0.275381120151645
664	0.0515378425704415
665	0.05948215653367413
666	0.2957031731652394
668	0.3048696846506744
669	0.3076325563989447
676	0.07625501812017148
677	0.00979257428116892
678	0.014941270944749493
679	0.05137168373908235
680	0.027515699945598195
682	0.5379764254232098
683	0.28045164475038764
684	0.27289428496086787
686	0.016858390137848657
690	0.025420627761157902
691	0.038244015096201095
693	0.556943219927357
694	0.032256119834892544
696	0.30140412440662834
697	0.08236872025977449
698	0.019216911294666378
700	0.010999758854054784
704	0.09643999281476252
705	0.037921031777678665
707	0.06677137542021483
709	0.3010218933860306
710	0.0641633889622325
711	0.04594253669342063
713	0.08440268116579763
715	0.04874458330503164
716	0.056103150494968626
719	0.27942149655615833
720	0.09785923522715197
721	0.5053882964108859
727	0.35010202993683887
733	0.33684818647289905
734	0.24367859306072343
735	0.25615471164797693
736	0.04133064575276357
737	0.2727298504293927
738	0.5536219680653699
740	0.09692721006782186
741	0.5313608557027086
743	0.07118908627058765
744	0.2628930343026768
745	0.04626408364038209
746	0.5071379039868289
748	0.2745480801195304
749	0.27191992492390377
750	0.030228068950788223
751	0.2690409986351712
752	0.08326219567884646
753	0.03182220182846207
755	0.06526831660445576
756	0.01417627518758343
757	0.3045803232482641
758	0.5622046275102934
761	0.03874137115761775
762	0.04934580181800372
763	0.04597665233809713
764	0.49577903667886225
766	0.30205182371396916
767	0.042940264404865855
769	0.04770918497254477
772	0.07469579641597811
773	0.5541612338818993
774	0.4901624833398882
776	0.0845296197729606
780	0.011935124528736199
781	0.052537656656387946
782	0.014066328514966232
783	0.061463585533212996
784	0.039456448220190586
785	0.22238465987800757
786	9.192033328540156e-05
787	0.03941032557744017
788	0.09158861686055798
790	0.3187948369780354
792	0.04184488226397775
793	0.27200071800561965
795	0.06434682822697602
802	0.28466658180504717
803	0.28181023483114376
804	0.046842729601054414
805	0.5528144495073747
806	0.05689838909568945
807	0.28195092223893126
809	0.2816311091053674
811	0.018397188194236934
813	0.005312895120373758
814	0.0011437774376788432
815	0.31765544509838883
818	0.3450658469603669
819	0.06639135710656796
820	0.2512678775548763
821	0.3031885709409981
823	0.5595652247776918
826	0.3104658580006757
827	0.08002322993590055
828	0.06902841709092519
829	0.01901080535352686
830	0.3075660600948821
831	0.020870903727418386
833	0.5516320608827623
834	0.027035442439764773
835	0.3177433103971897
836	0.051969749352192667
839	0.26894354497848305
840	0.2431372685167245
841	0.312147440704908
843	0.0486305416766182
846	0.3151806608286372
849	0.01901080535352686
850	0.251012052666605
851	0.2964577125249578
852	0.2734970726037878
854	0.025689576482217688
860	0.07709463551538895
862	0.284031784527904
863	0.037264400563854216
864	0.31360014492816835
865	0.2354886741017271
867	0.3026801847742474
868	0.3174426656697292
869	0.009342703893419159
870	0.28275754887720844
871	0.08597474630037882
872	0.0316380413929816
874	0.09791165373992572
875	0.2467960315609439
876	0.06369848857465003
877	0.2735728144232538
878	0.050606193897410404
880	0.27645369666193176
881	0.08385341839416013
882	0.32289820200342395
883	0.3294996104390775
885	0.10358951350707978
886	0.5562315292690333
887	0.5262483096149986
889	0.27021666968061475
890	0.04806634242871252
892	0.08705125611481077
893	0.04628382215240839
894	0.26465511682479015
895	0.033345701758832245
896	0.5218621218245295
897	0.25240174410462274
898	0.011256760439364195
899	0.2664600282780816
900	0.13162950421991487
901	0.06817004249740563
903	0.04092090782680221
904	0.024721780145173677
907	0.03808558950217507
908	0.2912072141496757
911	0.03755878681725984
913	0.10061431880495253
915	0.10361658257376644
916	0.34037235491790685
918	0.08081069770112964
919	0.06430847168714962
922	0.3226522121132691
923	0.010542966483923721
924	0.2142864435684274
926	0.04964010915146568
928	0.01303467200856654
929	0.04727896582641015
932	0.5177980998431354
933	0.2601228928560239
934	0.06992588647193065
936	0.26960254888970314
937	0.04723663951585156
938	0.2776740428425169
940	0.04614102892742757
941	0.030057370311319727
942	0.5475713634383875
0	0.0
0	0.0
0	0.0
0	0.0
0	0.0
0	0.0
0	0.0
0	0.0
0	0.0
0	0.0
0	0.0
0	0.0
0	0.0
0	0.0
0	0.0
0	0.0
0	0.0
0	0.0
0	0.0
0	0.0
0	0.0
0	0.0
0	0.0
0	0.0
0	0.0
0	0.0
0	0.0
0	0.0
0	0.0
0	0.0
0	0.0
0	0.0
0	0.0
0	0.0
0	0.0
0	0.0
0	0.0
0	0.0
0	0.0
0	0.0
0	0.0
0	0.0
0	0.0
0	0.0
0	0.0
0	0.0
0	0.0
0	0.0
0	0.0
0	0.0
0	0.0
0	0.0
0	0.0
0	0.0
0	0.0
0	0.0
0	0.0
0	0.0
0	0.0
0	0.0
0	0.0
0	0.0
0	0.0
0	0.0
0	0.0
0	0.0
0	0.0
0	0.0
0	0.0
0	0.0
0	0.0
0	0.0
0	0.0
0	0.0
0	0.0
0	0.0
0	0.0
0	0.0
0	0.0
0	0.0
0	0.0
0	0.0
0	0.0
0	0.0
0	0.0
0	0.0
0	0.0
0	0.0
0	0.0
0	0.0
0	0.0
0	0.0
0	0.0
0	0.0
0	0.0
0	0.0
0	0.0
0	0.0
0	0.0
0	0.0
0	0.0
0	0.0
0	0.0
0	0.0
0	0.0
0	0.0
0	0.0
0	0.0
0	0.0
0	0.0
0	0.0
0	0.0
0	0.0
0	0.0
0	0.0
0	0.0
0	0.0
0	0.0
0	0.0
0	0.0
0	0.0
0	0.0
0	0.0
0	0.0
0	0.0
0	0.0
0	0.0
0	0.0
0	0.0
0	0.0
0	0.0
0	0.0
0	0.0
0	0.0
0	0.0
0	0.0
0	0.0
0	0.0
0	0.0
0	0.0
0	0.0
0	0.0
0	0.0
0	0.0
0	0.0
0	0.0
0	0.0
0	0.0
0	0.0
0	0.0
0	0.0
0	0.0
0	0.0
0	0.0
0	0.0
0	0.0
0	0.0
0	0.0
0	0.0
0	0.0
0	0.0
0	0.0
0	0.0
0	0.0
0	0.0
0	0.0
0	0.0
0	0.0
0	0.0
0	0.0
0	0.0
0	0.0
0	0.0
0	0.0
0	0.0
0	0.0
0	0.0
0	0.0
0	0.0
0	0.0
0	0.0
0	0.0
0	0.0
0	0.0
0	0.0
0	0.0
0	0.0
0	0.0
0	0.0
0	0.0
0	0.0
0	0.0
0	0.0
0	0.0
0	0.0
0	0.0
0	0.0
0	0.0
0	0.0
0	0.0
0	0.0
0	0.0
0	0.0
0	0.0
0	0.0
0	0.0
0	0.0
0	0.0
0	0.0
0	0.0
0	0.0
0	0.0
0	0.0
0	0.0
0	0.0
0	0.0
0	0.0
0	0.0
0	0.0
0	0.0
0	0.0
0	0.0
0	0.0
0	0.0
0	0.0
0	0.0
0	0.0
0	0.0
0	0.0
0	0.0
0	0.0
0	0.0
0	0.0
0	0.0
0	0.0
0	0.0
0	0.0
0	0.0
0	0.0
0	0.0
0	0.0
0	0.0
0	0.0
0	0.0
0	0.0
0	0.0
0	0.0
0	0.0
0	0.0
0	0.0
0	0.0
0	0.0
0	0.0
0	0.0
0	0.0
0	0.0
0	0.0
0	0.0
0	0.0
0	0.0
0	0.0
0	0.0
0	0.0
0	0.0
0	0.0
0	0.0
0	0.0
0	0.0
0	0.0
0	0.0
0	0.0
0	0.0
0	0.0
0	0.0
0	0.0
0	0.0
0	0.0
0	0.0
0	0.0
0	0.0
0	0.0
0	0.0
0	0.0
0	0.0
0	0.0
0	0.0
0	0.0
0	0.0
0	0.0
0	0.0
0	0.0
0	0.0
0	0.0
0	0.0
0	0.0
0	0.0
0	0.0
0	0.0
0	0.0
0	0.0
0	0.0
0	0.0
0	0.0
0	0.0
0	0.0
0	0.0
0	0.0
0	0.0
0	0.0
0	0.0
0	0.0
0	0.0
0	0.0
0	0.0
0	0.0
0	0.0
0	0.0
0	0.0
0	0.0
0	0.0
0	0.0
0	0.0
0	0.0
0	0.0
0	0.0
0	0.0
0	0.0
0	0.0
0	0.0
0	0.0
0	0.0
0	0.0
0	0.0
0	0.0
0	0.0
0	0.0
0	0.0
0	0.0
0	0.0
0	0.0
0	0.0
0	0.0
0	0.0
0	0.0
0	0.0
0	0.0
0	0.0
0	0.0
0	0.0
0	0.0
0	0.0
0	0.0
0	0.0
0	0.0
0	0.0
0	0.0
0	0.0
0	0.0
0	0.0
0	0.0
0	0.0
0	0.0
0	0.0
0	0.0
0	0.0
0	0.0
0	0.0
0	0.0
0	0.0
0	0.0
0	0.0
0	0.0
0	0.0
0	0.0
0	0.0
0	0.0
0	0.0
0	0.0
0	0.0
0	0.0
