1	0.3078464747726174
2	0.07308282281595406
5	0.2503583877920685
6	0.5385113306807553
7	0.006098218635311983
9	0.01341105187999771
10	0.7619491266520996
12	0.002053683623864655
13	0.05957980970627563
14	0.5232757233368907
18	0.27869279615906367
20	0.02816865301142633
21	0.0785576016564222
22	0.07694272748598696
23	0.31442738425026234
24	0.0413302705631677
25	0.28039360190515855
26	0.11286795460491245
27	0.19561833864364903
28	0.4787456071423811
30	0.06141646615598536
31	0.03146345891853572
33	0.5001976184804819
35	0.2848494219730205
36	0.013376189857035935
37	0.29214776463732445
39	0.2887608000898133
40	0.28102243151119954
41	0.03493921692151197
44	0.5339538877678847
45	0.2868232483501538
48	0.5183517770952992
51	0.036995573311747
52	0.007088490315213695
54	0.24915238418801325
55	0.0006566144116906501
56	0.27931293319463457
57	0.5294175133818603
59	0.5035867311732158
60	0.7603329512163813
62	0.2547226541269286
63	0.18920216766818201
64	0.002104228499104615
65	0.045067010847703134
66	0.0006095668105899933
69	0.25840504106280016
70	0.5111461145100121
71	0.20192414009839887
72	0.04027323117441631
73	0.3134548613574633
74	0.28176895876693947
78	0.0039008488963193436
80	0.01686226590841104
81	0.028483688118832735
82	0.26927657863063376
83	0.2860831318466394
84	0.008586527171179258
86	0.26518672260954135
87	0.25803953206221114
90	0.05902270339137959
91	0.7376497406286623
92	0.03375312739560975
95	0.017502448515202752
96	0.026965418220875226
97	0.27499860862765085
100	0.4992784885362092
101	0.2887348831705369
104	0.09730979348861998
105	0.3191587997627514
106	0.3161283277093053
107	0.21634791940965756
109	0.25096373646663517
110	0.26968702207450795
111	0.2932838755077547
112	0.012593052040711233
113	0.055121812974890834
114	0.32598446677392656
115	0.2733747583121303
118	0.0018589720318412661
119	0.030455680704886783
120	0.02372737578389958
121	0.08813591643560191
124	0.026028119236937784
126	0.053226751116828716
127	0.031299865615753916
128	0.02168695591385204
129	0.3273337987910547
131	0.04105841989735426
132	0.2903794732187096
136	0.31845950565645226
137	0.26014071006270134
138	0.239226600303164
139	0.2803442984656047
140	0.04773560588684134
141	0.10454445024986173
142	0.004912308377670441
143	0.29356908115148345
145	0.23814683201842723
148	0.27210774101542856
149	0.06430494817180084
150	0.013506667546602413
151	0.01599896036612075
152	0.23770421372318926
153	0.12516352431105787
154	0.037645486248733435
158	0.0030239551773777774
159	0.2756473965901249
160	0.2929653836303873
163	0.024740856213854575
164	0.2955713798059468
167	0.2424488213402404
168	0.05568478571236885
169	0.02679535205492378
170	0.30224143679098964
171	0.0148541056709846
172	0.2901380898457305
173	0.29489557800952343
174	0.24959423742111553
175	0.25304166914130694
177	0.5165453552099571
179	0.26340767794135594
182	0.030144338199953078
184	0.07080492120705253
186	0.04696306120611865
188	0.3208187906202626
189	0.22106037177099527
190	0.28946080351291237
194	0.0338547315112695
195	0.012400927425136741
197	0.0035353910446692532
199	0.032949776616949464
200	0.301837367049172
202	0.032815387669596505
203	0.07690632768449852
205	0.2001080556941301
206	0.37282261966727887
207	0.5587658130872815
210	0.5499819847938309
211	0.018668500838353096
213	0.008827044859274828
216	0.27768737437201046
217	0.25035259338132565
218	0.5485045331623947
219	0.29846950251837084
222	0.4276890642697248
224	0.013385956978482324
226	0.07289866442129073
229	0.29241904423823406
231	0.031061868818659275
232	0.31490391334202916
234	0.3167421464416535
236	1.9400936189732654e-05
238	0.2713967783329609
239	0.30184689067797876
240	0.3173010910988381
241	0.04931767536863263
243	0.09428724134213184
245	0.022371412910199128
246	0.31184337763538195
248	0.5125384872896497
249	0.01771065423046115
251	0.049582576809506826
252	0.041523666217705174
253	0.02934903505055317
254	0.29449274017321564
255	0.2510847742702472
256	0.495230223455721
257	0.032419344479069065
258	0.020973294791128878
259	0.0359734849406129
260	0.050754815164317624
264	0.27234905572337204
265	0.0083324145001193
267	0.2730053771052029
268	0.5234823871002541
269	0.0314594652389695
271	0.3056903624549079
272	0.3016723856060795
274	0.5046643280460485
275	0.00766543733084972
276	0.06733536637269864
277	0.012930122174107744
278	0.03933638208031746
281	0.43285613923138294
284	0.31440831403912667
285	0.34378247250806365
288	0.026295646935171814
289	0.34081851914711697
292	0.04859358895903544
293	0.2754094384182864
294	0.0040015611123155985
296	0.023692910257514136
297	0.5375529925721624
298	0.02438444755415449
299	0.5332136619249964
300	0.05364222312884458
301	0.0073141682562574695
302	0.315838692433313
303	0.10039776308294335
308	0.30278169815050227
309	0.2895304547052346
312	0.541488728446212
314	0.005833242450742009
316	0.11054341967494677
317	0.038277609766512205
319	0.2507395623278319
320	0.25037013690258236
322	0.5097926727427193
323	0.007909125544602654
325	0.05353697158271743
326	0.4879459025103391
328	0.037619320978332316
329	0.3046203197460154
331	0.5288089110728693
332	0.05496586255092873
334	0.2497071672359695
335	0.3007518810477601
336	0.2522054182093575
338	0.5465364055243778
339	0.05949630858380621
342	0.03215043627292589
345	0.28449050472731696
346	0.28012331192867845
347	0.008357189514190594
348	0.3025348594040376
351	0.022643388202986472
352	0.508795206573001
354	0.2869822728240621
356	0.27102227612946905
358	0.012899312753097362
359	0.0023604703781800705
360	0.048460893386663796
361	0.26732419801276297
362	0.3164917847505406
363	0.28829777659239897
364	0.31644272357622444
365	0.04796216772341879
367	0.284832526792027
368	0.0005095562826224892
369	0.024168366148437464
370	0.2853274529397561
372	0.29980035472304367
375	0.25533814639731317
376	0.24181272448577518
378	0.05224919749660228
379	0.5218260720997718
380	0.06326728715674133
381	0.03769578609518674
383	0.013394024313083716
384	0.0716488436310996
385	0.30127201455013664
387	0.5304904394028381
388	0.29910870495577196
389	0.5259302093960934
390	0.2828826333570788
393	0.03375191234519515
394	0.0729148666029172
395	0.2829630499363539
396	0.22437223311269633
397	0.29346254331394733
398	0.01712119607315328
399	0.3055277283679963
401	0.2745456569193268
403	0.055682604885022025
404	0.0802985411956871
406	0.036765333055936586
407	0.06492935925441329
408	0.48906439900503035
409	0.507331679397468
411	0.2849883666863987
412	0.011978310931999393
413	0.001825073611307803
414	0.28913478709569623
416	0.05698845888644526
417	0.06334763274183361
418	0.4367718826239862
420	0.30902061689622473
421	0.4982217738923808
423	0.030738170326590875
425	0.5285893133632804
426	0.5361367458927753
428	0.31576370625489075
429	0.317721395033315
430	0.30720512288262736
431	0.26338138913540626
432	0.030784089039044775
435	0.2595200747537475
436	0.04252509357435892
440	0.23614192826072564
441	0.015058690488464192
442	0.039113621317136714
443	0.27026063653695076
444	0.017708821674193704
446	0.5396056200742115
447	0.23612460148443415
448	0.05962621800556005
449	0.02935641424298429
450	0.0283352032340235
451	0.5413861634304463
452	0.40238515499764976
455	0.19402726365073814
456	0.281874629532515
457	0.020997834689794007
458	0.06985583276286664
459	0.2501962345545563
460	0.2876899015394299
461	0.0008762916558701719
462	0.2658756954172909
463	0.3490155926387344
464	0.057360615742496235
465	0.03603274561830706
466	0.5059227767530639
467	0.26833068326019255
469	0.5251118205147015
470	0.05106217575345816
471	0.01770047237711937
472	0.23442508226365905
474	0.3015450400787858
475	0.015501853441819733
476	0.5091745065237214
479	0.3155429159108452
480	0.024359040957855817
481	0.24708624297169587
483	0.013691567421066413
484	0.5062307722282019
485	0.34159002520730153
486	0.24156889517993527
488	0.25634218849994006
489	0.23257261168787785
490	0.5452954978601194
491	0.2957705558343342
492	0.25002390616165165
493	0.003972207485159224
494	0.05694949434375157
496	0.3111691866358889
497	0.010235577150309247
498	0.2674352810488073
499	0.5511827746610612
500	0.31054254055298863
501	0.024627064520872023
502	0.7451336975375293
504	0.2598684886379913
505	0.2836840512551078
506	0.504248114675134
507	0.27314515432790876
508	0.029287666546526658
509	0.5677805966590604
510	0.013024314672546316
511	0.28258582720229214
512	0.03239660061582142
513	0.2239705173473805
514	0.25524513243917296
515	0.27432244965768127
516	0.2521402651920583
517	0.04589331088782014
519	0.04184042841901993
522	0.02929061481867557
523	0.021362026226824406
524	0.2814794182276503
528	0.28372118278829206
529	0.03860776919865642
530	0.27636302813954017
531	0.3176932541876956
532	0.053479465806715185
533	0.2507701842226746
534	0.24725961370008556
535	0.26857109716478667
536	0.26607723522873633
537	0.05027906464791088
538	0.020550008202139966
540	0.2507722328042981
541	0.25000040332830775
542	0.07480488743247804
543	0.5417647408162555
544	0.1299562287014756
545	0.4884581861965578
547	0.31598780291442696
548	0.4905304058021959
549	0.2587301509537296
550	0.5355897078152203
552	0.005069646612924212
553	0.5384870011331234
554	0.030236650084205677
557	0.043730434490615366
559	0.2925740759688142
560	0.06154627948089861
561	0.3012075671437603
562	0.09484663480275174
563	0.0397270887713069
565	0.5159558190903974
566	0.3032161546057344
567	0.04750859865530099
568	0.49556459044829637
569	0.03350692425576146
570	0.09624642594323081
571	0.2921248495597308
572	0.0768131571951937
573	0.2899115023549479
574	0.2587917869553907
575	0.5110557691918235
576	0.010889227284700674
580	0.2668631005907869
583	0.5217777371985453
586	0.2558940012342428
587	0.5136745850078538
588	0.002378348502005599
590	0.05899203770832685
591	0.03304317771543263
592	0.011730436354852991
593	0.25236564379113435
596	0.2686834885436963
597	0.02445314522420427
599	0.0107233948206393
600	0.5379333549536305
601	0.21418384654979714
603	0.03715925477364211
605	0.034342945005783485
606	0.05076278569069194
607	0.2405047487189136
608	0.5557903340675001
609	0.018272549621150755
610	0.2300838389343711
611	0.26047247493452585
613	0.5227776738683846
615	0.2729394225000629
616	0.26215982387292497
617	0.43616651461623324
618	0.02847791980973083
619	0.5164247269883556
620	0.006775777860694554
621	0.44999564645886503
622	0.05484629589939562
623	0.21592290119955765
624	0.05021673718069605
625	0.2348472935464067
626	0.3201929834722409
627	0.5298276397936883
628	0.7637453427358188
630	0.05102904427457097
632	0.26370741910976897
633	0.23777608393879987
634	0.5116977308574276
635	0.05113270541134691
637	0.02733804585847829
638	0.48082632030922623
639	0.539069630105778
640	0.2647348327701427
641	0.04524918696041341
642	0.2550853650239423
643	0.027171649108867844
644	0.24683568703504627
645	0.521644710832907
648	0.7622052960704798
650	0.5224923915946453
651	0.5266933384548242
653	0.037660365310174665
654	0.33294416945935146
655	0.016649300947635066
656	0.23353935036528176
658	0.03991843705092611
660	0.05332475618734678
661	0.03165146356275723
663	0.23078018882780998
664	0.06700849099443201
666	0.3103960458758948
667	0.2670604392724353
668	0.08597976452250539
669	0.0482700192943032
670	0.2839669038157121
673	0.2639373526407907
674	0.003105033088105502
677	0.2649606205813197
679	0.03585920517887756
682	0.26807514138807537
683	0.023596707839737996
684	0.00982254776013922
686	0.2967102345757534
689	0.269250731539303
690	0.0417884232682882
692	0.025815685131187125
694	0.004321630874735249
695	0.0019613200037720407
696	0.5632297232947061
697	0.528838215654521
698	0.26263768142936994
699	0.260129958842827
700	0.0018569217935970883
701	0.009260318674827038
703	0.23155996031874168
704	0.2747535818080603
705	0.013667024858183843
707	0.2820842893587021
708	0.25408269663842703
710	0.2853465058982694
711	0.10004499412200325
712	0.00519643002208103
713	0.3351350041333903
714	0.4859138532076967
715	0.004973147648912671
716	0.011253266496373704
718	0.28608471454904333
719	0.5203709328681608
720	0.5493303041450185
722	0.25412855366197534
723	0.22205127208508454
724	0.37282261966727887
725	0.02872147414030423
727	0.12915591198073523
728	0.19401675894183365
729	0.042223940021565834
733	0.3239082601038939
734	0.27215047589994923
735	0.25775043600278935
737	0.030813971244882034
738	0.0873615143137404
740	0.5533447219771178
741	0.30619447460723304
743	0.08745903596489205
744	0.5760278037939017
745	0.36138438471774276
746	0.28200096867905766
747	0.2886455456822292
748	0.3038842700352168
749	0.03756092908111355
750	0.25099876552782824
751	0.04314995946580846
752	0.3306190532064614
755	0.24650773785448146
756	0.04318179812277416
757	0.3054541820200124
758	0.25624134030752355
759	0.0028500484807583368
761	0.232630410993229
762	0.4939050076539459
764	0.26090401802710483
766	0.7722192035827923
772	0.5336757546351564
773	0.06185560001348174
774	0.06565031261010763
775	0.04330644084459573
778	0.47173951426932625
781	0.26581711306902395
782	0.4877571790930031
783	0.30272422018700135
784	0.2804163271536078
785	0.22245363357453546
786	0.006676178063676801
787	0.2428256282739303
788	0.3141798671713947
789	0.26225263362761375
790	0.0908694951971254
791	0.28076460681730486
792	0.01298883069616142
796	0.5265328745965236
797	0.06998028238082829
798	0.020940725470222497
800	0.25775043600278935
801	0.053270647126318064
802	0.48925474839056554
803	0.040078499222199915
804	0.27870660617240084
805	0.013720337495725363
806	0.024985313710902384
807	0.03629732831866314
808	0.09012267955243564
809	0.5379044706588284
810	0.02503446037599987
811	0.48476966294202156
812	0.30291806426618434
813	0.498925653539964
814	0.25493942832152605
815	0.03756472394286891
818	0.5672574558052799
819	0.5343356348457537
820	0.32598969097418484
821	0.3108365322313734
822	0.058024997051257673
823	0.02294012760341449
824	0.31024077972561154
825	0.4969013133399018
826	0.5323204777723732
827	0.3044219095484528
828	0.5273402745949988
829	0.029699015565717607
830	0.3437514997540679
834	0.2652037936933091
835	0.023337660760101346
837	0.04280470844627553
840	0.28032087063032984
841	0.29002132471536496
842	0.31026196145455903
843	0.28918951770045015
846	0.5122400763926572
847	0.26140577264184733
848	0.302382419306965
849	0.001858972031841294
850	0.022580882548301342
851	0.2639700728066025
852	0.03696835224961338
853	0.3217836834655827
855	0.05853391376970022
856	0.5027842072945227
858	0.003974182897671551
859	0.0029955059701293058
860	0.2854782537733971
862	0.26659519096981854
863	0.5195405543977228
864	0.019198941648524842
865	0.14676212039422934
867	0.5182187722242957
868	0.2728159535476005
870	0.038972189632405924
871	0.08575123452927814
872	0.512488815397795
873	0.06318138526336009
874	0.3459526641866314
875	0.21116491310189378
877	0.006347006918281439
878	0.26729222237170625
880	0.5480406445685944
881	0.7641148816768831
882	0.3073379658303437
883	0.07359809038695572
886	0.27684097722731904
887	0.3049409861326501
888	0.06300519261249946
889	0.013547487062666473
890	0.2598933171212823
892	0.5462520936749344
895	0.0324479574771106
896	0.03793736255679163
897	0.03296821676608377
898	0.023242255725632047
899	0.04944275563936387
900	0.1845888054146188
901	0.0040923748291665785
902	0.010984790406376396
903	0.027617959534304085
905	0.5327547783218568
908	0.02937334442144156
911	0.27977376289269407
913	0.2895563303692712
915	0.08693107780807109
916	0.026642399769464174
918	0.2902803567765255
920	0.042944030216695996
921	0.22929533344373867
922	0.06984171352381827
923	0.27418139259484625
925	0.279580614569145
926	0.27740472410161826
927	0.4915579976250645
929	0.04742846145669524
930	0.2599837247631692
931	0.06625626777701316
932	0.32806614662065653
933	0.30347517738684265
934	0.07946986870937679
935	0.26782892255858604
936	0.02037045032152011
937	0.22768283297973033
938	0.3029603633583001
939	0.00294581346420442
940	0.056070398965869656
941	0.05776439815967119
942	0.04889321410248155
943	0.2555305130711204
0	0.0
0	0.0
0	0.0
0	0.0
0	0.0
0	0.0
0	0.0
0	0.0
0	0.0
0	0.0
0	0.0
0	0.0
0	0.0
0	0.0
0	0.0
0	0.0
0	0.0
0	0.0
0	0.0
0	0.0
0	0.0
0	0.0
0	0.0
0	0.0
0	0.0
0	0.0
0	0.0
0	0.0
0	0.0
0	0.0
0	0.0
0	0.0
0	0.0
0	0.0
0	0.0
0	0.0
0	0.0
0	0.0
0	0.0
0	0.0
0	0.0
0	0.0
0	0.0
0	0.0
0	0.0
0	0.0
0	0.0
0	0.0
0	0.0
0	0.0
0	0.0
0	0.0
0	0.0
0	0.0
0	0.0
0	0.0
0	0.0
0	0.0
0	0.0
0	0.0
0	0.0
0	0.0
0	0.0
0	0.0
0	0.0
0	0.0
0	0.0
0	0.0
0	0.0
0	0.0
0	0.0
0	0.0
0	0.0
0	0.0
0	0.0
0	0.0
0	0.0
0	0.0
0	0.0
0	0.0
0	0.0
0	0.0
0	0.0
0	0.0
0	0.0
0	0.0
0	0.0
0	0.0
0	0.0
0	0.0
0	0.0
0	0.0
0	0.0
0	0.0
0	0.0
0	0.0
0	0.0
0	0.0
0	0.0
0	0.0
0	0.0
0	0.0
0	0.0
0	0.0
0	0.0
0	0.0
0	0.0
0	0.0
0	0.0
0	0.0
0	0.0
0	0.0
0	0.0
0	0.0
0	0.0
0	0.0
0	0.0
0	0.0
0	0.0
0	0.0
0	0.0
0	0.0
0	0.0
0	0.0
0	0.0
0	0.0
0	0.0
0	0.0
0	0.0
0	0.0
0	0.0
0	0.0
0	0.0
0	0.0
0	0.0
0	0.0
0	0.0
0	0.0
0	0.0
0	0.0
0	0.0
0	0.0
0	0.0
0	0.0
0	0.0
0	0.0
0	0.0
0	0.0
0	0.0
0	0.0
0	0.0
0	0.0
0	0.0
0	0.0
0	0.0
0	0.0
0	0.0
0	0.0
0	0.0
0	0.0
0	0.0
0	0.0
0	0.0
0	0.0
0	0.0
0	0.0
0	0.0
0	0.0
0	0.0
0	0.0
0	0.0
0	0.0
0	0.0
0	0.0
0	0.0
0	0.0
0	0.0
0	0.0
0	0.0
0	0.0
0	0.0
0	0.0
0	0.0
0	0.0
0	0.0
0	0.0
0	0.0
0	0.0
0	0.0
0	0.0
0	0.0
0	0.0
0	0.0
0	0.0
0	0.0
0	0.0
0	0.0
0	0.0
0	0.0
0	0.0
0	0.0
0	0.0
0	0.0
0	0.0
0	0.0
0	0.0
0	0.0
0	0.0
0	0.0
0	0.0
0	0.0
0	0.0
0	0.0
0	0.0
0	0.0
0	0.0
0	0.0
0	0.0
0	0.0
0	0.0
0	0.0
0	0.0
0	0.0
0	0.0
0	0.0
0	0.0
0	0.0
0	0.0
0	0.0
0	0.0
0	0.0
0	0.0
0	0.0
0	0.0
0	0.0
0	0.0
0	0.0
0	0.0
0	0.0
0	0.0
0	0.0
0	0.0
0	0.0
0	0.0
0	0.0
0	0.0
0	0.0
0	0.0
0	0.0
0	0.0
0	0.0
0	0.0
0	0.0
0	0.0
0	0.0
0	0.0
0	0.0
0	0.0
0	0.0
0	0.0
0	0.0
0	0.0
0	0.0
0	0.0
0	0.0
0	0.0
0	0.0
0	0.0
0	0.0
0	0.0
0	0.0
0	0.0
0	0.0
0	0.0
0	0.0
