2	0.5010233698683056
5	0.2908338901198576
6	0.25523837712150343
8	0.28560812198740665
9	0.32373312111079644
12	0.7651257056001834
14	0.008192319149907808
15	0.28809960257823297
17	0.2479939084625553
18	0.2590546201255402
20	0.5383471165481499
22	0.2339733966584095
24	0.2500541065814814
26	0.2063796644035844
28	0.2813770685259304
29	0.04437263655640948
31	0.002212075718613059
32	0.5241963114006432
33	0.24914009233248682
34	0.199944451028584
35	0.5260450862821036
36	0.06264273628635753
37	0.259677612128035
39	0.2609431971706164
40	0.01715816918347359
41	0.29060760277779013
42	0.24364980661790905
43	0.24346987812465123
45	0.5398257495254302
46	0.29191981395449185
48	0.2424039623043427
51	0.5554765707543442
52	0.2878457776953003
53	0.489399291768668
54	0.04226322027466232
55	0.7684172545449557
56	0.024373597999035795
57	0.04330118906797656
59	0.004623009764955735
60	0.0039287110025958485
61	0.13653309293993432
63	0.012772879868163157
65	0.2368411132165462
66	0.2480552992190215
67	0.7638165857146126
68	0.5508646577461787
69	0.08155022095261857
70	0.2931417194165819
71	0.2443914996722396
73	0.037315047570956286
74	0.2337464074461639
75	0.2814555463901882
76	0.05288281239777123
78	0.3197427269975668
79	0.27112182593422596
80	0.5211116450388998
81	0.02983578914896777
82	0.2240003398192967
83	0.5083149662026636
84	0.5061279194371582
87	0.3228251070923806
88	0.30985979808635866
89	0.24743576087981078
91	0.25054963954858306
92	0.2578157806973727
95	0.269405692404437
98	0.2287570386299207
99	0.3014385659193163
100	0.47360358358517524
101	0.5246762061492549
102	0.27469799677302853
103	0.28577939319312806
106	0.45339575898273554
109	0.027723073365375155
110	0.23668820975455876
111	0.255746896070362
112	0.5068601131143087
113	0.2662225223618347
114	0.22268660057654122
117	0.5395528393326163
118	0.28257217045012156
119	0.05095680164389502
120	0.0066151819484699635
121	0.034033117837812876
122	0.30385554027364997
123	0.20611592267026968
124	0.015008926900175978
125	0.2513647771616299
126	0.2571565292174758
127	0.27065829985693685
128	0.7740682395884384
129	0.24577758034383104
131	0.2690437311947361
133	0.49565369609435567
134	0.2697048536333837
135	0.25277225480271986
136	0.02157628934816206
137	0.5245966656215072
138	0.24125071382943453
139	0.2593884468244342
140	0.018056781672768526
141	0.48761161851932117
142	0.3036902294055731
143	0.47431692627044003
145	0.4568090591968016
146	0.22021406064920063
147	0.3100352096207929
148	0.27241255831398586
149	0.5042490445863996
150	0.29797433635463777
151	0.0227599185530154
152	0.5088917774640538
153	0.33578257753972024
154	0.5011630016159657
155	0.28548474983070515
156	0.2540990296237005
157	0.5468659876969676
158	0.0011654723535482886
159	0.4775276297812578
160	0.22166188847518456
161	0.21199045689378435
162	0.20777742494030033
163	0.19026241934976446
164	0.22773349199083864
165	0.010386726192356987
166	0.34774769814414275
167	0.4850664333501484
168	0.2527150599526966
169	0.290079319021176
170	0.479839828106261
171	0.2255728408158974
172	0.25403073355167216
173	0.23739844215599715
174	0.2977750619950931
175	0.01982146214601827
176	0.24204329382417494
177	0.48445863844667
178	0.026979240968871623
179	0.03878875753688231
180	0.23903238203153593
182	0.2808240174809798
183	0.2011749586715405
185	0.24228512376672035
186	0.22051092225726862
187	0.2911703361448555
188	0.02369361011823673
190	0.2570843521876139
191	0.4617181297826412
192	0.03234140115896179
193	0.054867378945083714
194	0.27505848819467255
195	0.034512846634869164
197	0.48640183801030373
199	0.2724991295485475
202	0.10583261880332398
204	0.4951378517892485
205	0.1546623339390102
208	0.3204208274714314
212	0.10238224326766214
213	0.2530656402284759
215	0.2481441744471252
216	0.23254287874362414
217	0.047228347350397264
218	0.28543885293212423
219	0.25137222780072055
220	0.24642123278087416
221	0.24697115051995883
222	0.18991154953391254
223	0.017540708148461055
224	0.02970331303383705
225	0.018423059913231156
227	0.22509554342464633
228	0.4047674978020026
229	0.4315280934972885
230	0.2510099330734233
231	0.28028186909369823
233	0.3138664766007372
235	0.01671206438035598
238	0.04284028052740663
240	0.003138294166412023
241	0.5431187616167478
242	0.3421881871324092
244	0.03321525767584554
245	0.24888079356488993
246	0.052557607543953166
247	0.05698508082328495
248	0.23367030246258966
249	0.2447121370999088
252	0.029800325136425592
253	0.018804396575773034
254	0.2969496047209817
255	0.17566455801811595
257	0.5246139172740989
258	0.5128110726662439
260	0.2701583552509418
261	0.5289447681351473
262	0.028636041414034412
263	0.02063836858588189
264	0.049120652834009446
265	0.2273819959157055
266	0.2850170235984191
270	0.0031545319344302054
272	0.4816855509212184
273	0.27313141081469594
274	0.46150677933512757
275	0.5572321014245187
276	0.24464418033320842
277	0.2927008226881546
278	0.3020550239913938
279	0.0006833370501741036
281	0.49854310533057117
282	0.04209045037725817
283	0.23741279723977363
285	0.4318898223420354
287	0.5460189331769666
288	0.26719966973694087
289	0.34901930397920866
290	0.02804610026768021
291	0.2836638032281616
294	0.031529546352930454
296	0.5141150471209888
298	0.2637740116771914
300	0.07761402744303149
301	0.25439049730963625
302	0.056374269293799614
304	0.295761141749883
306	0.5770461241028672
309	0.4794728531715171
310	0.6018620507698025
312	0.014196723284596511
314	0.023335372254911318
316	0.00038526582742417353
317	0.5379496853051472
318	0.24967592739907035
319	0.2651225172501006
320	0.4802325858038672
322	0.26783203378013315
323	0.29241436479908284
325	0.02585035040387941
326	0.04809564048465911
328	0.047008060935416277
329	0.003250899597218842
330	0.5175366066303357
331	0.2581028781499065
332	0.49123525885350855
333	0.2940324563828719
335	0.23576166907067528
336	0.4827804469639311
337	0.019952469927570073
338	0.026305594037713362
340	0.2611635325310333
341	0.19462912870624755
346	0.7533454204971497
347	0.013365025337002526
348	0.03662773128908859
349	0.3052066515455435
350	0.017641539439657655
351	0.2255375354335384
352	0.06994685538232899
353	0.4878759345595396
357	0.4791101308427667
359	0.014465554376174299
361	0.05753442369703282
362	0.2588284710010845
363	0.027193715450174984
364	0.24237690489630073
365	0.025572829983705293
366	0.2967912640125493
367	0.513311411430063
368	0.5147578269288278
369	0.5381890272918868
372	0.26816352064255505
373	0.0023135302232091884
375	0.28982760073383856
376	0.5025869430620656
377	0.522531177386062
379	0.2323956187394745
380	0.0015241732446260627
383	0.2749878113037306
386	0.18840078672144767
388	0.24438178749080308
389	0.0084626008538897
392	0.0008961286020802914
393	0.2818418175787858
394	0.026672008184249394
396	0.24744219648898666
398	0.02598670537316472
400	0.03559926233246303
403	0.5153193328492011
410	0.32550100903820717
411	0.0183828243108444
412	0.01665916828213101
413	0.31115756247025844
414	0.019571193898095536
415	0.3134897998041615
416	0.0033531007655357575
417	0.014839435047664364
418	0.022181204587839135
419	0.7595316882321033
420	0.24195161497664544
421	0.49654181839722367
422	0.04466142070577237
423	0.23959910926921005
424	0.03098915726159869
426	0.2527856583772217
427	0.006180132300989474
428	0.011005106086111653
429	0.004642441086929183
431	0.24439882013892272
432	0.5100226963472165
434	0.27111724390497544
435	0.2628975972728012
436	0.008092974604118272
438	0.006474515264598083
439	0.3142490754670611
440	0.28374988052259253
441	0.2822915960600811
443	0.24730998104576307
444	0.19877280124679697
449	0.2470432254955129
450	0.26420999703040504
451	0.21998303005348946
453	0.25496195319905557
454	0.013743441650213573
456	0.027910579867582455
459	0.03216183576358803
460	0.003106154510210825
461	0.03628711539286998
462	0.005123142707693689
466	0.23437618344912092
469	0.4889857346259986
470	0.5370241168341134
471	0.28598957711129547
472	0.5258087380787021
473	0.7687195068759822
474	0.2649328223229338
475	0.29778321365878063
476	0.22117349439832987
477	0.23778165454173492
481	0.26177730020641193
483	0.3081377014420693
484	0.04115348885379249
487	0.2551425866488742
488	0.035921744553960154
489	0.2600659086245968
491	0.19527817068707828
492	0.5103525171898002
494	0.24546285008607954
495	0.021824141546579037
496	0.2938628704721475
497	0.49266699344832626
499	0.007318254456924425
502	0.2524033200144537
504	0.0037279461767787195
505	0.5275754960073596
507	0.012020464168190723
509	0.1810696502388383
510	0.5179274553065667
511	0.101783935284852
512	0.4964048036380134
513	0.5237325150074504
515	0.254270853771867
516	0.25946378203271003
517	0.04755498131362296
518	0.45973982624392135
519	0.043864600356695496
520	0.49717284975323556
523	0.040081133552237976
525	0.23173818985755162
527	0.21321171438758327
528	0.317198497134185
529	0.0706488948894339
530	0.017890934385209813
531	0.26193203654959984
533	0.2874348437078077
534	0.47675876131486017
536	0.2918533637295058
537	0.2352057261703118
539	0.014136976778866606
540	0.5140209193516537
541	0.0016038439714528355
544	0.4287465841582542
545	0.2443252873979533
546	0.5118113869724693
547	0.00596403157876799
549	0.0037599986545411024
550	0.03735785528348508
551	0.00856823880989592
552	0.5108685579689882
553	0.22541920683573796
554	0.5390187761958747
555	0.05128500853430888
556	0.2770635063238067
557	0.06692671607331455
558	0.28828893805729905
559	0.4954395619217843
560	0.01897755017415792
563	0.5228873481603961
564	0.04858698818407382
565	0.2547686153095496
566	0.2198209210724584
568	0.22902343670747755
569	0.0031477177497183165
570	0.2616693434076152
574	0.23276023369151755
575	0.25879216194367627
576	0.2729207485664224
577	0.02318407550243358
578	0.9971558169924702
580	0.21951375742629475
581	0.02931040564743042
582	0.27469966272335117
583	0.2425243667557484
584	0.05173370516944123
585	0.24584812619554763
586	0.4901013420758134
588	0.016192612408475297
590	0.22453974195393706
593	0.28006720210571845
594	0.7412987899466043
596	0.7542144374944426
597	0.004723352930595091
598	0.2921069330750239
601	0.2134058233208691
602	0.5497978641186455
604	0.004101885356116365
607	0.2469835318877638
609	0.3645103535357774
610	0.4789549105075317
611	0.4908691695454131
612	0.5074538655975407
616	0.29750291694839254
618	0.2792892431845629
619	0.4881917084927502
620	0.5402676050235923
622	0.2546731048788997
623	0.26518381518046796
624	0.018406629807329596
626	0.20298142846417772
627	0.013094615115282572
629	0.27081551795550174
630	0.2496465025391028
631	0.20341808161868463
632	0.0434004546924874
633	0.000868940933311857
634	0.00893097357948712
636	0.27159564580176176
637	0.03677595684160895
638	0.21792895335327744
639	0.19793574806424757
642	0.30319883982844414
644	0.5152820337334352
646	0.48699585396571526
648	0.213496055103299
651	0.4683145758001363
653	0.48903756656186986
654	0.2539191653370269
657	0.06710578149802122
660	0.2938608907321636
661	0.2730803620313799
662	0.47939620960989116
663	0.48531609555880106
667	0.23695439032180288
668	0.008847674527339585
670	0.24128837178550455
671	0.030513696272939504
672	0.5142898777890549
673	0.2589139413900063
674	0.2976627431447455
675	0.3703105917718808
676	0.24880317472589314
677	0.2396690621320999
678	0.40332504068458924
679	0.5558379957756044
680	0.030253401870676648
681	0.5158307595599794
684	0.043899767324345675
687	0.017605324022185582
688	0.045306494823814214
689	0.5207292050562894
691	0.46625606611900083
694	0.28063776405343166
695	0.3264136826800609
696	0.0006944714219389164
697	0.024099953039996996
698	0.5147688679001118
700	0.3186365813312468
701	0.2945536967434702
702	0.27569970063195826
703	0.5174065157559
705	0.7346357038139727
706	0.3097239962774479
708	0.5484730002163214
709	0.24474346911090666
712	0.9985373439032559
714	0.5098734683764653
715	0.2525209383065388
716	0.24270525138642468
717	0.006474565544024761
718	0.23908880783818054
720	0.24465105447893476
722	0.021405401615988764
723	0.7655995985757622
725	0.5054022606229862
727	0.20936990591715857
728	0.5128542000326358
729	0.2827228863555967
731	0.08218310587380152
732	0.5165482893898037
737	0.02907823621067588
738	0.022762741380946562
739	0.25117382692413953
742	0.024810612567533856
743	0.015862746928568157
745	0.0026424453116349264
746	0.06431332376073384
749	0.03318733952189017
750	0.2737940121981628
751	0.05064139862709202
752	0.0016564246990663778
754	0.5232622066806845
755	0.012326857923151559
756	0.24676000396675113
761	0.2652963187727734
762	0.2953194818415006
765	0.012759069312723158
768	0.23632348085119234
769	0.039073416524459066
772	0.022256067453246285
774	0.06912530100173984
775	0.31100177525421513
776	0.47341592123313836
778	0.2732208466982961
779	0.04217771056660876
780	0.2628000984784704
781	0.47705042929347485
783	0.2403327328484205
784	0.0059944394294277545
785	0.3231576361111311
787	0.0006286035668937248
788	0.05376599493675731
789	0.2445177024309224
790	0.017925960241688285
791	0.22591808078136416
792	0.03569903714674436
794	0.018257136214219774
796	0.2593168697013199
797	0.48119798581146767
798	0.7421952208542096
799	0.05090873167904426
801	0.2905736884137281
802	0.25455246974543627
804	0.2675466250337896
807	0.2761564874150989
808	0.018714029125452912
809	0.20836968970451428
810	0.2429725909072262
811	0.508180610522355
812	0.2692780979842473
813	0.24288543451040115
814	0.2545606751934381
815	0.033381550860691875
816	0.5176521852158229
817	0.042237379954969324
818	0.17285516656517014
819	0.4628670938721573
822	0.26986826127379065
824	0.20878099872167413
825	0.5050611221801613
826	0.014067836451776936
827	0.22832081670963103
829	0.26198300025114446
830	0.030731358780366737
831	0.0023087538507761823
832	0.7471981214802104
834	0.5319035797577876
836	0.27354596226862327
837	0.01352667444162398
838	0.05862630598775112
839	0.22600318388782886
841	0.22470911168881313
843	0.009459989599087448
844	0.5364949048115185
845	0.08154792229857899
846	0.17451910162783865
847	0.27855824045316246
849	0.035502128062396575
850	0.29021234981280136
851	0.014436882311818978
852	0.2755214783811376
853	0.20170448390488374
855	0.26874927461105164
856	0.018536850373265145
858	0.23549528026146982
859	0.2868868215497606
860	0.24132901660348033
862	0.04747131491793766
863	0.24739397959551193
864	0.22443538137080882
868	0.005502219430796353
869	0.24821147995375223
871	0.23378313265289768
872	0.2554869987517987
873	0.25805602142016576
874	0.005136824932489445
875	0.014597024817090708
876	0.5186457838136593
878	0.21808196002892843
879	0.2884666162581033
881	0.01635055670675282
884	0.2532877605981725
885	0.23922927335162697
888	0.247244656374663
889	0.25021302797673306
891	0.23868090368735823
892	0.20803008314284763
893	0.5201417460954956
895	0.05816565723265027
896	0.019038940709220034
897	0.014886529139994373
901	0.24566624666482295
902	0.009792879752065213
906	0.26581281888213526
907	0.013700559168661391
909	0.03946501478483255
911	0.013481633990506836
914	0.31122964533791436
915	0.2754083885781132
916	0.20300600588162576
917	0.25082778491759583
920	0.25155689639773954
921	0.26493610777597887
922	0.2124366872842644
923	0.2594422180514881
925	0.2535392881415722
926	0.2316423412957389
927	0.4853373943823909
930	0.25538637706344774
931	0.01785485464459181
933	0.007050124373360486
934	0.013669612750188485
935	0.5265171030167529
936	0.03426235386819729
937	0.008705072241189424
938	0.0028897304235766773
939	0.2867647364561595
941	0.06387389398793575
942	0.035855793336269835
943	0.02107513476607445
0	0.0
0	0.0
0	0.0
0	0.0
0	0.0
0	0.0
0	0.0
0	0.0
0	0.0
0	0.0
0	0.0
0	0.0
0	0.0
0	0.0
0	0.0
0	0.0
0	0.0
0	0.0
0	0.0
0	0.0
0	0.0
0	0.0
0	0.0
0	0.0
0	0.0
0	0.0
0	0.0
0	0.0
0	0.0
0	0.0
0	0.0
0	0.0
0	0.0
0	0.0
0	0.0
0	0.0
0	0.0
0	0.0
0	0.0
0	0.0
0	0.0
0	0.0
0	0.0
0	0.0
0	0.0
0	0.0
0	0.0
0	0.0
0	0.0
0	0.0
0	0.0
0	0.0
0	0.0
0	0.0
0	0.0
0	0.0
0	0.0
0	0.0
0	0.0
0	0.0
0	0.0
0	0.0
0	0.0
0	0.0
0	0.0
0	0.0
0	0.0
0	0.0
0	0.0
0	0.0
0	0.0
0	0.0
0	0.0
0	0.0
0	0.0
0	0.0
0	0.0
0	0.0
0	0.0
0	0.0
0	0.0
0	0.0
0	0.0
0	0.0
0	0.0
0	0.0
0	0.0
0	0.0
0	0.0
0	0.0
0	0.0
0	0.0
0	0.0
0	0.0
0	0.0
0	0.0
0	0.0
0	0.0
0	0.0
0	0.0
0	0.0
0	0.0
0	0.0
0	0.0
0	0.0
0	0.0
0	0.0
0	0.0
0	0.0
0	0.0
0	0.0
0	0.0
0	0.0
0	0.0
0	0.0
0	0.0
0	0.0
0	0.0
0	0.0
0	0.0
0	0.0
0	0.0
0	0.0
0	0.0
0	0.0
0	0.0
0	0.0
0	0.0
0	0.0
0	0.0
0	0.0
0	0.0
0	0.0
0	0.0
0	0.0
0	0.0
0	0.0
0	0.0
0	0.0
0	0.0
0	0.0
0	0.0
0	0.0
0	0.0
0	0.0
0	0.0
0	0.0
0	0.0
0	0.0
0	0.0
0	0.0
0	0.0
0	0.0
0	0.0
0	0.0
0	0.0
0	0.0
0	0.0
0	0.0
0	0.0
0	0.0
0	0.0
0	0.0
0	0.0
0	0.0
0	0.0
0	0.0
0	0.0
0	0.0
0	0.0
0	0.0
0	0.0
0	0.0
0	0.0
0	0.0
0	0.0
0	0.0
0	0.0
0	0.0
0	0.0
0	0.0
0	0.0
0	0.0
0	0.0
0	0.0
0	0.0
0	0.0
0	0.0
0	0.0
0	0.0
0	0.0
0	0.0
0	0.0
0	0.0
0	0.0
0	0.0
0	0.0
0	0.0
0	0.0
0	0.0
0	0.0
0	0.0
0	0.0
0	0.0
0	0.0
0	0.0
0	0.0
0	0.0
0	0.0
0	0.0
0	0.0
0	0.0
0	0.0
0	0.0
0	0.0
0	0.0
0	0.0
0	0.0
0	0.0
0	0.0
0	0.0
0	0.0
0	0.0
0	0.0
0	0.0
0	0.0
0	0.0
0	0.0
0	0.0
0	0.0
0	0.0
0	0.0
0	0.0
0	0.0
0	0.0
0	0.0
0	0.0
0	0.0
0	0.0
0	0.0
0	0.0
0	0.0
0	0.0
0	0.0
0	0.0
0	0.0
0	0.0
0	0.0
0	0.0
0	0.0
0	0.0
0	0.0
0	0.0
0	0.0
0	0.0
0	0.0
0	0.0
0	0.0
0	0.0
0	0.0
0	0.0
0	0.0
0	0.0
0	0.0
0	0.0
0	0.0
0	0.0
0	0.0
0	0.0
0	0.0
0	0.0
0	0.0
0	0.0
0	0.0
0	0.0
0	0.0
0	0.0
0	0.0
0	0.0
0	0.0
0	0.0
0	0.0
0	0.0
0	0.0
0	0.0
0	0.0
0	0.0
0	0.0
0	0.0
0	0.0
0	0.0
0	0.0
0	0.0
