1	0.03158550827498703
2	0.014789395087662072
5	0.28114517915926074
6	0.03953511512008971
7	0.2647730337341159
8	0.25573388736799807
9	0.01926557735524895
10	0.2587054428815435
12	0.26151857357619235
14	0.28575254098864294
15	0.01998366155070688
17	0.25114391254693474
18	0.49297804496256953
19	0.21252107203113862
20	0.5241195778639862
22	0.02256784031820364
23	0.28483543575089865
24	0.27211171544145685
25	0.5223084069072375
27	0.17530197453681573
28	0.5135562000210845
30	0.30030241012732656
32	0.4972265310584531
33	0.28109514969332905
34	0.20207771197293048
35	0.5222862415666621
36	0.26978140250358984
37	0.47329508625262984
39	0.23738747172264688
40	0.2573688482664739
41	0.30581478791823846
42	0.03424531394193922
44	0.2511635582973294
45	0.2978788099019494
46	0.016964775453739436
47	0.25457496922031914
48	0.5100843269251742
51	0.3153954181733108
52	0.4955491134447589
53	0.24894963934973746
54	0.284779552735574
55	0.4920876899015675
56	0.2914320803082564
57	0.5371310719040998
58	0.005125538601172527
59	0.2868112257931911
60	0.7596717642126694
61	0.4027518789875124
62	0.2829139316303537
63	0.18465837504478988
64	0.0049347085166200864
65	0.48602086156332913
66	0.48591126718308153
67	0.2297380114699092
68	0.2113331130367754
70	0.5229610291310963
71	0.4859385909167478
72	0.2773871479455778
73	0.3106039771948346
74	0.2634920799909349
75	0.21341518093378553
76	0.2643478097707551
78	0.011441615895164788
79	0.24159107118449946
80	0.28664249055189783
81	0.5155991143172691
82	0.02287491685973967
83	0.539667471980893
84	0.2620449944851669
86	0.5612095184520342
87	0.050359797970706235
88	0.04257203911171273
89	0.2590357598695106
91	0.7636148595545446
92	0.025897437003133652
93	0.1822357276388813
95	0.04762145361813493
96	0.002753194590769857
97	0.03128624296019678
98	0.000774578289532056
99	0.2456528391664906
100	0.5409971131248628
101	0.2730659965881896
102	0.02085021288229822
103	0.21312100762415487
104	0.12911618200325284
105	0.21582709252236856
106	0.7678936390138682
107	0.21373535022484527
109	0.27948165282811055
110	0.29130610880440666
111	0.017872889526707153
112	0.47711111417468544
114	0.2640762979639675
115	0.22742744313794394
117	0.025588185367007674
118	0.270823445472948
119	0.03814727373306358
120	0.061569634520020906
121	0.09608384562810396
122	0.25692290919269156
124	0.5102096366151007
125	0.25110349875758714
126	0.011405185356643886
127	0.03186731549290011
128	0.5140408432915463
129	0.07604734419530594
131	0.4623605213601466
132	0.26622852322764806
133	0.22659070510832216
134	0.23282089536304162
136	0.2763590711144393
137	0.2555134613543984
138	0.4897462557437575
139	0.29930505804065677
140	0.029866693415813612
141	0.5285711000421918
142	0.2505300895661471
143	0.27260121812968097
145	0.2573360494556845
147	0.010830692256388788
148	0.027124859627559766
149	0.18765351846841957
151	0.024172138981953254
152	0.5223208478099156
153	0.5815034230685118
154	0.020347932517738844
156	0.23838474955628897
157	0.28050675676997977
159	0.7524847703997107
161	0.24920636907156601
162	0.22543572341424906
163	0.5172024409164765
164	0.24934340266948352
165	0.0027247794621651014
166	0.33434159756240284
167	0.03904679549359018
168	0.27606591496434607
169	0.533983852793328
170	0.754232740631429
171	0.27811789073516
172	0.20036693196599575
173	0.26723113612295324
174	0.25582343442471567
175	0.02293672354515467
176	0.019059962354081906
177	0.03179148210285625
178	0.0015699383411111184
179	0.03755532143053319
180	0.513054144735524
182	0.06104728519022534
184	0.00806486547002861
186	0.481286395273552
188	0.2722543647749205
189	0.007853120216020425
190	0.417644040517142
191	0.4492282215177561
193	0.04915233995046125
194	0.2992493319773828
197	0.25981121958647346
199	0.5227177301957183
202	0.34350362643152516
204	0.25357116759326953
205	0.44083643361345026
206	0.359440023700168
207	0.22823946333827905
210	0.2665166766368201
211	0.25493785940103064
212	0.051247363378284116
216	0.26475767243942916
217	0.2580805374928946
218	0.32526527989770915
219	0.4940941537332629
220	0.28293130551315865
221	0.0004773428329951923
222	0.23862261740186985
224	0.24450589930349154
227	0.22991068539939769
228	0.070906588873853
229	0.44261640846959355
230	0.028002556423789172
231	0.5001908440591023
232	0.029681201188518868
233	0.034665149231845556
234	0.2604363428342533
235	0.0413819746924121
238	0.5300608062368052
239	0.24458701365207497
240	0.266327141281691
241	0.4872994522925325
242	0.04320373635302977
243	0.3015336244584867
245	0.2794221580517136
246	0.27683863721045787
247	0.2518820596962564
252	0.26690292043428043
253	0.03870010719820001
254	0.7529360436361155
256	0.01851694688846806
257	0.47772698220707255
258	0.5201850367992105
260	0.5302962645445866
261	0.4777529543415645
264	0.2797647233404107
265	0.010487161228735498
267	0.21716183804530761
268	0.48740577442530925
271	0.252534750968881
272	0.2599108308133468
273	0.005604235572772644
274	0.5296164968193204
275	0.2756839282350686
276	0.009425083593837633
277	0.26312437598985616
278	0.22198158325794767
279	0.026828943361450707
281	0.25513689654120614
284	0.01469800084700288
285	0.2673998756140344
287	0.21441317904500934
289	0.8702816661876677
290	0.012669031208140488
291	0.019037070691921017
292	0.27236488262242003
294	0.2456002902148534
296	0.03212291464384982
297	0.0455035984701889
298	0.0324915494962762
299	0.4939046815220731
300	0.3230788026005015
301	0.499767283680719
302	0.5628510869198987
303	0.01697605335717272
304	0.26996573332418883
306	0.2657256815051234
309	0.5555367661580959
310	0.2122463027477612
311	0.22707462030976422
312	0.03255261146138891
313	0.5159558190903974
314	0.04213240418459602
316	0.3396514343257213
318	0.010915819214118588
319	0.24125129243906748
320	0.02955751999676557
322	0.25157310407081424
323	0.04385215442984654
325	0.01976720874103887
326	0.04349139099267875
329	0.2595527434140276
330	0.0027209197091356413
331	0.25728048177528
332	0.01399236646454178
333	0.24127889805599595
335	0.2101874210945503
336	0.7496099715386826
337	0.24617747981843685
338	0.5256711333365894
339	0.013084264274204605
340	0.016571026442609518
341	0.020147143443082143
345	0.5217461922187911
346	0.30475617850389103
347	0.23631521909384898
348	0.49192298538675155
349	0.014630363874661625
351	0.4756640862177511
352	0.5344164103380247
353	0.23991647252031711
354	0.25434511886606337
356	0.5028842505819313
357	0.26467383566700897
358	0.23757562391805687
359	0.2624117502013564
361	0.23857916848531224
362	0.40919895173799187
363	0.030793847392857496
364	0.27647540957905464
367	0.043636347514518364
369	0.5007426494181486
371	0.22552951350215894
372	0.49992901335144596
374	0.20646896971790962
375	0.022104388211123746
376	0.5074845687008243
378	0.00648797877376435
379	0.2831870937730334
382	0.0035674206704783204
385	0.018468064343492394
386	0.47149511135255273
387	0.2620076648756714
389	0.26829117201221464
390	0.03793862921496036
393	0.4950400637215253
394	0.008592335929184607
395	0.24698050599874166
396	0.4615707758519074
397	0.019641529609587878
399	0.035388666708007256
400	0.25560400154325036
401	0.2280076661128676
403	0.2895078163298856
408	0.20930703018590224
409	0.48715447327771216
410	0.2718089208804548
411	0.06375281376069544
412	0.26934244476028296
413	0.2589009852287412
414	0.20930703018590224
415	0.0027537880800481487
417	0.03361391896189179
418	0.3340873502836466
419	0.2328366711711209
420	0.47582546141765725
421	0.5363161051804287
423	0.023095526603521547
424	0.053106614449272525
425	0.02101922124222131
426	0.49994175452189427
428	0.26702507583396584
429	0.26748042385482657
430	0.27229222934735786
431	0.749247654886864
432	0.028244309997219948
435	0.28903414866186017
436	0.21884247712152144
438	0.26913754296644526
439	0.19809537092657417
440	0.4838991733165597
441	0.2714503233360015
443	0.260978502114146
444	0.4522099359471404
446	0.5386077654630241
447	0.004433287776277085
449	0.3086888664020391
450	0.26654090207721326
451	0.5642207558170191
452	0.4426337820409886
453	0.01929766346803375
454	0.24681290251152607
455	0.006920643758848849
456	0.25889357531170953
457	0.007319721188414424
459	0.02435698642342558
460	0.24339999303699525
461	0.062363757704562074
462	0.24237602102235556
463	0.2314651654885653
465	0.27227920712874487
466	0.5284899404327006
468	0.22606496469547227
469	0.28492089866402703
470	0.2544923968104772
471	0.2622133595464734
472	0.2642015986083903
473	0.053767552474376694
474	0.2730016490080242
475	0.024090270372125903
476	0.48067272055671806
477	0.20081968746422915
481	0.2753201773180933
482	0.2547686153095496
483	0.263492477615715
484	0.5255148347935052
486	0.01275979444109281
487	0.013572173038094479
488	0.2601845500697758
489	0.25218295687772363
490	0.286033864974995
491	0.23980266899955124
492	0.5053487030795152
494	0.009478066311832414
495	0.016354035997595516
496	0.02550927682095658
497	0.2599842987802189
499	0.27682671762157807
501	0.03942701389676727
502	0.5266466138148447
504	0.5164087352111346
505	0.3078110200746207
506	0.03703138033886086
507	0.01642723424902684
508	0.008753905645974475
509	0.013762924461845561
510	0.24098113668526228
511	0.29289437864059864
512	0.009776763184219557
513	0.27377183857238646
514	0.018126883663723583
515	0.24884184703392004
516	0.2818617007541479
517	0.5164605385125378
518	0.270094523901415
519	0.0024112970339094687
520	0.31421237936950697
521	0.24820402822629004
522	0.009610769403686492
523	0.011938194022699505
530	0.26659460878812874
531	0.24877323039502913
532	0.005352672412906004
533	0.514646357324972
534	0.25253815685835074
536	0.04101863426258005
537	0.012701574375337237
538	0.029318709389408545
540	0.03483519905972329
541	0.03254431230689686
543	0.27311998466048515
544	0.1678462523076663
545	0.5317828433787072
546	0.26073884754310783
547	0.46773134506761116
548	0.4644205612842469
549	0.2521617845655025
550	0.7414422744015166
551	0.010619960029554357
552	0.49243306058647607
553	0.2858829936759839
554	0.5201849134054058
556	0.022238829990830312
557	0.023732275482337264
558	0.026061793906260643
559	0.7527580030444992
561	0.226047049006763
563	0.5227374474894219
564	0.03282285708658089
566	0.27652406819021635
568	0.2989124973257087
571	0.25878676022287483
572	0.08165874705921985
573	0.2562394624813598
575	0.7887805648430577
576	0.2720759319579728
578	0.27940240603222527
580	0.03781527755181703
581	0.0008703837489712901
582	0.25192808897578184
583	0.2805958800426937
584	0.01877866998613586
585	0.007337227517315317
586	0.2779709484956875
587	0.2721117170444672
590	0.30215356569377816
591	0.2774542986440921
592	0.00663636070865696
593	0.052000442135314656
594	0.4793948078489764
596	0.5249819610229146
597	0.2545157315874691
598	0.020103725282390277
599	0.0033983277573290324
600	0.24023080306568206
601	0.2418081283550929
607	0.2628884615989013
608	0.020913333873211162
609	0.32850873007388853
610	0.02097886726340311
611	0.7421887578838847
612	0.23573510014321816
613	0.2844809265567354
615	0.48684670010521175
616	0.2485454630197054
617	0.17176153175475267
618	0.026271558196632704
619	0.5190628470086988
620	0.2757832380984396
621	0.7161897131318113
622	0.021293894743785277
623	0.463677665478975
624	0.002635254118522133
625	0.26474557286591055
626	0.24011644086321848
627	0.315497462834443
628	0.28745807520566136
630	0.017175387033766424
631	0.02823328197931661
632	0.2944030193581679
633	0.49050699451104385
634	0.27074829245221166
636	0.008263841132521089
637	0.03847703202056596
638	0.007760345005018585
639	0.2519449621730083
640	0.25318977491729094
642	0.5113720299466468
644	0.5283644701737525
645	0.5124706957525856
646	0.22801446036329243
648	0.7213070048706746
650	0.2937069245085693
651	0.4878451457678195
652	0.2216558999906042
653	0.2713083768470758
654	0.2553915574206788
655	0.009376382278410006
656	0.1848716732381664
657	0.01342484498641009
660	0.28845367916750253
662	0.20947515797697505
663	0.7309019728325907
666	0.2597061819890782
667	0.526725489085413
670	0.0090694378028587
672	0.26989737910747913
673	0.7549951403963903
674	0.22639715756628048
675	0.17246109101561913
677	0.2714661758308977
678	0.17851733472359216
679	0.2473279497379316
680	0.020701467943821272
681	0.2408036273284214
682	0.044416286042673954
684	0.2762664213480788
686	0.02768468913984428
688	0.0009727853644861846
689	0.523799666338081
690	0.23666825398945432
691	0.25300008088169595
694	0.2659068121266209
696	0.244988012144083
697	0.468322684889678
698	0.2553771421582819
699	0.2680193726652609
700	0.03789678714998258
701	0.28063457661271646
703	0.24605198505494497
704	0.22349752519545135
705	0.2703664585472322
707	0.25973209005905157
708	0.5088121982331305
709	0.2420100106041758
710	0.25528868756696205
711	0.042580111912603864
712	0.26367835616601726
714	0.7713471948406478
715	0.25654693541863954
716	0.23642379883464282
718	0.763028506753431
719	0.4835682470907073
720	0.4955024214768836
721	0.01924306561064467
722	0.49007337584586463
723	0.5214024896825177
724	0.359440023700168
725	0.47632213436882587
726	0.12235725378509871
728	0.43773771836443326
729	0.4522733730902725
730	0.02278972044534209
731	0.002454534274529175
733	0.24479649693862787
734	0.03534946812778204
735	0.2874580752056613
736	0.02022909146820774
737	0.03048477870422683
738	0.0006717902782863994
739	0.04224189204688915
740	0.20289761758919336
741	0.26688657113887104
742	0.02063303854863975
744	0.06400838029195735
745	0.27618955758478536
748	0.0453205357378578
749	0.04584406946298928
750	0.022782809917953492
754	0.255985788204388
755	0.47681193555751517
756	0.05090547662147118
757	0.2511549149688466
758	0.005076104835023451
759	0.016723418660456776
761	0.029461623301715624
762	0.4908889909909565
765	0.01693136092121244
766	0.5008018019301914
769	0.011634338805220017
772	0.48728376552970665
773	0.016364764681848203
774	0.08429175258541743
775	0.00794811217152409
776	0.23625276351427185
778	0.45923641485094935
781	0.23190397335641058
782	0.2655694314000757
783	0.008938989087621526
784	0.23798667384036407
785	0.25149243062877413
787	0.24414839173582448
788	0.26871624785525133
789	0.7467760811181412
791	0.766941209178942
792	0.26657194523557093
794	0.003327226952819253
796	0.5123591473687991
797	0.32144059883790416
798	0.28828006844493725
799	0.2444035393607899
800	0.28745807520566136
801	0.49066437142513736
802	0.5336486653972599
803	0.04114656317867196
804	0.7568977256232623
807	0.029044734114652856
808	0.0038276983048598535
810	0.4780382843174178
811	0.5160062892948332
812	0.2815778516013938
813	0.503828925086423
814	0.05173385416435254
815	0.029428396903731287
816	0.2163678763933911
818	0.002656778713450561
819	0.4892314271802706
822	0.06573212253091627
823	9.847321240010615e-05
824	0.28791407843456235
825	0.7778115400249462
826	0.2326944996893115
828	0.47051091788125915
829	0.03793862921496037
830	0.2714727238902996
831	0.47662937467272437
832	0.27980635656433045
834	0.27401569782739427
837	0.25581900531332735
838	0.012964449495667305
839	0.00242340795319327
841	0.016837761646480723
842	0.2335912125195944
843	0.04961713456256771
845	0.059032284723058645
846	0.2556539228365064
847	0.5207939616761084
848	0.038915180431745036
849	0.03793862921496037
851	0.2617650804039921
853	0.22761355330385408
855	0.5161026461920503
856	0.4844865841285477
857	0.1237532169491375
858	0.4684229957276328
859	0.03207892832122776
860	0.2528411292599269
862	0.2719776560969228
863	0.5113650739475047
864	0.24611503945253704
865	0.004773686527214896
867	0.4845139430201398
868	0.23909902886594714
869	0.01186907037950161
871	0.0222983401022374
872	0.7493605112042873
873	0.2951392950046346
874	0.2568044482239257
875	0.01279454837299409
876	0.2312676722242125
877	0.26873202261714324
878	0.5135564034830973
879	0.24601864869084916
880	0.2679480253651809
881	0.7542857680054401
882	0.2507300690462897
886	0.01588615274272521
887	0.03792738221125954
888	0.5113154394894357
889	0.009809035548993074
890	0.24170558764668154
891	0.010053234030079409
892	0.5007857562615433
895	0.2917911632083514
897	0.012665721013056103
900	0.40789663290863765
901	0.23907009907502025
902	0.25600427289875605
903	0.2517244181045677
905	0.42783448221428555
906	0.014820389901243153
908	0.011253134194489943
911	0.03896144756056203
913	0.22982596687729623
914	0.30873802391753846
915	0.22301209993365825
918	0.4591985709294622
920	0.514405362938744
921	0.4842892818636338
923	0.2642866974100017
924	0.00793736523904686
925	0.5032495942864296
926	0.03779794145342116
927	0.7644932641488588
930	0.5430527750518848
931	0.03243572855239128
932	0.26771547574280297
933	0.2832068567827974
934	0.01402898174221099
935	0.7403261575941674
936	0.2626322941058669
937	0.25602333958386986
939	0.2667482407426091
941	0.26946028805313255
942	0.00287807033168843
943	0.2554899865092908
0	0.0
0	0.0
0	0.0
0	0.0
0	0.0
0	0.0
0	0.0
0	0.0
0	0.0
0	0.0
0	0.0
0	0.0
0	0.0
0	0.0
0	0.0
0	0.0
0	0.0
0	0.0
0	0.0
0	0.0
0	0.0
0	0.0
0	0.0
0	0.0
0	0.0
0	0.0
0	0.0
0	0.0
0	0.0
0	0.0
0	0.0
0	0.0
0	0.0
0	0.0
0	0.0
0	0.0
0	0.0
0	0.0
0	0.0
0	0.0
0	0.0
0	0.0
0	0.0
0	0.0
0	0.0
0	0.0
0	0.0
0	0.0
0	0.0
0	0.0
0	0.0
0	0.0
0	0.0
0	0.0
0	0.0
0	0.0
0	0.0
0	0.0
0	0.0
0	0.0
0	0.0
0	0.0
0	0.0
0	0.0
0	0.0
0	0.0
0	0.0
0	0.0
0	0.0
0	0.0
0	0.0
0	0.0
0	0.0
0	0.0
0	0.0
0	0.0
0	0.0
0	0.0
0	0.0
0	0.0
0	0.0
0	0.0
0	0.0
0	0.0
0	0.0
0	0.0
0	0.0
0	0.0
0	0.0
0	0.0
0	0.0
0	0.0
0	0.0
0	0.0
0	0.0
0	0.0
0	0.0
0	0.0
0	0.0
0	0.0
0	0.0
0	0.0
0	0.0
0	0.0
0	0.0
0	0.0
0	0.0
0	0.0
0	0.0
0	0.0
0	0.0
0	0.0
0	0.0
0	0.0
0	0.0
0	0.0
0	0.0
0	0.0
0	0.0
0	0.0
0	0.0
0	0.0
0	0.0
0	0.0
0	0.0
0	0.0
0	0.0
0	0.0
0	0.0
0	0.0
0	0.0
0	0.0
0	0.0
0	0.0
0	0.0
0	0.0
0	0.0
0	0.0
0	0.0
0	0.0
0	0.0
0	0.0
0	0.0
0	0.0
0	0.0
0	0.0
0	0.0
0	0.0
0	0.0
0	0.0
0	0.0
0	0.0
0	0.0
0	0.0
0	0.0
0	0.0
0	0.0
0	0.0
0	0.0
0	0.0
0	0.0
0	0.0
0	0.0
0	0.0
0	0.0
0	0.0
0	0.0
0	0.0
0	0.0
0	0.0
0	0.0
0	0.0
0	0.0
0	0.0
0	0.0
0	0.0
0	0.0
0	0.0
0	0.0
0	0.0
0	0.0
0	0.0
0	0.0
0	0.0
0	0.0
0	0.0
0	0.0
0	0.0
0	0.0
0	0.0
0	0.0
0	0.0
0	0.0
0	0.0
0	0.0
0	0.0
0	0.0
0	0.0
0	0.0
0	0.0
0	0.0
0	0.0
0	0.0
0	0.0
0	0.0
0	0.0
0	0.0
0	0.0
0	0.0
0	0.0
0	0.0
0	0.0
0	0.0
0	0.0
0	0.0
0	0.0
0	0.0
0	0.0
0	0.0
0	0.0
0	0.0
0	0.0
0	0.0
0	0.0
0	0.0
0	0.0
0	0.0
0	0.0
0	0.0
0	0.0
0	0.0
0	0.0
0	0.0
0	0.0
0	0.0
0	0.0
0	0.0
0	0.0
