1	0.006112864705766649
2	0.24412225780139782
5	0.31543454354866385
6	0.029173938460525125
7	0.2987097522458882
8	0.2865226932379933
9	0.26120065051421115
10	0.018058293692231518
11	0.22878354583964
12	0.2689376754835479
13	0.008973893859701279
14	0.03845299086248795
15	0.25557037991365045
16	0.016145395649955513
17	0.07038898020735634
18	0.015987567905325815
19	0.0697978517394919
20	0.03817216297307112
21	0.0254802719782761
22	0.018798846257211385
24	0.2703897284875944
25	0.026117207825820037
26	0.2068109864914965
27	0.16267140948444742
28	0.30307364136792286
32	0.5176637111242928
35	0.4959712080635872
36	0.272033341651641
37	0.24675300364235644
38	0.0026072200748800886
39	0.24344006545761973
41	0.7598420722936243
42	0.5131138601359648
43	0.04263413155294683
44	0.023217605363547535
45	0.5357133559217538
46	0.05459463918243189
48	0.28463032415245865
51	0.54728682977574
52	0.4868375026893333
54	0.5346767456359893
55	0.27347674631565955
56	0.07501588153433669
57	0.31800175699816235
59	0.045255006846511125
60	0.03363600452925574
61	0.17725016471757182
62	0.24338819461135364
63	0.014341006639368187
66	0.010528131439923635
67	0.0014063854890744576
68	0.23905548776159274
69	0.07033875986557721
70	0.07535593785188267
71	0.28646612571600266
72	0.012067214363872987
75	0.24067159005131988
76	0.28298865382687444
77	0.29534053190479853
78	0.2842250104315763
79	0.48699929683593124
80	0.07563830938113837
81	0.5125286536076871
83	0.2520321577473338
84	0.052557365944507356
85	0.2656646496043032
86	0.30360594926270257
87	0.31276110877013535
88	0.26758074918625563
89	0.7345775489713003
91	0.2557944385721542
92	0.2905677430695579
93	0.7375008752713847
95	0.2532622841587345
96	0.017757371652447947
97	0.24873832331219115
99	0.5098235014914725
100	0.2619480912666537
101	0.48879827247327395
102	0.040128686990890894
103	0.2039667878073404
106	0.001209336358930252
109	0.026519772832632814
110	0.2474508245451551
111	0.23832493401357177
112	0.022048137389559633
113	0.017834040315109708
114	0.48552146108025585
117	0.05271981414914023
118	0.5191611814701403
119	0.05594011274727365
120	0.5310821186576815
121	0.2539224229345404
122	0.02463197466708112
123	0.5052660201810616
124	0.2340597273284205
125	0.5395551120392456
126	0.22490244413630306
127	0.23862481162905685
128	0.2873129262580369
129	0.02523244042216929
130	0.27288100945970967
131	0.2547972508875057
133	0.2237492832432616
134	0.7812248413908626
137	0.25353272141776445
138	0.24512057057177858
142	0.30662387171721084
144	0.018142125348014026
145	0.017802497087424776
147	0.284150204528263
148	0.03766883428057356
149	0.2446953282271565
150	0.03263476282016943
151	0.005645061528886646
152	0.5295371315138256
154	0.27208344304372817
156	0.012242574722172654
157	0.2882169576028745
158	0.2835498254514456
160	0.012392677374960703
162	0.27261672156310085
163	0.2872479812692582
165	0.07046836191960476
166	0.2532489124934495
167	0.07267314103917709
168	0.25348916989482306
169	0.2614015533419151
170	0.004095982074028989
174	0.057127223987033834
175	0.27106584486396185
176	0.019032049472268144
178	0.04068033657111986
179	0.29224957156971
180	0.026735574919746003
182	0.4962615974002754
184	0.013638150047820843
185	0.24306675300099156
187	0.2639378976011342
189	0.2375132744115821
190	0.4579003367320849
193	0.5425033224937571
194	0.051703261213289636
197	0.4797210197000751
199	0.5147320005821139
200	0.02624944991524182
201	0.00200933077400638
202	0.46963772503722195
203	0.2218618417132736
204	0.26705479841644264
209	0.28172466272450847
211	0.27799199983201084
212	0.3139449830815091
214	0.015882437798757084
215	0.2639221832493398
218	0.06774366314448463
219	0.23828166743910034
221	0.034433715772750464
222	0.00867343595045169
223	0.4925777351003662
224	0.24281240003194968
226	0.022572055594837166
228	0.37810346798304734
229	0.2049255566153512
230	0.012889308768436643
231	0.27048935256488604
233	0.2986810015181532
234	0.04390452251652014
235	0.27710336854213574
236	0.27258271357108693
238	0.5289966908032453
241	0.34704433766080345
242	0.21735527142942943
243	0.2567813255710601
244	0.045863816788969995
245	0.2946008587568762
246	0.5101134514819089
247	0.30462265046254866
249	0.02107610104515515
250	0.04894158085910036
251	0.2516125820034077
252	0.5253252848740433
253	0.5167019215768313
254	0.5274346001546526
256	0.28766866551296166
257	0.23177528122700317
258	0.31508094033036
260	0.05743167968336402
261	0.2898399732884691
262	0.027476369773588173
264	0.022441593603499763
265	0.2590078254898222
267	0.03193275518377518
268	0.04068535076195025
270	0.01812332352814001
271	0.043217844208707154
273	0.22160252017596585
274	0.28366640150099764
275	0.5280250425389313
276	0.2788583707536146
277	0.0004029996224994281
278	0.5085838591709271
279	0.043915137214767794
280	0.24569718530486614
281	0.33437764689031063
289	0.3378184831207494
290	0.29861853184294157
291	0.04469543374234687
292	0.029464315876608523
294	0.7846455880529919
296	0.29474780140688767
298	0.012100939912096917
299	0.04403744249777176
301	0.27540908437167994
302	0.12249812733475254
304	0.239932564094871
305	0.05149394308382918
306	0.28314233692560803
307	0.28170643531734424
309	0.05683250724818378
310	0.4731810886042112
311	0.22531314916084377
313	0.015058690488464192
314	0.53685437782835
316	0.18854223990273145
317	0.0326347628201694
320	0.03612151747739656
321	0.05445420704967174
323	0.5092438969648496
324	0.26767246486433627
325	0.28110906645837885
326	0.04507915455981218
327	0.03182788997746145
328	0.3082920366206116
329	0.04015532974724503
330	0.25546281012137007
331	0.029728032982264944
332	0.011435803207028458
336	0.29051793715216934
337	0.27462918691751687
338	0.011846939923607261
340	0.23665968657477116
342	0.0223439706937714
343	0.01371087582112207
345	0.027043762125994398
346	0.06280233403605492
347	0.015388678661686042
348	0.501884915515848
349	0.0725458976734514
350	0.01209956256566841
352	0.3097858859262069
353	0.03803499897204976
356	0.07456756311483959
357	0.2599303401634182
358	0.3252091918440607
359	0.5325852522224462
363	0.49823247080312116
365	0.01599771092180024
367	0.2990164162327182
368	0.2466865446448119
369	0.5305764480688374
372	0.00747836984684206
373	0.4814839591010879
374	0.003774548152535133
375	0.3021031117783999
376	0.04960811900636851
378	0.04403789592082277
381	0.04034698825557509
383	0.24850769605383619
387	0.01825520860541173
388	0.01039534617016355
389	0.026043684079729026
390	0.26891012570863504
392	0.006061385085022759
393	0.022297351235346652
394	0.26007821632981193
395	0.03593482317187397
396	0.2437234216730522
398	0.04526549254396737
400	0.27271758273422586
402	0.24869792564452037
403	0.23957121107722787
404	0.01798738066195601
406	0.26734350371464904
409	0.03002952093562146
410	0.5374494511835723
411	0.03620089832623674
412	0.033198576626571996
413	0.30089169369070917
419	0.042522297434865755
420	0.008784565106681283
421	0.29143878508378496
422	0.25834143873148724
423	0.03686520016628395
426	0.03531406775202365
427	0.012638648101345983
428	0.22303947512615924
431	0.015322229776175252
432	0.0597241864623317
434	0.028007412588254954
435	0.28388611832641114
438	0.49349524415983265
439	0.022308923597948012
440	0.027940957853922057
443	0.03146465473874489
445	0.3559919026360481
446	0.065335651021738
447	0.005899145044041036
449	0.2911596534656132
450	0.29613614418511947
451	0.009005475277059142
452	0.003756272470039349
453	0.040471643960744846
454	0.44977718267234557
455	0.23039283248569753
456	0.03188794210391503
457	0.02724763136796269
458	0.011988303139948323
459	0.2688582446156319
465	0.03422829150495174
466	0.0638875262876227
467	0.009641604735455816
468	0.5043391450444135
470	0.26850951910285875
471	0.2603254280456818
472	0.5168059511128956
473	0.04174675583656218
476	0.22657506135276234
477	0.0037793272435883637
478	0.016146076124810144
480	0.07342953787591362
481	0.2555362559359698
482	0.2822915960600811
483	0.3067695300104427
484	0.3000945631010578
486	0.009680721717406113
487	0.28617787891888696
488	0.03930500816151484
490	0.03356289695091444
491	0.026143079927207567
492	0.26564676272361987
493	0.01771456271800867
494	0.007124582691154246
495	0.031763961339698374
496	0.07633399075955236
497	0.30054108117991607
501	0.020090200504016803
502	0.2799230138355682
503	0.2761373081360848
505	0.051563548870766134
506	0.2728564382343885
507	0.013803037873881614
508	0.04190124823479999
509	0.22349131629906435
510	0.05332665872412484
511	0.10810493365595983
512	0.007421540592400452
513	0.30232411459310155
514	0.281616882732472
515	0.2215463958966008
516	0.29752944171811607
517	0.5264361695683848
518	0.026293123117149018
520	0.29124001062060817
521	0.030569767835324516
523	0.2633254160018006
525	0.5521534285413898
528	0.05848686220356941
531	0.0453999149264709
532	0.02877159360625644
533	0.26791206382530075
534	0.2540699231277531
536	0.5366085582840823
537	0.022889926319241586
538	0.011174762872679933
539	0.03065385013819727
540	0.2806463110157451
544	0.21804700896189444
545	0.27672768512619145
546	0.25890391972340016
547	0.009917313633272994
549	0.09782046828924157
550	0.2782906052960546
552	0.5064973669109245
554	0.5262977495506058
555	0.07823593672072268
557	0.2946007858098724
563	0.561673108339797
564	0.2909927811014813
565	0.2714503233360015
568	0.04647139245904651
569	0.26891012570863504
571	0.045821975346025626
574	0.018131237039715878
575	0.2312977034036396
576	0.5202319092357334
577	0.26045934541570065
578	0.2852887813498713
579	0.23174738846705598
580	0.253753772102457
582	0.2503594070269849
584	0.7666596372385747
586	0.2754789592545934
588	0.2520735762976344
589	0.07778121606215217
590	0.02532820556141044
592	0.020515813217035522
593	0.2959505984748615
594	0.011185651354111675
596	0.2842869936686676
597	0.2331115883779495
598	0.26602172225338105
599	0.0240863214930366
601	0.2456858408367667
602	0.2801713169324944
603	0.2960743759863661
605	0.25781159918368246
606	0.02125568095673489
609	0.09550303640674006
610	0.031124398138177592
611	0.020338538581628225
612	0.24410567764914837
613	0.02915221322430131
614	0.5544677536014158
615	0.008065522836814845
616	0.2760564121504257
618	0.27869890611460996
619	0.28246475168560486
620	0.5232874496254906
621	0.014059452208108253
622	0.029659385984607635
623	0.22593841225416292
625	0.2927329711589133
627	0.06448172108882277
629	0.24456681659777013
632	0.053020999722709725
633	0.23694438576805266
634	0.034339922936159145
635	0.02534130764617815
636	0.005694094810905919
637	0.5600732175242807
638	0.006345258969394679
640	0.05459546811955421
641	0.009923029330875036
642	0.5333423285053794
643	0.2738298317800633
644	0.28629787899846687
646	0.2404204086247843
647	0.032634762820169416
648	0.24366122610827604
649	0.06032435269371848
650	0.02663069486787817
651	0.25233490855135016
652	0.0012705858208187093
653	0.2974196653318778
654	0.2419649567194867
657	0.28430560127659416
658	0.059154249498140334
660	0.058266711699400155
661	0.027581126656334127
663	0.257582834763979
665	0.26701013843532073
666	0.026848431733119793
668	0.4572507831812841
669	0.05390381241763281
671	0.03795180279740286
672	0.03417424081760992
673	0.038335088052975794
674	0.2697607183330549
675	0.029771387399870296
676	0.2586872442827581
677	0.03875510508520748
678	0.494198509149294
679	0.2795159896284473
680	0.5272935098885888
681	0.3001647194544827
682	0.30387964796738803
683	0.24199755436580161
684	0.28905570896359667
689	0.5117835470479929
691	0.30287227130114147
692	0.279288660820124
693	0.022238290426091836
694	0.264112666781032
697	0.26255997607793163
698	0.4914122868642751
700	0.5195805692610794
701	0.5317222001658407
702	0.7533862866396068
703	0.24435076617418094
705	0.526230729775673
706	0.7502920386123095
708	0.5418337687385708
709	0.2752958110622874
712	0.2645724062397331
714	0.2798263123922294
715	0.5439613303319215
716	0.027039537959851912
718	0.22503306521081357
721	0.25262912846453306
722	0.5540226442582514
723	0.513233029582869
725	0.23135411468187328
726	0.433008771460578
727	0.23689770586151337
729	0.02989785625820189
730	0.3165677468376784
732	0.23837767817530378
734	0.03691642835889099
735	0.5191611814701402
736	0.3182080022699887
738	0.264390061456661
742	0.24761874021421032
743	0.012008202840669314
746	0.31147027959492085
747	0.03267976017195744
748	0.03475809024120883
749	0.2821064328873369
750	0.4981122181657225
751	0.2835141044338405
753	0.05705543602685643
754	0.012958377370886572
755	0.32363500176528814
756	0.2755321200307591
757	0.25482674051751786
759	0.2905414636042486
760	0.49202576304401535
761	0.0394487933276204
762	0.22722845280474133
764	0.27136779045620996
765	0.24110201442673335
766	0.03497907254632313
767	0.2590688902801953
768	0.5162301185460687
769	0.5512459335861379
770	0.002862478278412798
771	0.011086648841346167
772	0.02593483130783757
773	0.04620474887313455
774	0.08526768598065809
775	0.01828875213923423
776	0.009390094805014584
779	0.23711500257573923
781	0.2300416567152321
782	0.04440934875541416
783	0.006509616479313793
785	0.4851089394863134
786	0.010679627527704221
787	0.25936567935964006
788	0.059522955444133364
789	0.04765022231016158
791	0.29984608580337724
792	0.5242383559743221
793	0.25463451035880363
794	0.011262605762495072
796	0.2609959793997999
797	0.32004078703889605
798	0.03431177084513787
799	0.24218483801756638
800	0.03951332459392187
801	0.02997553741211344
802	0.28660894204128784
803	0.05975980375986196
804	0.0364220743224776
806	0.2613615342241219
807	0.06060717629010933
810	0.0018092307828770325
811	0.2805355387203176
812	0.011639702925794967
813	0.031574870048136444
815	0.0383588622502705
816	0.03244733507759939
817	0.27755417034570556
818	0.21697983525151235
822	0.004465337722711352
825	0.26734804283757196
826	0.2580782955219894
828	0.0002288888785659214
829	0.039513324593921886
830	0.0352170556473966
831	0.7566201361391109
832	0.2774247812313079
833	0.029144612429182357
834	0.5112270180733405
837	0.007872609994641927
838	0.016076500809478443
839	0.49497278760196944
840	0.01241092870111226
841	0.00031630422697848104
842	0.00884550390829944
844	0.048686831113927395
845	0.32711207047027707
847	0.039993966843707006
848	0.030786405954587967
849	0.5191611814701403
850	0.2897531284391988
851	0.04067067776969664
852	0.526336435445518
856	0.0356397317600648
857	0.3234911616743096
858	0.0027604365879083832
860	0.27323922323753375
861	0.0374061821483124
862	0.5487826670995676
863	0.27440937209172933
864	0.009183983316207019
867	0.006313602201940941
868	0.26720042234078184
869	0.47613899207172533
870	0.24740269583389893
871	0.019767573676951554
872	0.2924321705509067
873	0.019430764138132047
875	0.014290884542122646
876	0.24932197270744835
877	0.523033160002087
879	0.26084001056004885
881	0.045698518288384636
883	0.006085131071526723
884	0.019831897000270174
885	0.23457235054716868
886	0.27019567225333135
887	0.24565955134526743
888	0.23506812355185797
891	0.01115418395852194
893	0.5292348726478316
894	0.02140992419860515
895	0.5343525285720939
896	0.2653156056266868
897	0.25331467565978577
901	0.25187436069205005
902	0.03366497225224202
903	0.010424758181240154
906	0.28489035096952514
908	0.006806981174401337
909	0.26918161027342097
910	0.3049588135348455
912	0.009221434705674898
915	0.26585944091938146
920	0.27171271189933655
921	0.4855973381569814
922	0.446842345579266
923	0.03171611897341567
924	0.516979527843378
926	0.26098728641284824
927	0.25420805360532295
928	0.02151714933353228
930	0.021193714470760978
931	0.001102008406411007
932	0.026086422253818017
933	0.01451656302967758
935	0.2834000047948072
936	0.29355795405110524
937	0.07909245062867991
938	0.0382706155779553
939	0.30269419140600595
940	0.04191251630359617
941	0.5320820254129015
942	0.041009958598888674
0	0.0
0	0.0
0	0.0
0	0.0
0	0.0
0	0.0
0	0.0
0	0.0
0	0.0
0	0.0
0	0.0
0	0.0
0	0.0
0	0.0
0	0.0
0	0.0
0	0.0
0	0.0
0	0.0
0	0.0
0	0.0
0	0.0
0	0.0
0	0.0
0	0.0
0	0.0
0	0.0
0	0.0
0	0.0
0	0.0
0	0.0
0	0.0
0	0.0
0	0.0
0	0.0
0	0.0
0	0.0
0	0.0
0	0.0
0	0.0
0	0.0
0	0.0
0	0.0
0	0.0
0	0.0
0	0.0
0	0.0
0	0.0
0	0.0
0	0.0
0	0.0
0	0.0
0	0.0
0	0.0
0	0.0
0	0.0
0	0.0
0	0.0
0	0.0
0	0.0
0	0.0
0	0.0
0	0.0
0	0.0
0	0.0
0	0.0
0	0.0
0	0.0
0	0.0
0	0.0
0	0.0
0	0.0
0	0.0
0	0.0
0	0.0
0	0.0
0	0.0
0	0.0
0	0.0
0	0.0
0	0.0
0	0.0
0	0.0
0	0.0
0	0.0
0	0.0
0	0.0
0	0.0
0	0.0
0	0.0
0	0.0
0	0.0
0	0.0
0	0.0
0	0.0
0	0.0
0	0.0
0	0.0
0	0.0
0	0.0
0	0.0
0	0.0
0	0.0
0	0.0
0	0.0
0	0.0
0	0.0
0	0.0
0	0.0
0	0.0
0	0.0
0	0.0
0	0.0
0	0.0
0	0.0
0	0.0
0	0.0
0	0.0
0	0.0
0	0.0
0	0.0
0	0.0
0	0.0
0	0.0
0	0.0
0	0.0
0	0.0
0	0.0
0	0.0
0	0.0
0	0.0
0	0.0
0	0.0
0	0.0
0	0.0
0	0.0
0	0.0
0	0.0
0	0.0
0	0.0
0	0.0
0	0.0
0	0.0
0	0.0
0	0.0
0	0.0
0	0.0
0	0.0
0	0.0
0	0.0
0	0.0
0	0.0
0	0.0
0	0.0
0	0.0
0	0.0
0	0.0
0	0.0
0	0.0
0	0.0
0	0.0
0	0.0
0	0.0
0	0.0
0	0.0
0	0.0
0	0.0
0	0.0
0	0.0
0	0.0
0	0.0
0	0.0
0	0.0
0	0.0
0	0.0
0	0.0
0	0.0
0	0.0
0	0.0
0	0.0
0	0.0
0	0.0
0	0.0
0	0.0
0	0.0
0	0.0
0	0.0
0	0.0
0	0.0
0	0.0
0	0.0
0	0.0
0	0.0
0	0.0
0	0.0
0	0.0
0	0.0
0	0.0
0	0.0
0	0.0
0	0.0
0	0.0
0	0.0
0	0.0
0	0.0
0	0.0
0	0.0
0	0.0
0	0.0
0	0.0
0	0.0
0	0.0
0	0.0
0	0.0
0	0.0
0	0.0
0	0.0
0	0.0
0	0.0
0	0.0
0	0.0
0	0.0
0	0.0
0	0.0
0	0.0
0	0.0
0	0.0
0	0.0
0	0.0
0	0.0
0	0.0
0	0.0
0	0.0
0	0.0
0	0.0
0	0.0
0	0.0
0	0.0
0	0.0
0	0.0
0	0.0
0	0.0
0	0.0
0	0.0
0	0.0
0	0.0
0	0.0
0	0.0
0	0.0
0	0.0
0	0.0
0	0.0
0	0.0
0	0.0
0	0.0
0	0.0
0	0.0
0	0.0
0	0.0
0	0.0
0	0.0
0	0.0
0	0.0
0	0.0
0	0.0
0	0.0
0	0.0
0	0.0
0	0.0
0	0.0
0	0.0
0	0.0
0	0.0
0	0.0
0	0.0
0	0.0
0	0.0
0	0.0
0	0.0
0	0.0
0	0.0
0	0.0
0	0.0
