2	0.20247935284816523
3	0.24256651755254155
4	0.08132396700137423
5	0.05564884511622914
9	0.718130566046524
12	0.48813784560630624
15	0.0017770287752062464
17	0.26548012071107524
18	0.06335131732796642
20	0.004369953473401453
21	0.028163232799753888
22	0.026650550263939768
24	0.29379616101169026
26	0.02025362399497111
27	0.33416259185430713
29	0.30643800191497755
31	0.2738465167006116
32	0.2163374356328876
33	0.2880516063166345
34	0.22097077724084196
36	0.2510105240218808
40	0.03152720117755406
42	0.021271604476118696
43	0.28020734747771875
45	0.19910013752965916
46	0.5348844997204381
47	0.08344127072158158
48	0.21181720852317912
49	0.007421453125714066
50	0.517029037776933
51	0.2111819122514491
52	0.0013851942334383235
53	0.28579207930074213
55	0.22884322292057976
56	0.03952923391379955
58	0.04262881744177088
59	0.05771674068227158
64	0.059721243943296684
66	0.3225479264517493
67	0.5136976472966259
68	0.3282164669656713
69	0.23684935542676328
71	0.05349683289764773
73	0.036424448485151875
74	0.052645691958207314
75	0.29904901032113607
76	0.006298940534809859
77	0.2650600811132038
78	0.4614424788052475
80	0.2821882599672306
82	0.055021541631326734
83	0.19853436702659039
87	0.01173980481101164
88	0.3119599734910018
89	0.05964091207748364
91	0.003993566217451887
92	0.04592713501227333
98	0.2477453348391504
99	0.005566483954038113
100	0.048215187991693095
101	0.4405449715019517
103	0.3662729353381466
105	0.07633807117668748
107	0.37004754900626785
108	0.056940820968649754
112	0.29704162375110194
113	0.5113125523506576
115	0.07128048455920956
117	0.29103379512052846
120	0.0695674710591039
122	0.4872325585942572
123	0.016113675740317454
124	0.0269894760005321
126	0.685661044741334
127	0.7025046801548162
128	0.21589228098816857
129	0.2711152762269544
131	0.26485915138909794
132	0.07586863091724638
133	0.19327913291516746
135	0.5183382704051653
136	0.06388506035059585
137	0.2270716363510822
138	0.054514668109674376
139	0.2747406837412124
140	0.046923984933074134
141	0.1785638473768511
142	0.08392656514150651
143	0.508068166168006
145	0.23478859667568278
146	0.014776083695534056
147	0.24327305823682188
148	0.24448581663058816
149	0.28326821790667894
150	0.23412728440360608
153	0.11739911055106711
154	0.7547320043228816
155	0.4619103090389923
156	0.31106091804945774
157	0.20133821979793984
160	0.26555929757096935
161	0.14681561395072606
162	0.025367745668629354
163	0.1951931238289035
164	0.296785821664565
166	0.25535150342250534
167	0.04020514106510668
168	0.2811358810329799
171	0.30299757852042947
172	0.09940754762727516
173	0.049423059218394044
174	0.0876591111040533
176	0.29402173416742844
177	0.27899511902803614
183	0.31307024169189396
185	0.4156031126100019
187	0.4667237603039346
190	0.25971332937156444
191	0.2740526325406292
192	0.11677933893941062
195	0.28953227125265807
197	0.16346569163456798
198	0.019997886914496266
202	0.04072338129232109
203	0.3020868201007518
204	0.4703523538418771
205	0.21417029164609597
208	0.5694355008429816
209	0.18881012871363953
210	0.0437112613715155
212	0.03301278262389308
213	0.29470873226394767
215	0.05341034073043739
217	0.08694577285863586
219	0.22050883416213243
220	0.31443477254973995
221	0.06379296971879782
225	0.3095738193450162
227	0.061638352938307495
228	0.056735937647244127
229	0.23516228050959306
233	0.24964342171859902
237	0.28921415046323284
240	0.05381947530659277
241	0.1970533191174195
242	0.025443484471913892
244	0.2873463846849404
246	0.015460135469098274
247	0.043449291806453585
248	0.26245091775992374
249	0.05126105846090111
251	0.045823294140637766
255	0.4502868715849899
257	0.22659097001903686
258	0.24073398494037213
260	0.2699622517137448
261	0.2666022480544372
262	0.31393928736702076
263	0.2751465697777965
264	0.00032801594816730256
265	0.2504634462233338
266	0.5486693394806957
270	0.05750477684630821
272	0.2732663101311991
273	0.47511761926112955
274	0.25294592844495567
275	0.47362897718582964
276	0.03416367044727121
277	0.3178868785375616
278	0.27518510723712053
279	0.007886418560897689
281	0.248486899937117
282	0.4846649850539395
283	0.7380081228234326
284	0.2911394341381332
285	0.22931201823678737
287	0.5378792200133822
288	0.27846959904290025
291	0.2819563233798239
296	0.27942409344866814
297	0.03136206854479431
298	0.06130648680162024
300	0.3924508956834722
301	0.05061754363261745
304	0.2872923381543951
305	0.0317501493347491
306	0.4832074961897592
307	0.005033671150788975
308	0.023407330288733062
309	0.24106761976994112
310	0.2687961452147104
315	0.06476849353343091
317	0.7395761929740424
318	0.04753245841897954
319	0.3076644697302824
320	0.05106040248019352
322	0.0378898574077569
323	0.06314568766287934
324	0.06368507517829113
330	0.21136174463660504
332	0.26804317259988414
333	0.29921654767104977
335	0.5543808628944624
337	0.000833314204705754
341	0.4267658602140935
342	0.03420926450148675
346	0.26363573870888823
348	0.010196907456315494
349	0.34303530928556303
350	0.2918855763685992
351	0.0603396000223403
353	0.33162022303625605
355	0.26162613292411785
357	0.06340576004957298
359	0.020203585917651045
362	0.0647310754904203
364	0.03911709407709086
365	0.022784640751700218
366	0.7626976280048484
367	0.25795246536820543
368	0.5129274697779403
369	0.1981809829477214
370	0.06342088929326062
372	0.2179940818444696
375	0.5268716485016125
376	0.0643143158061067
380	0.03574589584155212
381	0.022936142683026885
382	0.08562001454759297
383	0.22554608403398493
384	0.01744465671352516
386	0.008681362740986243
388	0.21075257147937088
391	0.275387663675725
392	0.028943022874284977
400	0.23371249615193102
401	0.003492349485343625
403	0.27402216144058017
404	0.2641745944271461
410	0.2493550601317583
411	0.04280727436008719
412	0.27703981878318673
413	0.013027381757037701
414	0.10566811880508867
415	0.5481276047535719
418	0.09140686620000923
419	0.3200937919579605
420	0.0446242877437042
421	0.04825072968538174
422	0.02863300189237764
423	0.03134558193873502
424	0.06717211764378289
425	0.28614333705838924
427	0.5357374842753129
431	0.02217340339258702
432	0.4952922806638911
433	0.2656587720599173
434	0.23423580835723323
435	0.04992707736351234
436	0.053765785764100876
438	0.04597565049823606
439	0.49682927353177764
440	0.08756992881906438
443	0.2826087412289147
444	0.3296815866344235
449	0.010758012214553064
450	0.05248945865680768
451	0.21639618521441795
453	0.03288419935481374
459	0.012245789409451698
461	0.06600290349283076
464	0.3172520489820361
469	0.05386635726366947
470	0.4384441274416152
471	0.48842676473895646
472	0.5144035842803122
473	0.511131949850019
474	0.05135127749557356
475	0.33204553513097906
476	0.2976236066498018
477	0.24787465321469848
479	0.045163565008314754
480	0.02367590319186246
482	0.522531177386062
483	0.2566798617667168
485	0.052361939171923194
487	0.05080312820404628
489	0.1907637362234072
491	0.027399770332865482
492	0.2938532999458936
494	0.7543754170043074
496	0.25570889901804755
497	0.05563354775330537
500	0.019804062523224017
502	0.004968488013550345
507	0.28255869731425426
509	0.14461910449606025
510	0.3015014352178539
511	0.22349587865585327
512	0.49611623742865396
515	0.24331176421647882
516	0.03790372763701309
518	0.24500276587616676
520	0.21024263825865647
522	0.29781652711162704
523	0.23026214689263802
524	0.055854227767598276
525	0.010560969201958408
527	0.44634527343266484
528	0.21925195736176792
529	0.48191893447758766
530	0.2532757537917017
531	0.044620459993928274
533	0.0017519607025767714
534	0.29248654778388405
537	0.030703192673906952
539	0.19779846239361476
540	0.5138257118395562
544	0.21608790083225243
546	0.2969237460122009
547	0.04307962249899437
549	0.02367590319186246
551	0.03782705816671907
552	0.2812762344457144
554	0.20226225936981893
555	0.22823071768793352
556	0.06771336237464251
558	0.33532140766767815
560	0.05438514503120647
563	0.19429916122151603
564	0.016364318590933142
566	0.02636291571511115
570	0.2774477067836499
572	0.0013663037969971203
574	0.2702202643497944
575	0.004693959104915556
578	0.5221705941383422
579	0.022537728786714242
580	0.18615691100214482
582	0.08753350494209222
583	0.25761912235848905
585	0.21424981495643683
586	0.07077495264433525
587	0.03197316883175245
590	0.0014301698235819824
593	0.20501341575909326
594	0.3093866281137501
596	0.22112948303402039
598	0.09414513334704436
599	0.03405408011291262
601	0.00918455934216407
602	0.30521981244697194
603	0.018595728264081787
604	0.18192410223663377
605	0.06548070137606475
607	0.11860907489786562
608	0.08272393483970499
609	0.10169342528306383
610	0.2780162688606296
611	0.06696257985699347
612	0.20084831224179422
614	0.028981740231857303
616	0.004637581440637868
618	0.21727787949100713
620	0.21551481865338165
622	0.045207870246319934
624	0.047286351990598066
626	0.009865791009902668
628	0.05398108294506078
630	0.5393204208965592
631	0.22221152889138512
636	0.28259579691865605
642	0.001509458479812105
644	0.2419806486114817
646	0.17453899245473767
649	0.24207524969526661
652	0.038106693281738685
653	0.248979989816686
657	0.030874613197962086
661	0.08165238017105883
662	0.5541078474575591
663	0.06517659344050705
664	0.08171705989826616
668	0.17009886553718617
670	0.06949745252801197
671	0.22352645418953793
672	0.526023990926851
673	0.0049585427323953594
674	0.11313381588583712
675	0.3214848318641553
676	0.2504326186122008
677	0.26317412901992393
678	0.04400100683592589
679	0.2285051995536998
680	0.015318050021705158
681	0.1693487716409196
686	0.30873137794407807
687	0.4561015789407821
688	0.2534111949365356
689	0.21264765211837997
691	0.04355919756552352
695	0.5575418523981375
696	0.05112906821247694
698	0.4547169567776446
699	0.05838140153266739
700	0.018687097270005656
701	7.646161116710293e-05
702	0.19872975467589038
703	0.5181266161153585
705	0.27418881235285947
706	0.22902464689352353
708	0.22605565780022424
709	0.034178288170817986
712	0.5124331276464333
713	0.023935296075520886
714	0.0027368636683559704
716	0.04115753564311009
717	0.03530342104857063
723	0.23751050081313682
725	0.2949977131376152
727	0.0027291945657930833
728	0.13533062190565498
729	0.007625462336937193
731	0.26096164254100346
732	0.4892965062567693
736	0.015212060880322585
737	0.09301899993807192
739	0.5156400340004186
740	0.05431058348391712
742	0.06004519245197947
743	0.04804714104620479
746	0.00016090850826452896
750	0.22218275947976915
752	0.26930560411652416
754	0.5053539089073938
756	0.041024277001374614
759	0.011404922355410664
761	0.20716294077539815
762	0.02089418486595242
765	0.03325094414069957
768	0.24952157443030237
769	0.0038387992859183102
770	0.02288959459763133
775	0.7126847414997602
776	0.2396652935486422
777	0.2836135902248837
778	0.32975463165975416
779	0.23945409240536314
780	0.07261221725589664
781	0.27860669433205537
783	0.4761093899959376
785	0.24721793809118287
789	0.06301075659807714
790	0.19575589462110282
791	0.030903181903524982
794	0.2987143049350662
797	0.4346572131139067
798	0.2703299225521638
799	0.25992375410999624
801	0.24433856171216628
803	0.015729735232913208
805	0.00915302984440125
807	0.054947474187505334
808	0.28596744666748175
809	0.31754207828177095
810	0.05618020913888368
811	0.2099246766976632
812	0.4650470576884702
813	0.06769915668087242
814	0.25863127942004593
816	0.5372118036389147
817	0.5353601727559169
818	0.2579428855653662
819	0.04536660840874477
820	0.10703241590353173
822	0.31074892170199037
824	0.2557257833147268
827	0.46262960304229683
829	0.05398108294506074
832	0.47706992142388094
834	0.4396747233375252
836	0.5284029600471323
839	0.03260985945938634
841	0.035325700117204616
842	0.011600903990465393
844	0.5579454634309992
848	0.016640304235697456
850	0.2213880437653432
852	0.2717924197220012
853	0.019273143910182644
854	0.05992957052507567
856	0.025348274295863858
858	0.3470571317539269
859	0.5228828052576732
860	0.036516900337155364
861	0.24847128672013483
863	0.2716597194491786
864	0.022601582982835343
866	0.17740658043050878
869	0.046420828561486854
871	0.2430799325747739
873	0.47776904072599724
876	0.19245044594040656
879	0.3352243309610023
880	0.03970072598744863
884	0.5025014605233881
885	0.1675705569286025
888	0.22338259778083008
889	0.26369018727700794
891	0.2834839650648084
893	0.25977990779375104
897	0.005778883824258535
898	0.22074843278321415
904	0.21739520580058525
906	0.05235198356497009
907	0.04432006270620012
909	0.25473464940050566
910	0.2521393781312507
911	0.23490174645575218
914	0.1520099932647953
915	0.21519204004543574
916	0.008730899701882282
917	0.5072693208008792
920	0.26177797372189016
923	0.2857290621629836
925	0.2784477302740471
926	0.29725569330856255
927	0.056429922397521724
928	0.079961473312812
929	0.1036972416554785
931	0.05053253486271561
934	0.04192325038437334
935	0.0009883119783215093
938	0.27764472359601033
939	0.3062006776662677
943	0.07414943309619555
0	0.0
0	0.0
0	0.0
0	0.0
0	0.0
0	0.0
0	0.0
0	0.0
0	0.0
0	0.0
0	0.0
0	0.0
0	0.0
0	0.0
0	0.0
0	0.0
0	0.0
0	0.0
0	0.0
0	0.0
0	0.0
0	0.0
0	0.0
0	0.0
0	0.0
0	0.0
0	0.0
0	0.0
0	0.0
0	0.0
0	0.0
0	0.0
0	0.0
0	0.0
0	0.0
0	0.0
0	0.0
0	0.0
0	0.0
0	0.0
0	0.0
0	0.0
0	0.0
0	0.0
0	0.0
0	0.0
0	0.0
0	0.0
0	0.0
0	0.0
0	0.0
0	0.0
0	0.0
0	0.0
0	0.0
0	0.0
0	0.0
0	0.0
0	0.0
0	0.0
0	0.0
0	0.0
0	0.0
0	0.0
0	0.0
0	0.0
0	0.0
0	0.0
0	0.0
0	0.0
0	0.0
0	0.0
0	0.0
0	0.0
0	0.0
0	0.0
0	0.0
0	0.0
0	0.0
0	0.0
0	0.0
0	0.0
0	0.0
0	0.0
0	0.0
0	0.0
0	0.0
0	0.0
0	0.0
0	0.0
0	0.0
0	0.0
0	0.0
0	0.0
0	0.0
0	0.0
0	0.0
0	0.0
0	0.0
0	0.0
0	0.0
0	0.0
0	0.0
0	0.0
0	0.0
0	0.0
0	0.0
0	0.0
0	0.0
0	0.0
0	0.0
0	0.0
0	0.0
0	0.0
0	0.0
0	0.0
0	0.0
0	0.0
0	0.0
0	0.0
0	0.0
0	0.0
0	0.0
0	0.0
0	0.0
0	0.0
0	0.0
0	0.0
0	0.0
0	0.0
0	0.0
0	0.0
0	0.0
0	0.0
0	0.0
0	0.0
0	0.0
0	0.0
0	0.0
0	0.0
0	0.0
0	0.0
0	0.0
0	0.0
0	0.0
0	0.0
0	0.0
0	0.0
0	0.0
0	0.0
0	0.0
0	0.0
0	0.0
0	0.0
0	0.0
0	0.0
0	0.0
0	0.0
0	0.0
0	0.0
0	0.0
0	0.0
0	0.0
0	0.0
0	0.0
0	0.0
0	0.0
0	0.0
0	0.0
0	0.0
0	0.0
0	0.0
0	0.0
0	0.0
0	0.0
0	0.0
0	0.0
0	0.0
0	0.0
0	0.0
0	0.0
0	0.0
0	0.0
0	0.0
0	0.0
0	0.0
0	0.0
0	0.0
0	0.0
0	0.0
0	0.0
0	0.0
0	0.0
0	0.0
0	0.0
0	0.0
0	0.0
0	0.0
0	0.0
0	0.0
0	0.0
0	0.0
0	0.0
0	0.0
0	0.0
0	0.0
0	0.0
0	0.0
0	0.0
0	0.0
0	0.0
0	0.0
0	0.0
0	0.0
0	0.0
0	0.0
0	0.0
0	0.0
0	0.0
0	0.0
0	0.0
0	0.0
0	0.0
0	0.0
0	0.0
0	0.0
0	0.0
0	0.0
0	0.0
0	0.0
0	0.0
0	0.0
0	0.0
0	0.0
0	0.0
0	0.0
0	0.0
0	0.0
0	0.0
0	0.0
0	0.0
0	0.0
0	0.0
0	0.0
0	0.0
0	0.0
0	0.0
0	0.0
0	0.0
0	0.0
0	0.0
0	0.0
0	0.0
0	0.0
0	0.0
0	0.0
0	0.0
0	0.0
0	0.0
0	0.0
0	0.0
0	0.0
0	0.0
0	0.0
0	0.0
0	0.0
0	0.0
0	0.0
0	0.0
0	0.0
0	0.0
0	0.0
0	0.0
0	0.0
0	0.0
0	0.0
0	0.0
0	0.0
0	0.0
0	0.0
0	0.0
0	0.0
0	0.0
0	0.0
0	0.0
0	0.0
0	0.0
0	0.0
0	0.0
0	0.0
0	0.0
0	0.0
0	0.0
0	0.0
0	0.0
0	0.0
0	0.0
0	0.0
0	0.0
0	0.0
0	0.0
0	0.0
0	0.0
0	0.0
0	0.0
0	0.0
0	0.0
0	0.0
0	0.0
0	0.0
0	0.0
0	0.0
0	0.0
0	0.0
0	0.0
0	0.0
0	0.0
0	0.0
0	0.0
0	0.0
0	0.0
0	0.0
0	0.0
0	0.0
0	0.0
0	0.0
0	0.0
0	0.0
0	0.0
0	0.0
0	0.0
0	0.0
0	0.0
0	0.0
0	0.0
0	0.0
0	0.0
0	0.0
0	0.0
0	0.0
0	0.0
0	0.0
0	0.0
0	0.0
0	0.0
0	0.0
0	0.0
0	0.0
0	0.0
0	0.0
0	0.0
0	0.0
0	0.0
0	0.0
0	0.0
0	0.0
0	0.0
0	0.0
0	0.0
0	0.0
0	0.0
0	0.0
0	0.0
0	0.0
0	0.0
0	0.0
0	0.0
0	0.0
0	0.0
0	0.0
0	0.0
0	0.0
0	0.0
0	0.0
0	0.0
0	0.0
0	0.0
0	0.0
0	0.0
0	0.0
0	0.0
0	0.0
0	0.0
0	0.0
0	0.0
0	0.0
0	0.0
0	0.0
0	0.0
0	0.0
0	0.0
0	0.0
0	0.0
0	0.0
0	0.0
0	0.0
0	0.0
0	0.0
0	0.0
0	0.0
0	0.0
0	0.0
0	0.0
0	0.0
0	0.0
0	0.0
