2	0.2539107819697178
3	0.2700586557646144
4	0.08797563131087283
8	0.21007892682085477
9	0.288164420204797
11	0.03426579370955442
12	0.7390964368771041
15	0.19956633897797738
17	0.5483689432527188
18	0.19336666414696915
19	0.46074405531854923
20	0.7207821585109497
23	0.03821023566031174
24	0.20521364493232613
25	0.3112732833041377
27	0.3201544153973743
28	0.24425196229373983
29	0.0293912846167831
31	0.04548905395631499
32	0.42708354153819417
33	0.05050590899875472
35	0.20856412960805204
36	0.2828924538462575
37	0.16600205912265753
39	0.012199150235898657
40	0.5782320670546391
41	0.19797657439124228
43	0.22528304642550567
45	0.19808848825359368
46	0.30860172832981453
47	0.06845229560260528
50	0.08010025136174874
51	0.21767319786282624
52	0.4455335311262557
53	0.5130898305512424
55	0.7037911277240456
58	0.0349228136539706
60	0.23368531322321973
61	0.43257048327305353
65	0.47253541352643635
66	0.5529328041718651
67	0.5304602024324606
68	0.25566240813303215
70	0.2581668532501086
71	0.5112402608909431
72	0.06343821496222848
74	0.05072271633528986
75	0.24373435629902765
76	0.2533338115012785
77	0.02879989420123951
79	0.18232299508552502
80	0.44866780491899744
81	0.1917537520667784
83	0.2622729290910743
84	0.47120277571887975
86	0.4774730744703183
88	0.24419833391321707
91	0.21240227400831727
95	0.007686055220676162
96	0.03180352031894762
98	0.21717138091203597
99	0.43864992708133627
101	0.2057252447247926
102	0.20697854175074198
103	0.24019921299823316
104	0.16133729642442415
105	0.22658156536726062
106	0.6411668247923673
107	0.07459104423303514
108	0.04291216656565811
111	0.038853174373508464
112	0.26244141897903067
113	0.056668630675289634
115	0.010344695897863174
117	0.22126438976317356
120	0.00844905654705861
122	0.5457411942797714
124	0.5765327356471455
125	0.16774119637662704
126	0.2801858896576177
127	0.30752063634247456
128	0.7072541277258373
129	0.03793419378529709
131	0.41306905367326724
132	0.31361248007804854
133	0.4227285852326971
134	0.1675042383847196
135	0.3044302939743971
136	0.21941000439072772
137	0.27732716364882676
139	0.5120088736888578
140	0.05260548886393751
141	0.4648700439227237
143	0.2571906412910792
144	0.0401658243023816
145	0.19746696883894727
146	0.27661706545384823
147	0.4956280438109898
148	0.318912552249488
149	0.1311676054550408
150	0.052605488863937525
152	0.208421759964457
153	0.3695501486833992
154	0.2210333662472903
155	0.1705826732952376
156	0.44932232265120137
157	0.45214011773343704
159	0.6868730513284401
161	0.5812586471086871
162	0.2511866383853205
163	0.4935008069501453
164	0.2750761586765194
165	0.44970357429087837
166	0.588490589873519
168	0.2101133121969787
169	0.5396567735741238
170	0.6545676595773917
171	0.519037165170215
172	0.23315874684410026
173	0.041792049762404
176	0.3164975971880834
177	0.2394322187649952
178	0.2058706682506834
180	0.512974553069441
182	0.018902218340831615
183	0.26100202558025287
185	0.23283938030305817
186	0.2231103588714003
187	0.5117956015892773
188	0.19856827872962707
190	0.15024267260257884
192	0.2505790309669317
193	0.0027897777361741427
194	0.2709272961891891
196	0.048647840933179594
197	0.16804703096793078
199	0.2665052824479001
202	0.3645641711854444
203	0.02320333906978565
204	0.4599002499867774
205	0.533536350406838
208	0.26686665992441094
210	0.04674068470424437
212	0.25373772445817677
213	0.03933274667527461
216	0.24029475784736054
217	0.07055388048265558
218	0.03234248531686295
219	0.17535508889672172
220	0.5836147791306368
221	0.04122416007188559
225	0.0690378588207706
227	0.04510157003190381
228	0.31160160746817506
229	0.4105752319847855
230	0.23024492966578752
231	0.43575182407510576
232	0.022518682379086812
233	0.5035438436806449
237	0.30745609395331597
240	0.22403529446515583
241	0.6465970636450418
242	0.35931817390743415
243	0.1984673664635636
245	0.25253799824187617
247	0.24075802779690256
248	0.06117523192324205
250	0.008036139585046738
251	0.21178692792105175
254	0.1919627163006224
257	0.4250568431237145
258	0.7345395695563326
260	0.4912404902183255
261	0.7071252373489038
262	0.08781608136505326
264	0.011968359733888885
265	0.019085320158779454
266	0.13819773072818356
272	0.24846533209517355
273	0.5386094160388639
274	0.19973338341886782
275	0.4650800648972197
277	0.34432090400258397
278	0.16631244000614664
279	0.30066796327068535
281	0.18147985653839271
282	0.2913425273876372
283	0.010127231146194085
284	0.07137349158633685
285	0.2170592117544239
287	0.23929936438594235
289	0.5834903460261587
291	0.027729214836756163
300	0.6431053048197743
301	0.19247199502183798
302	0.21640553795324002
304	0.5860517795705898
306	0.7327743031102532
307	0.04774958785823403
309	0.276269772774988
310	0.23582108870915733
312	0.04571762842899979
315	0.06596400515215278
317	0.0017832369106419513
318	0.05245990480097591
319	0.04436643323176409
322	0.5166378116881071
323	0.0011371580926868262
329	0.18723147865172107
330	0.1683712305661613
331	0.01993339683826237
332	0.17596371955184278
333	0.27565028669639047
335	0.2138111488260676
336	0.6771494508530681
337	0.48331749821456416
338	0.06535886652752984
340	0.265853397556323
341	0.28023800263945975
346	0.2539451420465684
348	0.18502439404750562
349	0.2340290985928565
351	0.2414713647500662
352	0.018491402707984925
353	0.47302156505670856
354	0.03229441786350645
355	0.054892415946748055
356	0.21926194156180004
357	0.24223451271484575
359	0.26265780787380827
361	0.23928120444303239
362	0.1323450270239289
364	0.060327990301750796
365	0.2795715484527156
366	0.33125433425481693
368	0.4762291566453134
369	0.4261221148792147
371	0.20598199103899228
372	0.26220693727990013
374	0.18465761956902266
376	0.48087390759157383
377	0.2740526325406292
382	0.028186846275471147
384	0.0631453784017008
386	0.19489373565394996
388	0.24481427760412935
391	0.008662635050392865
393	0.4335771496427214
396	0.16291719848068217
400	0.49552258642490005
401	0.03562269778630438
403	0.1974154559441762
408	0.019869749160453063
410	0.47743737509965734
412	0.021366926633271097
413	0.22114766662786528
414	0.1991942353335422
415	0.32245643578718103
416	0.17540311024749017
418	0.22616514913775906
419	0.4468807708935521
420	0.17500607970064164
421	0.23188796209398735
423	0.21627965929459306
426	0.22900412422394087
427	0.03367552622574285
428	0.02477949468841748
430	0.035929467999090595
431	0.7352077694489126
432	0.21846712466225937
433	0.04389360298970156
434	0.2928133601603139
438	0.019236396803114317
439	0.5246401491575982
440	0.22196844130387394
443	0.0018348656976389065
444	0.5433461465264399
449	0.014184981533733033
451	0.033008464041998906
461	0.08673457204004538
462	0.008945687615586468
464	0.040133206977137
466	0.24627225745342404
469	0.2402146322575635
470	0.43829150881474144
471	0.2977441663833937
473	0.29650460503541654
474	0.21686996135140857
475	0.36520494134933457
477	0.514636846862781
482	0.4617181297826412
483	0.4859427884334493
488	0.21768535158098262
489	0.26465351247797547
492	0.17016897773191578
494	0.24566029733090525
495	0.20797321089459303
497	0.23398304450665883
499	0.04771557201498221
504	0.24775671850222108
505	0.25114718167157657
510	0.26525610779957126
511	0.2647030471591769
512	0.18800632739121073
513	0.2275045890533232
515	0.25435353577584324
517	0.19388806110813425
518	0.25192952187926276
519	0.21085309292027435
520	0.2419098424354775
522	0.056795497958982616
523	0.003643978112030953
526	0.17233965201789792
529	0.05793064248943436
530	0.33132306799569167
533	0.19838645964024004
534	0.19832921434926232
539	0.026325971403210677
543	0.038108824991299126
544	0.11536728981266908
546	0.18566379182161358
548	0.0008313975488013076
550	0.18740282857809246
551	0.027232479748062255
552	0.18948221234859122
554	0.44781261895355584
555	0.2687492617128166
556	0.22423537108696373
558	0.354372828283154
559	0.6868813671142207
563	0.4014743956493
565	0.4492282215177561
566	0.06473534199405592
568	0.008757404448289787
571	0.02653225414045118
572	0.05528176355406546
575	0.4771306055038039
576	0.18533150717253535
578	0.46491608492966235
581	0.04121492749205317
582	0.20525162906649883
583	0.48939910535125547
585	0.2710425419478154
587	0.04656385023868352
591	0.05983313073192643
594	0.6827165126326368
596	0.4337886890044307
599	0.3292363202201471
600	0.2127420885759881
604	0.2098756900554493
607	0.26065332022909193
609	0.42192723248357106
611	0.4573706290745784
612	0.5294668318765241
616	0.22316890285782512
618	0.18964591382337023
619	0.43470373981656385
620	0.19187384730472656
621	0.2167221906921867
623	0.18055625668934555
630	0.2781788331102234
631	0.07088266560172227
633	0.0131585336694157
636	0.005631600686903288
644	0.7305146248849504
645	0.2109452932069389
646	0.3964088022659185
648	0.17631857629589792
649	0.015062279953180473
651	0.19254969045280076
653	0.18424468824511903
654	0.1675310612984106
656	0.22376312302016896
657	0.23513243481062035
660	0.21517571216326914
662	0.5117832302224312
663	0.4479010618288276
667	0.25750907346739
670	0.02366123534793671
671	0.03778475905929149
672	0.6762261351353427
673	0.7455469394875799
675	0.5043160140454215
677	0.03494214884983368
678	0.13333452166403392
679	0.43981920166752764
680	0.23788882470157474
681	0.37438835002743437
684	0.23087027780581182
686	0.06882975597017271
687	0.2606643751388423
688	0.5340886307600183
689	0.18673931067391092
691	0.2313191381839852
694	0.19198871978361268
695	0.1081459623028116
698	0.1836171795997724
701	0.22984124318105648
703	0.19900002578773038
704	0.2861138201969345
705	0.20952914827407568
707	0.046658344337853354
708	0.18409314971593005
709	0.18151019585457992
710	0.056440182776233964
712	0.46321344909212275
714	0.4575979965782906
715	0.22889224488687385
718	0.25466565371182703
719	0.21665445850550305
720	0.22878780520093955
723	0.4750463068520837
725	0.17112610601341788
728	0.450897229568369
729	0.2120630786194786
730	0.26348786986851563
731	0.2887395815417826
732	0.18689450998580448
736	0.2139583915644302
737	0.2541120015847515
739	0.2776733939491122
740	0.014608386703759007
745	0.02441466169124973
753	0.01799971566151523
754	0.262047330272333
755	0.2209312763824503
759	0.05463596267516285
761	0.03875621900368623
762	0.2074472892294075
765	0.27351153472474354
769	0.23015807579748884
772	0.20203688621058852
774	0.006487065512416177
775	0.27683762508266485
776	0.39960567589467816
777	0.35263607677166314
778	0.023739498973333373
779	0.27217187277708466
781	0.1703904101673571
784	0.2632015686667869
785	0.23325307942867124
789	0.25767937988238077
791	0.1818085098156403
793	0.1923717712159736
794	0.060569005325872116
796	0.011493660593479813
797	0.4418759850810127
798	0.47201256073000775
799	0.5299256909863809
801	0.5087239078905519
802	0.2138608124185774
803	0.002288648306137085
804	0.46453125413048835
808	0.03875102281553517
810	0.17297702230049056
811	0.45387910474727045
812	0.28322967867888726
813	0.22982937346890356
814	0.09639379595996894
816	0.24068413055030793
819	0.19816355271964464
822	0.07223144400372923
824	0.24432205333021206
825	0.45382046274063104
827	0.2611122383396595
831	0.16670306117993414
832	0.45454371705770213
834	0.19522387414123302
836	0.26594117203797557
837	0.18073286851028791
838	0.03564970234665919
842	0.06307612461071867
843	0.03975726530116276
844	0.22832320729067904
845	0.22667819658097554
847	0.3027561878353826
853	0.0015275762508802498
855	0.27693664516568556
856	0.04531527354390967
857	0.04691309444606323
858	0.48351286777884905
859	0.33449491492574335
861	0.03365233020419389
866	0.2259770939203135
872	0.4393753018442613
873	0.01591756321566399
876	0.4195008913616215
878	0.22911142491114542
879	0.2209490741257985
881	0.23432203772818977
884	0.08143369665256436
888	0.445895129251788
889	0.2060474587383609
890	0.031210438732953552
891	0.2315463977102007
892	0.22918400078061224
895	0.2325033935505815
898	0.001229420741064545
901	0.013987804726563746
902	0.5023114719724767
904	0.04903008622353019
905	0.0032525283743722808
909	0.2823487059571984
910	0.06168983660856416
911	0.30863081297194245
912	0.03600089659871533
913	0.03993298680953426
914	0.564251951412141
915	0.4297333737138066
917	0.3089875123354471
918	0.24972881590839258
920	0.002161845218802909
922	0.13437237136987382
925	0.27127596472054144
927	0.2157887790621624
928	0.06360517603551674
930	0.5398574381470445
934	0.021805047491730026
935	0.4555262344091665
937	0.03885317437350849
939	0.2712459274434888
942	0.2096725490979336
943	0.0579302727257591
0	0.0
0	0.0
0	0.0
0	0.0
0	0.0
0	0.0
0	0.0
0	0.0
0	0.0
0	0.0
0	0.0
0	0.0
0	0.0
0	0.0
0	0.0
0	0.0
0	0.0
0	0.0
0	0.0
0	0.0
0	0.0
0	0.0
0	0.0
0	0.0
0	0.0
0	0.0
0	0.0
0	0.0
0	0.0
0	0.0
0	0.0
0	0.0
0	0.0
0	0.0
0	0.0
0	0.0
0	0.0
0	0.0
0	0.0
0	0.0
0	0.0
0	0.0
0	0.0
0	0.0
0	0.0
0	0.0
0	0.0
0	0.0
0	0.0
0	0.0
0	0.0
0	0.0
0	0.0
0	0.0
0	0.0
0	0.0
0	0.0
0	0.0
0	0.0
0	0.0
0	0.0
0	0.0
0	0.0
0	0.0
0	0.0
0	0.0
0	0.0
0	0.0
0	0.0
0	0.0
0	0.0
0	0.0
0	0.0
0	0.0
0	0.0
0	0.0
0	0.0
0	0.0
0	0.0
0	0.0
0	0.0
0	0.0
0	0.0
0	0.0
0	0.0
0	0.0
0	0.0
0	0.0
0	0.0
0	0.0
0	0.0
0	0.0
0	0.0
0	0.0
0	0.0
0	0.0
0	0.0
0	0.0
0	0.0
0	0.0
0	0.0
0	0.0
0	0.0
0	0.0
0	0.0
0	0.0
0	0.0
0	0.0
0	0.0
0	0.0
0	0.0
0	0.0
0	0.0
0	0.0
0	0.0
0	0.0
0	0.0
0	0.0
0	0.0
0	0.0
0	0.0
0	0.0
0	0.0
0	0.0
0	0.0
0	0.0
0	0.0
0	0.0
0	0.0
0	0.0
0	0.0
0	0.0
0	0.0
0	0.0
0	0.0
0	0.0
0	0.0
0	0.0
0	0.0
0	0.0
0	0.0
0	0.0
0	0.0
0	0.0
0	0.0
0	0.0
0	0.0
0	0.0
0	0.0
0	0.0
0	0.0
0	0.0
0	0.0
0	0.0
0	0.0
0	0.0
0	0.0
0	0.0
0	0.0
0	0.0
0	0.0
0	0.0
0	0.0
0	0.0
0	0.0
0	0.0
0	0.0
0	0.0
0	0.0
0	0.0
0	0.0
0	0.0
0	0.0
0	0.0
0	0.0
0	0.0
0	0.0
0	0.0
0	0.0
0	0.0
0	0.0
0	0.0
0	0.0
0	0.0
0	0.0
0	0.0
0	0.0
0	0.0
0	0.0
0	0.0
0	0.0
0	0.0
0	0.0
0	0.0
0	0.0
0	0.0
0	0.0
0	0.0
0	0.0
0	0.0
0	0.0
0	0.0
0	0.0
0	0.0
0	0.0
0	0.0
0	0.0
0	0.0
0	0.0
0	0.0
0	0.0
0	0.0
0	0.0
0	0.0
0	0.0
0	0.0
0	0.0
0	0.0
0	0.0
0	0.0
0	0.0
0	0.0
0	0.0
0	0.0
0	0.0
0	0.0
0	0.0
0	0.0
0	0.0
0	0.0
0	0.0
0	0.0
0	0.0
0	0.0
0	0.0
0	0.0
0	0.0
0	0.0
0	0.0
0	0.0
0	0.0
0	0.0
0	0.0
0	0.0
0	0.0
0	0.0
0	0.0
0	0.0
0	0.0
0	0.0
0	0.0
0	0.0
0	0.0
0	0.0
0	0.0
0	0.0
0	0.0
0	0.0
0	0.0
0	0.0
0	0.0
0	0.0
0	0.0
0	0.0
0	0.0
0	0.0
0	0.0
0	0.0
0	0.0
0	0.0
0	0.0
0	0.0
0	0.0
0	0.0
0	0.0
0	0.0
0	0.0
0	0.0
0	0.0
0	0.0
0	0.0
0	0.0
0	0.0
0	0.0
0	0.0
0	0.0
0	0.0
0	0.0
0	0.0
0	0.0
0	0.0
0	0.0
0	0.0
0	0.0
0	0.0
0	0.0
0	0.0
0	0.0
0	0.0
0	0.0
0	0.0
0	0.0
0	0.0
0	0.0
0	0.0
0	0.0
0	0.0
0	0.0
0	0.0
0	0.0
0	0.0
0	0.0
0	0.0
0	0.0
0	0.0
0	0.0
0	0.0
0	0.0
0	0.0
0	0.0
0	0.0
0	0.0
0	0.0
0	0.0
0	0.0
0	0.0
0	0.0
0	0.0
0	0.0
0	0.0
0	0.0
0	0.0
0	0.0
0	0.0
0	0.0
0	0.0
0	0.0
0	0.0
0	0.0
0	0.0
0	0.0
0	0.0
0	0.0
0	0.0
0	0.0
0	0.0
0	0.0
0	0.0
0	0.0
0	0.0
0	0.0
0	0.0
0	0.0
0	0.0
0	0.0
0	0.0
0	0.0
0	0.0
0	0.0
0	0.0
0	0.0
0	0.0
0	0.0
0	0.0
0	0.0
0	0.0
0	0.0
0	0.0
0	0.0
0	0.0
0	0.0
0	0.0
0	0.0
0	0.0
0	0.0
0	0.0
0	0.0
0	0.0
0	0.0
0	0.0
0	0.0
0	0.0
0	0.0
0	0.0
0	0.0
0	0.0
0	0.0
0	0.0
0	0.0
0	0.0
0	0.0
0	0.0
0	0.0
0	0.0
0	0.0
0	0.0
0	0.0
0	0.0
0	0.0
0	0.0
0	0.0
0	0.0
0	0.0
0	0.0
0	0.0
0	0.0
0	0.0
0	0.0
0	0.0
0	0.0
0	0.0
0	0.0
0	0.0
0	0.0
0	0.0
0	0.0
0	0.0
0	0.0
0	0.0
