1	0.02454831318556238
2	0.21402056006633008
5	0.2688865127054629
6	0.04414458330987738
7	0.29694079387702405
8	0.7512901210078087
9	0.5027029318743265
10	0.04300847632620013
11	0.2384106875645897
12	0.4975261934527945
15	0.5049341366108163
17	0.5382208023471813
18	0.2688592794769704
19	0.015098803016986621
20	0.472772510778831
22	0.26987038606574426
24	0.030570908567114776
25	0.011542579295974183
26	0.22021865751964548
27	0.4089896412118755
28	0.5619156074227323
29	0.029978369843508795
30	0.025499639266805665
31	0.02269829071500844
32	0.995833326739634
33	0.017082135146447203
34	0.21397291914793476
35	0.3060887326322968
36	0.27109929368083013
37	0.50649420142168
39	0.26669634387282476
41	0.5336801197326042
42	0.048701658968499706
44	0.04815992598750782
45	0.7642938897105819
46	0.516162460297041
47	0.06095602245174669
48	0.3105540545572634
51	0.7837506620273584
52	0.7486314453281591
53	0.217097647108447
54	0.5649052111199013
55	0.7418229948440077
56	0.3250997917408422
57	0.5679067328923517
59	0.07155961370831165
60	0.2862217404622628
61	0.13639318882045573
62	0.04853423483797967
63	0.23582597237102326
64	0.02623202207655633
65	0.17984392814801275
66	0.25631958392168275
67	0.4721019618555093
68	0.7450091990151435
69	0.2979853584809623
70	0.32011001451933385
71	0.5558288392908731
73	0.04885038293060817
74	0.031460207517383224
75	0.441703141190745
76	0.5471867360120064
78	0.5118223710351532
79	0.5099154264082114
80	0.3378155380714647
81	0.5505312073640205
83	0.4746936436465884
84	0.497190026716049
86	0.3806508971311797
87	0.5548170389824597
88	0.30115481859114934
89	0.28763355409236946
91	0.2857376896215975
92	0.2854553134746824
93	0.4209066211224692
95	0.05159254642867653
96	0.23504242220150579
98	0.18288770689628997
99	0.47714359485554075
100	0.2902187936101852
101	0.7234706904615988
102	0.4767835336837652
103	0.4708108144984971
104	0.3458097573178808
106	0.42626128845069416
109	0.25624026475874817
110	0.04561646113880092
111	0.23658767395454078
112	0.2690058082238038
113	0.24204142121523767
114	0.5199767043380165
117	0.4964569850110134
118	0.5534693842243471
119	0.3084087065906121
120	0.09035215371194263
121	0.011483751799584899
122	0.47123389005125865
123	0.012913302801229556
124	0.2683536252694184
125	0.4817475264559355
126	0.47303535801972296
127	0.4729386050780122
128	0.736304211772
129	0.04090844162611181
130	0.01662209031794763
131	0.4840063040274755
133	0.6895421584356319
134	0.47260497205358676
135	0.22731266729878724
136	0.03495222505394674
137	0.4964461518837043
138	0.2748924948159966
139	0.07010152755476753
141	0.3972171692740026
142	0.5505226888888134
145	0.03416188000368302
147	0.4847132799967514
148	0.2565088649321715
149	0.4702368656977436
150	0.016812158361076485
152	0.5643551749174327
153	0.051264167104051336
154	0.2921005091292477
155	0.45242885589051685
156	0.25645301899533895
157	0.7417778542051221
158	0.2371640625941066
159	0.4466359529060536
160	0.026897202108008552
161	0.19704533643910427
163	0.5742733864474926
165	0.20138575505076478
166	0.3003210725729907
167	0.08863263676117489
168	0.03835244938773019
169	0.47514389683871694
170	0.43111943315260304
171	0.24351184854176014
173	0.03070953130484888
174	0.310873624364261
175	0.24300870976298308
176	0.029060222185577356
178	0.22318167542392264
180	0.5032792047242198
182	0.06072716400760732
185	0.18106539589742096
186	0.2060813777411436
187	0.46153368364258934
188	0.2212266310973827
189	0.0338250667152821
190	0.7060804534214877
191	0.4014743956493
193	0.3156130074770639
194	0.30693406867939194
196	0.2289944124650437
197	0.6937241095798414
198	0.009235280594945054
199	0.5641181998609436
200	0.01949385153214136
202	0.06774084670801325
203	0.23378325102489603
204	0.5231701815801462
207	0.01749849643498176
208	0.19526266588200047
211	0.28706990000242893
212	0.35613869639796086
213	0.016942247667208782
215	0.2497911627640712
216	0.0453116037671865
218	0.08446286953696983
219	0.4896298801609382
220	0.05875654148882998
221	0.01386555189391938
222	0.03275948204827475
223	0.001672986267382201
224	0.2314256592692746
225	0.014707977107116778
227	0.030670138566501193
228	0.5275494284177386
229	0.46440779346013034
230	0.0021777959664486014
231	0.7418270160794936
233	0.5197770408056809
234	0.01949802766673692
235	0.05950443762834792
238	0.31544379596698147
239	0.02333149690135417
240	0.03471491935135759
241	0.599761658809304
242	0.2608537314964785
243	0.008563139780460763
244	0.024225061913752136
245	0.24255787394551437
246	0.540044245907358
247	0.5630336082769056
248	0.008480800193740635
249	0.2641594451498863
251	0.009726469720676496
252	0.2712654028840995
253	0.039683225489728365
254	0.7809696666098106
257	0.7045905519687652
258	0.5650113290953405
260	0.31923954614876804
261	0.5381513358770721
262	0.05048810809155334
263	0.011613334877341952
264	0.2555811771139741
266	0.17202373627605297
267	0.004740042550965114
268	0.2883758037612846
270	0.007618163659382109
271	0.028444567317037154
273	0.4738286754267008
274	0.3156379914243198
275	0.775415917281685
276	0.26949596246878765
277	0.23736792578871088
278	0.5205272034427606
279	0.008646252307304581
280	0.009536351056245364
281	0.5731360351344575
282	0.2138552244750975
287	0.4374212706699752
289	0.6284535162738472
290	0.053107973671578226
291	0.23267956363238063
292	0.012646636217138026
294	0.5080498223413309
295	0.010016510457026475
296	0.24810320739623853
298	0.0025615838839531946
299	0.282555240814078
300	0.12961152681978083
301	0.5334815964012621
302	0.5439448478748142
304	0.27721019414726894
306	0.7337904451800762
309	0.2704005628912443
310	0.7216045270889611
311	0.007929316982424377
313	0.0397270887713069
314	0.2645204268702047
316	0.247347250556927
317	0.2475366079894204
318	0.020781451809307842
319	0.04179989373287143
320	0.051197896735411676
322	0.01914932603495364
323	0.2847182268280716
325	0.27936016723771123
326	0.27673513011082873
328	0.06821745438666033
329	0.20476564232356576
330	0.4742252305795366
331	0.23915387622572712
332	0.22561165899112046
333	0.23365014604721
336	0.7633906926126905
337	0.4751193218832415
338	0.25242798519259557
341	0.26941960988288177
343	0.003929714662382629
345	0.2662940536284145
346	0.28171514393777447
347	0.02369453068818811
348	0.5259518783499397
349	0.3299868141666936
352	0.5816964057160128
353	0.310655891081079
355	0.014248981807347877
356	0.30878280191465723
357	0.3049571626066321
358	0.0301179331329542
359	0.5286724785761067
360	0.007254447010483507
361	0.2498056711536288
362	0.2096631593392178
363	0.25348619855427307
366	0.24878026964521283
367	0.5208362469076229
368	0.47007005967731746
369	0.9965171417190835
371	0.009023141076358484
372	0.23960983644064807
373	0.01959767882165593
375	0.32680581778180345
376	0.5065944803504386
377	0.19429916122151603
378	0.023423848908608748
381	0.06007027450389896
383	0.24068907975300188
384	0.007926360752220404
386	0.26003647871683977
387	0.042955894533966976
389	0.051135508912502
392	0.01192861560273286
393	0.47172059958735796
394	0.26882953405368876
395	0.27886731865568515
396	0.47299701630624996
398	0.00042451643648454274
400	0.4897590071529453
403	0.25057593953105994
408	0.001082686075059451
409	0.2826132529887621
410	0.549943380454605
412	0.29286354795871444
413	0.7692156576525749
415	0.2651043745669097
416	0.192517987088634
417	0.0515784588713651
418	0.3253225909548054
419	0.4761657747206563
420	0.2505109011863482
421	0.3226948687646269
422	0.06198862988677223
423	0.23613973432168686
426	0.277709684278642
429	0.03504251105326672
431	0.27010568807177116
432	0.5085704094741498
433	0.016883680469051067
434	0.0037204590787742776
435	0.3132997387749993
438	0.2929337752982856
439	0.482626130211839
440	0.49764805520857175
441	0.561673108339797
443	0.29975681985757285
446	0.0894013562769102
447	0.029966658800482236
448	0.17911858862555324
449	0.568240714089158
450	0.294344953697493
451	0.029745192935942893
452	0.02775963747125123
453	0.2756968142507657
454	0.2744472590997662
455	0.0325179725881729
456	0.27513962909403306
457	0.024235144081618275
459	0.2601740013470035
460	0.013209707964994263
461	0.2965125952307735
462	0.017580672493518246
465	0.032619308689051156
466	0.32207416962388324
468	0.25665279680179004
469	0.0014375327381953504
470	0.7215640398050986
471	0.48229079650148987
472	0.5508606952316871
473	0.25100706114169885
474	0.23759144030041027
476	0.2560100983035347
477	0.240020595738791
478	0.0156472820606109
479	0.009501129961868023
481	0.48571573168576465
482	0.5228873481603961
483	0.7681766020836743
484	0.5730021742726912
487	0.2849185530867807
488	0.4996097556454682
489	0.21573061765711554
490	0.059234451437625874
492	0.490022163112845
494	0.23265235150292624
495	0.2287912516208922
496	0.29515186240576075
497	0.2829823188090553
499	0.013728818718966997
502	0.3089329446089528
504	0.03568136806250247
505	0.2691466622987972
506	0.06426193776449354
507	0.034397750181794695
509	0.4239327455954637
510	0.2934074092461714
511	0.35195572409819303
512	0.23628505085443213
513	0.5282387142888456
514	0.04471607892911164
515	0.26639932389456966
516	0.04886927906813858
517	0.5516677958425692
518	0.2380042593868515
519	0.23041044728621288
520	0.5454798482450556
521	0.2799604408702873
523	0.2381751011788445
525	0.04480671675050915
528	0.2862761513285824
529	0.015146349142265186
530	0.030015224243905403
531	0.27553770212256934
532	0.022171106683944064
533	0.5092908161399118
534	0.018618238805599954
536	0.528421320440065
537	0.27089810875430087
540	0.5158264367044512
544	0.43133055320214747
545	0.30596048924746766
546	0.5004852290175184
547	0.2405008059300123
548	0.015743016861529943
549	0.03613657174180182
550	0.5290203286250529
552	0.7747804393123073
554	0.9952197592011286
555	0.21492425119716818
556	0.24437721719092537
557	0.3090766250546576
559	0.444094869120441
561	0.004075732094913777
564	0.3202568945105575
565	0.5227374474894219
566	0.025765262519907316
568	0.07265804196916345
570	0.15456851157023796
571	0.2382309879240309
573	0.01973377602838912
574	0.03237967785538991
575	0.25992596510157506
576	0.5088286820302481
577	0.0430263239167192
578	0.5097597710704966
580	0.46575252397087336
582	0.46598368490801073
584	0.31310357066326855
585	0.008004675431515632
586	0.04553562698302893
587	0.06493038980135471
588	0.035828144461577144
590	0.28001047335220786
592	0.023502081042340528
593	0.5293715673674757
594	0.4567537086622656
596	0.5012467461934933
597	0.2255041725206631
598	0.28575034944373034
600	0.040493607589589115
601	0.2732554298227379
602	0.26205655013760665
603	0.2515188358450381
604	0.18844748192336624
605	0.007637909054607459
609	0.6414834718088818
610	0.04589516010931762
611	0.2623394927384371
612	0.4454224570991064
613	0.054813624914825006
614	0.0010906241487539138
615	0.25334200932093875
616	0.7480812405916222
618	0.24159824153517817
619	0.5124367945953888
620	0.7574467328828131
621	0.26806134031134854
622	0.27760041200579505
623	0.4674424538469959
624	0.025664725755955596
625	0.06101500510678425
626	0.2512942897102503
627	0.09141565050279095
629	0.23685531654591502
631	0.028736411051837583
632	0.2841318693595627
633	0.025238642216669098
634	0.05977351170112877
636	0.23646760880707823
637	0.0595417454237446
638	0.020502400565323414
640	0.020370200944360765
642	0.56788436128164
644	0.5243349016463819
645	0.026863790346765063
646	0.6752101017180019
648	0.27341796606831337
650	0.05176613241545447
651	0.2716515147804621
653	0.23819407224071598
654	0.21802995191605476
655	0.026416646654519874
656	0.20943602306714068
657	0.3001652525759928
660	0.4979185720684545
662	0.21866676299133284
663	0.5200500869979212
666	0.029595148359896368
667	0.05712416030857946
671	0.24213606267355212
672	0.4648145018309977
673	0.3064454699457928
674	0.26919321967059495
675	0.5479235797338715
679	0.7381778891812821
680	0.25714581251545093
681	0.7129867684204962
682	0.07225813970716202
684	0.5092213461204692
687	0.24758941085642414
688	0.21655082088708863
689	0.7598058140269793
691	0.2795436199819136
692	0.02838398646743631
694	0.5044614410098052
695	0.26083404285073636
696	0.008560605019898377
697	0.5122504441045976
698	0.7406877048144781
699	0.04749263025061551
700	0.5484993062701595
701	0.7780326040084614
702	0.46935558244516845
703	0.5034807053864736
705	0.2930499814674146
706	0.505283760639723
708	0.7797478260958638
709	0.2606930593246661
711	0.01302838932201075
712	0.49861534214275
714	0.5166014877509106
715	0.288226977672634
716	0.2634640333902043
717	0.027366688875043833
718	0.47644848887710833
719	0.012479132802789061
720	0.0368152569375943
721	0.045586890282905364
722	0.5268050436359243
723	0.7698829020333531
725	0.4791679796018058
726	0.14091461659991267
727	0.03225148749862003
728	0.21240424886567827
729	0.2134955349843153
730	0.24408725785306795
731	0.24165106160512834
732	0.23060636181185254
733	0.025845402390906318
735	0.06547371090036747
736	0.03725789810505672
737	0.048136547372919676
738	0.2613123294818919
741	0.01316180461272358
742	0.019184921581810278
743	0.005097730625157729
746	0.08490818395195188
749	0.05267843466093737
750	0.48948927026688976
751	0.030168882303507543
754	0.4707243099912503
755	0.030491353326730357
756	0.04330643851104478
757	0.03047577075852804
760	0.21594206389983675
761	0.25797018813557426
762	0.4728396168380061
765	0.28295933011300467
766	0.28611933019020547
767	0.005938204898623359
769	0.27183166221035154
770	0.01919585771482867
772	0.4778295285087678
773	0.03380853214660017
774	0.09846386788657441
775	0.2420369105920115
776	0.4413916443200643
777	0.012161158757816343
778	0.002317053609819396
781	0.4724115698912429
783	0.21603463644405166
784	0.00475986129722214
785	0.5236249823621782
786	0.011648386800859015
787	0.2754207577385903
788	0.29837340892953007
789	0.2884363574031798
790	0.2267242985466266
791	0.5591021929767991
792	0.29883915914608933
794	0.2632505770554862
796	0.2852686747137918
797	0.6009420853469969
798	0.25514185188082167
799	0.48984743316426427
801	0.2574747081255388
802	0.31811794005918603
803	0.05877728367765869
804	0.2808366838468121
807	0.3107134568932987
808	0.009657392812017114
810	0.24575432663294525
811	0.5321137817035703
812	0.0214705546458681
813	0.2671005345755917
814	0.04478886564931976
815	0.28861566339161293
816	0.26801332719044274
818	0.24410887805303816
819	0.010128825023795751
823	0.016865689582784178
825	0.49811510718093255
826	0.5065575706426345
827	0.006358446623957563
828	0.24308736553174382
829	0.008471447490061842
830	0.2592045243201493
831	0.5099900309659138
832	0.7450323196000496
834	0.7568601806978302
835	0.01319124998634158
837	0.19829621323356444
838	0.23696367122864997
839	0.015733611562972125
841	0.014445759107903702
842	0.2499855039583878
843	0.027757091513224075
844	0.2604378128321016
845	0.3011382439811167
847	0.5021262861517111
848	0.04991679153264274
849	0.27321529310681475
850	0.2589492303145871
851	0.2939638961196444
852	0.07352149004444762
855	0.21729838189040016
856	0.28765850478200417
857	0.40270502555056714
858	0.24162735884752612
859	0.05422163267577375
860	0.5302514753780324
861	0.005462475789622667
862	0.5616494528085275
863	0.305733437161424
864	0.02516090736220801
866	0.1241684281033279
867	0.25015391599072856
868	0.2699274770279229
869	0.02570132045249172
871	0.2326430917910685
872	0.5380483819689778
873	0.25521736391664246
874	0.01619207094851826
875	0.2393988341477037
876	0.7018991875052861
877	0.30129213429184937
878	0.03399411497178847
879	0.5203943814686768
880	0.022246599321668795
881	0.2929856097833211
882	0.025609091333742368
884	0.2607552231092039
885	0.177621556156088
886	0.0420732673452255
887	0.017568048306964595
888	0.48671608044099374
889	0.22608787380894416
891	0.26172601411816043
892	0.0352713762224581
893	0.27340480481346435
895	0.5237184292451842
896	0.03778424178755796
897	0.026018890921583847
900	0.22334922625399334
901	0.009254432340373528
902	0.03869723445647057
903	0.028955508859134938
904	0.02118570106808676
905	0.002098488033526722
906	0.3006049591160477
908	0.028285950249493593
909	0.25191329973455484
914	0.1938930655956238
915	0.5041536518451503
916	0.22963981911653125
917	0.2395942642385181
920	0.5299903725348842
921	0.5183379998098951
922	0.17427810364423632
923	0.28083702450306514
924	0.033820662075557964
926	0.29039702417250407
927	0.28413052511137527
929	0.011777920599180973
930	0.3009836323594804
931	0.014057733336663703
932	0.017249095891108793
933	0.03742840047022755
935	0.5292865854640654
936	0.2923192000806786
938	0.00895437025691155
939	0.5652962244647677
941	0.29130746984335076
942	0.22802925340741131
0	0.0
0	0.0
0	0.0
0	0.0
0	0.0
0	0.0
0	0.0
0	0.0
0	0.0
0	0.0
0	0.0
0	0.0
0	0.0
0	0.0
0	0.0
0	0.0
0	0.0
0	0.0
0	0.0
0	0.0
0	0.0
0	0.0
0	0.0
0	0.0
0	0.0
0	0.0
0	0.0
0	0.0
0	0.0
0	0.0
0	0.0
0	0.0
0	0.0
0	0.0
0	0.0
0	0.0
0	0.0
0	0.0
0	0.0
0	0.0
0	0.0
0	0.0
0	0.0
0	0.0
0	0.0
0	0.0
0	0.0
0	0.0
0	0.0
0	0.0
0	0.0
0	0.0
0	0.0
0	0.0
0	0.0
0	0.0
0	0.0
0	0.0
0	0.0
0	0.0
0	0.0
0	0.0
0	0.0
0	0.0
0	0.0
0	0.0
0	0.0
0	0.0
0	0.0
0	0.0
0	0.0
0	0.0
0	0.0
0	0.0
0	0.0
0	0.0
0	0.0
0	0.0
0	0.0
0	0.0
0	0.0
0	0.0
0	0.0
0	0.0
0	0.0
0	0.0
0	0.0
0	0.0
0	0.0
0	0.0
0	0.0
0	0.0
0	0.0
0	0.0
0	0.0
0	0.0
0	0.0
0	0.0
0	0.0
0	0.0
0	0.0
0	0.0
0	0.0
0	0.0
0	0.0
0	0.0
0	0.0
0	0.0
0	0.0
0	0.0
0	0.0
0	0.0
0	0.0
0	0.0
0	0.0
0	0.0
0	0.0
0	0.0
0	0.0
0	0.0
0	0.0
0	0.0
0	0.0
0	0.0
0	0.0
0	0.0
0	0.0
0	0.0
0	0.0
0	0.0
0	0.0
0	0.0
0	0.0
0	0.0
0	0.0
0	0.0
0	0.0
0	0.0
0	0.0
0	0.0
0	0.0
0	0.0
0	0.0
0	0.0
0	0.0
0	0.0
0	0.0
0	0.0
0	0.0
0	0.0
0	0.0
0	0.0
0	0.0
0	0.0
0	0.0
0	0.0
0	0.0
0	0.0
0	0.0
0	0.0
0	0.0
0	0.0
0	0.0
0	0.0
0	0.0
0	0.0
0	0.0
0	0.0
0	0.0
0	0.0
0	0.0
0	0.0
0	0.0
0	0.0
0	0.0
0	0.0
0	0.0
0	0.0
0	0.0
0	0.0
0	0.0
0	0.0
0	0.0
0	0.0
0	0.0
0	0.0
0	0.0
0	0.0
0	0.0
0	0.0
0	0.0
0	0.0
0	0.0
0	0.0
0	0.0
0	0.0
0	0.0
0	0.0
0	0.0
0	0.0
0	0.0
0	0.0
0	0.0
0	0.0
0	0.0
0	0.0
0	0.0
0	0.0
0	0.0
0	0.0
0	0.0
0	0.0
0	0.0
0	0.0
0	0.0
0	0.0
0	0.0
0	0.0
0	0.0
0	0.0
0	0.0
0	0.0
0	0.0
0	0.0
0	0.0
0	0.0
0	0.0
0	0.0
0	0.0
0	0.0
0	0.0
0	0.0
0	0.0
0	0.0
0	0.0
0	0.0
0	0.0
0	0.0
0	0.0
0	0.0
0	0.0
0	0.0
0	0.0
0	0.0
