2	0.22772704557945872
5	0.30333755056430645
6	0.260026277959289
7	0.059613311318110186
8	0.28929429671157625
9	0.5315322852647679
10	0.28354907955381825
12	0.5000636107884293
14	0.029117755476626477
15	0.015121078302744725
16	0.025275961331512626
17	0.2709146077468939
18	0.018656890747719517
20	0.5312936791084155
24	0.017248213569820058
25	0.009078749163191215
27	0.22382486864708273
28	0.5125485287693855
31	0.062074639210806186
32	0.5085597592722186
33	0.5124277072481812
35	0.24832646586358023
36	0.3038654739272637
39	0.21645132646544715
40	0.014919006642253308
41	0.5601023209638647
42	0.0352748271664588
43	0.04113973321387777
44	0.03856036842283268
45	0.5469925985632016
46	0.03975627310000128
48	0.48369589294631765
51	0.5735726281281888
52	0.548458237414372
53	0.22053627965937328
54	0.2893750351979088
55	0.5010549803450426
56	0.3220002314830591
57	0.32512577639419976
59	0.29422280317046384
60	0.2724448841204054
61	0.11297289195852951
62	0.03882128749293573
64	0.017632487111813127
65	0.21260643135573087
66	0.24371532618287906
67	0.2609414652010308
68	0.32416885589380773
69	0.2843555091453339
70	0.2790798188105602
71	0.24813322618055492
73	0.040352367498832004
75	0.23983651690397656
76	0.05127704433143032
78	0.4903946719197125
79	0.01750135605008392
80	0.04019216860031821
81	0.3014383489416361
83	0.49218800766554766
84	0.2769945602051532
86	0.3204181806859999
87	0.3311788903610768
89	0.26739348127205936
91	0.7320347895819733
95	0.03505779557674322
96	0.054840592739207536
97	0.03953531050905634
99	0.2983140512245936
100	0.25551977404336423
101	0.7924188477546011
102	0.043976471512376984
104	0.18974382320422212
106	0.4501968067840386
109	0.29581606248256387
110	0.011619325609748283
111	0.25258244250776185
113	0.042859456034903654
114	0.2738775214648519
117	0.06447285087172366
118	0.2789055564717631
119	0.04203613595532378
120	0.07985024182121966
121	0.055120816099228004
122	0.02651302834021178
124	0.2582353623392408
125	0.5103387474905126
126	0.5406919196474118
127	0.5351628363391135
128	0.5154556974301876
133	0.25185656196304507
134	0.043733628343557034
137	0.5066811594580911
138	0.25499596365587424
139	0.28657224551503174
141	0.21678111183382617
142	0.05832530036631678
143	0.48117401026044526
145	0.4499080828762623
146	0.017314158926362705
147	0.09190874156524328
148	0.2629798360510571
150	0.24802361696463449
151	0.04230888294091705
152	0.5102366159420709
153	0.05525232728440972
154	0.26116097887195894
155	0.19195808406715617
156	0.014538137848814706
157	0.29903744300680907
158	0.012073007508940362
159	0.47185623499092105
160	0.04006457837717803
163	0.2482700291801754
164	0.26249486683382905
165	0.030875035729233904
166	0.07818821363665585
167	0.029127536953513743
168	0.025396480507205978
169	0.5215054429064934
170	0.4746786049166285
171	0.25848891089168474
172	0.007801873515064214
175	0.5295808258741146
177	0.5062620577903633
178	0.046458683786434994
180	0.48109611475339126
182	0.048510801054593086
187	0.0004564548326585066
188	0.0440927962502986
189	0.02430917512876074
190	0.5081712909762237
191	0.45387910474727045
194	0.05397619560751755
197	0.49277934773593207
198	0.0035643851597577762
199	0.2721914687863076
200	0.025340463746726976
202	0.316190194407381
203	0.08488817033838789
204	0.027218835611726777
205	0.12957542006177897
207	0.04925197301045872
211	0.07314319239339656
216	0.022793224745819258
218	0.07582843597534125
219	0.24787844628608896
220	0.04308087268174881
222	0.23525487878611442
224	0.2641940406670228
228	0.2396314376455676
229	0.47729937049783333
230	0.2691341299990426
231	0.5389943125582015
233	0.067444821477431
238	0.2949447147116078
241	0.2485889423083959
242	0.07754228447553246
245	0.5017428004150534
246	0.3506767433011554
247	0.04485283398295777
248	0.48733342433578386
251	0.055226098045123934
254	0.2944813805938068
256	0.219191389094569
257	0.2615445165566582
258	0.28071416547873373
260	0.06112960885689474
261	0.23329492433794477
264	0.28827126847023404
265	0.1985378465356235
268	0.0566066013269736
270	0.0044501233160665725
272	0.22219575876113054
274	0.7462219794311683
275	0.5481763684558746
277	0.03364888322021125
278	0.26899770252484967
279	0.2611201725112852
281	0.7270682015021792
282	0.01386627722245561
283	0.008050371391311567
285	0.1911607336562702
287	0.014311872861810532
288	0.006363541399948623
289	0.6019439041155658
290	0.0011469036517342372
294	0.056963343305866304
296	0.04583566055953704
298	0.048919211179795266
299	0.06005449839350648
300	0.2986579493944252
301	0.28555698045544975
302	0.359070035194619
304	0.016268726650816558
306	0.34483405639454845
307	0.03685970291712312
309	0.5415646672232454
310	0.4884327402676144
312	0.2490731088629126
313	0.48476966294202156
314	0.30141307317829374
317	0.24318299254143366
320	0.018416052632787526
322	0.285516565873086
323	0.32642932060356394
326	0.5313332410163867
329	0.022174104209088902
330	0.2501026492527713
331	0.22536732407926885
332	0.25995907107383603
333	0.0495252411640666
335	0.22157895088369245
336	0.7660061409121958
337	0.2679752866622207
338	0.030698218266762813
340	0.23671212163596317
345	0.042539751644421746
346	0.30194772776384504
348	0.5487208085418392
352	0.08330956470026661
356	0.5075729064358798
357	0.007859223013869453
359	0.05596948676540437
361	0.07651202488634358
363	0.2910144483455961
365	0.2821530416267404
366	0.013151519198113703
367	0.29984536788618343
368	0.23255565408020937
369	0.5184130198437258
372	0.22487262204858804
375	0.26271952983589086
376	0.5532050194729342
377	0.2099246766976632
379	0.015113523797041874
383	0.2855790688548211
387	0.033486259560394624
388	0.4540124711462949
389	0.04153577047065827
393	0.2791746187665844
395	0.051686068860933146
396	0.5016985940767966
398	0.27621546057472246
400	0.30514844439581074
401	0.01487678548311775
403	0.28685460542625435
408	0.20105039676961525
409	0.045651574648241974
410	0.06427372066882571
411	0.027938732061708303
412	0.26125308016368876
413	0.3195600608817468
416	0.021994813219409527
418	0.671659904759693
419	0.2507448669113187
420	0.011640798322817829
421	0.5242373236057021
423	0.041128503874104445
426	0.01827658974571486
431	0.24040555983825973
432	0.2817768380688321
434	0.004321839539102729
435	0.055637157301403
438	0.02948469408443664
439	1.2802480843163155e-07
440	0.31783102920394923
441	0.2805355387203176
443	0.054068459954579734
446	0.2859144656569907
447	0.020704976042117115
448	0.20146224318116684
449	0.08542627145700196
451	0.4652157829337692
452	0.21457953859987747
454	0.25458660225116325
455	0.23095576209833868
459	0.5466190122780386
461	0.06752539151242472
466	0.30010461329677185
468	0.026529309839152967
469	0.2773389462091188
470	0.5309524651330937
471	0.2611109121677434
472	0.49306937858511996
473	0.2693708391008686
474	0.05898620773843845
475	0.07215695064214767
476	0.4861290040928846
479	0.03234064018241146
481	0.2881710850925071
482	0.508180610522355
483	0.334064543636971
484	0.06626046676422942
488	0.3123623998797704
489	0.7007261516611432
490	0.04927504809336854
492	0.5163239031144663
493	0.012519958472282017
494	0.5313098862125757
495	0.04193143618463191
496	0.045970531579771635
497	0.029082434664666045
502	0.5062990113731086
503	0.007280541594585462
504	0.0226684493031813
505	0.29445272290822644
506	0.2787075817286308
507	0.24938362105171563
509	0.4591554061829511
511	0.06621354205422804
512	0.512369968630786
513	0.5150242431955092
514	0.0349402950408674
515	0.7652198710549719
516	0.02777867754318491
517	0.31371637557744264
518	0.4860680540790295
519	0.06411811938562996
520	0.08819975163825897
521	0.046174725598071786
523	0.5128056494909946
524	0.011846808747238313
527	0.21132501906051068
528	0.30782573966217097
529	0.03479542739223186
533	0.539469647734137
534	0.46440269906724396
535	0.0251796757704621
536	0.3181760821324285
540	0.5449026237439012
541	0.2527848149025561
545	0.2680133521873152
546	0.5309726384366054
547	0.011754830629328361
548	0.2106648798388113
549	0.03099553912284847
550	0.5278679810226361
552	0.2717218938800898
553	0.025045155813846726
554	0.5616644708083024
556	0.057750812425706795
559	0.49114572932966516
563	0.5321137817035703
564	0.05014197455141142
565	0.5160062892948332
568	0.2950962929600098
571	0.0619363998155784
574	0.007688119884415364
575	0.48945098285042216
576	0.5383196632104651
578	0.5116259400773715
580	0.5320001596064953
582	0.2567834981724226
583	0.5073553091806133
584	0.03562584858487235
586	0.010800329936208403
587	0.25248635718449647
588	0.013257041798084963
592	0.021326066936630653
593	0.5459587341893399
594	0.4840291671652093
596	0.4838336465545324
597	0.2531559085360456
600	0.24254063642161752
601	0.02885815539587449
602	0.06282602945618562
604	0.21443504580408565
605	0.040159559752879284
607	0.010425294680065013
608	0.040169378592806226
609	0.34467719109516526
610	0.23334578985398682
611	0.25260682579736127
612	0.2513778140342371
613	0.04474887154584278
615	0.010270822103588644
616	0.31258486331264496
618	0.509927274758373
619	0.7546805308703535
620	0.5319787885849767
621	0.2412417846935518
623	0.49934615752250666
625	0.05102843697305541
627	0.08114439658532255
628	0.2580328746505446
629	0.045010900298756804
630	0.24086468645385745
632	0.3233058299696796
633	0.22904797413186084
634	0.050094228677490964
636	0.26930990426064416
638	0.23561216948027577
640	0.018452730823438006
642	0.28177325361884714
644	0.7732866890878141
645	0.004896017506292372
646	0.24085737601821539
648	0.4664664167962915
650	0.04215277453403308
651	0.2298299804065777
653	0.2723301975932021
654	0.2518818266901049
655	0.026537041754896688
660	0.052545340844101125
661	0.03663584778685455
663	0.49133944773491794
667	0.03615417098924429
671	0.025580172487962724
672	0.2552294515644768
673	0.2583312223642462
675	0.09591808868451182
677	0.21990169125723374
678	0.15900752722668016
679	0.2880088047668852
680	0.2980493295928781
681	0.22780161301045135
682	0.0621326097056132
684	0.31253560812396464
688	0.0210665457390627
689	0.547594342061216
691	0.011182778936390372
692	0.29824509535534194
694	0.534732329848798
695	0.09051649099582267
696	0.02699703588323353
697	0.026859557871882385
698	0.7797048124892968
699	0.02762171432440354
700	0.3252030807373153
701	0.3231836594419508
702	0.23816228965892539
703	0.7629730730782274
705	0.2506491981976262
706	0.25463420051790325
708	0.5374854152841935
709	0.025735466298840624
712	0.5085840152611604
714	0.7669031913543678
715	0.024459633327725522
718	0.21387032459816058
719	0.2671638813449146
720	0.04306770911049989
721	0.036043203611448714
722	0.07148860676693705
723	0.7849035183669006
725	0.0023679640140014564
728	0.24352397793345304
730	0.0621923331582457
732	0.47219839974218836
734	0.027120207768017913
735	0.055445080503422756
739	0.012029714434985083
746	0.04198352404686271
747	0.018397188194236934
750	0.5454404461258795
751	0.2962964442708751
754	0.015157600209353975
755	0.03297419251252641
759	0.030423518133790038
761	0.48997093011212295
762	0.5054125945693999
764	0.019744537714066073
766	0.27135536453163533
772	0.2940523015679721
774	0.0951903026472222
775	0.2599921165578184
776	0.24419286284395522
777	0.06616009765410973
778	0.4625662366160438
779	0.01853672540642807
780	0.04006759238356066
781	0.5038904928404314
782	0.25420192726442
783	0.4681919322347928
784	0.21732147942077817
785	0.780967871025234
786	0.015678122098442493
787	0.03332885818511119
789	0.27133478750279244
791	0.31080004744866363
792	0.06703651798282914
793	0.009971394066474175
796	0.2329072288855483
797	0.6392112051698092
798	0.5203258955492521
799	0.3029544900302771
800	0.025977764991114156
802	0.5212657011010495
803	0.048685629572763164
804	0.26491488588753076
809	0.02173477292428193
810	0.004312684620514647
812	0.23357060165449178
813	0.5305652220029771
816	0.19133097988751477
818	0.2929064819684298
819	0.229042192358681
824	0.21204641485673045
825	0.7514184243212992
826	0.2675364158248454
827	0.18602232017356934
828	0.014896177073485943
829	0.05544508050342277
831	0.26444173460482107
832	0.2761141022772512
834	0.7807940391219735
836	0.015734724409781513
837	0.032533948018866096
839	0.0027645841972954756
843	0.2865743645774124
844	0.034344254646521695
847	0.2843127976780727
849	0.31328409123612316
850	0.2873561246223564
851	0.056632013025691555
852	0.04868379084142224
855	0.01834729624298463
856	0.2679743847270735
858	0.0043227439865497035
860	0.04683086575987652
862	0.06538316268365822
863	0.5242623328700757
864	0.012058562966704468
867	0.021194629413318178
868	0.0333596918675933
869	0.012810247959863644
871	0.260727432496842
872	0.76145048846147
875	0.49726778668347993
876	0.2696519951930351
877	0.060361348007171446
878	0.01869705724139334
879	0.0365115934201508
880	0.01492841508630905
881	0.27588998432890566
884	0.08991032109053718
886	0.0325947871733111
889	0.2708584744357288
892	0.018093170612323607
893	0.07769863046510346
895	0.33507520856118744
897	0.259107745910264
900	0.013502648694151312
902	0.03048111264144273
911	0.24533139949750768
914	0.05899278225078081
915	0.011633196672991179
920	0.03321570963273367
921	0.24468003373459887
922	0.20898318900924262
923	0.02650906156411216
924	0.024348001965206194
925	0.21647670794780233
926	0.05523947359495511
927	0.49614095921953716
929	0.059260636742340694
930	0.028252072314663253
935	0.2546295386151684
937	0.2525824425077618
938	0.29774734093025057
939	0.055807965718655976
942	0.05573033232177944
0	0.0
0	0.0
0	0.0
0	0.0
0	0.0
0	0.0
0	0.0
0	0.0
0	0.0
0	0.0
0	0.0
0	0.0
0	0.0
0	0.0
0	0.0
0	0.0
0	0.0
0	0.0
0	0.0
0	0.0
0	0.0
0	0.0
0	0.0
0	0.0
0	0.0
0	0.0
0	0.0
0	0.0
0	0.0
0	0.0
0	0.0
0	0.0
0	0.0
0	0.0
0	0.0
0	0.0
0	0.0
0	0.0
0	0.0
0	0.0
0	0.0
0	0.0
0	0.0
0	0.0
0	0.0
0	0.0
0	0.0
0	0.0
0	0.0
0	0.0
0	0.0
0	0.0
0	0.0
0	0.0
0	0.0
0	0.0
0	0.0
0	0.0
0	0.0
0	0.0
0	0.0
0	0.0
0	0.0
0	0.0
0	0.0
0	0.0
0	0.0
0	0.0
0	0.0
0	0.0
0	0.0
0	0.0
0	0.0
0	0.0
0	0.0
0	0.0
0	0.0
0	0.0
0	0.0
0	0.0
0	0.0
0	0.0
0	0.0
0	0.0
0	0.0
0	0.0
0	0.0
0	0.0
0	0.0
0	0.0
0	0.0
0	0.0
0	0.0
0	0.0
0	0.0
0	0.0
0	0.0
0	0.0
0	0.0
0	0.0
0	0.0
0	0.0
0	0.0
0	0.0
0	0.0
0	0.0
0	0.0
0	0.0
0	0.0
0	0.0
0	0.0
0	0.0
0	0.0
0	0.0
0	0.0
0	0.0
0	0.0
0	0.0
0	0.0
0	0.0
0	0.0
0	0.0
0	0.0
0	0.0
0	0.0
0	0.0
0	0.0
0	0.0
0	0.0
0	0.0
0	0.0
0	0.0
0	0.0
0	0.0
0	0.0
0	0.0
0	0.0
0	0.0
0	0.0
0	0.0
0	0.0
0	0.0
0	0.0
0	0.0
0	0.0
0	0.0
0	0.0
0	0.0
0	0.0
0	0.0
0	0.0
0	0.0
0	0.0
0	0.0
0	0.0
0	0.0
0	0.0
0	0.0
0	0.0
0	0.0
0	0.0
0	0.0
0	0.0
0	0.0
0	0.0
0	0.0
0	0.0
0	0.0
0	0.0
0	0.0
0	0.0
0	0.0
0	0.0
0	0.0
0	0.0
0	0.0
0	0.0
0	0.0
0	0.0
0	0.0
0	0.0
0	0.0
0	0.0
0	0.0
0	0.0
0	0.0
0	0.0
0	0.0
0	0.0
0	0.0
0	0.0
0	0.0
0	0.0
0	0.0
0	0.0
0	0.0
0	0.0
0	0.0
0	0.0
0	0.0
0	0.0
0	0.0
0	0.0
0	0.0
0	0.0
0	0.0
0	0.0
0	0.0
0	0.0
0	0.0
0	0.0
0	0.0
0	0.0
0	0.0
0	0.0
0	0.0
0	0.0
0	0.0
0	0.0
0	0.0
0	0.0
0	0.0
0	0.0
0	0.0
0	0.0
0	0.0
0	0.0
0	0.0
0	0.0
0	0.0
0	0.0
0	0.0
0	0.0
0	0.0
0	0.0
0	0.0
0	0.0
0	0.0
0	0.0
0	0.0
0	0.0
0	0.0
0	0.0
0	0.0
0	0.0
0	0.0
0	0.0
0	0.0
0	0.0
0	0.0
0	0.0
0	0.0
0	0.0
0	0.0
0	0.0
0	0.0
0	0.0
0	0.0
0	0.0
0	0.0
0	0.0
0	0.0
0	0.0
0	0.0
0	0.0
0	0.0
0	0.0
0	0.0
0	0.0
0	0.0
0	0.0
0	0.0
0	0.0
0	0.0
0	0.0
0	0.0
0	0.0
0	0.0
0	0.0
0	0.0
0	0.0
0	0.0
0	0.0
0	0.0
0	0.0
0	0.0
0	0.0
0	0.0
0	0.0
0	0.0
0	0.0
0	0.0
0	0.0
0	0.0
0	0.0
0	0.0
0	0.0
0	0.0
0	0.0
0	0.0
0	0.0
0	0.0
0	0.0
0	0.0
0	0.0
0	0.0
0	0.0
0	0.0
0	0.0
0	0.0
0	0.0
0	0.0
0	0.0
0	0.0
0	0.0
0	0.0
0	0.0
0	0.0
0	0.0
0	0.0
0	0.0
0	0.0
0	0.0
0	0.0
0	0.0
0	0.0
0	0.0
0	0.0
0	0.0
0	0.0
0	0.0
0	0.0
0	0.0
0	0.0
0	0.0
0	0.0
0	0.0
0	0.0
0	0.0
0	0.0
0	0.0
0	0.0
0	0.0
0	0.0
0	0.0
0	0.0
0	0.0
0	0.0
0	0.0
0	0.0
0	0.0
0	0.0
0	0.0
0	0.0
0	0.0
0	0.0
0	0.0
0	0.0
0	0.0
0	0.0
0	0.0
0	0.0
0	0.0
0	0.0
0	0.0
0	0.0
0	0.0
0	0.0
0	0.0
0	0.0
0	0.0
0	0.0
0	0.0
0	0.0
0	0.0
0	0.0
0	0.0
0	0.0
0	0.0
0	0.0
