1	0.7546678833967784
2	0.06753179869620055
3	0.2951860409423169
4	0.24183003960346533
5	0.027341602329400957
6	0.04218848069990372
8	0.02419577459777829
10	0.27526066834409224
13	0.5197126560516879
14	0.2916665302534453
18	0.2912204254924944
21	0.13157901544350525
22	0.3032122449520633
23	0.3082767938611776
24	0.036380635761120834
26	0.3507746015018324
29	0.5599782227258876
31	0.30745358140641577
33	0.028942153629867844
34	0.4704443554077304
35	0.010839569732033032
37	0.2869317391747449
38	0.05964992734554225
39	0.07925737841235123
40	0.03790020713775919
43	0.06040242992672601
44	0.06953091538051107
45	0.018933192464308565
46	0.03465319978054506
47	0.006574111473122389
49	0.06708161910684687
58	0.5356487869416049
59	0.26040094666414315
60	0.04984682963219503
62	0.2906918127277405
63	0.5356844175965751
67	0.016221465775116593
68	0.01740704766378167
69	0.2708246777333414
72	0.027506469983690385
73	0.2746221576488841
74	0.521812688151331
76	0.023062997434162263
79	0.035581890245321955
80	0.06243621797655735
82	0.7819226681152582
83	0.003114500544381185
85	0.2679920173113415
87	0.2508592284057741
88	0.04604355873658881
90	0.5155907531000847
92	0.27388187013839743
94	0.5679004251360142
98	0.06597805448688028
100	0.27203532386036144
102	0.016894283429072815
103	0.08214284840483094
105	0.3885053818572502
107	0.07246459635376938
111	0.07285705582184121
112	0.26241974417799985
113	0.31214242028043565
114	0.2805617245680577
115	0.030073210336290748
116	0.2700129593764411
117	0.0362008149527477
118	0.004963195261091985
121	0.033174918172168145
123	0.02964862161669811
129	0.47719777932039215
131	0.04894755414897865
132	0.3115541746191816
135	0.2747748986085989
136	0.31955666186994225
137	0.032377305536815164
138	0.29048873997900315
140	0.2800025746904226
141	0.04105694886661993
142	0.050454767192344874
143	0.02193777855944968
145	0.07164856972968736
148	0.052293797043731695
149	0.35271529349749875
151	0.026435180917049078
153	0.11665151002380872
154	0.014740915653573057
156	0.06279509714186016
160	0.5167476156421079
164	0.02271870249748216
167	0.5197189018166646
168	0.031051560969513593
172	0.3544651584173433
173	0.5283361737323741
174	0.5010666417363489
176	0.025869859750509594
177	0.07391556740530696
179	0.2344194489443495
183	0.3275757417411888
184	0.2872437012955808
186	0.2784467740437645
188	0.2971724988839178
189	0.05490683432940849
192	0.11352173243783273
195	0.25256686317064464
196	0.015821987899066296
197	0.04299209048363299
198	0.09759962356087684
204	0.019908942674734788
206	0.3115576123202182
207	0.03849197296860496
208	0.3104946178142003
209	0.03668207376164841
210	0.30963846148127855
213	0.03403069783293017
214	0.06821610045246593
215	0.02090087377827645
216	0.08247273722181037
217	0.053558390454618895
218	0.44850446554598544
221	0.27687788142637093
222	0.3414715984427048
225	0.2624406836634251
226	0.3252741306710166
227	0.23303383365809688
232	0.3150220966350307
234	0.05336904891077209
235	0.0278291625793076
236	0.023816679574926752
237	0.030145495326514296
239	0.5489540707323851
240	0.319031361642537
244	0.2678136186118196
247	0.022827718048243455
248	0.09154895288918055
249	0.5474061399771155
255	0.4646857517295205
257	0.010102631591177413
259	0.4930344792481981
262	0.024851015957951937
263	0.2563577907029473
264	0.015387475068092953
266	0.2961193499063806
267	0.2953133667992113
268	0.2861234369298167
269	0.3213162006786331
271	0.284039082491631
272	0.31899151873145515
276	0.30112357841123155
277	0.03883740778572538
280	0.01830907699969425
283	0.2672009378623556
284	0.2727121453146895
285	0.34651127890974354
286	0.29678491553130093
287	0.2685065752752132
288	0.49759161805839314
291	0.25985986743704487
292	0.28656950722421437
293	0.14826360441855102
295	0.041086629832588276
296	0.24829143876246546
297	0.5537695986251647
298	0.2766908590150835
299	0.2908998563958162
301	0.04033013363715057
303	0.5652591941652882
305	0.29838602838272105
308	0.5576408915252082
310	0.037496488925003554
311	0.04249916629877962
312	0.2818290112766286
313	0.06154627948089861
315	0.26525008843915276
316	0.27618757181670567
317	0.2957517635627037
318	0.01632151178967913
319	0.2620715440666914
320	0.5361623036628375
321	0.043741736067661297
322	0.03988217055699732
325	0.037643190134052214
326	0.0598732958063409
327	0.026120261978532094
328	0.2523124794648774
329	0.058291859268772346
330	0.02113277752787434
331	0.31196737823433823
332	0.3256482760449354
333	0.01110975018073447
334	0.5095674465165719
335	0.06648032556891996
338	0.2618206249084391
339	0.5490347107339281
341	0.2884897594766231
342	0.29916184731429096
343	0.05147679128309862
344	0.3509065203372678
345	0.056646065475719105
346	0.23167896432786608
347	0.29920844760639825
349	0.2788636959977674
350	0.497500228351899
351	0.05442614924732789
352	0.21846339406619278
353	0.06866812210397037
354	0.31808783733863055
357	0.03058144654678239
360	0.5722332115321326
361	0.26080279958276037
362	0.3534807710717013
364	0.5159234598638024
366	0.030989320319655664
367	0.2998229320154683
368	0.03102499368446071
370	0.2765051978377643
373	0.03347791319580071
374	0.10156428611543503
375	0.2684992411699831
377	0.05438514503120647
378	0.06346841116550066
379	0.30911828503493916
380	0.5545036298276377
381	0.2831551866038923
382	0.2979970370862119
384	0.2638570830766679
385	0.5338194514960094
386	0.26827784892582307
387	0.29181018776278533
389	0.546811452998394
390	0.03177219214880299
391	0.2956845695978494
392	0.26393759633856106
393	0.013839270108144605
394	0.05975787457915228
395	0.09734595281140758
397	0.5117208142363573
399	0.294633038353928
401	0.2244702347400595
402	0.03721392555748204
403	0.03524482949896743
404	0.5141377367795069
406	0.30697988870244686
407	0.2906427319714818
409	0.2907901303607283
411	0.039923702161522
414	0.3507079599022093
415	0.2406403032982447
416	0.3395619967047583
417	0.29636773638647257
419	0.06774671225236145
420	0.3116002311331098
421	0.045763673048900444
423	0.052141474357970105
424	0.5093708942891818
425	0.3544751275702797
426	0.27247253745560296
428	0.05569638243966171
429	0.5323589248452318
430	0.3023826875889787
432	0.01907196187513839
433	0.5495338749454397
435	0.4901458503763019
436	0.2930274167017456
437	0.23445046265026528
439	0.0001260517028937036
440	0.03260447448785718
442	0.31821157013826606
443	0.20416576889198204
444	0.03944599329041267
446	0.009307351898594537
447	0.5746902498755936
448	0.08900541397959147
450	0.24368292558208493
451	0.03565882048863078
452	0.031469516338816915
453	0.2531990224374039
456	0.5053534179931672
457	0.307185756523126
458	0.5401933936917497
460	0.30518429783249146
461	0.03775152986283595
462	0.015886142417295357
463	0.5965890768191003
464	0.08155183458718263
465	0.03638016393209216
466	0.05130352476396604
467	0.524551417391031
469	0.29694153145867774
472	0.04097001287186334
473	0.2390398317556457
474	0.2956295646981644
475	0.009387236176420836
476	0.04878442016295985
479	0.3255545289185261
480	0.2448796804130257
481	0.25398355654744853
482	0.01897755017415792
484	0.2356172242605757
485	0.4040748874036282
486	0.5520456187446654
487	0.266584861641076
488	0.054089637442392646
490	0.5371169776287673
491	0.3071878487195423
492	0.046321363214203014
493	0.03305982399952062
496	0.30579120679492505
497	0.023210975773245393
498	0.5398677618769545
499	0.2751291846516658
500	0.5549680437673365
501	0.26385852007577637
504	0.247506134516649
505	0.22114460351446635
506	0.07079702558752493
507	0.066742600520433
509	0.10775641029265556
510	0.2918976088545535
512	0.039478070509216354
513	0.029386018294350114
514	0.04345554147244074
516	0.2258628305717389
518	0.05641848018568315
521	0.07241982026311142
522	0.2840103762625117
524	0.33581990374313314
526	0.13557233436324378
527	0.3188540217738246
528	0.2509910127120336
531	0.5259621325442454
532	0.07407711258668616
533	0.00512373213675648
535	0.02808140165292783
536	0.027949029559943023
537	0.535345133662546
538	0.2851130344087299
539	0.020160721493449718
540	0.0227627372393018
541	0.023545086079709038
542	0.7854449038687235
543	0.05596887586928114
544	0.3666230851037322
547	0.32280237844576054
548	0.3127920627174093
551	0.2719201662796479
552	0.03110693157337909
553	0.5329846329119039
556	0.0519697733309862
557	0.0347804010420401
558	0.250405021767795
561	0.5634989113801784
562	0.004483924474297671
566	0.5091422827244183
567	0.7775884650863351
568	0.03490449970492144
569	0.06411038612404567
570	0.5720907982726047
571	0.03797745461364845
572	0.28050120912056786
573	0.5468757708742348
574	0.27704130077714506
577	0.27322042082060816
578	0.015220510219724329
579	0.5040739364741438
581	0.28190876008121896
585	0.27704144405955566
586	0.2693302161013791
587	0.06478454680287232
588	0.034955080473198306
590	0.46664220676528967
591	0.5054322031775597
592	0.05497782678229622
595	0.32185793872001145
596	0.011406014601861338
598	0.05851128257380495
600	0.07339374487597
601	0.5061156054031208
602	0.0542060210357018
603	0.2913556897335118
606	0.3220036541425434
607	0.28415251107718376
608	0.2549439375503379
610	0.026022569749434725
611	0.030058516182841347
613	0.2954936635601485
615	0.2909887767046866
616	0.038375222237940515
617	0.6142849822000498
621	0.05132301978206255
622	0.2960065746567892
623	0.04192479094290941
624	0.5049465424189263
626	0.5153244143411236
627	0.5044166623350724
628	0.29047774395074455
634	0.28629124493160624
635	0.3124437268719418
636	0.04671104303499494
637	0.15895598104071543
638	0.002144469555592346
639	0.3286309782042653
641	0.02136778396893437
643	0.2825275251759384
645	0.3006455535084253
646	0.0475735079338746
647	0.05292260328379128
648	0.07512791516642457
649	0.029679741729439615
650	0.28931754785204106
651	0.27713731410445597
652	0.04491904139995483
653	0.008275428641441339
654	0.07589576294507014
657	0.03468549384400019
658	0.26183328544299844
659	0.31112057734801557
660	0.2355669107390358
661	0.10331601790177228
662	0.06560705428309979
664	0.3160200426577092
665	0.02505915268465332
666	0.30771265409990056
667	0.014083066334597306
668	0.08389880836834979
669	0.2547608283581156
670	0.3313688004042685
674	0.28955537724407526
676	0.2953152702994324
677	0.010155998887431718
679	0.0273128674427563
682	0.29122011268140785
683	0.05890321373200247
686	0.29738779667769866
690	0.014877064010733368
691	0.012306180508843523
693	0.5322453987131421
695	0.2719433141181336
696	0.3199848888105538
697	0.29705944857344885
699	0.024684986360243265
700	0.004113210861109051
704	0.029210169915235472
705	0.02020735026694937
707	0.29041690987332114
709	0.04618229271799977
710	0.536035056211003
711	0.5139585550462792
712	0.021407954227067934
713	0.32706931156308133
716	0.5067802864501977
717	0.2938911121422177
718	0.024699835707753498
719	0.0047766880675062795
720	0.3008582219360373
721	0.045536417013264135
724	0.3115576123202182
725	0.27545138711151396
727	0.3343254817976399
728	0.07091960305263875
729	0.01116080514339008
731	0.008323059828261231
733	0.5424717227878563
735	0.00762634064728844
737	0.3029563693819565
738	0.3021114246479108
739	0.030956545466557843
740	0.33592474361002106
741	0.5343864869230242
742	0.2501484540413677
743	0.5409933488386214
744	0.08973628065085049
745	0.5603538762340592
746	0.03093511841943617
747	0.31107442717828343
748	0.5366261645842724
749	0.2363095347573934
752	0.34320527070579004
754	0.24318821666024523
756	0.24975786132013897
757	0.05164235604694358
758	0.5464713346155452
761	0.03014227454266305
762	0.05739498162882629
763	0.0925258120192537
766	0.05827328353021643
767	0.0030916044011568278
768	0.20739958378247308
770	0.2572027809458748
772	0.06311689833427997
773	0.07591400088318659
774	0.1885138741343117
776	0.07802417308039578
778	0.043575645210970154
780	0.04821575596055609
781	0.09684849261959111
783	0.10847336981163716
787	0.07410795812985067
788	0.24851793839734845
789	0.020002232838964448
790	0.3032526637548874
794	0.28626598749891974
795	0.09214479198394004
796	0.2728274537021534
800	0.024873377434084534
801	0.030205567090236557
802	0.031822315201792836
805	0.5968400252229387
806	0.07418274739294523
807	0.5158470045156414
808	0.5449933774989663
809	0.5170514201644312
810	0.037538564518086376
814	0.27124526075021477
815	0.26742250533660666
816	0.06384594283256254
817	0.04132707900578827
818	0.27484348734535263
819	0.31328916203486246
820	0.4023337856611814
821	0.2846974625148986
822	0.2888605106631187
823	0.31348614315114665
824	0.08199725078992776
826	0.06430226179381367
827	0.07180909563963418
828	0.3447706431706684
829	0.024873377434084562
830	0.5169604048636598
832	0.004784548086071934
833	0.5336761388957505
835	0.319377729990062
836	0.3276779616621202
839	0.04306172481615777
840	0.021859482715522564
841	0.7718895219478681
842	0.27805918225759474
843	0.05558604338183579
844	0.05984756770183025
846	0.568271934121275
848	0.2862782023373684
851	0.31145300220325967
852	0.015943293642314713
853	0.31973807315876296
854	0.0519014249327677
855	0.22890897193660986
858	0.020815917811329694
859	0.04636021565663292
860	0.30376285076045356
862	0.027808503112634476
863	0.014256945803626506
864	0.5156236871914489
865	0.6824589032718456
867	0.3191262409714244
868	0.09384891087990108
870	0.07443013662593181
871	0.32326813945570687
873	0.25042617307468834
874	0.32992167835007336
876	0.024911289692239005
878	0.2783937339968353
879	0.06661738779309395
880	0.30936241393139374
881	0.05258614067985938
882	0.29260119163968357
883	0.5457673737017461
884	0.23617004294559218
885	0.05508842558428001
886	0.08734975535222704
887	0.5185783044827588
888	0.01562451425507451
889	0.06434235580484673
890	0.26859254391289145
891	0.013084962823049467
892	0.3044334006314032
893	0.0020384140746701057
894	0.025486628031019337
896	0.2775763025134459
898	0.06020449593668358
899	0.271192954065844
900	0.32523140701284425
901	0.2433986875972308
903	0.010870618253826785
905	0.3626824601181237
906	0.02173602432583798
907	0.5066930213048375
908	0.05403985395505567
911	0.031127683470755646
913	0.551524820993241
915	0.0666247817846452
916	0.5525609474915987
917	0.035048322708176455
918	0.30208436525087756
919	0.3329520080561018
920	0.23848417501360025
923	0.2518662197036161
925	0.04119832474614254
926	0.2968078207820844
927	0.0351674651381656
928	0.04294369915628722
929	0.03459115899374819
931	0.519177317582196
932	0.3012425569080869
933	0.3097566251624527
934	0.5487672444841653
936	0.21865893764979266
938	0.060705457165122635
939	0.021288020243882703
940	0.2975875999222896
941	0.015739199227542675
942	0.060877078074701794
943	0.04377548716251067
0	0.0
0	0.0
0	0.0
0	0.0
0	0.0
0	0.0
0	0.0
0	0.0
0	0.0
0	0.0
0	0.0
0	0.0
0	0.0
0	0.0
0	0.0
0	0.0
0	0.0
0	0.0
0	0.0
0	0.0
0	0.0
0	0.0
0	0.0
0	0.0
0	0.0
0	0.0
0	0.0
0	0.0
0	0.0
0	0.0
0	0.0
0	0.0
0	0.0
0	0.0
0	0.0
0	0.0
0	0.0
0	0.0
0	0.0
0	0.0
0	0.0
0	0.0
0	0.0
0	0.0
0	0.0
0	0.0
0	0.0
0	0.0
0	0.0
0	0.0
0	0.0
0	0.0
0	0.0
0	0.0
0	0.0
0	0.0
0	0.0
0	0.0
0	0.0
0	0.0
0	0.0
0	0.0
0	0.0
0	0.0
0	0.0
0	0.0
0	0.0
0	0.0
0	0.0
0	0.0
0	0.0
0	0.0
0	0.0
0	0.0
0	0.0
0	0.0
0	0.0
0	0.0
0	0.0
0	0.0
0	0.0
0	0.0
0	0.0
0	0.0
0	0.0
0	0.0
0	0.0
0	0.0
0	0.0
0	0.0
0	0.0
0	0.0
0	0.0
0	0.0
0	0.0
0	0.0
0	0.0
0	0.0
0	0.0
0	0.0
0	0.0
0	0.0
0	0.0
0	0.0
0	0.0
0	0.0
0	0.0
0	0.0
0	0.0
0	0.0
0	0.0
0	0.0
0	0.0
0	0.0
0	0.0
0	0.0
0	0.0
0	0.0
0	0.0
0	0.0
0	0.0
0	0.0
0	0.0
0	0.0
0	0.0
0	0.0
0	0.0
0	0.0
0	0.0
0	0.0
0	0.0
0	0.0
0	0.0
0	0.0
0	0.0
0	0.0
0	0.0
0	0.0
0	0.0
0	0.0
0	0.0
0	0.0
0	0.0
0	0.0
0	0.0
0	0.0
0	0.0
0	0.0
0	0.0
0	0.0
0	0.0
0	0.0
0	0.0
0	0.0
0	0.0
0	0.0
0	0.0
0	0.0
0	0.0
0	0.0
0	0.0
0	0.0
0	0.0
0	0.0
0	0.0
0	0.0
0	0.0
0	0.0
0	0.0
0	0.0
0	0.0
0	0.0
0	0.0
0	0.0
0	0.0
0	0.0
0	0.0
0	0.0
0	0.0
0	0.0
0	0.0
0	0.0
0	0.0
0	0.0
0	0.0
0	0.0
0	0.0
0	0.0
0	0.0
0	0.0
0	0.0
0	0.0
0	0.0
0	0.0
0	0.0
0	0.0
0	0.0
0	0.0
0	0.0
0	0.0
0	0.0
0	0.0
0	0.0
0	0.0
0	0.0
0	0.0
0	0.0
0	0.0
0	0.0
0	0.0
0	0.0
0	0.0
0	0.0
0	0.0
0	0.0
0	0.0
0	0.0
0	0.0
0	0.0
0	0.0
0	0.0
0	0.0
0	0.0
0	0.0
0	0.0
0	0.0
0	0.0
0	0.0
0	0.0
0	0.0
0	0.0
0	0.0
0	0.0
0	0.0
0	0.0
0	0.0
0	0.0
0	0.0
0	0.0
0	0.0
0	0.0
0	0.0
0	0.0
0	0.0
0	0.0
0	0.0
0	0.0
0	0.0
0	0.0
0	0.0
0	0.0
0	0.0
0	0.0
0	0.0
0	0.0
0	0.0
0	0.0
0	0.0
0	0.0
0	0.0
0	0.0
0	0.0
0	0.0
0	0.0
0	0.0
0	0.0
0	0.0
0	0.0
0	0.0
0	0.0
0	0.0
0	0.0
0	0.0
0	0.0
0	0.0
0	0.0
0	0.0
0	0.0
0	0.0
0	0.0
0	0.0
0	0.0
0	0.0
0	0.0
0	0.0
0	0.0
0	0.0
0	0.0
0	0.0
0	0.0
0	0.0
0	0.0
0	0.0
0	0.0
0	0.0
0	0.0
0	0.0
0	0.0
0	0.0
0	0.0
0	0.0
0	0.0
0	0.0
0	0.0
0	0.0
0	0.0
0	0.0
0	0.0
0	0.0
0	0.0
0	0.0
0	0.0
0	0.0
0	0.0
0	0.0
0	0.0
0	0.0
0	0.0
0	0.0
0	0.0
0	0.0
0	0.0
0	0.0
0	0.0
0	0.0
0	0.0
0	0.0
0	0.0
0	0.0
0	0.0
0	0.0
