3	0.2651959700983011
4	0.3488164573813881
5	0.326811985903882
7	0.21500601852423046
8	0.4364774340271999
9	0.1659969292880572
11	0.37914969994935777
12	0.22679499577913395
15	0.26895090919678677
17	0.4854494510689499
18	0.35305775856090427
19	0.2246118634558597
20	0.003773212901321696
21	0.21199249397283249
22	0.5252379502619107
23	0.0849329771732541
24	0.3129026337495405
25	0.19871809815749594
26	0.46445531740590773
27	0.632991552225738
28	0.44349391633697205
29	0.5397705240089018
31	0.28183787626841966
32	0.4580177977740499
33	0.06477275208616429
34	0.5053392130752533
35	0.01690631317274507
37	0.24781823835644884
40	0.036026067806831846
42	0.07676069545015053
43	0.2874792695180114
45	0.20209684222171007
46	0.7676622276865095
47	0.5657138081619255
50	0.47668496298869756
51	0.20429198372826946
52	0.22035767836344752
53	0.1554545585548861
54	0.4493431082265807
55	0.24655149521347886
56	0.5347808911549509
57	0.44367042264302897
58	0.2874585339083132
59	0.2877151983552611
60	0.20524483298398474
62	0.26937091145383474
63	0.1874566830811762
64	0.310931862035495
66	0.5477761995485375
67	0.3198761010777451
68	0.6917200764450705
70	0.2615008652813858
71	0.6865258011389147
72	0.10596856034949254
73	0.3406784715240111
74	0.3408292355484851
75	0.32650622683749403
76	0.6507389983009939
77	0.20551388144282798
79	0.24289042442007514
80	0.8218509775922367
81	0.23527391233304787
82	0.2761050307822549
84	0.2419941756353588
86	0.4923358691643839
87	0.20622505674108904
88	0.8078014392750695
89	0.2934335499757959
92	0.5498556042658497
93	0.15602044757576577
94	0.08752115806475486
98	0.13970773435681813
99	0.006506208912155129
100	0.4721682265613737
101	0.16785167116412508
102	0.23168319535450096
105	0.318543963199297
106	0.008497985003485344
107	0.5838572141984868
108	0.3156697800873232
112	0.35752751572021874
113	0.4813008379780182
114	0.17943415240454752
115	0.09260173442822459
116	0.008533192070532422
117	0.5718323954121773
118	0.18592844527478342
119	0.25334222035640674
120	0.5193679169885602
122	0.24926233396325817
123	0.038920562190047234
124	0.2549635257841504
126	0.18871299618996573
127	0.18009506908639028
128	0.24378136574208914
129	0.523393882355984
130	0.004475110760708903
131	0.45470500177993867
132	0.3460554663265971
133	0.21817866462976715
134	0.18829971667380105
135	0.5814663552194296
136	0.5450967621492329
138	0.2814278165908887
139	0.5610836903879579
140	0.12345675146664473
142	0.7626724559858329
144	0.002287991413901208
145	0.08246443101442169
146	0.05485706272051481
147	0.4321651032749265
148	0.1964655936752235
149	0.5654760027731094
152	0.1941653363300806
153	0.23636001718426683
154	0.5287636872642892
155	0.19835718980294614
156	0.5571281584579175
157	0.2575603347218106
158	0.18860296657553788
159	0.007283833201718045
160	0.25728808295577477
161	0.4224461763953822
162	0.09028062822788621
163	0.5038499695618792
164	0.1041398267374173
165	0.22818396865855425
166	0.19227439623457565
167	0.2958266964404224
168	0.3267761395309461
171	0.5975053184465398
172	0.09243325540039726
173	0.32349206793254803
174	0.5949315899629618
176	0.5658750817526831
177	0.07315559521421375
178	0.00017961479371744749
180	0.03467038214557491
183	0.5269881866174159
187	0.2550861577927135
188	0.007174526438671031
190	0.40056371677686625
191	0.24019921299823316
192	0.37646757193489866
193	0.2601118218114258
194	0.25249286850516334
195	0.3252908042792205
196	0.37587846177588413
197	0.16373411152355796
198	0.2882011049709622
199	0.2571087213349445
203	0.37500550386971787
204	0.8261131630139613
208	0.5784140043449321
209	0.008482288241599821
210	0.09589338443820648
211	0.2014507299984939
212	0.5040200672021174
213	0.33723425436904725
214	0.11781994325860602
215	0.5246420040626876
216	0.3440775317974022
217	0.16206858716302128
218	0.010290306787352085
219	0.2160810472170913
220	0.25751146776874745
221	0.33761436917005044
222	0.23197455563370187
225	0.5577494704620897
227	0.35903299945248385
228	0.21586672299419093
229	0.22194745309913494
231	0.24381236225285147
233	0.48407103068508933
235	0.34400921777400256
237	0.3267343164437466
239	0.28162814383125495
240	0.5357119034734998
241	0.5282009272341892
242	0.019562822832622104
243	0.19652805020122133
244	0.33739263323761326
246	0.42312865573645275
247	0.6727791320413988
248	0.007911670911240898
249	0.5285861683636484
251	0.20707901599402156
252	0.21834668444889194
254	0.44563292132440946
255	0.22761826393668533
257	0.2156331855406813
258	0.4866568896732314
259	0.0836825067863124
260	0.5714536654288488
261	0.47634785640843635
262	0.5822398098112588
263	0.31865584696511307
266	0.8194924244578364
268	0.20684923184276238
270	0.3203575367068729
271	0.008439283427257135
273	0.32134041996544793
274	0.3022701151628442
275	0.4133929039628615
276	0.5186239986680391
277	0.7424339726582697
278	0.23124831443714927
281	0.22276609920844917
282	0.25269200784433443
283	0.275649539009818
284	0.32493939178901493
286	0.09447595235117376
287	0.36376420511657304
288	0.07914333063557372
289	0.3213864031906816
291	0.3301969001158887
292	0.3145609989705743
294	0.39480023681986975
296	0.3073241454803411
298	0.08774183003429861
299	0.20017305587119688
300	0.12609390128748038
301	0.5241214910482251
302	0.2700842005917634
303	0.08346519629191769
304	0.25076563050295736
305	0.2303872236693973
306	0.4214332641422459
309	0.06683821389604175
310	0.14296080255889848
315	0.3369415657324876
316	0.20077077921747113
317	0.08996598905829956
318	0.31540200381715244
319	0.3569809753340407
320	0.29659466223635667
323	0.2888647328908814
324	0.2802204804036001
325	0.22801271235014395
332	0.08071593793801383
333	0.09450991498342286
334	0.016697926688494295
335	0.11629091361447666
336	0.2506694086517594
337	0.4212087211365674
338	0.18069978384845528
339	0.08509050467313795
341	0.5260057995360239
343	0.30584355324781204
344	0.0522607910097149
345	0.49421468936671775
346	0.31150512215066184
347	0.3341649065738952
348	0.22295468008365998
349	0.8126233003593246
350	0.296262280393955
351	0.13555661908665323
352	0.46414958385867194
353	0.8103174571267339
354	0.12043613577235311
355	0.2377234606836722
356	0.021524513236508766
357	0.5811047958954824
359	0.6581947889985748
360	0.28984874078287903
361	0.00024139087201283105
362	0.3610295768180959
364	0.30741913312161595
366	0.5810905594718963
367	0.4964305337420442
368	0.2600223966154276
369	0.47376520296510316
372	0.0013101429413289248
375	0.2762155809824336
376	0.5291582035015913
377	0.3662729353381466
378	0.004572552246241451
379	0.08715609252881236
381	0.19617152765058052
382	0.3264527659542367
384	0.23150490509009455
386	0.32967631724400703
389	0.2735098234231793
391	0.07724067703543312
392	0.29969681755888516
393	0.01687063461285046
394	0.2167854543287658
395	0.19599328159815055
397	0.048822542421970226
399	0.06759642138044045
400	0.2305506397516872
402	0.011419374158507606
403	0.09455593030190586
404	0.2678536133556857
406	0.07484031354514674
409	0.20140628052737874
410	0.49238733148956254
411	0.09460200735332264
412	0.31194273853370963
413	0.43758325176442164
414	0.5525915465042944
415	0.5520062483163525
417	0.33165033105201325
418	0.07865479750271162
419	0.5802961123603474
420	0.3286186557434122
421	0.2856796694465045
422	0.20892005642476408
423	0.3250588361596758
424	0.32425245196739344
425	0.28910549306576255
426	0.22525320577384703
427	0.0963813512177302
429	0.30608024268235146
430	0.08215560964619896
431	0.2544390690110095
432	0.5525922137081324
433	0.4868369290240319
435	0.49640272911811
436	0.1193443961389728
438	0.3215340554378708
439	0.29117693097905295
440	0.5294424793912065
441	0.2039667878073404
442	0.2912912445184087
443	0.5551337495078275
444	0.3849151427828965
447	0.2285742932941717
449	0.7439169145408233
450	0.5509976989530013
451	0.03679781649915595
453	0.5260386838350171
456	0.2232928682424009
457	0.0057342174351940195
460	0.3189698323461596
461	0.3640958613409724
462	0.003667653720094269
463	0.20028045022811025
464	0.32850302851279
465	0.30449995038051725
466	0.5375749409734991
468	0.17976440479594233
469	0.08089371655150308
470	0.23735687865814792
471	0.2157074409572928
472	0.5197789474930051
473	0.06273115086871209
474	0.3259771430444481
475	0.07598637159495004
476	0.2881453950437118
477	0.25604344876488117
478	0.004388766407445073
479	0.28639839595249883
481	0.15675449740182218
482	0.28577939319312806
483	0.6590272525543305
484	0.45497092263839506
486	0.057645117640211296
487	0.5427314109474501
488	0.20986406638922003
490	0.24743126404605664
492	0.3210276829513489
494	0.2737088161347869
495	0.014833829224947873
496	0.5442124800786678
497	0.5521463269590349
499	0.003215310344262177
501	0.05638281642559965
502	0.1788314823711146
504	0.01831047409762049
507	0.05968702446967977
509	0.12889846756690473
510	0.33819068502135563
511	0.49995834030681796
512	0.07678731919886762
513	0.19807405161073516
516	0.2498763555876481
517	0.2404516048482397
518	0.03873905823165576
520	0.528875368129363
521	0.5054856950584621
522	0.33563640460623
524	0.07746297069281552
525	0.2643014241523277
528	0.001906028758937403
530	0.25003835381476874
531	0.5269404346821905
532	0.00423395251637914
534	0.09417093342320534
536	0.18544314055986577
537	0.5205538136816296
538	0.06669121899763539
540	0.49862268079414035
544	0.46055049109836127
545	0.1746386573804169
546	0.2947473311209542
547	0.25735093021161426
549	0.3081015379175075
550	0.22831247120841675
551	0.10234003521137996
552	0.7653205133953007
553	0.06553665413568807
554	0.4397689265507586
555	0.21632552245127568
556	0.3523962273066506
557	0.2508517011724055
558	0.5699593406760858
559	0.0027131116415989483
560	0.08214284840483094
561	0.30743182354537885
563	0.4708108144984971
564	0.4069694603713412
565	0.21312100762415487
566	0.315593277090354
568	0.2641846578111311
569	0.07928607724680642
570	0.32861181229531194
573	0.32054992876384847
574	0.26785361586487905
575	0.14183316556884257
578	0.28748434515049487
579	0.04646159225960726
580	0.15419147977023764
581	0.09456601389548755
582	0.5843524722897384
584	0.18292416822729984
586	0.3105715671131223
587	0.3147065573896449
590	0.5134980475229011
591	0.11908170119908182
592	0.005153631865111072
593	0.19031042576094798
594	0.34845066124931096
595	0.25134384485844524
598	0.5950922402906762
599	0.03404467416696905
600	0.019956976364253032
601	0.4244281258886827
602	0.3553042006781038
603	0.45244272733977675
605	0.28426138431070225
607	0.34460094127388186
609	0.3260987220579153
610	0.29562721683089105
611	0.3282813043414547
613	0.1774719536054571
614	0.40465804975804814
616	0.41717931275738207
620	0.1900618984241987
621	0.19168153761187234
622	0.5444045074472902
624	0.32336914389693444
626	0.5021862256230325
627	0.28468832026749274
628	0.06046683583010456
630	0.08888307242433514
631	0.3231462631017724
634	0.27059672807073043
635	0.11297500172940689
636	0.05926422137570928
639	0.05794069503003051
640	0.0018405698897323332
642	0.20496865951752213
644	0.2102858030152746
645	0.007995321152695509
646	0.22215548292355142
647	0.07193250160765219
649	0.04419273831917623
652	0.11203090865936406
653	0.0756017349587737
655	0.007342704212790915
656	0.41744852636546
657	0.4654447683055875
658	0.08000233059106036
660	0.24942017464149643
661	0.1141977532080296
662	0.6264468332369768
663	0.5517583752623426
664	0.09478501930109498
666	0.31706298629177126
667	0.3434186837926288
671	0.1923866597422188
672	0.5995523751190174
673	0.28636007136748715
674	0.5857290562989425
675	0.4186723095901956
676	0.06041010880660016
678	0.06661424766016041
679	0.2439427518463743
680	0.17303065653159153
681	0.2966988181396681
682	0.2752326831704056
683	0.040211497334133706
684	0.22638660015047943
686	0.349276052907494
687	0.2553419189975102
688	0.029997587822111184
689	0.18606121347765023
691	0.5377021680043939
695	0.4606827144695705
696	0.29991423180618937
697	0.4009085880237543
698	0.17183874594386467
699	0.3271616082240722
700	0.1961669902705886
701	0.45036645366899053
703	0.28065046260964677
705	0.3115135233655615
708	0.21336718432523927
709	0.318760226680728
710	0.10950489197345681
711	0.0026922514992197832
712	0.2961166878823562
713	0.08575398370436992
715	0.2340099696525785
716	0.5161043565361664
717	0.3212630522090567
718	0.17962809639001517
720	0.3215825707656063
722	0.4076528101570511
723	0.1664518102179515
725	0.575624985371187
727	0.23882758784726865
728	0.38411969343639846
730	0.20506316716261466
731	0.23301950387964412
732	0.10764442870525819
733	0.2924272247436011
736	0.4975204841565341
737	0.5883709280406695
738	0.21002990964513457
739	0.07715573535804492
740	0.08975732380758612
742	0.3450421247009433
743	0.3137264143036502
745	0.06446536670796749
746	0.011050303528002632
748	0.053508819528795076
750	0.15526989520354806
754	0.34424451560088903
755	0.007911618298739941
756	0.28370438949256127
757	0.012267757936570655
760	0.14839146537833922
765	0.47857913014981646
766	0.20534982835766338
768	0.06037561688781465
769	0.43797897904464556
770	0.300628512613758
772	0.19407600396338667
773	0.012116790819369921
774	0.050170597541568024
776	0.34322010321908303
777	0.020242975584311877
778	0.09738968711489722
780	0.08814806897326251
781	0.2525307410188091
783	0.06979966144532172
787	0.5215368866745169
788	0.24168661524486867
789	0.3153867831046157
791	0.5229959352132694
792	0.5357238040677335
794	0.7418798714200989
795	0.09200784901031989
797	0.4337202924072305
798	0.07639619026217655
799	0.23404800339561158
800	0.06046683583010456
801	0.23962930916720246
803	0.2929289542377352
804	0.02657448325606271
805	0.06935184398497544
806	0.027788522081214906
807	0.5593792194797063
808	0.5302364271644886
809	0.2602257062264959
810	0.33293907945511914
813	0.5052796148785907
814	0.355348297451696
815	0.23602464800724202
816	0.36683464241532576
817	0.3371433471291119
818	0.3955830757858105
819	0.07566145150966332
820	0.15308633185385268
822	0.31760213768923196
824	0.08063198800112358
826	0.395034458341098
828	0.48936561754988084
829	0.0792860772468064
830	0.20557287214826328
831	0.2048772164535806
832	0.5582829148232235
834	0.1880376512928647
835	0.28880737548736857
836	0.0937182851345463
838	0.0183903498950777
839	0.07115598184527452
841	0.2673283767026
842	0.41432126416471354
844	0.5590320877861126
845	0.4303028088294638
846	0.03496395540397479
847	0.21787976377319743
848	0.18227865501117632
851	0.5296815218139657
852	0.3101761804910891
854	0.10107766321606515
856	0.212849331443
857	0.5026898492431612
858	0.5599254300554691
859	0.579494513675524
860	0.7177616199232826
861	0.4883318655373316
862	0.44270252442186137
863	0.3027702396853622
864	0.06315119213545162
865	0.11993822515309221
866	0.38686644153946464
867	0.1742508068234708
868	0.503414586773573
869	0.10218726336184986
870	0.05432886001375749
871	0.04738595712257653
872	0.22494867471025937
873	0.2878594968814805
874	0.29660763466151746
876	0.23214062296217475
877	0.21806757445266473
878	0.31803304776692226
879	0.9955298734467126
880	0.3099225028208154
881	0.2108008002289657
882	0.0070781906357781366
884	0.47600672523554854
888	0.4514451337409466
889	0.3184870578994513
891	0.7509873643076964
892	0.30629707083670815
893	0.29557885858555166
895	0.23780281438782952
898	0.08838536827800242
900	0.4430935123306882
902	0.24644820895252975
903	0.008512963917437402
904	0.22043496643649016
905	0.27514416837150973
906	0.5425404034240392
907	0.0699913179460096
908	0.009912886034714224
909	0.25211879199376236
910	0.4901779261099202
913	0.09354533401637816
914	0.17333919549785232
915	0.4763026643620376
916	0.46919281686436265
917	0.6104327228882798
919	0.10265833747378444
920	0.5283601811711698
921	0.16256064928907332
923	0.5502460932529968
925	0.11180098900808477
926	0.7199853010831064
927	0.27778797960201973
928	0.3398126338912207
929	0.2930989136311175
930	0.46765375743133025
931	0.3267303679095849
933	0.33975841220258546
934	0.08942684797061978
935	0.24433595573728079
936	0.24004693930448834
938	0.057993406220496424
939	0.977750153099705
940	0.08709579406985155
941	0.23268118073797817
942	0.0005516246009951986
943	0.14123613210753985
0	0.0
0	0.0
0	0.0
0	0.0
0	0.0
0	0.0
0	0.0
0	0.0
0	0.0
0	0.0
0	0.0
0	0.0
0	0.0
0	0.0
0	0.0
0	0.0
0	0.0
0	0.0
0	0.0
0	0.0
0	0.0
0	0.0
0	0.0
0	0.0
0	0.0
0	0.0
0	0.0
0	0.0
0	0.0
0	0.0
0	0.0
0	0.0
0	0.0
0	0.0
0	0.0
0	0.0
0	0.0
0	0.0
0	0.0
0	0.0
0	0.0
0	0.0
0	0.0
0	0.0
0	0.0
0	0.0
0	0.0
0	0.0
0	0.0
0	0.0
0	0.0
0	0.0
0	0.0
0	0.0
0	0.0
0	0.0
0	0.0
0	0.0
0	0.0
0	0.0
0	0.0
0	0.0
0	0.0
0	0.0
0	0.0
0	0.0
0	0.0
0	0.0
0	0.0
0	0.0
0	0.0
0	0.0
0	0.0
0	0.0
0	0.0
0	0.0
0	0.0
0	0.0
0	0.0
0	0.0
0	0.0
0	0.0
0	0.0
0	0.0
0	0.0
0	0.0
0	0.0
0	0.0
0	0.0
0	0.0
0	0.0
0	0.0
0	0.0
0	0.0
0	0.0
0	0.0
0	0.0
0	0.0
0	0.0
0	0.0
0	0.0
0	0.0
0	0.0
0	0.0
0	0.0
0	0.0
0	0.0
0	0.0
0	0.0
0	0.0
0	0.0
0	0.0
0	0.0
0	0.0
0	0.0
0	0.0
0	0.0
0	0.0
0	0.0
0	0.0
0	0.0
0	0.0
0	0.0
0	0.0
0	0.0
0	0.0
0	0.0
0	0.0
0	0.0
0	0.0
0	0.0
0	0.0
0	0.0
0	0.0
0	0.0
0	0.0
0	0.0
0	0.0
0	0.0
0	0.0
0	0.0
0	0.0
0	0.0
0	0.0
0	0.0
0	0.0
0	0.0
0	0.0
0	0.0
0	0.0
0	0.0
0	0.0
0	0.0
0	0.0
0	0.0
0	0.0
0	0.0
0	0.0
0	0.0
0	0.0
0	0.0
0	0.0
0	0.0
0	0.0
0	0.0
0	0.0
0	0.0
0	0.0
0	0.0
0	0.0
0	0.0
0	0.0
0	0.0
0	0.0
0	0.0
0	0.0
0	0.0
0	0.0
0	0.0
0	0.0
0	0.0
0	0.0
0	0.0
0	0.0
0	0.0
0	0.0
0	0.0
0	0.0
0	0.0
0	0.0
0	0.0
0	0.0
0	0.0
0	0.0
0	0.0
0	0.0
0	0.0
0	0.0
0	0.0
0	0.0
0	0.0
0	0.0
0	0.0
0	0.0
0	0.0
0	0.0
0	0.0
0	0.0
0	0.0
0	0.0
0	0.0
0	0.0
0	0.0
0	0.0
0	0.0
0	0.0
0	0.0
0	0.0
0	0.0
0	0.0
0	0.0
0	0.0
0	0.0
0	0.0
0	0.0
0	0.0
0	0.0
0	0.0
0	0.0
0	0.0
0	0.0
0	0.0
0	0.0
0	0.0
0	0.0
0	0.0
0	0.0
0	0.0
0	0.0
0	0.0
0	0.0
0	0.0
0	0.0
0	0.0
0	0.0
0	0.0
0	0.0
0	0.0
0	0.0
0	0.0
0	0.0
0	0.0
0	0.0
0	0.0
0	0.0
0	0.0
0	0.0
0	0.0
0	0.0
0	0.0
0	0.0
0	0.0
0	0.0
