2	0.22983258468570217
5	0.07017275016388348
6	0.5172505363159712
7	0.28571426017897095
8	0.031205241758819266
12	0.280041947665506
14	0.2585086799900293
15	0.24518060663364832
16	0.25284406533148707
19	0.5414782469993739
20	0.3086028230684809
21	0.22930518770326555
22	0.2472095406296334
23	0.008757977407252933
24	0.03424283524092217
25	0.01868321425464064
26	0.19911689836154828
28	0.3011595677152288
30	0.00035286573536964447
32	0.03640881241987253
35	0.529235053286163
37	0.03508908192736944
38	0.23392210581174977
39	0.2701061198553994
41	0.2519669303203667
42	0.5365073840554013
43	0.025195344976500444
44	0.034987788746466186
45	0.05216139059675912
48	0.02031292102118454
49	0.24524301192444575
50	0.07561691018094333
51	0.0499420997464674
52	0.014445935659091975
53	0.0034209595938325434
54	0.2625951791965409
55	0.28088386200892973
57	0.04190909048216537
60	0.0449990974238101
61	0.24332593792935495
62	0.006025175222987442
63	0.005047239202962555
67	0.0251278886754734
68	0.005462834098217035
70	0.3149100920928607
71	0.26010845038006036
72	0.24935902787058134
74	0.004725706127147334
76	0.05022870343111879
77	0.25795104995764967
79	0.25189568629418996
80	0.27161931174402754
81	0.2768396142708454
83	0.027270011013350845
84	0.55281353808739
85	0.487320907409911
86	0.21821029967748606
87	0.05460109389234998
88	0.2602212529758381
89	0.2461008043352467
91	0.04292152461937594
92	0.26127838236157924
93	0.28368532001469965
95	0.7751295146628082
99	0.2612118101580595
100	0.26962131038149295
101	0.03533605430698474
102	0.2903049906777254
106	0.036928530499069634
108	0.278825355678912
110	0.7477187694019312
111	0.23011276290754615
112	0.03317711250701312
114	0.0032091431905134707
116	0.07895006926089258
117	0.04484740866714014
118	0.03125345092629396
119	0.2957353718205623
120	0.2502210934657271
121	0.23843474413074364
123	0.26811779909630445
124	0.014406900502589495
125	0.04321415755606152
128	0.296042633370623
129	0.02011601014657417
130	0.5049260728333416
131	0.03832804307566702
133	0.005722935819751231
134	0.5265530515834708
137	0.006399608136308396
139	0.07786274613495985
141	0.031931031976115305
142	0.3019190633504905
145	0.05354295408254933
146	0.048995086249125894
147	0.27675310243508955
148	0.02619349047581757
149	0.0469643588539172
150	0.5205911100016217
151	0.2664445083796026
152	0.28090525022502655
154	0.044463248478101854
157	0.30010028501376645
158	0.535614541950714
159	0.030830163889544876
160	0.005027655717746628
161	0.22130158766001962
162	0.2781598289441492
165	0.33009991107529935
166	0.23748320889926808
167	0.30031633203065533
168	0.05036193567010854
169	0.03201587867684065
170	0.03257075638789424
173	0.018081903325213297
174	0.04843667458270033
175	0.2882350359201777
176	0.24762090721869362
177	0.04194736409390536
178	0.023294519143487402
179	0.5135425615414133
180	0.02562087635089485
185	0.023967548279015264
187	0.02651055827584479
189	0.0031988473609878137
190	0.04551409986525447
191	0.018902218340831615
192	0.024900417213307848
193	0.512412430505534
194	0.5460894291555178
195	0.048352762587532336
197	0.02575548732171401
198	0.035810677633121346
199	0.2357431657857315
200	0.008913607896373993
201	0.23363690826139968
202	0.2476689315333267
204	0.09119862630219697
209	0.06665289919480709
211	0.2558940465765972
212	0.3042794597123372
213	0.2786292793348211
214	0.24767176600913776
215	0.5196427415738657
216	0.04362728774923301
218	0.3106633869527825
219	0.010855942137117082
220	0.041656333350506586
221	0.24162731367302448
222	0.018705911959515212
223	0.49094647463543617
225	0.02613167749298862
227	0.2664974849364851
228	0.373724671092902
229	0.24460172298822172
230	0.5173424814275963
231	0.0797282805709775
232	0.0053585561230811395
233	0.2702882575983283
234	0.2780202066355748
235	0.26088726806507073
236	0.5225021268366056
238	0.29291787193417995
241	0.36841595409577255
242	0.46575915149191316
243	0.23983471364151726
244	0.01162442948588871
245	0.2830831602163235
246	0.2509378816409921
247	0.05022073093168946
249	0.012804527048415927
250	0.30314813210481284
251	0.23558548751651875
252	0.4956715981483205
253	0.7550548738293897
254	0.06990091753705559
256	0.502946342319951
257	0.012547556831731376
258	0.2735951423604935
261	0.3043609328139714
262	0.24619382863109052
265	0.28033026903015884
267	0.014149962795268853
270	0.2896420012496349
271	0.02673918075916543
273	0.004037363797391006
274	0.05549821133234434
275	0.042203572526771586
276	0.25020863331683435
277	0.04628364204299549
278	0.25152548140132336
279	0.005352304077705587
280	0.490737564745909
281	0.25004202322755886
282	0.04885412743985766
286	0.009412965667848331
288	0.048197870438111814
289	0.16023668514025646
290	0.5114504003207575
291	0.010771842702458977
292	0.01262623744713869
293	0.19524511889703172
294	0.5247111361288478
295	0.2317573478420114
296	0.2647043956052442
298	0.01616287017863903
302	0.09333619228780235
304	0.22557956538506635
305	0.030453782434579732
306	0.02783021479583204
307	0.27951208878046907
310	0.0651934190016719
313	0.030144338199953078
314	0.5198501056931282
316	0.18117704198076173
318	0.2872509764267961
319	0.0280554874063465
320	0.2729301664675691
321	0.4997536822289507
322	0.027819725519936944
323	0.25989011543215823
325	0.4970207565227865
327	0.25636830891920276
328	0.5231077686517048
329	0.022086994528376522
330	0.027002937657474864
331	0.020701146695455076
336	0.0384462669380794
337	0.05668097754940202
338	0.03236205249882686
340	0.5288646069891227
345	0.035507251842714554
346	0.30201498713693653
347	0.0005485402749145357
348	0.03268389600862262
349	0.06179282775135596
351	0.03377734685889333
352	0.06916245687414875
353	0.25495084499748694
355	0.07238107670011838
357	0.48314152857754755
358	0.041878097131264495
359	0.251589265208391
363	0.24629387060173275
364	0.014253990722534155
365	0.24721653236325764
367	0.05285645893634862
368	0.035109893186802854
369	0.07398554999086146
370	0.034645780039436976
371	0.5169993411772561
372	0.03351180074392926
373	0.6982240780564032
374	0.21805709827317146
376	0.04921340928754496
378	0.27209873620459907
379	0.2831952198678576
381	0.02621488028050213
383	0.5011517273817483
384	0.02272995174432393
385	0.0023966019321793736
388	0.009609665250617516
390	0.2518135188918541
392	0.27628353794620847
394	0.4891392290288068
398	0.2977976205684369
399	0.049509847076459404
402	0.2775334581767955
403	0.0224548403523899
404	0.00614763787067945
405	0.3699082853054468
406	0.2504744277147798
407	0.014571845918456495
408	0.06721713518370065
410	0.28973983282354704
411	0.27843526608539615
413	0.28607618950571395
417	0.06297104525222412
419	0.2738513983248691
421	0.06987228282634322
422	0.24841657792696858
423	0.04094850120917158
424	0.010661876106777692
426	0.27248130213684507
427	0.026011295719401382
428	0.23893339660391438
430	0.010515776787781528
431	0.04178918314106267
432	0.05082435808173168
434	0.251462697005018
435	0.03204051593541215
441	0.4962615974002754
442	0.05157991882336515
443	0.02394410929343985
445	0.32911058228288176
446	0.02481073186091426
449	0.0364452176426025
450	0.2664978795253466
453	0.033218934517016914
456	0.023791501284379686
457	0.011363578665570244
459	0.2690911683769254
460	0.048514227607429454
462	0.28173404097131666
465	0.018002995335224592
466	0.05788562177454513
468	0.533045222652626
469	0.04661895370641228
470	0.043129963231739475
472	0.04011067011309398
473	0.03213671539480106
475	0.010169104821991976
477	0.3026051753359591
478	0.2995693224255864
480	0.050914120790073375
481	0.007016124332530682
482	0.2808240174809798
483	0.037266924322713085
484	0.0373209538265863
487	0.2565553845395023
491	0.017780953003059888
493	0.2700853400940687
495	0.015865292164192836
496	0.06879865593674886
497	0.515998660271054
499	0.01044624245248841
502	0.27200742474028744
503	0.4960842549508074
504	0.04498236149625628
505	0.297882904860706
506	0.0196117355280708
508	0.019200539361620847
510	0.04872694240142707
511	0.10011793854394274
513	0.29764530515782694
514	0.016745281710899618
516	0.2987951818482901
517	0.3013622177860218
519	0.05678689519602452
520	0.31113740857744193
521	0.022944715115059668
525	0.7560280379350295
528	0.05076983611541616
529	0.04390499117038078
530	0.020212534344425038
531	0.03750924833207464
532	0.25904205889142135
534	0.26905293891488663
536	0.25340387939809256
537	0.015185255168300934
538	0.015352899663445746
539	0.2683824042272129
540	0.02208636042745521
541	0.3013695246326701
543	0.012078815826699767
544	0.018607765209958875
545	0.26371960416813917
549	0.07770278126731199
552	0.03419786881225435
553	0.047741907191217486
554	0.038927753326435194
555	0.30187446873954904
556	0.04121227530783379
557	0.5332385584463701
558	0.0457317352855759
559	0.05146626985236309
562	0.027200417194417348
563	0.06072716400760732
564	0.3051955928456443
565	0.06104728519022534
566	0.007588382828235554
568	0.06091643571039756
569	0.506305905005962
572	0.21249849709791763
574	0.2947464655338535
575	0.05094681780723224
576	0.022283009124055238
577	0.46985650576851024
578	0.2661526090367377
579	0.20049161484838537
580	0.28309664934556594
581	0.057882146049164966
582	0.007466532757153428
583	0.02445056414965824
584	0.5069176629134993
585	0.010914398380685322
586	0.49256215010576
588	0.48365648344208895
589	0.29369680235478435
590	0.018832457462096837
592	0.0051393043218329396
593	0.023371507331659633
594	0.02917630202215866
595	0.028546638757237848
596	0.278462510364233
597	0.061218043894284334
598	0.23849375893009211
599	0.24369780737137806
600	0.028572375910182177
601	0.011845482878363619
602	0.4873613704221942
603	0.04048088549104136
605	0.24002092030624467
606	0.24369236504448993
607	0.031885527659457014
609	0.05958149661482026
610	0.2682481542363192
611	0.04731053458598328
612	0.2545661373180825
614	0.3222392226397417
616	0.023338509408248873
618	0.2851458768729181
619	0.04581026136396206
620	0.0409287435234917
621	0.02282673006559234
622	0.2667597354325995
625	0.024955101535031596
629	0.4860101602974357
630	0.02139894529160778
631	0.29021824047431055
632	0.06373948206333502
633	0.018700462179773048
635	0.003762160550287247
637	0.5292788089780258
638	0.5394393668979157
639	0.26373735350127736
640	0.2954348618844444
641	0.23849293093726182
642	0.3101927098347529
643	0.25658951339270736
644	0.055830551988291885
645	0.02461003218061446
646	0.024505278125655644
647	0.26696980000083165
648	0.016963501013061173
649	0.03723445899077109
650	0.04503300988509128
651	0.221556109412271
652	0.04275830675980698
653	0.05779630928653204
654	0.011641439690153334
655	0.044911078866078674
657	0.27520123323934764
658	0.03505675019144269
659	0.023670271631751456
660	0.05007170672874912
661	0.24929100807925184
663	0.04749016665059357
664	0.012826327841554755
665	0.494373137244537
666	0.011020579573432724
667	0.30624494144511916
668	0.2207047188215945
669	0.268974134845523
670	0.018743379250514128
671	0.018753112879905654
673	0.06708380138561647
674	0.24093510889713743
675	0.019097791192338565
676	0.22443645614129015
677	0.044086830478456455
678	0.5078408741785825
679	0.048670568805159777
680	0.2672362217050966
681	0.3785702150222549
682	0.03414878378486158
683	0.5097690594829677
684	0.033460227222019356
687	0.04680662036724572
689	0.013964005472326652
691	0.5131630397336917
697	0.01877914183292865
698	0.008515852427321762
700	0.260413031042387
701	0.2422635860246114
702	0.2731298841904319
704	0.06101028194312211
705	0.5173514493799939
706	0.2588442259067894
707	0.03577877008114208
708	0.05344863606394912
709	0.03984226819586794
711	0.0019898008304383465
712	0.2832615658355788
714	0.038640115227659685
715	0.7481439515203989
716	0.018982795607818553
717	0.013101938320632434
718	0.0012263310158374466
719	0.0257870835561367
720	0.06400429801440541
721	0.0027152536122594106
722	0.28474778559301145
723	0.24446115692667622
725	0.01156926302404018
726	0.04586303901662046
727	0.44081706419611616
728	0.0043755252369717355
729	0.32835949810827153
730	0.02784985846348153
731	0.054756028701262296
732	0.04484528491201584
734	0.28132286474251783
735	0.2518135188918541
736	0.2986114620598261
738	0.2363759212718294
742	0.21462957063663263
744	0.21670333747086587
746	0.52909761876796
747	0.01682508943474302
749	0.505334757470584
750	0.25683859838500034
751	0.5321800042525514
753	0.3196250028948334
755	0.5455241670890666
756	0.5041987740796783
757	0.23828782897751422
759	0.03045360102156801
760	0.5335738508724589
761	0.019783228149221503
763	0.45080024334024654
764	0.5222199396793935
765	0.23238918168629288
767	0.48932716490722
768	0.2612263511038101
769	0.5209888524667802
770	0.250390550159304
771	0.22611587826814028
773	0.2653145616739712
774	0.09071495897698796
779	0.265977918539839
782	0.024057566276871025
784	0.018061798734346234
785	0.011552951277275597
786	0.25804045915050944
787	0.023962850979815535
788	0.052189536361962094
792	0.2760991747026422
793	0.23797299601159505
795	0.23720566676549237
796	0.02386650559251164
798	0.3126596310062325
800	0.27726275750326496
801	0.06221081760788612
802	0.04472150983010501
803	0.2791899474685374
804	0.06467167186887439
806	0.26446249833276225
807	0.05202477514116295
810	0.053689666771296385
811	0.048510801054593086
812	0.029599762142809488
813	0.05315969447939328
814	0.02869129486719386
815	0.27622207199776533
816	0.033625781578353636
817	0.2431312154676129
819	0.0421788015152732
822	0.2294985110048764
825	0.04485400995166915
826	0.009859898336858429
827	0.004793585871516466
829	0.2772627575032649
830	0.02748269419758248
831	0.26395224308180765
832	0.04050355906893159
833	0.007394203334646056
834	0.030657337434894114
835	0.040066207585692584
837	0.2887490269228052
838	0.2676369675114159
839	0.2640954986383149
844	0.28245024486659304
845	0.3212757254286025
846	0.006160299837774951
847	0.022752903924478186
849	0.506305905005962
850	0.5161244856376846
852	0.4963591555760659
853	0.01777308701866529
854	0.024888593287673788
855	0.015468593904428639
856	0.020129025761185592
859	0.056262328671395606
860	0.019754105325453113
861	0.31263934076525185
862	0.2691114338535641
866	0.2359322939486219
868	0.026886059242841404
869	0.2522241145070197
870	0.230481650401924
872	0.06325872532404764
874	0.038061117080153334
876	0.037992884654261566
877	0.2562841570080793
878	0.039532166662265424
879	0.013329464957832528
881	0.05794349670734297
882	0.038567017829241775
885	0.2218584592837825
886	0.25370259478505297
887	0.21774731439890432
888	0.016794035512313173
891	0.2927997553278759
892	0.038802352783583724
893	0.49989041652857147
895	0.27311924056914394
896	0.4997176492485034
897	0.2619859165826448
899	0.024089657436887218
901	0.2389903240614138
902	0.27765625993665954
903	0.2903832149967384
904	0.04298054708268906
906	0.5306262045040813
907	0.013939203659315579
908	0.010906520157626033
909	0.2615735451334747
910	0.2695678145902786
912	0.24105682112803742
914	0.3678873742005101
915	0.06809673215650419
917	0.026439851188279736
921	0.30698959222645994
922	0.2261455040247347
923	0.023589372439260844
924	0.5247104147870694
927	0.05296393914180289
928	5.189760913882485e-05
930	0.2770023588430522
932	0.01021090788051859
935	0.30499837994554674
936	0.26406682873587606
937	0.058060859159542885
939	0.06836121439645743
940	0.018884159112593613
941	0.5021538996483671
942	0.024095892951440046
943	0.04487618667945501
0	0.0
0	0.0
0	0.0
0	0.0
0	0.0
0	0.0
0	0.0
0	0.0
0	0.0
0	0.0
0	0.0
0	0.0
0	0.0
0	0.0
0	0.0
0	0.0
0	0.0
0	0.0
0	0.0
0	0.0
0	0.0
0	0.0
0	0.0
0	0.0
0	0.0
0	0.0
0	0.0
0	0.0
0	0.0
0	0.0
0	0.0
0	0.0
0	0.0
0	0.0
0	0.0
0	0.0
0	0.0
0	0.0
0	0.0
0	0.0
0	0.0
0	0.0
0	0.0
0	0.0
0	0.0
0	0.0
0	0.0
0	0.0
0	0.0
0	0.0
0	0.0
0	0.0
0	0.0
0	0.0
0	0.0
0	0.0
0	0.0
0	0.0
0	0.0
0	0.0
0	0.0
0	0.0
0	0.0
0	0.0
0	0.0
0	0.0
0	0.0
0	0.0
0	0.0
0	0.0
0	0.0
0	0.0
0	0.0
0	0.0
0	0.0
0	0.0
0	0.0
0	0.0
0	0.0
0	0.0
0	0.0
0	0.0
0	0.0
0	0.0
0	0.0
0	0.0
0	0.0
0	0.0
0	0.0
0	0.0
0	0.0
0	0.0
0	0.0
0	0.0
0	0.0
0	0.0
0	0.0
0	0.0
0	0.0
0	0.0
0	0.0
0	0.0
0	0.0
0	0.0
0	0.0
0	0.0
0	0.0
0	0.0
0	0.0
0	0.0
0	0.0
0	0.0
0	0.0
0	0.0
0	0.0
0	0.0
0	0.0
0	0.0
0	0.0
0	0.0
0	0.0
0	0.0
0	0.0
0	0.0
0	0.0
0	0.0
0	0.0
0	0.0
0	0.0
0	0.0
0	0.0
0	0.0
0	0.0
0	0.0
0	0.0
0	0.0
0	0.0
0	0.0
0	0.0
0	0.0
0	0.0
0	0.0
0	0.0
0	0.0
0	0.0
0	0.0
0	0.0
0	0.0
0	0.0
0	0.0
0	0.0
0	0.0
0	0.0
0	0.0
0	0.0
0	0.0
0	0.0
0	0.0
0	0.0
0	0.0
0	0.0
0	0.0
0	0.0
0	0.0
0	0.0
0	0.0
0	0.0
0	0.0
0	0.0
0	0.0
0	0.0
0	0.0
0	0.0
0	0.0
0	0.0
0	0.0
0	0.0
0	0.0
0	0.0
0	0.0
0	0.0
0	0.0
0	0.0
0	0.0
0	0.0
0	0.0
0	0.0
0	0.0
0	0.0
0	0.0
0	0.0
0	0.0
0	0.0
0	0.0
0	0.0
0	0.0
0	0.0
0	0.0
0	0.0
0	0.0
0	0.0
0	0.0
0	0.0
0	0.0
0	0.0
0	0.0
0	0.0
0	0.0
0	0.0
0	0.0
0	0.0
0	0.0
0	0.0
0	0.0
0	0.0
0	0.0
0	0.0
0	0.0
0	0.0
0	0.0
0	0.0
0	0.0
0	0.0
0	0.0
0	0.0
0	0.0
0	0.0
0	0.0
0	0.0
0	0.0
0	0.0
0	0.0
0	0.0
0	0.0
0	0.0
0	0.0
0	0.0
0	0.0
0	0.0
0	0.0
0	0.0
0	0.0
0	0.0
0	0.0
0	0.0
0	0.0
0	0.0
0	0.0
0	0.0
0	0.0
0	0.0
0	0.0
0	0.0
0	0.0
0	0.0
0	0.0
0	0.0
0	0.0
0	0.0
0	0.0
0	0.0
0	0.0
0	0.0
0	0.0
0	0.0
0	0.0
0	0.0
0	0.0
0	0.0
0	0.0
0	0.0
0	0.0
0	0.0
0	0.0
0	0.0
0	0.0
0	0.0
0	0.0
0	0.0
0	0.0
0	0.0
0	0.0
0	0.0
0	0.0
0	0.0
0	0.0
0	0.0
0	0.0
0	0.0
0	0.0
0	0.0
0	0.0
0	0.0
0	0.0
0	0.0
0	0.0
0	0.0
0	0.0
0	0.0
0	0.0
0	0.0
0	0.0
0	0.0
