2	0.020029422507071508
3	0.011191459089065093
5	0.5443002451600957
6	0.011378888333331519
7	0.020637618603725576
8	0.2626582503338314
9	0.534989172002645
10	0.2504319148506856
12	0.2702717706400135
15	0.002791117632887429
16	0.03877373691350933
17	0.08093625399135912
18	0.2619213822310428
20	0.2770740442472958
22	0.02019307571007496
24	0.25254450314905363
27	0.19605548174274684
28	0.25067315786396466
31	0.2933206350468364
32	0.48441905825902365
33	0.5440427910994768
35	0.00011393997733051206
36	0.30247209526220964
41	0.5327712087336033
42	0.24374295369597374
43	0.2739628249411689
44	0.0016519288603858186
45	0.5196348782731464
46	0.27714566136926594
47	0.053119205076131104
48	0.25868904969751505
51	0.5461593870785844
52	0.5245816127275884
53	0.28440010642772573
54	0.25329480923506364
55	0.27485087095901484
56	0.5215434631745951
57	0.2866498636720489
59	0.5111303492903859
60	0.011429777040409948
62	0.2538740547267403
64	0.2644570965029281
65	0.00854901514823143
66	0.25804232317301073
67	0.2970700878059187
68	0.5483525792432592
69	0.282244929007317
70	0.03417701160559959
71	0.0011107777075334592
73	0.26962621809740484
75	0.5161966643559642
76	0.012778496693137374
78	0.4921043006767365
80	0.12926693466401157
81	0.26423979035434136
82	0.02140053400972978
83	0.2581375640651964
84	0.05453076420585094
86	0.08014405586080516
87	0.30296720834078733
88	0.08901930745289666
89	0.4949827269159335
91	0.47206494370167174
92	0.03259966851456787
96	0.05062619104535518
97	0.027334221713451234
98	0.2425330718206532
99	0.2890280888772116
100	0.24033672461704175
101	0.7701472917819014
102	0.030488222060601256
103	0.28065046260964677
104	0.18955094507563292
106	0.22463672615381214
107	0.2696533700290728
109	0.26929740080945613
111	0.030152772793923355
112	0.01960000843514147
113	0.2855725951775435
114	0.23761980095704516
115	0.04269438852126152
117	0.3157199888274325
118	0.24395222346684245
119	0.02052828543145086
120	0.2836239108960623
121	0.04121204683581307
122	0.04036277329981248
123	0.20591487218796659
124	0.002325373226536604
125	0.4872169428343025
126	0.5418900663208187
127	0.536931476327048
128	0.2802853280831384
129	0.060735993763114046
133	0.24392084404165962
134	0.022012726758611708
135	0.015866896167854777
136	0.04375179058099993
137	0.2896415995856276
138	0.48028936283471335
139	0.28541285763622276
140	0.05098917303533097
142	0.28342333579483237
143	0.518576999139968
145	0.4542393311565892
146	0.021284269299078486
147	0.07910669264286077
148	0.03630720559337269
149	0.24114847507572687
150	0.03650252948136774
151	0.030396223364482944
152	0.2536281992406741
153	0.07491794213783413
154	0.4826775653180317
155	0.20719259195034473
156	0.256424189646347
157	0.2867072351700129
159	0.2350700464512581
160	0.25681345016625
163	0.04239906776491656
164	0.30692247096741926
165	0.017028287860862718
167	0.0166810507767843
168	0.25576847281405946
169	0.268527655483302
170	0.24635381579628057
171	0.3166871763949136
172	0.10402741693734935
174	0.051401512370522214
175	0.5058136431630159
177	0.5186560330290688
178	0.03481949666093281
180	0.26890425109594523
187	0.013669515569833982
188	0.030927881398242187
190	0.4786758346413758
191	0.19900002578773038
195	0.05485764747559502
197	0.46700526506599344
198	0.22147748131986933
199	0.03115955108488601
200	0.013364656044524543
202	0.037362077463738756
203	0.07518870972194112
204	0.246725923904058
207	0.03006985962738155
208	0.11672007632301487
210	0.014550365779666764
211	0.033521033671559966
213	0.039347092461186964
215	0.02530422808436233
216	0.03565018495909668
217	0.05104888266678129
219	0.2323904211473237
220	0.02476735632710894
222	0.21937441219066714
224	0.26270827168544575
228	0.2250851073532092
229	0.24841059587817468
230	0.03610181395624091
231	0.5118195970034978
233	0.053938117860467115
235	0.037340361526190996
237	0.02456045340864197
238	0.25797931070854496
239	0.01444719181606344
240	0.024459913085088613
241	0.03415651275143964
244	0.028719407513991657
245	0.2680667248962849
246	0.3135120523659383
247	0.007424496882936345
248	0.499689830203193
249	0.012243440128363793
251	0.0373859574836935
254	0.25612506505554455
255	0.16640499113803778
257	0.2553001666469624
258	0.07087373926303178
260	0.2695067056357463
263	0.024439423532043966
264	0.2867941775511456
265	0.2200714497518412
266	0.04030029869364038
268	0.01787583515434058
270	0.24845636211969635
272	0.2737188587825634
274	0.7327145992660904
275	0.5238399049649645
276	0.017351073290648632
277	0.04352711702030905
278	0.2537258264150121
279	0.042783386803047815
281	0.5103674085356289
282	0.026700438823532065
283	0.26073695732285174
284	0.021956870511437503
285	0.22989000174389448
287	0.3215495079859704
288	0.01624904910320154
289	0.3114014631907887
291	0.05146587968690114
292	0.02062863864903923
294	0.018280838686184592
296	0.2940133105216319
297	0.0027627271537691116
298	0.2958180281599923
299	0.02093521766317441
300	0.12110993287886476
301	0.49624023664791683
302	0.3236228331002951
306	0.33541033720354957
307	0.03234471875929203
309	0.5218278072336591
310	0.46961940573605654
312	0.03639334146159508
313	0.23155996031874168
314	0.2730524128367943
317	0.5062836847313165
319	0.03751280378221015
320	0.02612374079745549
322	0.059702127278404224
323	0.5501124634366249
324	0.03043593196086392
326	0.5060543878405984
329	0.010500332773133184
330	0.24167095808692945
331	0.011389207489003374
332	0.5025199449319616
333	0.30697280797374366
335	0.3070390464163495
336	0.5305745972065217
337	0.2425099444558122
340	0.012828832953446088
342	0.007427867275845806
343	0.010918821954733655
345	0.25162169304935417
346	0.30929053672048973
347	0.035917764466004004
348	0.5147100352880454
349	0.02312277217964671
351	0.019963593829661338
352	0.04231760887856014
353	0.02465988139357051
356	0.2934351342242459
357	0.037590714698639185
359	0.017755145353710842
361	0.06672713783028551
362	0.267390908925834
363	0.2634228329322373
365	0.0697178421392381
366	0.28094092185672187
367	0.5109730218080039
368	0.224947983659121
369	0.4911390773353925
370	0.033559984227980524
375	0.47987440070438253
376	0.5555665645944556
377	0.5181266161153585
379	0.029320278392305266
380	0.0343350315928993
383	0.2783189917093396
386	0.19018327589019213
388	0.2545779260350885
389	0.25716329096677476
393	0.2696008384368617
395	0.014050460278519285
396	0.477215600179375
398	0.26710328241655124
399	0.01574691730050744
400	0.30164207858390707
403	0.5268808582257508
406	0.0199496676873055
409	0.008334996747313118
410	0.04029780241546426
411	0.2594435742003358
412	0.4948413289332461
413	0.292550713460385
414	0.044501116114668685
415	0.07711656742872275
416	0.010659707585740107
417	0.035186776896149755
418	0.47183965373729403
419	0.3065179418840228
420	0.24451541598594057
421	0.505772710812256
423	0.2695102696491282
425	0.2525417957673848
427	0.2469061324321585
429	0.02436682377272805
432	0.5055533853893037
435	0.26824190370043666
436	0.014081085164642165
438	0.25979148098589294
439	0.013828932593485065
440	0.5581105109512192
441	0.24435076617418094
442	0.0018170762657153117
443	0.27744408514158003
446	0.05371941467650496
447	0.21582649844257612
448	0.19783173262889697
449	0.277118599250656
450	0.024404604142624086
451	0.43640137605277096
453	0.032035146196729494
454	0.22079480046622776
455	0.19810906975696085
459	0.5236642605224234
460	0.025307970517542456
461	0.3168754060849037
464	0.04091356389619194
465	0.033093809077309286
466	0.2811226825201081
469	0.2889490675741671
470	0.5232247323322001
471	0.2593817761571971
472	0.7249850235973181
473	0.2901627436304642
474	0.29606620673019063
475	0.10319980884746992
476	0.7246615336881606
479	0.24884507131908726
480	0.027459618473478067
481	0.2619260657587771
482	0.5174065157559
483	0.3062411920976465
484	0.027204613598430273
485	0.0184510952449687
486	0.005296106979939163
487	0.017013332449985284
488	0.28499294089804955
489	0.46708812521306275
490	0.2396089566286543
492	0.7708155400313961
494	0.77713740533312
495	0.02914459968810635
496	0.2691294343506144
497	0.042725790954349925
501	0.028875983223839642
502	0.2633876852302703
505	0.05262987467265544
506	0.2432550465128043
507	0.4914928391942565
509	0.4364105407133224
510	0.010879118776425455
511	0.0413515235986624
512	0.7494906131277024
513	0.2708663572807556
515	0.5574984665186274
516	0.00045008612237787404
517	0.27471392827264657
518	0.49240685618097957
519	0.051917373078913684
520	0.2803962429673037
521	0.25326118647298146
522	0.021850354095560076
523	0.5148772726014286
524	0.24927265410538524
525	0.01755122122327073
527	0.45607382094296367
528	0.29706366709907933
529	0.04870365066476841
531	0.02830292227987978
533	0.5157801376725851
534	0.4884217695963103
535	0.013772121366172969
536	0.29074916499650727
537	0.009712750513990977
538	0.015727553241136033
540	0.7764244668774429
541	0.004754029199658484
544	0.17884556115783426
545	0.011490535073146173
546	0.7722180547903801
547	0.2350316578550866
549	0.24356920702445642
550	0.4930975977365848
551	0.041000206754193455
552	0.4987443697268585
553	0.012552111015859325
554	0.534953988946841
556	0.30955235050172925
559	0.2471099839555578
561	0.00853878319925612
563	0.5034807053864736
564	0.012038173868085207
565	0.24605198505494497
568	0.25599804162313405
569	0.024533360638568064
570	0.07143841719587554
571	0.0572180135316681
573	0.021068227927462505
574	0.2298285118607079
575	0.20832889217348946
576	0.5135659304117004
578	0.5320858442392346
580	0.5072743108110077
582	0.5297902867599381
583	0.283937582329135
586	0.03299264045394047
587	0.26354705401178147
589	0.006318640223258613
590	0.015831012977628758
592	0.0017447861095485143
593	0.5205622269609645
594	0.5314744842035558
596	0.2644336939204734
597	0.24977018441445037
598	0.06376461874834213
600	0.02298669215808572
601	0.21162637689968838
602	0.33588441351495396
604	0.2128578087790063
605	0.2553125973698199
607	0.04923450591485268
608	0.056990313464238565
609	0.14761120266734445
610	0.2469981087121734
611	0.2604967712553309
612	0.037729407308319994
613	0.007703137265564701
614	0.1993236219371667
616	0.2865821606439202
618	0.5033357951533355
619	0.5132636083576028
620	0.5069336671287682
622	0.03278369801360151
623	0.47783551177251665
625	0.013200151112238767
626	0.0024983374823489383
627	0.2768803658121497
628	0.26704894586981864
629	0.0345692686022559
630	0.27540799448059683
632	0.2946321008518417
634	0.2568538808164361
636	0.5215979326936562
638	0.00368955510144392
639	0.004509652984522786
642	0.245719570600734
644	0.5275447415507484
646	0.23063765107422662
647	0.017876844911986524
648	0.2198201063633006
649	0.023348025514632477
650	0.004650931498479817
651	0.011640495723052004
653	0.49899239648037047
654	0.24219104987514029
655	0.006588742157829161
660	0.038428250548609065
661	0.3070239868059456
662	0.05011457180644642
663	0.5009978237965961
666	0.01685518002198038
667	0.032891127775648676
670	0.06882654627965933
671	0.019934334169735262
672	0.526402962510732
673	0.01944307001663518
674	0.05701255773810181
675	0.09213112227909309
676	0.041868343933124504
677	0.23368603745838928
678	0.20005462474761826
679	0.2784392609253743
680	0.2721833921312318
681	0.21277025858952459
682	0.26498424769409923
684	0.28381851747102427
686	0.023103241238232108
688	0.0350318708217391
689	0.5232109909500439
691	0.01808935855454266
692	0.2954512830084596
694	0.5104543169355333
695	0.34844465533750535
696	0.25518790669178976
698	0.7598084416702058
699	0.2707309469599481
700	0.29841496632717895
701	0.2955354024618552
702	0.23643337172218476
705	0.2638313642440372
706	0.2530142580682577
708	0.5119941477029887
709	0.24583706654421258
712	0.5216724926569919
714	0.5209407388105414
716	0.011458460994175433
719	0.029160834657769613
720	0.04415772801834989
722	0.03239401619203937
723	0.5482250572715683
725	0.27204858769015516
728	0.338051683073313
730	0.05608943067121622
732	0.7355282111214385
733	0.012500172672834653
734	0.007397760876415926
735	0.01718440351034836
737	0.05213735080322632
739	0.2627486147590552
740	0.02511682011871115
746	0.020405130353294283
748	0.027075177108787984
750	0.5224288239229392
751	0.2835171799840647
752	0.27086581224866507
754	0.28444501631579455
756	0.01839236175424883
759	0.026024627213980283
761	0.26888203933694976
762	0.4858360899010543
764	2.825868495892961e-05
766	0.2361789827971447
768	0.005600627399371234
772	0.2676886131478879
774	0.06653484918659786
775	0.27736534771332566
776	0.48579969629327535
777	0.08174170667693746
778	0.5132348088553716
779	0.0325290379900243
780	0.29573509089621647
781	0.731194532185958
782	0.01927975174739943
783	0.7243861929520622
784	0.002899064157965082
785	0.7626035229747277
787	0.2547853567694416
789	0.28864476540643436
791	0.5034339191410102
792	0.28222105729567476
794	0.027164457480360674
797	0.7952951602330951
798	0.5198902270672999
799	0.30113145271273606
800	0.03188231776678774
802	0.26116757021993803
803	0.22901232405883512
804	0.018076240504644597
807	0.02764041931055932
809	0.2765020051288513
810	0.24613144160634495
811	0.7629730730782274
812	0.01012700013059653
813	0.5068220932465424
814	0.010533980632618532
816	0.2564941974297539
817	0.013527429360108721
818	0.47822970026770256
819	0.23201785809174164
820	0.06899286716356948
824	0.2665746375344091
825	0.5017737578704755
826	0.23418455421423892
828	0.23549365270890202
829	0.2932952213277462
831	0.2298342517403177
832	0.5009314492711857
834	0.7588285894892134
836	0.28950710801390517
837	0.021081278493256507
839	0.22809661400997427
841	0.013331933951513636
843	0.0610912861473529
844	0.29360185168229425
847	0.05511480896963841
849	0.2859462641995265
850	0.27824015963155274
851	0.2713291816485694
852	0.27306691386050885
854	0.029848936220564434
856	0.0396683820416114
858	0.23622465793476688
859	0.008969825607756377
860	0.24946179122582568
862	0.026268937625267132
863	0.7413928839300138
864	0.22522953438861204
868	0.2434065249388545
869	0.2519753448305401
870	0.0010986200749754267
871	0.4921550903010393
872	0.5015166841015467
873	0.23623564846125475
874	0.025596479770790152
875	0.4745290350105798
876	0.25932518624577755
877	0.021657728934370006
878	0.020516793090601816
879	0.29891812658563116
880	0.23870123703040794
881	0.022520394506984044
884	0.32398239227876535
889	0.5088308252845355
891	0.021222695473021948
892	0.01065686503790637
893	0.30323518115033066
895	0.3043620113343239
897	0.2429776817728306
898	0.2279623003169141
900	0.21203530160875553
905	0.016101896735518133
906	0.012101091021014598
911	0.036482692840439486
917	0.023621089293459317
920	0.26355188917025524
921	0.2118616225965624
922	0.20206344360733294
923	0.2626379616999368
925	0.2463829870012544
926	0.2831426270033413
927	0.4846953809213119
929	0.3035735127728405
933	0.02892909990562812
934	0.04622803998105941
935	0.005730890971994355
937	0.030152772793923383
938	0.5378560579685893
939	0.25378776638511186
942	0.043816754983220886
943	0.04068678249468366
0	0.0
0	0.0
0	0.0
0	0.0
0	0.0
0	0.0
0	0.0
0	0.0
0	0.0
0	0.0
0	0.0
0	0.0
0	0.0
0	0.0
0	0.0
0	0.0
0	0.0
0	0.0
0	0.0
0	0.0
0	0.0
0	0.0
0	0.0
0	0.0
0	0.0
0	0.0
0	0.0
0	0.0
0	0.0
0	0.0
0	0.0
0	0.0
0	0.0
0	0.0
0	0.0
0	0.0
0	0.0
0	0.0
0	0.0
0	0.0
0	0.0
0	0.0
0	0.0
0	0.0
0	0.0
0	0.0
0	0.0
0	0.0
0	0.0
0	0.0
0	0.0
0	0.0
0	0.0
0	0.0
0	0.0
0	0.0
0	0.0
0	0.0
0	0.0
0	0.0
0	0.0
0	0.0
0	0.0
0	0.0
0	0.0
0	0.0
0	0.0
0	0.0
0	0.0
0	0.0
0	0.0
0	0.0
0	0.0
0	0.0
0	0.0
0	0.0
0	0.0
0	0.0
0	0.0
0	0.0
0	0.0
0	0.0
0	0.0
0	0.0
0	0.0
0	0.0
0	0.0
0	0.0
0	0.0
0	0.0
0	0.0
0	0.0
0	0.0
0	0.0
0	0.0
0	0.0
0	0.0
0	0.0
0	0.0
0	0.0
0	0.0
0	0.0
0	0.0
0	0.0
0	0.0
0	0.0
0	0.0
0	0.0
0	0.0
0	0.0
0	0.0
0	0.0
0	0.0
0	0.0
0	0.0
0	0.0
0	0.0
0	0.0
0	0.0
0	0.0
0	0.0
0	0.0
0	0.0
0	0.0
0	0.0
0	0.0
0	0.0
0	0.0
0	0.0
0	0.0
0	0.0
0	0.0
0	0.0
0	0.0
0	0.0
0	0.0
0	0.0
0	0.0
0	0.0
0	0.0
0	0.0
0	0.0
0	0.0
0	0.0
0	0.0
0	0.0
0	0.0
0	0.0
0	0.0
0	0.0
0	0.0
0	0.0
0	0.0
0	0.0
0	0.0
0	0.0
0	0.0
0	0.0
0	0.0
0	0.0
0	0.0
0	0.0
0	0.0
0	0.0
0	0.0
0	0.0
0	0.0
0	0.0
0	0.0
0	0.0
0	0.0
0	0.0
0	0.0
0	0.0
0	0.0
0	0.0
0	0.0
0	0.0
0	0.0
0	0.0
0	0.0
0	0.0
0	0.0
0	0.0
0	0.0
0	0.0
0	0.0
0	0.0
0	0.0
0	0.0
0	0.0
0	0.0
0	0.0
0	0.0
0	0.0
0	0.0
0	0.0
0	0.0
0	0.0
0	0.0
0	0.0
0	0.0
0	0.0
0	0.0
0	0.0
0	0.0
0	0.0
0	0.0
0	0.0
0	0.0
0	0.0
0	0.0
0	0.0
0	0.0
0	0.0
0	0.0
0	0.0
0	0.0
0	0.0
0	0.0
0	0.0
0	0.0
0	0.0
0	0.0
0	0.0
0	0.0
0	0.0
0	0.0
0	0.0
0	0.0
0	0.0
0	0.0
0	0.0
0	0.0
0	0.0
0	0.0
0	0.0
0	0.0
0	0.0
0	0.0
0	0.0
0	0.0
0	0.0
0	0.0
0	0.0
0	0.0
0	0.0
0	0.0
0	0.0
0	0.0
0	0.0
0	0.0
0	0.0
0	0.0
0	0.0
0	0.0
0	0.0
0	0.0
0	0.0
0	0.0
0	0.0
0	0.0
0	0.0
0	0.0
0	0.0
0	0.0
0	0.0
0	0.0
0	0.0
0	0.0
0	0.0
0	0.0
0	0.0
0	0.0
0	0.0
0	0.0
0	0.0
0	0.0
0	0.0
0	0.0
0	0.0
0	0.0
0	0.0
0	0.0
0	0.0
0	0.0
0	0.0
0	0.0
0	0.0
0	0.0
0	0.0
0	0.0
0	0.0
0	0.0
0	0.0
0	0.0
0	0.0
0	0.0
0	0.0
0	0.0
0	0.0
0	0.0
0	0.0
0	0.0
0	0.0
0	0.0
0	0.0
0	0.0
0	0.0
0	0.0
0	0.0
0	0.0
0	0.0
0	0.0
0	0.0
0	0.0
0	0.0
