1	0.3015086526400193
4	0.23767586334718982
5	0.03266795903644485
6	0.29634813660096593
7	0.2493431839802424
8	0.260569882452112
10	0.5150871301797956
13	0.5501606149656859
14	0.3041824269395782
15	0.019239043926866567
18	0.5134391695181153
19	0.22764159470985348
20	0.2257324698996375
21	0.3029220371475522
22	0.5497265556405251
23	0.3034216291562465
24	0.028608793736478934
25	0.03271002704897594
26	0.33929843206112886
28	0.020061443066205636
29	0.2816014037499135
30	0.27774642679993267
32	0.021699529898908124
34	0.1923044572344096
35	0.039659740643957504
37	0.5298906489068945
38	0.2965888549000601
39	0.07574316056145317
40	0.2885108385597548
42	0.04383067567418131
43	0.04344186271489936
44	0.5437349514237241
45	0.07710724051955117
47	0.23525764894231943
50	0.014070021404812116
51	0.03162896316250763
52	0.01502195926999255
54	0.040227831055156094
55	0.023516595821766968
56	0.03761503762375364
57	0.25363404352069685
58	0.2766234665785122
59	0.24928798444919537
60	0.5349113039286678
62	0.021215859113216558
63	0.394012147951334
64	0.004150177451210352
65	0.02296343245402241
70	0.265611522462195
71	0.0045440705484543695
72	0.016998464773375438
73	0.29294868471804775
74	0.300006416971471
76	0.2988216735957487
79	0.028422357463667614
80	0.08578105222806418
81	0.252594120464652
82	0.5278220749027411
84	0.2876082235230595
85	0.04539793501293063
86	0.03359649898758967
87	0.04642185219479402
88	0.039952964032138584
90	0.5256795917003194
91	0.016694405849962263
92	0.2870207458788541
94	0.49849807810699487
95	0.030695088543742907
96	0.036700318939254406
98	0.2878851020879048
99	0.008257005244309126
100	0.038465858330329825
102	0.5172244970019327
103	0.0070781906357781366
104	0.3627969515754192
105	0.3316592332020206
106	0.30230706342383656
108	0.06460999234669518
109	0.24573679802386805
110	0.2953466227002728
112	0.0057804885561754255
114	0.32048325544557116
115	0.002207311051583505
116	0.25260313366381704
117	0.02354061045797872
119	0.26548672064023254
121	0.07275721338588034
122	0.0050613882424165035
123	0.026830369826911796
128	0.029605670360095447
129	0.3246259737473833
130	0.01404184549555311
131	0.23699911310489916
132	0.3002134118758519
133	0.012040819449742599
134	0.0013457534016356534
135	0.035076273623091306
136	0.5392624762362526
138	0.2665422320831297
139	0.04939365748479523
140	0.288426047380358
141	0.047560383554603375
142	0.23488160360890678
145	0.0791354010161375
147	0.008259290252472587
149	0.2886188107525069
151	0.24176422549938503
153	0.0863474418480253
156	0.2584014921297687
157	0.2755173410505511
158	0.25284493699091126
159	0.2664089437627737
160	0.04391083720232566
164	0.005270941870770873
165	0.25810077733905123
167	0.31104466869618924
168	0.0437198601185378
170	0.27210201439030346
172	0.27918673319547793
173	0.29750192693879707
174	0.48663341165127094
175	0.010804146095783007
177	0.05269603993624806
178	0.2598020541384162
179	0.015718810365736108
180	0.03492325293585871
182	0.038567017829241775
183	0.05554231129548476
184	0.2889505554362481
186	0.3018247598929338
188	0.7786201833412034
189	0.019083611121764495
190	0.009395734130580494
192	0.005374181449828042
193	0.25800721230326795
194	0.5071770544614381
195	0.2424446985672731
197	0.10148863390815938
198	0.21487507334234557
200	0.2913935480300975
201	0.008065105300431169
204	0.07910229514672136
206	0.33209647819185645
207	0.5083556700177113
210	0.2927944174988815
211	0.21022692683326225
212	0.04883132780512133
213	0.011084921485927601
214	0.2759690227256161
215	0.23553498617888846
216	0.3090227467797518
218	0.5492946355565075
219	0.25612084773034155
220	0.0005987375567420988
222	0.015088406437886635
225	0.25374472538727383
226	0.09662774484207007
227	0.27100754851780967
228	0.06583302218349397
229	0.01408126722426703
230	0.014259566440069718
231	0.2808867172099597
232	0.083061940923431
233	0.032885248045434017
234	0.7585717481440825
235	0.039488575314790275
236	0.4949558849192225
237	0.01897600334894426
238	0.2673918310681012
239	0.2966108273841768
240	0.549312283804547
241	0.09777030368776668
243	0.28310064156999226
244	0.006463346310152121
246	0.04009884077414377
247	0.0064949524267792005
249	0.5285116279792654
250	0.018519227721786942
252	0.25152691725146187
253	0.26592413153125855
254	0.2836746675577908
256	0.07217804469737779
257	0.24885663534551064
258	0.0684717286210084
259	0.7590172601808736
260	0.286306693965793
261	0.005758347918779744
262	0.022717628790134725
263	0.0024976694127882143
264	0.2681144085196303
267	0.7538882680003278
268	0.7791792834284365
269	0.2173331985201902
270	0.2376312898504912
271	0.5264445216146367
272	0.0634653932160906
276	0.30853908890044857
280	0.30069880158502105
282	0.006650269277588813
284	0.2939918654395497
285	0.11232590443530713
286	0.22845164238955157
289	0.12477798274576946
291	0.011833156887109446
292	0.25637972320305635
293	0.27809917097804815
294	0.012287289318372495
295	0.28070479926457403
296	0.011782202300209342
297	0.06924217696038559
298	0.25690473678913095
299	0.7814917723781982
301	0.26194567224812054
302	0.49565934254063376
303	0.5538110671332502
306	0.010217486718537575
308	0.0637879433669995
312	0.047362039412974816
313	0.3073379658303437
314	0.017928818514929085
315	0.30696373055795156
316	0.5471728311818037
318	0.004612218254877079
319	0.0006602647521228439
320	0.301958251806299
321	0.2644731501995955
322	0.2868241549252453
325	0.5319263168358753
326	0.05741672045495474
327	0.25188151516518703
328	0.2793965001595759
329	0.5269720633416599
331	0.09401697409124007
332	0.30798270273071165
333	0.22599190560079627
334	0.24815575489419772
336	0.028831366151957846
337	0.024098149045527026
338	0.2897658650732336
339	0.27334890890194186
341	0.14359179801732141
343	0.23524860156929556
344	0.06053438742836803
345	0.4912089643959178
346	0.041656748889782845
347	0.5005090194020102
348	0.03149571533855322
349	0.01393605979363071
350	0.029908416441996682
351	0.26172286181868887
352	0.5374000188126726
353	0.017687580438020857
354	0.27664978442203486
355	0.02188659824573358
357	0.03667730810857489
359	0.010169734393597786
360	0.5610910353857548
361	0.49180350509584464
362	0.5177012068030107
363	0.09029430025699492
364	0.2887329616735347
367	0.08500185873698482
368	0.015321345786330043
369	0.04811786214670786
370	0.2911959679556817
371	0.2479685058873175
372	0.012812152688851192
374	0.22734171741866865
376	0.00588550478109006
378	0.7583712442255724
379	0.5155675792768925
380	0.054536958761157765
381	0.04903093378590395
382	0.24405230348946227
383	0.009050527816943307
384	0.5260698179281131
385	0.32730987096893877
386	0.5321717170155706
387	0.31740214907852
389	0.31025734417460515
390	0.2796199027258987
391	0.057953307145412844
392	0.30083615546984244
393	0.5015340202460934
394	0.5512107322784411
395	0.5514826351528236
397	0.5283810389338853
398	0.2594003393344918
399	0.5376186732860151
401	0.2597165597610064
402	0.0565355705382824
403	0.042907890342950464
404	0.07004996627574431
405	0.33037635182006064
406	0.05286909761298808
407	0.28525069182826956
408	0.33515752225375633
409	0.7623565083941726
410	0.04393361073537903
411	0.28017245366833665
412	0.008167395377136372
413	0.23381767017557073
414	0.5032333402327196
416	0.5084913908971205
417	0.770771818882979
420	0.533641579699539
421	0.0665823090952124
423	0.2869366702048759
424	0.47350265646605116
425	0.08580669735255175
426	0.5359672591201367
428	0.0683316007649554
429	0.7783022630772342
430	0.30803080352626266
431	0.2618623870956437
432	0.026840691844481124
433	0.321420429202891
435	0.26942961008967947
436	0.2582890261255965
440	0.222163560504746
442	0.7641822726606604
443	0.24840441583521028
444	0.015074532744734088
446	0.24328707407478417
447	0.2768961138558294
448	0.11227386794724542
449	0.059108489366018764
450	0.25211737019471425
453	0.01708681435438801
455	0.03496963975598444
456	0.5074892438777993
457	0.508583204463404
458	0.06020919560946317
459	0.014931188957258326
460	0.7490659664144511
461	0.05014927639735356
462	0.27308911945647074
463	0.3476415880497464
464	0.2728599711106064
465	0.2506683024685753
466	0.2963807072801933
467	0.02833380249439315
468	0.25208041810461335
469	0.28559809713067313
470	0.030782837917388887
474	0.523483129350431
476	0.0002701340343981007
477	0.0364001848707537
478	0.04461618130982509
479	0.29309130785848936
480	0.014334825278907594
481	0.2882161484554081
483	0.0013384694843707884
484	0.5152915981384278
485	0.13429525861591274
486	0.23819797402463558
487	0.25984042076410163
488	0.5276830382786133
490	0.3141918823987886
491	0.07393661714300295
492	0.006525550070443184
493	0.2911151810918078
495	0.2760910001576804
496	0.3112821586920403
497	0.01785112651871401
498	0.2969390565246067
499	0.30879737437919447
500	0.32096999847633745
501	0.01868901245067446
502	0.04664042091757348
504	0.4860747625585803
505	0.27092586094328863
506	0.3252954333855551
508	0.00044603200390141984
509	0.12627596740849628
510	0.027963110799766877
511	0.2777209760841425
512	0.034989393290446036
513	0.04797876071960369
514	0.046204067898268746
517	0.28030068137333214
519	0.5124572176465003
520	0.3135082952517996
521	0.21794956580355374
522	0.2649079157608049
524	0.30351671910284295
525	0.010962978980524687
526	0.04648903577477176
528	0.2955830273497331
529	0.008563351495384966
530	0.018779613706103093
531	0.5319329861883363
532	0.769231948495092
533	0.012360070486562118
536	0.05047970258028897
537	0.3012967941761473
538	0.29448085825998105
539	0.042598325570858186
541	0.2567615639324858
542	0.2766899913656021
543	0.29666030659461556
544	0.34499385283288186
545	0.023479784672699233
547	0.3044664292527434
548	0.3249647696713974
549	0.23764415821211382
550	0.27110861920374796
551	0.2625605862792701
552	0.02381242360828103
553	0.532585222732862
554	0.0347054952905005
556	0.24414931680099683
557	0.5119590950353098
559	0.26217966310375507
560	0.29260119163968357
561	0.7590704907708709
562	0.26551056577254406
563	0.025609091333742368
564	0.0290409974861775
565	0.2507300690462897
566	0.31467379828114816
567	0.5208066090342092
568	0.04542487636363699
569	0.2849909956003275
570	0.2932546838069368
571	0.27076288313393676
572	0.05287795863353478
573	0.759398691115557
574	0.292691886687873
575	0.029065896488527025
576	0.022146590252544784
577	0.2490595984518278
579	0.06459552641852714
580	0.04549854596230672
582	0.024393346354972895
583	0.023818733749083658
586	0.01587636489203978
587	0.0651794114174882
588	0.02396795909302927
590	0.2865583503746172
591	0.2807939036954167
592	0.2446581647887477
594	0.0003163453730175847
595	0.4458779505549567
596	0.039920260576411716
597	0.045618563094104614
598	0.018781092918410035
600	0.5555640395968237
602	0.01783694099628577
603	0.0696899647563251
606	0.5311786194960469
607	0.0019928883380434387
608	0.024911766402715703
611	0.2389135163494743
613	0.5324068972542971
615	0.5299469809118563
616	0.28324783956064215
617	0.5131943792234173
618	0.01988479737567516
619	0.07375940685316734
621	0.5240244807868543
622	0.531884961495417
623	0.27958964677598375
624	0.27653203715995167
625	0.24428091713456324
626	0.5650533769415246
627	0.53613569395219
628	0.04411813823171586
631	0.08189870778277872
632	0.2612665912660251
634	0.29613082859191947
635	0.24931345781503123
637	0.01871785994189481
638	0.30252992059388084
639	0.5462317579561579
640	0.4782618748971335
641	0.2645819943243316
642	0.25483077220248
643	0.2926593069283757
645	0.5299867558115617
646	0.014835509247140305
647	0.26796959902917833
648	0.313710204595027
650	0.5335455730456254
651	0.3201308091101527
652	0.2546245087238112
653	0.02597544405729097
654	0.3312236500211888
655	0.2391082283243456
656	0.21418647627886048
657	0.26741258340373814
658	0.2512183178289304
659	0.2812371813909085
660	0.5067098199211477
661	0.26791942220940407
663	0.01877800294330887
664	0.28289881688235646
665	0.05887154880607584
666	0.5393698467827337
667	0.49849297952631505
669	0.48612618347588343
670	0.2929998169228275
672	0.03154793129336636
673	0.28380651516260985
674	0.21272176141532112
675	0.1622280971401316
679	0.2800288698907516
681	0.3027373513069273
682	0.28939233802142705
683	0.30394057105188726
684	0.03515661270997574
686	0.2810849051624208
687	0.03348200980663308
688	0.04309507292230091
689	0.010805182831681928
690	0.25269954768059966
691	0.015066409397341503
693	0.3034051414158895
694	0.0195872539033404
696	0.5256399449488525
697	0.5353549511147221
699	0.2428234890955566
701	0.018901743916856194
704	0.25688919372285546
707	0.7607755669235197
708	0.00691265781938883
709	0.2740439665544604
710	0.521330324525845
711	0.5399923877024864
713	0.32577165257840524
714	0.012827394990272821
715	0.024577338116736694
716	0.22246015678113876
717	0.3055796383882588
718	0.0612825066545064
719	0.46864305411330215
720	0.5338163516538019
721	0.001930179216964395
722	0.21497695238435213
724	0.33209647819185645
725	0.24608186864527204
727	0.3605280884984886
728	0.19502338833363572
729	0.2344520456373169
731	0.23600428705846993
733	0.5395468920169563
734	0.2563635490252622
735	0.01726267385957226
736	0.019246854350664047
737	0.28548386521964175
738	0.5467245010756717
739	0.030914028198817133
740	0.3054321468467963
741	0.7612957894590758
742	0.014217944772631663
743	0.30393810888670236
744	0.10330479704643006
745	0.5113234859215335
746	0.2877704640327987
747	0.32289820200342395
748	0.06334659123971603
749	0.5044376508463546
751	0.059703752029530134
752	0.07631755723332789
753	0.02591868844353641
754	0.016519144196803087
755	0.22575722461916758
756	0.2677435260143446
757	0.535711218705173
758	0.5063291937728516
760	0.030169022298013902
762	0.2982635925293399
764	0.28678053837842815
765	0.016674374196597903
766	0.5464445039531233
767	0.2612082474415113
769	0.009244550733786099
770	0.01876041384665078
771	0.017668815650409057
772	0.5321405789823586
773	0.5148437771575927
774	0.07462043263865054
776	0.30093594461784556
781	0.054510228088783926
784	0.04622772994023516
786	0.218960928369974
787	0.27412338108363576
788	0.537079131734728
790	0.31818938913521766
791	0.23497242706210944
792	0.032607014764157276
795	0.30649421611954786
796	0.06099025196709107
798	0.024266427626337704
800	0.011065259004462168
801	0.01209289873917404
802	0.27654697105972287
803	0.2601734157995811
804	0.4982958710821585
805	0.3019278282945339
806	0.06023649019749241
807	0.2879570740703172
808	0.30607459822257255
809	0.24895204515359204
810	0.487843356355764
814	0.058724967885966144
815	0.7722162935515876
818	0.07750574508482964
819	0.29401213453317687
820	0.2952467175070441
821	0.49268873815601355
823	0.5157261104129021
824	0.06104103528238413
825	0.02863864967233378
826	0.3037087268506968
828	0.5348026239929459
829	0.2527644383537551
830	0.769937632244689
832	0.04602833705777957
833	0.068161044509494
835	0.7759643359115405
837	0.4961490780569177
838	0.25121738071311145
840	0.03398453485023189
841	0.28723828306481053
842	0.3090782277429755
845	0.05432348554870495
846	0.2944689169715926
847	0.014770227603202235
848	0.07374664500356116
849	0.016436351878890927
850	0.018895416797145757
851	0.2876189216632701
853	0.0875985171547739
854	0.23985082071192326
855	0.2542698729725185
858	0.2159736052768726
860	0.3077839800714358
861	0.0316747308868901
862	0.2847995056538972
863	0.020870798792522592
864	0.24948014448175698
865	0.3378326653517624
866	0.20898967140701297
867	0.5239601041865233
868	0.3144790456599802
870	0.05516891816127337
871	0.08419268656264597
872	0.013135184868267244
873	0.037923378418473715
874	0.7648288716781276
876	0.022360398985784735
877	0.25931172601599156
878	0.5136662660206853
879	0.0059946652491909835
880	0.5353255012834354
881	0.5527931696036855
883	0.31757422913684075
885	0.0660004140828597
886	0.2976607628458605
887	0.30034202959752593
888	0.28135372853649093
889	0.008200982076622274
890	0.5047214118645037
891	0.27666634902896486
892	0.5534322743311935
894	0.010871905042515992
895	0.04324194031295449
896	0.2972482527681597
897	0.008211079269432577
898	0.3336252451051844
899	0.2871384808233097
900	0.519713310802328
901	0.04232170338991825
902	0.01883592589297528
903	0.49220620311414337
904	0.2845591524378287
905	0.33226235558961914
906	0.24937897611173618
907	0.015546775752160541
908	0.27532154805022024
911	0.04106607543940409
913	0.5451036833741632
914	0.0016509731301035113
915	0.32385637494247976
916	0.2589842184466474
917	0.040303355840389375
918	0.28513131949960024
919	0.045431917774564894
920	0.014064155283072671
921	0.2698178404176661
922	0.08700230047806179
923	0.24980584701558317
924	0.006347537351894972
925	0.010071803098879645
926	0.05108943535129311
927	0.022665532426708254
930	0.2715185460624604
931	0.2882054256539636
932	0.5440269888979464
933	0.5376542254769788
934	0.5335266710667181
935	0.24842255124959783
936	0.24875871612497213
939	0.03945203094746622
940	0.24767848885556615
941	0.2530581094566039
942	0.5251597102774015
943	0.23031559469668347
0	0.0
0	0.0
0	0.0
0	0.0
0	0.0
0	0.0
0	0.0
0	0.0
0	0.0
0	0.0
0	0.0
0	0.0
0	0.0
0	0.0
0	0.0
0	0.0
0	0.0
0	0.0
0	0.0
0	0.0
0	0.0
0	0.0
0	0.0
0	0.0
0	0.0
0	0.0
0	0.0
0	0.0
0	0.0
0	0.0
0	0.0
0	0.0
0	0.0
0	0.0
0	0.0
0	0.0
0	0.0
0	0.0
0	0.0
0	0.0
0	0.0
0	0.0
0	0.0
0	0.0
0	0.0
0	0.0
0	0.0
0	0.0
0	0.0
0	0.0
0	0.0
0	0.0
0	0.0
0	0.0
0	0.0
0	0.0
0	0.0
0	0.0
0	0.0
0	0.0
0	0.0
0	0.0
0	0.0
0	0.0
0	0.0
0	0.0
0	0.0
0	0.0
0	0.0
0	0.0
0	0.0
0	0.0
0	0.0
0	0.0
0	0.0
0	0.0
0	0.0
0	0.0
0	0.0
0	0.0
0	0.0
0	0.0
0	0.0
0	0.0
0	0.0
0	0.0
0	0.0
0	0.0
0	0.0
0	0.0
0	0.0
0	0.0
0	0.0
0	0.0
0	0.0
0	0.0
0	0.0
0	0.0
0	0.0
0	0.0
0	0.0
0	0.0
0	0.0
0	0.0
0	0.0
0	0.0
0	0.0
0	0.0
0	0.0
0	0.0
0	0.0
0	0.0
0	0.0
0	0.0
0	0.0
0	0.0
0	0.0
0	0.0
0	0.0
0	0.0
0	0.0
0	0.0
0	0.0
0	0.0
0	0.0
0	0.0
0	0.0
0	0.0
0	0.0
0	0.0
0	0.0
0	0.0
0	0.0
0	0.0
0	0.0
0	0.0
0	0.0
0	0.0
0	0.0
0	0.0
0	0.0
0	0.0
0	0.0
0	0.0
0	0.0
0	0.0
0	0.0
0	0.0
0	0.0
0	0.0
0	0.0
0	0.0
0	0.0
0	0.0
0	0.0
0	0.0
0	0.0
0	0.0
0	0.0
0	0.0
0	0.0
0	0.0
0	0.0
0	0.0
0	0.0
0	0.0
0	0.0
0	0.0
0	0.0
0	0.0
0	0.0
0	0.0
0	0.0
0	0.0
0	0.0
0	0.0
0	0.0
0	0.0
0	0.0
0	0.0
0	0.0
0	0.0
0	0.0
0	0.0
0	0.0
0	0.0
0	0.0
0	0.0
0	0.0
0	0.0
0	0.0
0	0.0
0	0.0
0	0.0
0	0.0
0	0.0
0	0.0
0	0.0
0	0.0
0	0.0
0	0.0
0	0.0
0	0.0
0	0.0
0	0.0
0	0.0
0	0.0
0	0.0
0	0.0
0	0.0
0	0.0
0	0.0
0	0.0
0	0.0
0	0.0
0	0.0
0	0.0
0	0.0
0	0.0
0	0.0
0	0.0
0	0.0
0	0.0
0	0.0
0	0.0
0	0.0
0	0.0
0	0.0
0	0.0
0	0.0
0	0.0
0	0.0
0	0.0
