1	0.2907364383528635
2	0.05500093419798103
4	0.00882386069441441
5	0.2319947880525907
6	0.03399529781306826
7	0.24678450439044194
10	0.2614752204533049
11	0.007639456495501691
13	0.26638748161898196
14	0.24825907672886846
16	0.2699916251804815
18	0.012621949947027027
19	0.08011414463717845
21	0.35494799319514836
22	0.04779837905441378
23	0.30077170832365574
24	0.03719771149550457
25	0.2924083710882849
26	0.09842398382662584
30	0.5228349963003944
31	0.031990347190278476
33	0.02972730161003377
35	0.01109689179599644
36	0.26876410057584316
37	0.04097493368289688
38	0.49971295905398355
39	0.28115484987943407
40	0.03171266920631778
41	0.2587347660288505
42	0.2751599816766408
44	0.5218856950716152
45	0.02341737736106835
47	0.2578102448159191
48	0.05347661458454601
49	0.25875218257051796
52	0.022187981422098286
54	0.013378397644653001
57	0.03810023971866298
59	0.02591616375016087
60	0.2792727591739295
62	0.2623075762961892
64	0.018781885468052165
69	0.022355396669884425
72	0.2691505310906348
74	0.03543487299114582
75	0.01152342245475109
77	0.05262070765639187
81	0.26807882729719384
82	0.034685449299543876
83	0.049062299098326545
85	0.5168642675298831
86	0.0585743173137384
87	0.011327178192401192
89	0.2704832825691135
90	0.26437629603845303
91	0.02321444014315626
92	0.02646410250805273
93	0.32150274253900857
94	0.011977001773989207
95	0.025427446815065126
96	0.2724183919640421
97	0.4877402524299483
99	0.024978127247364916
100	0.043114792179375375
104	0.3521848742887108
105	0.09646478480398993
108	0.29147632056966555
109	0.022573108152967654
110	0.2966256590399078
111	0.29673183982362467
113	0.050860060463574705
114	0.09425325361316636
116	0.08368608408654489
120	0.271477804709762
121	0.28190121093531767
123	0.05565173898895139
124	0.0077370919812637245
125	0.07180358597137362
129	0.032269651434804786
130	0.2884537234107741
132	0.03951332459392186
134	0.07319122218211861
136	0.044941946653639764
137	0.0352565143633144
138	0.013309238311371312
140	0.25904267921773266
142	0.0027078205531106472
144	0.02562012961239138
148	0.041385855073029686
150	0.018954342381785304
151	0.2537473280196942
158	0.08225016609379951
162	0.06408241289347265
165	0.0735963731532904
168	0.031844404932440534
169	0.009249065213962238
172	0.06910039876918683
173	0.045153848995742187
175	0.2641567425458558
179	0.5018827514166215
180	0.03330095688501405
182	0.2518135188918541
184	0.5223144566604636
188	0.05115792149476454
189	0.24562217283198756
193	0.028985139357422217
195	0.05436914957727166
199	0.024222254101420905
200	0.5213426011472154
201	0.49142127100379096
202	0.20012799099825407
206	0.3469443332443555
207	0.028775708440216666
209	0.0988957269944477
210	0.04824896459838293
211	0.21877925322132305
214	0.5071446396141043
215	0.05390795239345618
218	0.009351013467073316
223	0.29182782544483615
224	0.27188489656125464
226	0.30161271380788013
227	0.03317963435093275
230	0.02156406254932717
231	0.02554398725144621
232	0.2993623573474305
234	0.5285253374585671
235	0.01383534738098301
236	0.5422804955616726
237	0.050928436745593234
238	0.4921871934869855
239	0.2861520986719073
240	0.05254876073481017
243	0.31682028475946183
245	0.2930803617012485
248	0.05531945357101982
250	0.3211531156353351
251	0.02559303608410411
252	0.2866561251756854
253	0.525805784860705
254	0.022915438785023615
256	0.3084152362738219
259	0.2996651614097409
262	0.0048192453257224835
264	0.5087431181837558
265	0.05402430451875948
267	0.2778246925049829
268	0.2581228056197208
269	0.4582882247806049
270	0.05181514965535822
271	0.2778165558714398
272	0.044328888995920614
276	0.053215538174730743
279	0.029960645195606407
280	0.5303723323311904
284	0.02402838163747048
285	0.09157615548376724
286	0.24765834230446404
290	0.25565152986346285
291	0.030688898455470827
292	0.051843382342242464
293	0.2365002513029729
294	0.29244423838218103
295	0.26833846822627144
296	0.030137644312284547
297	0.050577380469807906
298	0.019798981926897823
299	0.26120249685310565
302	0.2565660105667064
303	0.29036360204945294
307	0.5325695963727992
308	0.27561238576445646
309	0.04412502729419786
311	0.22930780980484605
312	0.028249432425379827
313	0.2828826333570788
314	0.5233444807597977
315	0.047638479856326445
316	0.06921699262878367
321	0.5022663148968656
322	0.030889156527390486
323	0.23753499533899197
324	0.2680413450099594
325	0.2776992908938738
326	0.00983342009643778
327	0.27496640842116704
328	0.25019966550544526
329	0.30812187235867355
331	0.295743054838539
333	0.011816640204418936
334	0.016616124911940883
337	0.04144372332396949
338	0.280938887265985
339	0.2638046685214098
340	0.2815389671791998
342	0.25649065176107494
344	0.2797888664899709
345	0.3001912184352551
350	0.038520609626592595
351	0.040992575302001545
352	0.2225156914448194
354	0.03597461295912366
358	0.5487327358304568
359	0.03892370881625745
361	0.013886710949398522
362	0.04096877738288078
363	0.5183574863922639
364	0.04358288908174565
365	0.022918678098767818
367	0.031229489230583364
370	0.5017609277260009
371	0.043738466118705216
373	0.26032946420453096
378	0.28405590989306573
379	0.26946348397966435
380	0.28276202014953994
381	0.27243205133838466
382	0.03984246601281302
383	0.03832753595662679
384	0.2866208456847713
385	0.30804591749729754
387	0.2830464893054456
388	0.05286918768959335
389	0.27392295346540063
392	0.2962970618095885
394	0.2870596899229709
395	0.054231733843665086
397	0.03189282942677056
398	0.04774248726046902
399	0.2818212116885086
400	0.06205622351752456
402	0.5111128022790652
403	0.01790813197744308
404	0.31273156441626143
405	0.3469443332443555
406	0.27945963737535817
407	0.5138934518122806
408	0.3226652899643665
409	0.2692818593509455
411	0.2687673978455799
412	0.024437651739703616
413	0.01828503020331977
414	0.043999812267868164
417	0.029252590284914365
420	0.0412598622681818
421	0.008662276888381906
423	0.04181601568194753
424	0.07101622037188544
425	0.29338746886882755
426	0.04501994173735169
427	0.028905929675062437
428	0.5173389411990567
429	0.0380380028266076
430	0.30861965865800545
435	0.021026361672029287
436	0.01407874792336681
437	0.04168847251056167
438	0.2646081305163417
440	0.014398523455293636
441	0.26891012570863504
442	0.07336270746290806
445	0.6318741276073777
446	0.540090022895982
447	0.011532388072256504
448	0.3304417798188081
450	0.023089452997515574
451	0.06973956890431453
456	0.0217555621173734
457	0.0058336386136633375
458	0.5181631810832733
459	0.257987010188054
460	0.28256116557340494
461	0.21418278321159384
462	0.07120925940677231
463	0.32702828758674474
464	0.03733904657271429
465	0.5197589096491562
466	0.02756855411669669
467	0.23773027712953373
468	0.5358604647636988
469	0.028134704625587113
471	0.020118464305698355
474	0.0316641272953752
476	0.033219869223493556
478	0.07216074416343882
480	0.5383113549243567
481	0.02285776245333372
484	0.253979177134503
485	0.5048224950475729
486	0.21468084107002916
488	0.01975773948055315
490	0.301687203425569
491	0.3169618816968923
492	0.01972187082096787
493	0.03147367573492087
498	0.0039050221947962843
499	0.05724402137995953
500	0.3012647045801987
501	0.271403333654238
502	0.023325449378674985
503	0.2699315921768633
506	0.24748427428457587
507	0.02400803111028991
508	0.30790546634726573
509	0.13751993358243395
514	0.2896594317993894
515	0.02308966593399664
516	0.2637953069048279
517	0.25868669830015334
519	0.03386277951214667
521	0.011144402142959482
523	0.025791048585314242
525	0.2960749375722262
526	0.11132497329887545
529	0.02306198897208966
531	0.04427724509931959
532	0.2794579086528663
533	0.019230256657057566
535	0.2354868470105302
536	0.2715911870385044
538	0.0008644217681095523
539	0.05187475585154136
542	0.04502172112702233
543	0.29712823366621083
545	0.03568517661313912
547	0.29862637319631674
548	0.25775959820815286
549	0.05398108294506082
550	0.017305092434836637
551	0.025580690864445026
553	0.03997912749283946
555	0.06646115960710114
557	0.2502561455142922
560	0.03177219214880299
561	0.05742610911090816
562	0.29639151715865353
564	0.020658588433141983
565	0.03793862921496036
566	0.04648201685008989
567	0.2577947162604242
568	0.0146414720686638
569	0.5128205128205128
570	0.06475239082381759
571	0.5248469845205592
572	0.06846892904672544
573	0.03305692586094385
574	0.05541638321768423
575	0.0416899303715202
576	0.035284816118885724
579	0.23444882649618265
580	0.07376784648940093
584	0.2518374212782155
586	0.0266430598319155
587	0.05685606090942717
588	0.013915262548086116
589	0.31499335931900063
597	0.5479799067049735
599	0.031150523964011217
603	0.30768004023700674
605	0.03513018859720412
606	0.27922805712777415
608	0.0072099973599551725
613	0.2914172266871564
614	0.3370613868947989
615	0.2589977447225952
616	0.030609306591483715
617	0.05246597121409916
618	0.026631708276650404
619	0.04885000753665544
621	0.008005819543364004
622	0.03233326793203306
624	0.02111817143036648
625	0.2588182533720599
626	0.06724459345484562
627	0.2611055123029327
628	0.2692307692307692
629	0.026045393844098944
632	0.266892509480091
633	0.2590282575365862
634	0.2529340081983782
635	0.5147610634478601
636	0.02234330973973388
637	0.27369620881881723
638	0.06260308072228343
639	0.30336049007450017
640	0.29188230879084975
641	0.7331448902413145
642	0.2481322548429948
643	0.26682131493541233
645	0.04564214869436469
647	0.018954342381785318
648	0.3078951568560487
649	0.33128846023469916
650	0.5081548453648171
651	0.06578146385318094
652	0.2987653664797146
653	0.044157817207473055
654	0.293954804141831
656	0.23226577330238024
658	0.5373864677353342
659	0.2604875896165791
661	0.2537916592422331
664	0.5141237819969534
665	0.538737918117971
666	0.27987236924800957
667	0.014803343557113779
668	0.32294402283627954
669	0.7674677783479148
670	0.2801287782404517
671	0.010537233740934494
676	0.30078370562923
677	0.038670336298698656
678	0.09704439554424113
680	0.2865629767048126
682	0.2793687212503157
683	0.5471119649258024
684	0.007505018718058212
686	0.02843784113730276
688	0.025641025641025612
689	0.04538595272686752
690	0.03295950884690252
692	0.27905004062072825
693	0.028419599067062803
696	0.05522019393503416
697	0.291356847094313
699	0.2577524158607182
700	0.01402602782192549
701	0.01947715385043089
702	0.294878534469639
704	0.3128457833640026
706	0.2634867526511009
707	0.26117449230836565
708	0.018060835216004986
710	0.022367518396087194
711	0.2955728765783244
713	0.3003259278233161
714	0.02865729351608097
715	0.04506164339705064
717	0.040510020826097615
718	0.06260235124311228
720	0.03728015169279837
722	0.3049599616889424
724	0.3469443332443555
726	0.26208709836837046
727	0.31108542238338355
729	0.07604370934086345
730	0.3169452164367596
731	0.033923596710179485
733	0.05172422521257247
734	0.2729903613184445
735	0.5128205128205128
736	0.08291305162686617
738	0.06983407509508924
739	0.04608146251046655
740	0.06646893572147144
741	0.04670865117013413
742	0.26027854832160363
743	0.28519304191796213
744	0.5256298422641674
745	0.08918419602577976
746	0.24737202504937933
747	0.03657702063459719
748	0.5259451606467713
749	0.26620433855266074
750	0.027124085456067686
751	0.25975915933894955
752	0.2825360990962507
753	0.33770458219199634
755	0.2855831876861852
756	0.28388286906925037
757	0.5160924896186917
758	0.011761022985195983
759	0.5263825382601052
760	0.5583414484411366
762	0.2552076556137936
763	0.2327874182155418
764	0.522627400586649
766	0.28057463286400547
767	0.28155725302371404
768	0.2958916431537158
769	0.0547643777565313
770	0.027724384633179888
771	0.5097127181230834
772	0.29244260012707585
773	0.2570444383327869
777	0.0013735063621267765
779	0.2821813532578267
781	0.056651135707849326
782	0.26162135101985207
783	0.061091310088501695
784	0.03393172364385783
786	0.01675952498295878
787	0.2726530309083767
788	0.02441692294183003
789	0.039717302560455955
791	0.05710927719973044
792	0.2467490910046526
793	0.03832403289969107
795	0.5277150832412818
796	0.28536040575575033
799	0.030401492093205203
800	0.5128205128205128
802	0.024141437176277973
803	0.029199631820061283
806	0.7641874916253979
808	0.05878329458093126
809	0.03351956589445117
810	0.03768197449524011
815	0.011440866385849367
817	0.03173979236030326
818	0.06331328148892995
819	0.04141587522569266
820	0.25194718954273837
821	0.2532725568721692
822	0.024990498872479505
825	0.03261859367900018
826	0.057307714993618364
828	0.2945778745106494
829	0.2692307692307693
830	0.07455277984938749
831	0.2991290826753551
833	0.29140997320567746
835	0.03302569971163138
837	0.31338052260717225
838	0.26896387511768066
839	0.04167332977267044
840	0.49631085163168764
841	0.04017895038709085
842	0.29343049396130544
843	0.06303314683921284
846	0.05350958630643371
847	0.03364623464314733
848	0.28637150625690877
849	0.5128205128205128
850	0.028151166923268085
851	0.019577033215476283
852	0.014163621048006263
853	0.30777994560070154
854	0.028372395323783883
856	0.008313338479468663
857	0.07742944828558364
860	0.05171027488237749
861	0.09191624663971794
862	0.2621224340252796
863	0.019687547742886658
865	0.11542669478940655
867	0.28126761931485994
868	0.27238139450199583
869	0.015008757663701189
870	0.2811569808091494
871	0.08150183156097815
874	0.2953846767159467
877	0.2678942513754665
880	0.051414141889277246
881	0.27134450490800155
882	0.2796199027258987
883	0.5153889466593898
885	0.012775717683718976
886	0.5123869534190878
887	0.2895407157035279
890	0.012592244627264083
892	0.05599028257659372
893	0.024909747874431808
894	0.028434269694332638
895	0.2511391400839083
896	0.2792451916830663
897	0.013340016400105827
898	0.0958300330901013
899	0.5072680503017925
901	0.012733657003654808
903	0.2639428044395062
905	0.31478759398627076
906	0.027127857923133485
908	0.012028025504315223
909	0.02891903984180423
910	0.0871674524290496
912	0.25794114132026624
913	0.03827950910067218
918	0.03265382887508353
919	0.02285672519373328
920	0.0462438565422703
921	0.28545679168946936
922	0.33295488156061437
924	0.5388755832206186
926	0.05790413307904713
927	0.019720985964061223
928	0.028543603830851312
931	0.2754927662406178
932	0.29836854617104863
933	0.26052009021440237
934	0.04889350106475687
936	0.0171474905013741
937	0.2967318398236247
938	0.2711955491532429
940	0.5354477837876164
941	0.26756196143627886
942	0.04260873796040215
943	0.01215727204183837
0	0.0
0	0.0
0	0.0
0	0.0
0	0.0
0	0.0
0	0.0
0	0.0
0	0.0
0	0.0
0	0.0
0	0.0
0	0.0
0	0.0
0	0.0
0	0.0
0	0.0
0	0.0
0	0.0
0	0.0
0	0.0
0	0.0
0	0.0
0	0.0
0	0.0
0	0.0
0	0.0
0	0.0
0	0.0
0	0.0
0	0.0
0	0.0
0	0.0
0	0.0
0	0.0
0	0.0
0	0.0
0	0.0
0	0.0
0	0.0
0	0.0
0	0.0
0	0.0
0	0.0
0	0.0
0	0.0
0	0.0
0	0.0
0	0.0
0	0.0
0	0.0
0	0.0
0	0.0
0	0.0
0	0.0
0	0.0
0	0.0
0	0.0
0	0.0
0	0.0
0	0.0
0	0.0
0	0.0
0	0.0
0	0.0
0	0.0
0	0.0
0	0.0
0	0.0
0	0.0
0	0.0
0	0.0
0	0.0
0	0.0
0	0.0
0	0.0
0	0.0
0	0.0
0	0.0
0	0.0
0	0.0
0	0.0
0	0.0
0	0.0
0	0.0
0	0.0
0	0.0
0	0.0
0	0.0
0	0.0
0	0.0
0	0.0
0	0.0
0	0.0
0	0.0
0	0.0
0	0.0
0	0.0
0	0.0
0	0.0
0	0.0
0	0.0
0	0.0
0	0.0
0	0.0
0	0.0
0	0.0
0	0.0
0	0.0
0	0.0
0	0.0
0	0.0
0	0.0
0	0.0
0	0.0
0	0.0
0	0.0
0	0.0
0	0.0
0	0.0
0	0.0
0	0.0
0	0.0
0	0.0
0	0.0
0	0.0
0	0.0
0	0.0
0	0.0
0	0.0
0	0.0
0	0.0
0	0.0
0	0.0
0	0.0
0	0.0
0	0.0
0	0.0
0	0.0
0	0.0
0	0.0
0	0.0
0	0.0
0	0.0
0	0.0
0	0.0
0	0.0
0	0.0
0	0.0
0	0.0
0	0.0
0	0.0
0	0.0
0	0.0
0	0.0
0	0.0
0	0.0
0	0.0
0	0.0
0	0.0
0	0.0
0	0.0
0	0.0
0	0.0
0	0.0
0	0.0
0	0.0
0	0.0
0	0.0
0	0.0
0	0.0
0	0.0
0	0.0
0	0.0
0	0.0
0	0.0
0	0.0
0	0.0
0	0.0
0	0.0
0	0.0
0	0.0
0	0.0
0	0.0
0	0.0
0	0.0
0	0.0
0	0.0
0	0.0
0	0.0
0	0.0
0	0.0
0	0.0
0	0.0
0	0.0
0	0.0
0	0.0
0	0.0
0	0.0
0	0.0
0	0.0
0	0.0
0	0.0
0	0.0
0	0.0
0	0.0
0	0.0
0	0.0
0	0.0
0	0.0
0	0.0
0	0.0
0	0.0
0	0.0
0	0.0
0	0.0
0	0.0
0	0.0
0	0.0
0	0.0
0	0.0
0	0.0
0	0.0
0	0.0
0	0.0
0	0.0
0	0.0
0	0.0
0	0.0
0	0.0
0	0.0
0	0.0
0	0.0
0	0.0
0	0.0
0	0.0
0	0.0
0	0.0
0	0.0
0	0.0
0	0.0
0	0.0
0	0.0
0	0.0
0	0.0
0	0.0
0	0.0
0	0.0
0	0.0
0	0.0
0	0.0
0	0.0
0	0.0
0	0.0
0	0.0
0	0.0
0	0.0
0	0.0
0	0.0
0	0.0
0	0.0
0	0.0
0	0.0
0	0.0
0	0.0
0	0.0
0	0.0
0	0.0
0	0.0
0	0.0
0	0.0
0	0.0
0	0.0
0	0.0
0	0.0
0	0.0
0	0.0
0	0.0
0	0.0
0	0.0
0	0.0
0	0.0
0	0.0
0	0.0
0	0.0
0	0.0
0	0.0
0	0.0
0	0.0
0	0.0
0	0.0
0	0.0
0	0.0
0	0.0
0	0.0
0	0.0
0	0.0
0	0.0
0	0.0
0	0.0
0	0.0
0	0.0
0	0.0
0	0.0
0	0.0
0	0.0
0	0.0
0	0.0
0	0.0
0	0.0
0	0.0
0	0.0
0	0.0
0	0.0
0	0.0
0	0.0
0	0.0
0	0.0
0	0.0
0	0.0
0	0.0
0	0.0
0	0.0
0	0.0
0	0.0
0	0.0
0	0.0
0	0.0
0	0.0
0	0.0
0	0.0
0	0.0
0	0.0
0	0.0
0	0.0
0	0.0
0	0.0
0	0.0
0	0.0
0	0.0
0	0.0
0	0.0
0	0.0
0	0.0
