1	0.3548774746977165
2	0.3039440952896437
3	0.32895974648764376
4	0.2654272331251496
6	0.06277055854924173
10	0.03295517704981177
13	0.2631386329121984
14	0.5337388099478365
18	0.48111618366385567
20	0.26185295729374586
22	0.08801819679221107
23	0.520357897114155
25	0.2623669668005048
26	0.1176671166976239
28	0.00882935576097632
29	0.003702327487595622
30	0.05183322674071378
31	0.08265975255553773
32	0.008605950822925146
34	0.18950989567196574
35	0.21674200883939698
37	0.4934608862944938
39	0.2924485830026078
40	0.5031216912698839
44	0.0695785322390551
45	0.025725060249307125
48	0.19129700642861686
53	0.2415831673468019
55	0.23069799146661102
58	0.2691370253471044
60	0.5144914764165556
61	0.3940943580262615
62	0.05588839605462391
63	0.5504554970081148
65	0.4561403167015857
66	0.23128203267767455
67	0.22120103385847545
69	0.043923774147057254
70	0.21999393704560288
71	0.004920886568419797
72	0.2556576230640494
73	0.2552568456435876
74	0.5114755441731993
79	0.2799967024276381
82	0.04043139895848565
83	0.2490553436552691
85	0.0677119758659171
86	0.004357554354551776
87	0.03528473775895191
90	0.287273645167702
91	0.2397138516748604
92	0.03885556484611771
94	0.33152068304610555
96	0.035705382426023224
98	0.005567068616545254
100	0.03364613514734945
104	0.27936947275540175
105	0.5138356426989587
106	0.4876594217929822
110	0.006488343591483141
111	0.08186469518180804
112	0.4501402812057073
114	0.0497544256582514
115	0.20688001747172735
118	0.027959188940966082
119	0.03840510504592493
121	0.05744601720390731
122	0.24143030407748117
124	0.24293257762087633
128	0.23737532777634104
129	0.03931268309911723
131	0.219722939196286
132	0.5158370482113676
136	0.28094641517442304
137	0.26813137858959835
139	0.01935663284496938
140	0.2819053325155017
141	0.49422588145835156
143	0.2332670887001273
144	0.04205696923710854
148	0.053778976903543226
149	0.22911331938268384
151	0.05367736535525042
153	0.5531258308722009
157	0.0011854266800409123
159	0.49237360574389216
160	0.08750205416945367
161	0.2461260239948586
162	0.21718385846101376
163	0.20223588520629476
164	0.22888907590847096
166	0.3217225784883431
169	0.2731685482056515
170	0.4811556045649762
172	0.46169180719977293
173	0.5114648390975727
174	0.23349553424480401
176	0.01887836861209788
177	0.049700482110006175
179	0.24328357195678743
180	0.24744264813666972
184	0.5414317622034795
186	0.4507259516997657
187	0.0009192291492406413
188	0.2845872351389356
189	0.07543200158213645
191	0.24972881590839258
192	0.24558019892194521
194	0.021707379996266526
196	0.08875416724818856
198	0.09232163468883728
199	0.23141181374192987
200	0.0624041793051283
201	0.017054470024152404
202	0.08830065929105502
205	0.3977523191884187
206	0.3191682393004694
207	0.26313090481939183
209	0.03316839376315163
210	0.5192056749694552
214	0.04118186477477147
216	0.2839258844086278
217	0.23784391737130353
218	0.2476869129762217
219	0.2386947920671665
220	0.27183878392379884
221	0.26777543328044784
222	0.3466832962081283
226	0.110676084682754
227	0.21328392030766632
229	0.20211334503576542
232	0.5612631223978684
234	0.27184954234925773
235	0.039930192342985636
237	0.01851155346870268
239	0.5542207823040187
240	0.3007362669633904
241	0.1588093999520303
242	0.04029412822907567
243	0.03986990729237644
247	0.03208341471130389
248	0.07632352642762935
249	0.034617006604765105
252	0.0024693362178529084
254	0.20667381950485036
256	0.04354227880411066
257	0.23191545124534424
258	0.2089229893693391
259	0.2386945016629528
260	0.22748584777062053
261	0.22549368146151955
264	0.24003429903291001
267	0.26178031354770387
268	0.2681698540722688
269	0.552140370512382
271	0.5329756868931766
272	0.4935967597697973
273	0.01155386025344323
276	0.06370917518173815
277	0.031979225560026046
280	0.042162567805091054
284	0.2873793783906487
285	0.5240690241405592
286	0.28821797249904363
287	0.2000161039236112
288	0.045217632193045434
289	0.3386731981581074
291	0.010237424000506638
292	0.27446484232989815
293	0.17194292061946048
295	0.05347620493657846
297	0.5537583046623012
299	0.26404544280596043
300	0.315823531247566
303	0.3035777136307209
304	0.2598966463586237
308	0.33773715020193423
309	0.23088480211436718
310	0.06169407646110866
311	0.2809909153341886
312	0.538684971903424
313	0.2902803567765255
315	0.2777519521881921
316	0.09126852168781847
317	0.021256365285473366
318	0.00906902047602682
319	0.22195992782798182
320	0.020824366850192684
322	0.26338650786359136
325	0.06085277605825761
326	0.08032221232443974
327	0.0169256829076517
328	0.055788521952568365
329	0.2904009747793157
330	0.031193244287091304
331	0.2987462308695923
332	0.045238893824404006
333	0.22578038914836274
334	0.30627949498465695
335	0.1741579657386681
336	0.20554721925940378
338	0.5342419487713281
339	0.55704258788407
341	0.3384922495683115
342	0.08134209924953104
344	0.358482467443526
345	0.02503576299603462
349	0.014250562175337638
351	0.4479052806593168
352	0.24953901782253268
353	0.018560968622731995
354	0.49247039082617433
356	0.4464143105971481
357	0.014188052247754348
360	0.30202970304314963
361	0.5146517459508051
362	0.4404534028981179
364	0.5259490399402431
370	0.014618064725398179
372	0.46977466029593395
374	0.3071236849701247
375	0.008549317417060769
378	0.05149074051511936
379	0.2723823043339416
380	0.3120632902150069
381	0.07619316807075657
384	0.2813999666575063
385	0.5199330721680806
386	0.23029420681580215
387	0.3121890724935277
388	0.27277988011434406
389	0.3057682648232434
390	0.03265382887508353
391	0.0011273648300599015
392	0.03872977895138541
393	0.2227638895944652
394	0.07046814873738677
395	0.05229672535770755
397	0.0415073996251883
399	0.04783925903089846
401	0.20885058713519622
404	0.05805378139206729
406	0.06691146034027677
407	0.04269525495695187
408	0.28038746042697804
409	0.2661273195873008
412	0.01826249853664417
414	0.2743723378366603
416	0.3601456157335602
417	0.04787936723679505
420	0.49329786375392287
421	0.2533847332423639
423	0.04473222285222439
424	0.040124121484663454
425	0.0735714925496743
426	0.5145507314839775
428	0.5130120868138766
429	0.2677296017820005
430	0.5190162348488253
431	0.4715382911792562
433	0.08189768293646904
436	0.45991738568197044
437	0.05223717654851958
438	0.015552553948071673
439	0.18556694831961673
442	0.05311636387560654
443	0.003067340133587032
444	0.4251364745524325
446	0.436156670306867
447	0.1268489060031303
448	0.3108234648746055
450	0.006349624862883534
451	0.26701693132241505
452	0.2629067852057575
453	0.038973187575887136
454	0.06608810976745665
456	0.5433406638927277
457	0.3134845248323785
458	0.3153617039518229
460	0.2648228597710504
461	0.050892265805601265
462	0.2205236000248601
463	0.5966935996745504
464	0.030824950240382003
465	0.012907203283809836
466	0.26347413981158796
467	0.32217959676840763
469	0.27356462490084754
473	0.2846427649066717
474	0.26841158278993754
477	0.19331828725463834
478	0.022531577492460403
479	0.31661018469240276
480	0.003636132779686628
484	0.26162347909656236
485	0.12132783498262406
486	0.3343684445046915
488	0.03042743586484961
489	0.29479943439564565
490	0.3225896271686769
491	0.48611436778081846
496	0.033086274026039086
498	0.28715752415638973
499	0.5288176633020212
500	0.06708808192403154
504	0.5208670751522354
505	0.009116316098503843
507	0.02739197156369992
510	0.48355239027165225
514	0.06049256921682086
516	0.015294474197335595
518	0.30050113003717316
519	0.026499125575366923
520	0.007982851936332656
521	0.07327246294263083
522	0.0019194980509340057
523	0.015964623486140847
526	0.34729126745533356
527	0.05006201978514958
530	0.24590170874976924
531	0.2738687976880505
532	0.059951224052211614
533	0.2568893775290535
535	0.045129753184303206
537	0.33349307052186955
541	0.04008076542600666
542	0.36855260882425217
543	0.5130471011612765
544	0.3053127068276103
545	0.007246335766283304
547	0.5252255853430562
548	0.4692240515490207
550	0.19949487046812872
551	0.002954545722631506
553	0.28841935058215046
556	0.03766270085510111
557	0.023313142470705518
558	0.25375724036295394
559	0.47797967465495506
560	0.30208436525087756
561	0.29927237852606464
565	0.4591985709294622
566	0.5357143185728448
567	0.3003378480068518
568	0.032642609478443996
570	0.2849357947868355
571	0.263338205293577
572	0.31254154320895666
573	0.27263851344144246
575	0.289844320916789
578	0.014123506374646433
581	0.22084969511489871
583	0.00910968875751992
585	0.24199729979051493
586	0.004643282767094293
587	0.28258174335648845
590	0.3073530426617641
591	0.49588736311471243
592	0.07052276905305317
594	0.2325778173692324
595	0.08394668030787422
596	0.22957234196921755
599	0.002503406114332911
600	0.2843868908597965
601	0.10394245242712359
603	0.0679802074473227
604	0.10055443293962152
606	0.09803764485845119
607	0.2453455988821708
608	0.2420990388574304
609	0.09138493635506312
611	0.46664547752610885
612	0.22751096707194804
613	0.04783125077433397
615	0.48331625866202377
616	0.046028119093779074
617	0.5612322937316077
619	0.2535077351046767
621	0.22492288142785044
622	0.05859880547576675
624	0.2696939285339467
626	0.3297537631533368
627	0.021929622241196524
628	0.2692636815546024
631	0.028784348709408672
633	0.20872880386233233
634	0.03326570585483378
635	0.24193384771365004
636	0.025414763465496412
638	0.014154248073150029
639	0.29938738070999926
641	0.022461994930382957
643	0.051183740400024276
645	0.7685483270735436
646	0.29880490193527665
648	0.5107207206084655
650	0.312053502571194
651	0.5261747614868474
652	0.20570554518611625
654	0.2873899572247228
655	0.03215468661127978
656	0.21240128734107094
658	0.24434237463871789
660	0.015498258507812078
662	0.20301024400087353
663	0.2247416016479184
664	0.045285707686828144
666	0.29217340553378846
667	0.2426846625547419
668	0.06776747548610529
669	0.029608627898878387
670	0.26450590868697016
672	0.015387949307090521
673	0.45027024072320815
677	0.23250958967817376
679	0.24592435362312826
684	0.05157654373836787
686	0.2740022203458797
688	0.2677335766871863
690	0.22095157298499501
691	0.006400209632352199
693	0.2890765102824136
696	0.2777329350324371
697	0.3001384404855476
699	0.011143915574993377
704	0.4765314269202137
707	0.49417745123796897
710	0.5034374372624346
711	0.5613449228080196
713	0.31767000449828536
714	0.23055737501389634
716	0.29378472437969977
717	0.07651657394673521
718	0.5023655347208098
719	0.2273091319367431
720	0.48956909918248925
723	0.003657270231827183
724	0.3191682393004694
725	0.21548785920741878
728	0.19974158939321884
729	0.42035194848032964
733	0.5480703530020027
735	0.03265382887508354
737	0.2861104454630643
738	0.08846169030220279
739	0.014436028133853473
740	0.5098440918733051
741	0.5384246761654017
742	0.013070584499546074
743	0.2961209511631952
744	0.3299581268891507
745	0.5325790961263658
747	0.08081069770112964
748	0.3069028487426251
752	0.06437735794289001
754	0.2413665203600804
755	0.1915854216023932
757	0.2884352364875938
758	0.3187226585878988
762	0.29441340364253354
763	0.06736669236789532
765	0.05762513515374723
766	0.28994647681665214
770	0.07088900406700724
772	0.29205403602787294
773	0.3184875257938916
774	0.22556245589720453
778	0.19690015615351186
781	0.05268439221896452
783	0.051945591550874
784	0.4967048862948115
787	0.042232407347417206
788	0.2615502592338308
789	0.4470436135190815
790	0.29215646240796345
791	0.2220076820050042
794	0.07095332210838441
795	0.06603463053782443
796	0.49426248147642116
798	0.007587761234082412
800	0.006363845244025841
801	0.46034281448742764
802	0.24844546553189042
804	0.45994629477151716
805	0.30794767910393983
807	0.2904082951966657
808	0.29816814082253046
809	0.04169734555778451
810	0.21915480375455787
812	0.2415405984441124
813	0.010352099308746494
814	0.30186623916367783
815	0.03732354047109932
816	0.20815837206591223
819	0.5027153217349823
820	0.28675928895672576
821	0.5389681026003064
822	0.03218946191386565
823	0.2979780858236871
824	0.262343553451392
825	0.24480936843458687
826	0.07254881979033116
827	0.2646063923356355
828	0.30487036707495035
830	0.2960801573494148
832	0.023495402987668643
833	0.08432358971387083
835	0.03673474657098227
836	0.28371699912797727
837	0.007336682725425682
838	0.005097372171456616
839	0.020770731882445867
840	0.022767728731435698
841	0.33322592954846614
842	0.30111014500877353
843	0.30019029651692425
846	0.5730837624716738
847	0.24568258547665336
848	0.061610599470051194
851	0.3009157389281037
853	0.5070614177745019
855	0.4842225543906258
856	0.22153647469748727
858	0.22595081500007388
859	0.030505980627007767
860	0.06910478519901389
862	0.03347591362930796
864	0.27199131478857463
865	0.6611789225135313
867	0.5677491047915626
868	0.06774810851751673
871	0.07664529207878876
872	0.20695671178083405
873	0.27589388055575637
874	0.2907133666352853
876	0.26428057974938834
878	0.23867079192618929
880	0.29359386265291415
881	0.5022217170662668
882	0.28513131949960024
883	0.05275079620743725
886	0.10585274835361413
887	0.3384066626332747
888	0.25020046551981096
889	0.062373761766138056
890	0.46725308228972995
892	0.523677439326028
894	0.037013429237552034
896	0.082142235959658
898	0.036276686155118205
899	0.29357852442636495
901	0.2020436501244861
903	0.2618580445169925
905	0.5240655408916354
908	0.3080804459652196
911	0.007174010374747929
913	0.5056609139996592
914	0.29505140850346456
915	0.24219827774239225
916	0.36333644276988175
919	0.31966702968832095
920	0.23240724999515017
922	0.06839200409270356
923	0.010539774472264958
925	0.47344374908277487
927	0.23700288775526013
928	0.04216898216090943
930	0.2813262232775322
931	0.28090298671435127
932	0.5469183958014218
933	0.29016900069556933
934	0.2840878407888137
935	0.45286068157510984
936	0.26943275192376703
937	0.23869043397525747
940	0.24005648668543228
942	0.04368179705181354
943	0.23512434526956794
0	0.0
0	0.0
0	0.0
0	0.0
0	0.0
0	0.0
0	0.0
0	0.0
0	0.0
0	0.0
0	0.0
0	0.0
0	0.0
0	0.0
0	0.0
0	0.0
0	0.0
0	0.0
0	0.0
0	0.0
0	0.0
0	0.0
0	0.0
0	0.0
0	0.0
0	0.0
0	0.0
0	0.0
0	0.0
0	0.0
0	0.0
0	0.0
0	0.0
0	0.0
0	0.0
0	0.0
0	0.0
0	0.0
0	0.0
0	0.0
0	0.0
0	0.0
0	0.0
0	0.0
0	0.0
0	0.0
0	0.0
0	0.0
0	0.0
0	0.0
0	0.0
0	0.0
0	0.0
0	0.0
0	0.0
0	0.0
0	0.0
0	0.0
0	0.0
0	0.0
0	0.0
0	0.0
0	0.0
0	0.0
0	0.0
0	0.0
0	0.0
0	0.0
0	0.0
0	0.0
0	0.0
0	0.0
0	0.0
0	0.0
0	0.0
0	0.0
0	0.0
0	0.0
0	0.0
0	0.0
0	0.0
0	0.0
0	0.0
0	0.0
0	0.0
0	0.0
0	0.0
0	0.0
0	0.0
0	0.0
0	0.0
0	0.0
0	0.0
0	0.0
0	0.0
0	0.0
0	0.0
0	0.0
0	0.0
0	0.0
0	0.0
0	0.0
0	0.0
0	0.0
0	0.0
0	0.0
0	0.0
0	0.0
0	0.0
0	0.0
0	0.0
0	0.0
0	0.0
0	0.0
0	0.0
0	0.0
0	0.0
0	0.0
0	0.0
0	0.0
0	0.0
0	0.0
0	0.0
0	0.0
0	0.0
0	0.0
0	0.0
0	0.0
0	0.0
0	0.0
0	0.0
0	0.0
0	0.0
0	0.0
0	0.0
0	0.0
0	0.0
0	0.0
0	0.0
0	0.0
0	0.0
0	0.0
0	0.0
0	0.0
0	0.0
0	0.0
0	0.0
0	0.0
0	0.0
0	0.0
0	0.0
0	0.0
0	0.0
0	0.0
0	0.0
0	0.0
0	0.0
0	0.0
0	0.0
0	0.0
0	0.0
0	0.0
0	0.0
0	0.0
0	0.0
0	0.0
0	0.0
0	0.0
0	0.0
0	0.0
0	0.0
0	0.0
0	0.0
0	0.0
0	0.0
0	0.0
0	0.0
0	0.0
0	0.0
0	0.0
0	0.0
0	0.0
0	0.0
0	0.0
0	0.0
0	0.0
0	0.0
0	0.0
0	0.0
0	0.0
0	0.0
0	0.0
0	0.0
0	0.0
0	0.0
0	0.0
0	0.0
0	0.0
0	0.0
0	0.0
0	0.0
0	0.0
0	0.0
0	0.0
0	0.0
0	0.0
0	0.0
0	0.0
0	0.0
0	0.0
0	0.0
0	0.0
0	0.0
0	0.0
0	0.0
0	0.0
0	0.0
0	0.0
0	0.0
0	0.0
0	0.0
0	0.0
0	0.0
0	0.0
0	0.0
0	0.0
0	0.0
0	0.0
0	0.0
0	0.0
0	0.0
0	0.0
0	0.0
0	0.0
0	0.0
0	0.0
0	0.0
0	0.0
0	0.0
0	0.0
0	0.0
0	0.0
0	0.0
0	0.0
0	0.0
0	0.0
0	0.0
0	0.0
0	0.0
0	0.0
0	0.0
0	0.0
0	0.0
0	0.0
0	0.0
0	0.0
0	0.0
0	0.0
0	0.0
0	0.0
0	0.0
0	0.0
0	0.0
0	0.0
0	0.0
0	0.0
0	0.0
0	0.0
0	0.0
0	0.0
0	0.0
0	0.0
0	0.0
0	0.0
0	0.0
0	0.0
0	0.0
0	0.0
0	0.0
0	0.0
0	0.0
0	0.0
0	0.0
0	0.0
0	0.0
0	0.0
0	0.0
0	0.0
0	0.0
0	0.0
0	0.0
0	0.0
0	0.0
0	0.0
0	0.0
0	0.0
0	0.0
0	0.0
0	0.0
0	0.0
0	0.0
0	0.0
0	0.0
0	0.0
0	0.0
0	0.0
0	0.0
0	0.0
0	0.0
0	0.0
0	0.0
0	0.0
0	0.0
0	0.0
0	0.0
0	0.0
0	0.0
0	0.0
0	0.0
0	0.0
0	0.0
0	0.0
0	0.0
0	0.0
0	0.0
0	0.0
0	0.0
0	0.0
0	0.0
0	0.0
0	0.0
0	0.0
0	0.0
0	0.0
0	0.0
0	0.0
0	0.0
0	0.0
0	0.0
0	0.0
0	0.0
0	0.0
0	0.0
0	0.0
0	0.0
0	0.0
0	0.0
0	0.0
0	0.0
0	0.0
0	0.0
0	0.0
0	0.0
0	0.0
0	0.0
0	0.0
0	0.0
0	0.0
0	0.0
0	0.0
0	0.0
0	0.0
0	0.0
0	0.0
