4	0.00938261148122465
7	0.29650439508084475
8	0.22501656855206653
9	0.16874687090746632
15	0.5892230055878139
16	0.10432700378858997
17	0.4706397361621567
19	0.2764686213585125
25	0.18012762573316177
26	0.1815227820941549
27	0.43026486368627015
28	0.2159461680915798
29	0.19818767975953572
30	0.5074021808088918
32	0.2448267332470593
34	0.17624536670821572
35	0.009172461823135403
36	0.22558707074427617
37	0.023390837631997296
41	0.0077515709073777
44	0.047954684854410415
46	0.4477702606392313
47	0.22086201916760206
48	0.017880380684074826
50	0.1974694393782381
52	0.2344880096263485
53	0.031173453962341238
54	0.2160621100641044
55	0.006386068762483241
56	0.2781451832686606
57	0.20587713224776794
61	0.2521555204807125
64	0.3008499477010178
65	0.10316062496536862
66	0.2055677216599114
68	0.18512686318210936
69	0.011982729215342013
71	0.4671626166604239
72	0.018780532471496365
74	0.0031811524688870677
76	0.39721666964988767
77	0.4051227566790776
78	0.30357953925506154
80	0.15677967939733012
81	0.23928440255685962
85	0.009325913349553683
86	0.4734573910637095
88	0.3981874119288235
89	0.02220764103215303
93	0.3656920258481825
95	0.29667351364505773
96	0.5415863028734762
97	0.3238846204815305
99	0.004665897757340182
103	0.37914969994935777
107	0.18902908589495127
108	0.1846491623981219
109	0.09237950147027776
111	0.20189322640531612
112	0.012694991929933772
113	0.173766606920175
115	0.09377570207905574
117	0.27968784022272475
118	0.2920118464109305
119	0.0009536691783343341
120	0.22633753371597995
122	0.2160381097283989
124	0.23518760166809682
125	0.05361271971298137
126	0.19203660722030386
127	0.18173088237926044
130	0.5198788969372473
131	0.22668779224328428
133	0.3432086096989309
134	0.2026971082062128
135	0.24275890817298734
140	0.03501653686016096
142	0.20020560262723222
144	0.5441044365066796
146	0.37095201464168237
147	0.4299723134926856
148	0.19887929582291264
150	0.024840432314414032
152	0.2949613299268219
155	0.18327559525567122
161	0.3860912763968966
162	0.03939140827350677
163	0.4908152249845381
166	0.3666099727102786
168	0.0011605428749636368
171	0.23105661766961338
173	0.001184049340661783
174	0.014223798006192483
175	0.012421277954007454
176	0.4613809059262818
178	0.06643868790562989
179	0.028198108812147085
180	0.02961807863004387
183	0.17499932568122195
184	0.012884016478681433
185	0.5891836894688839
187	0.4820835654265192
189	0.32948156112394544
190	0.1763848538977452
191	0.03426579370955442
193	0.2371882134269681
196	0.7123344707781996
199	0.2590614195065577
201	0.13029441332227426
202	0.1604832736700383
203	0.5894038774590238
204	0.2165161442523913
207	0.05761110343029212
208	0.16235814151784123
209	0.011619906439621984
211	0.5690597490326724
212	0.7250276682244359
214	0.021371593172403527
215	0.23708709043670945
216	0.06707720451539502
217	0.05904285421976633
223	0.2920674269996057
224	0.3423662000400139
225	0.2070317190768119
227	0.003568669742660409
228	0.23618910077389102
230	0.11689397619062161
233	0.219307745252427
235	0.02034090913483876
241	0.21537083190112555
242	0.21918249696497116
243	0.178402339674191
246	0.16976872008745633
247	0.442795850607651
250	0.2821820202320017
251	0.2266119794539912
252	0.2290668342877445
254	0.19011364834319316
258	0.1869770058434065
261	0.23090374123197488
262	0.23874958658729495
263	0.31816415639592016
266	0.31503577490213985
270	0.02200715704205598
273	0.5037023760469634
275	0.19142764712809673
277	0.37491026679090433
278	0.00551215606022637
279	0.3220072193545335
280	0.21698005862578165
281	0.05822391854578607
282	0.22046877050809033
289	0.0723064058761287
290	0.3051334032992832
291	0.00012122542466033726
294	0.444362054177659
295	0.548206556150931
300	0.08758417276017935
304	0.43306957086178466
306	0.15315521027935164
307	0.21381439907878788
311	0.06480956619949216
314	0.004561709883342393
316	0.17554411119818547
318	0.31281798055713517
319	0.01109172654517391
324	0.5533726011499089
327	0.0313354821720048
330	0.09364260040171545
336	0.019824800946339573
337	0.47362722008404073
338	0.18040906863728892
341	0.23121567255220946
343	0.10454435549168833
349	0.2499074902590923
350	0.21327426683728082
352	0.20603712724953907
353	0.24040318390608822
354	0.06897151555810557
355	0.20641385789238048
356	0.02358602809341486
357	0.25274516933377716
358	0.5202686065379427
359	0.4233946806130701
366	0.2287937992910501
368	0.04007317374215211
369	0.22930970901222145
371	0.3438057329559294
375	0.011039054260971924
381	0.1989433652778623
382	0.2102692146099238
383	0.008564034975590079
384	0.1992133729210599
387	0.05906721705530117
390	0.007639456495501691
392	0.2300287717862438
395	0.25168604585773063
396	0.14532253341741522
400	0.4636120920255122
404	0.21535128745549315
410	0.20096172570315743
412	0.003253283782009446
413	0.21985789359551844
415	0.21349418009462598
418	0.08722308221853421
422	0.5396433700106065
423	0.046957458662425344
430	0.024891842116104082
432	0.01770248064087199
433	0.2000760183479638
434	0.5676248851288056
436	0.10552315342240723
437	0.5234766413082121
438	0.25174892116095154
439	0.2581906552905077
441	0.22878354583964
443	0.00828890495165275
444	0.025489512775513944
445	0.07057563607199246
449	0.5102679728131921
450	0.001745914625501617
452	0.11023707054659493
453	0.2924500415241161
454	0.28452297796760095
455	0.11966914759461375
461	0.2531862451501245
467	0.002157482259937067
468	0.20738508563418204
471	0.2166002357935773
477	0.2233338779140362
478	0.23831575330881188
483	0.42472240796828764
484	0.22961065789913476
487	0.00045339365521526037
495	0.08697855936901402
501	0.3173600447647465
503	0.11832129495531316
507	0.06811667050188122
508	0.32959176152306957
510	0.0218650845697824
511	0.2038606189998485
514	0.08147544046311345
515	0.002428905076488387
519	0.0694181004799282
525	0.02694231761788415
530	0.217025799483255
535	0.33279401302354034
538	0.06898555503230717
539	0.23069285389780442
545	0.29885151627792494
546	0.06236550747919199
552	0.20912951203554114
554	0.1989508312398418
555	0.1862261218563141
557	0.23920497602768234
558	0.19306290561539316
562	0.04779178982384756
563	0.2384106875645897
564	0.4998534078529612
568	0.08808156165446257
584	0.5354952637461523
587	0.016282129690625556
589	0.09501220470736499
593	0.3068882835854986
597	0.008869866726073525
598	0.2808286201367699
599	0.24631344687078743
603	0.1810708171564534
604	0.25346388970403977
605	0.02057244689668855
609	0.321596321234618
610	0.1011311644373455
614	0.20509572626497338
616	0.20256225764217545
620	0.2930552560308493
624	0.3172142356939106
625	0.07856085578049934
629	0.34073766357533447
631	0.002892453051032605
632	0.06224860564077435
633	0.345646405837076
634	0.06833484637870763
641	0.12079526575373506
649	0.0007278579623134149
655	0.09695762055029683
656	0.3993307436550677
657	0.43054025803292606
658	0.01754619327021988
659	0.10218061739487298
660	0.0002616930912888796
662	0.20496562408751268
665	0.28699818677142847
668	0.002609600056356333
671	0.5571222462703873
673	0.003711293503928882
675	0.21581960027023037
680	0.2148377889256429
681	0.027704485351416272
687	0.22236788069671437
688	0.23983625678918
690	0.022754029328561194
692	0.32216954156049266
694	0.07993192344959152
695	0.13803259777685528
697	0.1942237114522759
699	0.0020534267092056704
700	0.22917492798939787
701	0.23382866532721208
702	0.23302642223561115
706	0.25278519917222736
708	0.007853957777715737
713	0.0027599816264799945
715	0.23442673907453423
717	0.29720744670008487
718	0.17808025922209836
721	0.07090695624766667
722	0.474500800346407
726	0.5999640485884767
730	0.45106672528414005
731	0.20282558187445132
735	0.0076394564955016946
736	0.2403748564975346
742	0.2346255468799951
750	0.21490194040191354
754	0.005286820412753239
755	0.008214832814972234
757	0.013388374609891729
759	0.22854618465965026
760	0.4056204774119983
765	0.4829679168593129
767	0.21700301502258443
769	0.4354882753234113
770	0.23362322684395428
771	0.3161014404207925
777	0.21748728409130288
780	0.10879297941972965
782	0.07626938169778012
784	0.02526123716450035
786	0.3623959171145505
787	0.2421229468931129
788	0.27871876951069985
791	0.020529735189446754
792	0.21386824995097728
793	0.010194201458981478
794	0.40120064770042496
799	0.4500174240750238
801	0.2096260193016818
806	0.005636085111737597
807	0.008948435379283345
808	0.1818454828818899
814	0.016824183104801188
816	0.010808759048318399
817	0.2384803148963158
823	0.05706945222682183
826	0.18676863057098336
831	0.24917595891070538
832	0.014808150929092084
837	0.0001249070786908113
838	0.24062373169897322
840	0.12865479509879044
842	0.3980397772057596
843	0.07577595885851215
845	0.6909522852234918
847	0.21780144561868467
848	0.47984505616628687
849	0.0076394564955017084
854	0.015248515252220825
856	0.2122899904165253
857	0.9432772140317677
858	0.010388482538186705
859	0.22520029354909774
860	0.2005903821262409
861	0.4522177481981166
862	0.21519680547018333
866	0.3522932882531411
869	0.12122873193093053
870	0.1101856903405101
875	0.08700062405823465
877	0.23602304528084098
879	0.39484967626529793
884	0.17944683715741977
888	0.20488304237430646
890	0.10934713601445656
891	0.18863460996608422
894	0.32638666469221445
895	0.23659886887163117
902	0.5487486586825464
904	0.18860363411668132
906	0.2554496507913263
907	0.07199449935555106
908	0.3263426357133495
909	0.4936318917285073
910	0.4626208639349641
912	0.5747253736302386
914	0.14476765656024043
915	0.20362205366855876
917	0.25068523082151434
919	0.3030068524285215
920	0.22321105467362792
924	0.04303075700089352
926	0.1861442795038843
928	0.2359940721559586
929	0.2592129408759584
930	0.22036783762997014
931	0.2277466495124938
939	0.4230146565812288
941	0.21975076174019512
0	0.0
0	0.0
0	0.0
0	0.0
0	0.0
0	0.0
0	0.0
0	0.0
0	0.0
0	0.0
0	0.0
0	0.0
0	0.0
0	0.0
0	0.0
0	0.0
0	0.0
0	0.0
0	0.0
0	0.0
0	0.0
0	0.0
0	0.0
0	0.0
0	0.0
0	0.0
0	0.0
0	0.0
0	0.0
0	0.0
0	0.0
0	0.0
0	0.0
0	0.0
0	0.0
0	0.0
0	0.0
0	0.0
0	0.0
0	0.0
0	0.0
0	0.0
0	0.0
0	0.0
0	0.0
0	0.0
0	0.0
0	0.0
0	0.0
0	0.0
0	0.0
0	0.0
0	0.0
0	0.0
0	0.0
0	0.0
0	0.0
0	0.0
0	0.0
0	0.0
0	0.0
0	0.0
0	0.0
0	0.0
0	0.0
0	0.0
0	0.0
0	0.0
0	0.0
0	0.0
0	0.0
0	0.0
0	0.0
0	0.0
0	0.0
0	0.0
0	0.0
0	0.0
0	0.0
0	0.0
0	0.0
0	0.0
0	0.0
0	0.0
0	0.0
0	0.0
0	0.0
0	0.0
0	0.0
0	0.0
0	0.0
0	0.0
0	0.0
0	0.0
0	0.0
0	0.0
0	0.0
0	0.0
0	0.0
0	0.0
0	0.0
0	0.0
0	0.0
0	0.0
0	0.0
0	0.0
0	0.0
0	0.0
0	0.0
0	0.0
0	0.0
0	0.0
0	0.0
0	0.0
0	0.0
0	0.0
0	0.0
0	0.0
0	0.0
0	0.0
0	0.0
0	0.0
0	0.0
0	0.0
0	0.0
0	0.0
0	0.0
0	0.0
0	0.0
0	0.0
0	0.0
0	0.0
0	0.0
0	0.0
0	0.0
0	0.0
0	0.0
0	0.0
0	0.0
0	0.0
0	0.0
0	0.0
0	0.0
0	0.0
0	0.0
0	0.0
0	0.0
0	0.0
0	0.0
0	0.0
0	0.0
0	0.0
0	0.0
0	0.0
0	0.0
0	0.0
0	0.0
0	0.0
0	0.0
0	0.0
0	0.0
0	0.0
0	0.0
0	0.0
0	0.0
0	0.0
0	0.0
0	0.0
0	0.0
0	0.0
0	0.0
0	0.0
0	0.0
0	0.0
0	0.0
0	0.0
0	0.0
0	0.0
0	0.0
0	0.0
0	0.0
0	0.0
0	0.0
0	0.0
0	0.0
0	0.0
0	0.0
0	0.0
0	0.0
0	0.0
0	0.0
0	0.0
0	0.0
0	0.0
0	0.0
0	0.0
0	0.0
0	0.0
0	0.0
0	0.0
0	0.0
0	0.0
0	0.0
0	0.0
0	0.0
0	0.0
0	0.0
0	0.0
0	0.0
0	0.0
0	0.0
0	0.0
0	0.0
0	0.0
0	0.0
0	0.0
0	0.0
0	0.0
0	0.0
0	0.0
0	0.0
0	0.0
0	0.0
0	0.0
0	0.0
0	0.0
0	0.0
0	0.0
0	0.0
0	0.0
0	0.0
0	0.0
0	0.0
0	0.0
0	0.0
0	0.0
0	0.0
0	0.0
0	0.0
0	0.0
0	0.0
0	0.0
0	0.0
0	0.0
0	0.0
0	0.0
0	0.0
0	0.0
0	0.0
0	0.0
0	0.0
0	0.0
0	0.0
0	0.0
0	0.0
0	0.0
0	0.0
0	0.0
0	0.0
0	0.0
0	0.0
0	0.0
0	0.0
0	0.0
0	0.0
0	0.0
0	0.0
0	0.0
0	0.0
0	0.0
0	0.0
0	0.0
0	0.0
0	0.0
0	0.0
0	0.0
0	0.0
0	0.0
0	0.0
0	0.0
0	0.0
0	0.0
0	0.0
0	0.0
0	0.0
0	0.0
0	0.0
0	0.0
0	0.0
0	0.0
0	0.0
0	0.0
0	0.0
0	0.0
0	0.0
0	0.0
0	0.0
0	0.0
0	0.0
0	0.0
0	0.0
0	0.0
0	0.0
0	0.0
0	0.0
0	0.0
0	0.0
0	0.0
0	0.0
0	0.0
0	0.0
0	0.0
0	0.0
0	0.0
0	0.0
0	0.0
0	0.0
0	0.0
0	0.0
0	0.0
0	0.0
0	0.0
0	0.0
0	0.0
0	0.0
0	0.0
0	0.0
0	0.0
0	0.0
0	0.0
0	0.0
0	0.0
0	0.0
0	0.0
0	0.0
0	0.0
0	0.0
0	0.0
0	0.0
0	0.0
0	0.0
0	0.0
0	0.0
0	0.0
0	0.0
0	0.0
0	0.0
0	0.0
0	0.0
0	0.0
0	0.0
0	0.0
0	0.0
0	0.0
0	0.0
0	0.0
0	0.0
0	0.0
0	0.0
0	0.0
0	0.0
0	0.0
0	0.0
0	0.0
0	0.0
0	0.0
0	0.0
0	0.0
0	0.0
0	0.0
0	0.0
0	0.0
0	0.0
0	0.0
0	0.0
0	0.0
0	0.0
0	0.0
0	0.0
0	0.0
0	0.0
0	0.0
0	0.0
0	0.0
0	0.0
0	0.0
0	0.0
0	0.0
0	0.0
0	0.0
0	0.0
0	0.0
0	0.0
0	0.0
0	0.0
0	0.0
0	0.0
0	0.0
0	0.0
0	0.0
0	0.0
0	0.0
0	0.0
0	0.0
0	0.0
0	0.0
0	0.0
0	0.0
0	0.0
0	0.0
0	0.0
0	0.0
0	0.0
0	0.0
0	0.0
0	0.0
0	0.0
0	0.0
0	0.0
0	0.0
0	0.0
0	0.0
0	0.0
0	0.0
0	0.0
0	0.0
0	0.0
0	0.0
0	0.0
0	0.0
0	0.0
0	0.0
0	0.0
0	0.0
0	0.0
0	0.0
0	0.0
0	0.0
0	0.0
0	0.0
0	0.0
0	0.0
0	0.0
0	0.0
0	0.0
0	0.0
0	0.0
0	0.0
0	0.0
0	0.0
0	0.0
0	0.0
0	0.0
0	0.0
0	0.0
0	0.0
0	0.0
0	0.0
0	0.0
0	0.0
0	0.0
0	0.0
0	0.0
0	0.0
0	0.0
0	0.0
0	0.0
0	0.0
0	0.0
0	0.0
0	0.0
0	0.0
0	0.0
0	0.0
0	0.0
0	0.0
0	0.0
0	0.0
0	0.0
0	0.0
0	0.0
0	0.0
0	0.0
0	0.0
0	0.0
0	0.0
0	0.0
0	0.0
0	0.0
0	0.0
0	0.0
0	0.0
0	0.0
0	0.0
0	0.0
0	0.0
0	0.0
0	0.0
0	0.0
0	0.0
0	0.0
0	0.0
0	0.0
0	0.0
0	0.0
0	0.0
0	0.0
0	0.0
0	0.0
0	0.0
0	0.0
0	0.0
0	0.0
0	0.0
0	0.0
0	0.0
0	0.0
0	0.0
0	0.0
0	0.0
0	0.0
0	0.0
0	0.0
0	0.0
0	0.0
0	0.0
0	0.0
0	0.0
0	0.0
0	0.0
0	0.0
0	0.0
0	0.0
0	0.0
0	0.0
