1	0.08372124619619503
2	0.07738763006253349
3	0.16085529799143128
4	0.22352703079043942
5	0.340287100888045
6	0.10871511284336563
7	0.020830194863002912
8	2.1861282234351964e-05
10	0.2820196507985386
13	0.2466417310326654
14	0.31536081326076976
15	0.009094072339694441
18	0.9867093401502288
20	0.21068632836824386
21	0.3835231592750003
22	0.6150398382046715
23	0.5373041538696589
24	0.5024738352622343
26	0.615550938820378
28	0.012832768540819845
29	0.27995778080267286
30	0.004856840187703462
31	0.08521393748009061
32	0.2008158478820481
33	0.04511974005924516
34	0.42013812540977885
35	0.21709489799934353
37	0.684926247227612
39	0.06410716688233875
40	0.25718368965241906
41	0.020994335878405334
42	0.274726192709412
43	0.07351922425698755
44	0.33212942682388413
45	0.3092274822269669
46	0.033910776123022526
47	0.24140850601904956
51	0.03894497030010285
52	0.1976129653764707
53	0.26509684559741714
54	0.03144037085240742
55	0.21049907447815608
56	0.3016924431038555
57	0.22503487844434836
58	0.2154084682571561
59	0.29227394673296053
60	0.5172459794977404
61	0.07680699412215017
62	0.3006560901092537
63	0.3768297955892864
64	0.041501435476657626
65	0.1615957496584955
66	0.2316995804500131
67	0.21566308924652325
68	0.2553398703986958
70	0.2372764125108755
72	0.2501227213592128
73	0.5473738970441625
74	0.5561295174401149
75	0.25463042472038816
76	0.030644972551885974
79	0.2010616887230064
80	0.41587560782504623
81	0.20954050962122006
82	0.5795959509022021
84	0.02586093676307863
86	0.02359762384657921
87	0.08015031502603022
88	0.3532973558860449
89	0.28321206868540943
90	0.04673916362933648
91	0.21070232139060696
92	0.5784002030004589
94	0.29972972130583864
96	0.03133967232513564
98	0.24861386498056492
99	0.20273820417832605
100	0.3094352893978341
101	0.027428786592306697
102	0.011761324769051569
103	0.3610295768180959
104	0.265264366666379
105	0.6140059563105855
106	0.44570767851857773
107	0.27940977557597363
108	0.03253780092418053
109	0.012837579519725056
110	0.03450140517538375
112	0.4476276769887305
113	0.14938371215348956
114	0.30410700372266025
115	0.2388506083909036
117	0.3170942933295037
119	0.02860946768828703
120	0.08613689927597695
121	0.06473107549042033
122	0.16915395146171222
123	0.23326710452534388
128	0.224572386424794
129	0.6211350854193779
131	0.3812431461373801
132	0.5591051683910844
133	0.18437542690395317
134	0.1932180540289224
135	0.037228922157436055
136	0.81638514330013
137	0.043575400306100354
138	0.4832585316641454
139	0.32323298941185513
140	0.5347887382959735
141	0.18182027765631154
142	0.3047434766688942
143	0.23755602856579103
145	0.2721096310768786
147	0.003886123392975213
149	0.7736353337908294
151	0.00019500566829887267
152	0.0019714929172790115
153	0.528336663862711
154	0.2698747284167749
156	0.49041591941867346
157	0.23755972549794324
159	0.41710187916998537
160	0.34437047052251574
162	0.20487496071809722
164	0.24170331836265896
166	0.0007096810108491274
167	0.3271958382536832
168	0.5054296646068585
170	0.42785885480447944
171	0.06901772161707173
172	0.557925370994231
173	0.5408416766643138
174	0.77516771392483
176	0.0667149171213913
177	0.36977265913608687
179	0.01142758502345706
183	0.01891637846534544
184	0.26022810495519305
186	0.1646151799516608
188	0.5222439450821422
189	0.0512887521405532
190	0.16946968249961444
191	0.1323450270239289
192	0.10421657586717431
193	0.039509127029524534
194	0.040973065420782766
195	0.25774859533804956
197	0.00998623564426443
198	0.2544593910626034
200	0.06051462290824684
204	0.4970103136811538
205	0.09086524468761455
206	0.28427770305880007
207	0.4955744579910834
208	0.08289968778505452
210	0.5417061917406335
211	0.007885030323400793
212	0.04236564297703105
213	0.046814453797211386
214	0.3240984028870862
215	0.27791843024450535
216	0.603181820919393
217	0.27902807065947577
218	0.3300691717010214
219	0.41152508727193904
220	0.20912704928252782
221	0.05190557048236909
222	0.3088117757011261
225	0.03613374496598879
227	0.2675250293902849
228	0.06820925801744873
229	0.1690888340901757
231	0.2123550800044319
232	0.08139067082286328
233	0.02513103580144896
234	0.5115724339769345
235	0.30769733509563346
236	0.046656755555878796
237	0.2754026712882708
238	0.22807501507161418
239	0.539086499446926
240	0.815354684134
241	0.24758378958985836
243	0.2482791166656671
244	0.04330564202172146
246	0.03582417133750898
248	0.13975128061888115
249	0.5526616375146691
252	0.220418022738615
253	0.015675668958947443
254	0.43618170819031293
255	0.22678332580223873
256	0.10723354162038262
257	0.3959079079829147
258	0.27282904126957347
259	0.48795112109468086
260	0.7141916687779509
261	0.19112491800708303
262	0.04650612861182305
263	0.033055063655103176
264	0.21935915670690567
265	0.011770783431636372
266	0.3032476735685973
267	0.4792934333775525
268	0.5207181094838383
269	0.1886162118472902
270	0.28033099432374237
271	0.5122196887490366
272	0.5408276503563418
274	0.2712817273680239
275	0.004615972317963051
276	0.5898205387886274
277	0.059843811166880465
278	0.17934104041862373
280	0.03671974700718257
283	0.014702853608150414
284	0.5266125456280644
285	0.5583733741623855
286	0.22958105822308256
287	0.465002570284013
289	0.3024100171588143
291	0.24931202041352044
292	0.5107222093202544
293	0.10663854582066548
294	0.007652663910188082
295	0.050134410212746006
296	0.3031220394704122
297	0.3376449340240283
298	0.3006336901291653
299	0.5232706618655733
300	0.06276429013916518
301	0.486709017965105
302	0.2527082575979845
303	0.5532067795939565
305	0.03392468425184212
306	0.22148406386751096
308	0.32912555689695316
309	0.19985590049975105
310	0.030299914450180467
312	0.044819263197493645
313	0.3164917847505406
315	0.30376864476365206
316	0.2802400606054607
317	0.2991986263791415
318	0.024098257209495953
319	0.253193169258292
320	0.3574344901472908
322	0.29904452143280025
323	0.1087014089465065
325	0.31268906007196223
326	0.09171427278376211
328	0.08774700955583267
329	0.5089342579761852
331	0.09218419005457187
332	0.584731878504868
333	0.4301302677511694
334	0.5078396138866846
335	0.25144320405316534
336	0.20380878819645357
337	0.014016408116797663
338	0.259351835921372
339	0.5122403621712253
341	0.5411972017639882
342	0.07625501320285824
343	0.26571417104593276
344	0.30879659858367725
345	0.5039519123683825
346	0.3150549052107283
347	0.49008858316593296
348	0.20991502806519957
349	0.29679777580965466
350	0.05404904726724484
351	0.46400300501233105
352	0.5214395083511535
353	0.313337518098838
354	0.5490358834131847
357	0.3215412110903123
359	0.0024304768570445785
360	0.567844368762934
361	0.47539583762371485
363	0.12633398011374675
364	0.5514544907937236
366	0.045163238224273664
367	0.3927395871206574
368	0.22164867303723662
369	0.21675361870812257
370	0.31085224324388394
372	0.15864492076914
375	0.26080772552130527
376	0.28822914145234985
377	0.0647310754904203
378	0.30187606173058423
379	0.5916397586705004
380	0.343851615123012
382	0.2552328180247139
384	0.26227733341059306
385	0.07911427278532357
386	0.6536777424767624
387	0.3295196703829936
388	0.05108988728445586
389	0.6089233794110652
390	0.04096877738288078
391	0.007152331775191041
392	0.3023565549688327
393	0.4150900205648549
394	0.3237564059043483
395	0.29588175832319447
396	0.1630414548418256
397	0.5609605387645296
399	0.5852188264840026
403	0.5131038124473746
404	0.34285493542389633
406	0.3694235183921858
407	0.32372315038683963
408	0.06328611227944411
409	0.48872489602102454
410	0.23146764646638454
411	0.3231011321955727
412	0.23843588825153825
414	0.8145388490688237
415	0.2298622762691977
416	0.2983064519656308
417	0.5913426609072197
419	0.309280413829701
420	0.9916340277999119
421	0.575486907686366
423	0.5653969504142379
424	0.3018319652997217
425	0.3933987288293468
426	0.5203097411760274
427	0.022063017528850894
428	0.2572739085209853
429	0.7829518501329101
430	0.5361746256923308
431	0.42375631184047635
432	0.283076265136354
433	0.31500400936056405
435	0.30480059740818877
436	0.7106715812818413
438	0.23605241534583632
439	0.11955102586543709
440	0.4927403978446599
442	0.5620557322632042
443	0.49246026520395164
444	0.4320405129582128
446	0.19641719154276352
447	0.33961487724465544
448	0.04815623213769465
449	0.31415824680029636
450	0.5000107532841934
451	0.22982744547927975
453	0.2859524900195132
456	0.48980631062575475
457	0.2694229572232234
458	0.32910296135793315
460	0.7822222681261474
461	0.32474137831680255
463	0.5648943335730284
464	0.3224365807224145
465	0.2526914757515674
466	0.5765250275502167
467	0.02398067583138337
469	0.5826212434887256
470	0.21296956927046987
472	0.2984433389795354
473	0.038847856317797545
474	0.7890893012835606
475	0.025961152445280772
476	0.47530415544382965
479	0.5706691953667552
480	0.2766099120889428
481	0.008830535304546167
482	0.2588284710010845
484	0.49711834168079955
485	0.4473000433602515
486	0.5167762976863709
487	0.2832246400963859
488	0.2805624093853289
490	0.5831073958147127
491	0.5261980421101504
492	0.5110921144001871
494	0.006734507680707203
495	0.007011638715813492
496	0.6035125560594514
497	0.30280416323475834
498	0.015934439949171958
499	0.27684945188339166
500	0.34810433318191425
501	0.03737653875382292
502	0.04137850424656499
504	0.21949202761030556
505	0.03341526756280884
506	0.10055767118588244
507	0.31104657319874585
509	0.16345203040328285
510	0.49380421445802336
511	0.25120017021336294
512	0.26530266231518984
514	0.07990225566565398
516	0.013414063110973748
517	0.22072895382569122
518	0.008331423538851725
519	0.2822306596552035
520	0.5175369415366676
521	0.2669817175808565
522	0.2447526791879242
524	0.3826469871409015
525	0.0745830527531615
526	0.04746013591824199
528	0.09663552999233768
531	0.7957586098732244
532	0.30594418084539804
533	0.20748171066390186
534	0.2854648330095335
536	0.08446869419684974
537	0.5790885823430937
538	0.27334368783011265
540	0.08631801175521486
542	0.3075837528453469
543	0.26419314655208787
544	0.7745256458846603
545	0.017525548078200448
546	0.28406854979189633
547	0.7461364869914022
548	0.23395115582148562
549	0.4741427857927737
550	0.4233967022051623
551	0.23600418708209614
552	0.5020611614945577
553	0.5819422880897019
554	0.22308783157735984
556	0.3124084803148131
557	0.29100097588647866
558	0.049825432877936796
559	0.41323162556962156
560	0.3534807710717013
561	0.7988607662046745
563	0.2096631593392178
565	0.40919895173799187
566	0.5523087904553904
567	0.30946473957569853
568	0.34221731471575856
569	0.36648433586140616
570	0.5987911256552569
571	0.24153513186487707
573	0.7838370032603528
574	0.3333986960362028
575	0.22047621235250742
578	0.2941094078109352
579	0.011951243901817371
581	0.025098613536149172
582	0.35408451593516055
583	0.017093238090905693
586	0.31081985584539723
587	0.32503115885483175
590	0.5091398245249632
591	0.26425424424548566
594	0.5063697400280259
595	0.21708152173809908
596	0.23347386296959352
598	0.33614422985076786
600	0.34176018801645963
601	0.24131498073115398
602	0.1470415321254469
603	0.3099612409723366
605	0.24567820448186442
606	0.10216772582796113
607	0.3166347339513006
608	0.2867204468363316
610	0.07874614768866271
611	0.7010761726704909
613	0.2922402410391175
614	0.05064329210687759
615	0.43260821691443635
616	0.2906581920064344
617	0.2601301343195038
618	0.003979770890618586
619	0.2982275087610573
620	0.008903962791596397
621	0.20687425867722556
622	0.6002544511471183
623	0.17723495012599716
624	0.5268575582572216
626	0.8183576457223268
627	0.5743236946317206
628	0.32402578475551164
630	0.03252041234784732
631	0.05102512443496372
632	0.0197634849027894
634	0.5857523261894575
635	0.5325839550618717
636	0.025279143060830497
637	0.019303837413894305
638	0.05490358127415404
639	0.604535093300704
640	0.2072536182336789
641	0.029344310469018822
642	0.2122535496937833
643	0.07650348133278148
644	0.012915657684525454
645	0.5100006873446542
646	0.18745810198309165
647	0.07600799403687958
648	0.5145656325494983
649	0.04306471300890583
650	0.31169814995132794
651	0.5460642088857669
652	0.43265189086675426
653	0.48222226865860174
654	0.5296637448069278
655	0.0006070489221193069
656	0.20776678633577494
657	0.006021389668573809
658	0.48944194034558225
659	0.0926385386579072
660	0.24077623012480195
661	0.4009582801255839
662	0.2874160537164011
663	0.5040337502225762
664	0.3518724444957768
666	0.7993147758437659
667	0.5131365638457702
668	0.07431682608746659
669	0.041901912859466095
670	0.368786155032484
672	0.5444891058930854
673	0.44041408310035285
674	0.5154417485426832
675	0.13237083103522543
676	0.13732260780544084
677	0.22489542400902057
678	0.23302227059355637
679	0.4793060203905065
681	0.20483910632232893
682	0.36206909451630165
683	0.3368013527726983
684	0.02767029774944731
686	0.5378478442810515
688	0.2343910657541784
689	0.19604901058496793
690	0.15151084206914792
691	0.28524291477389274
693	0.025968179635485922
695	0.12182068340313305
696	0.7926336652073221
697	0.5215518303002679
699	0.25612455902608894
701	0.00977659657148186
703	0.267390908925834
704	0.23051996727776938
705	0.2964930425919784
707	0.23941318699958727
708	0.19440873591304075
709	0.4738301898488405
710	0.5293251310416657
711	0.28832255227866577
712	0.2747124898300403
713	0.564940044979476
714	0.21322701551582124
715	0.01789045804348112
716	0.46671979079268056
717	0.344932714167671
718	0.20469495687679937
719	0.1973133583687271
720	0.8010900534778154
722	0.18736015193784547
723	0.008778891035017555
724	0.28427770305880007
725	0.7251269249829874
727	0.43179940506254283
728	0.521211591714284
729	0.12420682998592471
732	0.28032307505345794
733	0.7870838702058277
734	0.01024215459617471
735	0.012663076645617732
736	0.26512286394316853
737	0.5952761814141179
738	0.33671237924064645
739	0.24260683041773665
740	0.5633202341221648
741	0.5013789478279884
742	0.271106410932266
743	0.5665662101582688
744	0.10016598282986741
745	0.5505188777038653
746	0.09394795057830664
747	0.10976005313540324
748	0.33550103439169077
749	0.019886605200098377
752	0.3829384105602469
754	0.4585013334818434
755	0.1991548658637607
756	0.3015104311423992
757	0.5209181333963673
758	0.26351241574376355
762	0.5145269054567955
764	0.07182272276112292
765	0.0051129053428412286
766	0.5318234412652477
768	0.20827005502128304
769	0.004281782012607368
770	0.01979588360553823
772	0.5174714518747796
773	0.3071116502197105
774	0.0942199432215555
776	0.4829091615590382
778	0.2505876629500314
780	0.08821676445665524
781	0.5599793621647031
783	0.3449444914035924
784	0.23566701853417618
787	0.5723431846175118
788	0.5243761011155087
789	0.43407614606049544
790	0.265875816439459
791	0.6604949857668521
792	0.31594867602543736
794	0.046176092617077294
795	0.3393719752962145
796	0.24775512217901274
797	0.1934263648213125
798	0.2850448710074304
800	0.04096877738288078
801	0.1511000483850973
802	0.26858698612655163
803	0.256055472566427
804	0.43026121673259893
805	0.28331605219133593
806	0.12203948099442637
807	0.5689399444853049
808	0.5656817228781592
809	0.5632123127128694
810	0.6940892906852293
813	0.2620481464762091
814	0.33609134210399144
815	0.2960510518840611
816	0.2444106928000487
818	0.35773223251313463
819	0.7792236211661517
820	0.6207316453233016
821	0.24297174203798408
822	0.09118433992649483
823	0.2645719720034134
824	0.28218842443917996
825	0.2246668299681061
826	0.3132164640190067
827	0.0568016414456077
828	0.8086850547292334
829	0.29572008401824856
830	0.5335705356143561
831	0.17868518897688512
832	0.500501454761806
833	0.08653401297188491
835	0.5361074014835061
836	0.3381122006756009
837	0.20755024725346702
839	0.25952634784477024
840	0.03074242275155793
841	0.5836200031541967
842	0.2834639301837444
844	0.1001644228903159
845	0.05452541663155915
846	0.5609531892547943
848	0.07042084444866574
851	0.5820289672673506
852	0.10142220562418744
853	0.5350329948918973
854	0.028825276685588035
855	0.16476746737822218
858	0.6697218894828258
859	0.05103409515765253
860	0.5883033750724821
861	0.0014792773475180952
862	0.29184062579899417
863	0.4845413786345703
864	0.45485340455823764
865	0.5896207273999685
867	0.5064609371982569
868	0.6032012199805395
869	0.28692900212804595
870	0.3614445463559353
871	0.3453118513397778
872	0.19624871211845477
873	0.46563570544333344
874	0.8088665991884911
876	0.191816552632636
877	0.010424925667900126
878	0.5028111641183559
879	0.33622957060702635
880	0.7923990711004403
881	0.5373044341315932
882	0.5177012068030107
883	0.3272238831146623
886	0.11763562456350408
887	0.308919500146699
888	0.427073420382638
889	0.28126645645782916
890	0.2226072315314428
891	0.2893755728575928
892	0.8002779853770439
893	0.09447558943445679
895	0.037641009396485015
896	0.08824203030806181
898	0.30271601584334423
899	0.0372132195236098
900	0.4195959381841316
902	0.01306318319408906
903	0.20770923473793212
905	0.5902767447892252
906	0.27346383389815243
908	0.2818873007204669
913	0.534962133379929
915	0.4983942843094312
916	0.5255901004022195
917	0.08021713983669794
918	0.4404534028981179
919	0.3265180123910088
920	0.43777797713773103
921	0.19123010570678278
922	0.29768405463312675
923	0.5067099866875554
925	0.4529508147171347
926	0.3858058413676509
927	0.5014698224750611
928	0.03638970796460926
929	0.0314857036505607
930	0.23580724106739942
931	0.5471529780932083
932	0.5273322771488816
933	0.8069505859217901
934	0.5377186768761354
935	0.4118236329765663
936	0.21746229036121442
938	0.10783247028070486
939	0.30079713358899063
940	0.5100151870410311
941	0.22328195711802185
942	0.2947144789968668
943	0.2679037269685886
0	0.0
0	0.0
0	0.0
0	0.0
0	0.0
0	0.0
0	0.0
0	0.0
0	0.0
0	0.0
0	0.0
0	0.0
0	0.0
0	0.0
0	0.0
0	0.0
0	0.0
0	0.0
0	0.0
0	0.0
0	0.0
0	0.0
0	0.0
0	0.0
0	0.0
0	0.0
0	0.0
0	0.0
0	0.0
0	0.0
0	0.0
0	0.0
0	0.0
0	0.0
0	0.0
0	0.0
0	0.0
0	0.0
0	0.0
0	0.0
0	0.0
0	0.0
0	0.0
0	0.0
0	0.0
0	0.0
0	0.0
0	0.0
0	0.0
0	0.0
0	0.0
0	0.0
0	0.0
0	0.0
0	0.0
0	0.0
0	0.0
0	0.0
0	0.0
0	0.0
0	0.0
0	0.0
0	0.0
0	0.0
0	0.0
0	0.0
0	0.0
0	0.0
0	0.0
0	0.0
0	0.0
0	0.0
0	0.0
0	0.0
0	0.0
0	0.0
0	0.0
0	0.0
0	0.0
0	0.0
0	0.0
0	0.0
0	0.0
0	0.0
0	0.0
0	0.0
0	0.0
0	0.0
0	0.0
0	0.0
0	0.0
0	0.0
0	0.0
0	0.0
0	0.0
0	0.0
0	0.0
0	0.0
0	0.0
0	0.0
0	0.0
0	0.0
0	0.0
0	0.0
0	0.0
0	0.0
0	0.0
0	0.0
0	0.0
0	0.0
0	0.0
0	0.0
0	0.0
0	0.0
0	0.0
0	0.0
0	0.0
0	0.0
0	0.0
0	0.0
0	0.0
0	0.0
0	0.0
0	0.0
0	0.0
0	0.0
0	0.0
0	0.0
0	0.0
0	0.0
0	0.0
0	0.0
0	0.0
0	0.0
0	0.0
0	0.0
0	0.0
0	0.0
0	0.0
0	0.0
0	0.0
0	0.0
0	0.0
0	0.0
0	0.0
0	0.0
0	0.0
0	0.0
0	0.0
0	0.0
0	0.0
0	0.0
0	0.0
0	0.0
0	0.0
0	0.0
0	0.0
0	0.0
0	0.0
0	0.0
0	0.0
0	0.0
0	0.0
0	0.0
0	0.0
0	0.0
0	0.0
0	0.0
0	0.0
0	0.0
0	0.0
0	0.0
0	0.0
0	0.0
0	0.0
0	0.0
0	0.0
0	0.0
0	0.0
0	0.0
0	0.0
0	0.0
0	0.0
0	0.0
0	0.0
0	0.0
0	0.0
0	0.0
0	0.0
0	0.0
0	0.0
0	0.0
0	0.0
0	0.0
0	0.0
0	0.0
0	0.0
0	0.0
0	0.0
0	0.0
0	0.0
