1	0.5231595619764111
5	0.24080829714794685
6	0.0500109984040023
7	0.24923882760405025
8	0.5126222621936842
10	0.7430992568291719
13	0.5520243168943578
14	0.27564209728885775
15	0.01179296790551166
17	0.05201286053146687
18	0.48689550126472464
21	0.07104164692299153
22	0.30827866465305004
23	0.2845152907521968
24	0.013929964946010898
25	0.25783846172227554
26	0.3138039554899924
27	0.16453220639413038
28	0.25136039554205464
29	0.2909741492260558
30	0.28036655139483174
31	0.044321729940952036
32	0.2610590598429644
33	0.01824451701342055
34	0.18631390672112422
35	0.024602464646765486
36	0.00675283645884793
37	0.5029101831812817
38	0.06718402717033467
39	0.0680845497141098
40	0.27006927416519305
41	0.050219522430848026
43	0.05500322100202934
44	0.5189993265111295
45	0.2964510548169443
46	0.01941526300766113
47	0.24049814110072504
48	0.04246029123189827
51	0.2861665337129101
52	0.25676002769839473
54	0.2698367606896467
55	0.015505906336111833
56	0.2744324871998432
57	0.5020929845750638
58	0.2930004897042857
59	0.503956053420803
60	0.7432092572495724
62	0.2425051124852655
63	0.37140447354437095
64	0.006987404429346082
65	0.017676850204214632
66	0.006807116938506247
68	0.19873929577533075
69	0.03473368263794238
70	0.2513330027820021
71	0.24297366798587275
72	0.012150914300668988
73	0.2777046336414422
74	0.2814607224126397
76	0.5296478690683819
79	0.02000351490507419
80	0.07625644315291227
81	0.2742195736499151
82	0.5211602783868112
83	0.036499986547527966
84	0.023809572538549838
86	0.32912869761013164
87	0.26808597865125977
88	0.03091506683984257
89	0.01426089927013497
90	0.2980750014811865
91	0.23850599813074497
92	0.26568872781477215
94	0.28349146979392914
96	0.26356076832446107
97	0.008033057501921882
98	0.0612363710880338
100	0.2532734107455179
101	0.024431907266399357
102	0.29003230018018095
103	0.20140628052737874
104	0.2949946339545642
105	0.31020093214770705
106	0.28755305511189955
107	0.19746701325212349
109	0.484188410663293
110	0.025976630876297473
111	0.07926053060199678
112	0.001294416336348525
113	0.06527678842999449
114	0.580419859856934
116	0.02844125139965037
117	0.015087983122176435
118	0.01642893216797718
119	0.027794790313550873
120	0.03916139610390142
121	0.05700751390165976
122	0.0005160909214248707
123	0.03782982587108849
124	0.03056045253139867
125	0.006860868421922871
128	0.021064078074141394
129	0.29545670228130605
131	0.2236744681760758
132	0.2814920295159282
133	0.00455202159171391
135	0.054947528703114284
136	0.5112280922521472
137	0.048704671931619065
138	0.5101619891732823
139	0.040491025471361373
140	0.2705372698043214
141	0.041381796475424004
142	0.23479102137765584
145	0.09111290456782066
148	0.05512797996140215
149	0.26569863699016716
152	0.025695275368638817
153	0.08185350003906602
156	0.2698113234488218
157	0.041238535250890954
159	0.25309046664453005
160	0.021798969323796727
163	0.1127188074303095
164	0.0005943665067939599
167	0.3100730859325649
168	0.02848481125496892
169	0.019460249596637592
170	0.25777685765485314
171	0.04761323210113087
172	0.259299580296515
173	0.2787538214797754
174	0.4612127243654874
175	0.0017271032532663044
177	0.03009926710095935
178	0.2717583872362116
180	0.05664152148910251
183	0.07971968953888378
184	0.2697961426975734
186	0.3174797061388841
188	0.7686603426916905
189	0.2305178318791082
190	0.20784571893445203
193	0.2652545500787857
194	0.28649507896683224
197	0.33911763125746475
199	0.056659832275931195
200	0.286495907598814
204	0.0692367350378751
206	0.3205441918216061
207	0.4806895428444877
208	0.009453154023774696
210	0.2736608422229208
211	0.2383456390717239
212	0.039813349510581554
214	0.029238743314528345
216	0.2866285197818635
218	0.538020741776993
219	0.2427083472491764
222	0.21926920192892835
224	0.005364815844992016
225	0.03440022857425501
226	0.3325012644920568
227	0.00469847421789224
228	0.055745756217813636
229	0.006764900222390291
231	0.2807088352133667
232	0.06212654482061737
233	0.024483658445411782
234	0.4985566731289115
235	0.03091668614489377
236	0.2404814697625342
237	0.0071968747819332185
238	0.2609000227798671
239	0.51427304249641
240	0.5209338493191354
241	0.08728267623503755
243	0.2682938888482512
244	0.02518752931052988
246	0.2596339110964486
247	0.2377319785039899
248	0.07039973741298941
249	0.5278612799325286
252	0.23771440275550998
253	0.00382924595113468
254	0.5032434628904694
256	0.04875584769809957
257	0.23568292785567563
258	0.05864941809834254
259	0.4770917240883047
260	0.2719311588677584
263	0.02125669579852392
264	0.2589437236097741
267	0.7466643469640147
268	0.9972800228716856
269	0.20072327642783044
271	0.49843080370863807
272	0.04360838292108758
274	0.04954034267834341
275	0.02213227843292414
276	0.28539020145524446
280	0.030154772607923333
281	0.024097314240413212
284	0.2754088509112088
285	0.0907270432609121
289	0.356829090636602
291	0.006978133053927395
292	0.24266090697951634
293	0.048656906386157515
294	0.22965898550418762
295	0.041044203876228105
297	0.049320568714288235
298	0.2612842502539737
299	0.9959710603010148
301	0.5154338462860175
302	0.5263039706346255
303	0.5519347115450794
306	0.0014641144257958524
308	0.04358535232062378
309	0.033894803758615435
312	0.027986252161595733
313	0.507331679397468
314	0.02037428063668692
315	0.023082931895694977
316	0.5495683882111064
320	0.2999429809041095
321	0.054255957640665264
322	0.2584524255118996
323	0.02123986247597956
325	0.2829645322959181
326	0.26915317878456685
327	0.04511467852695575
328	0.031416172643965894
329	0.4994576880132633
331	0.29699904964101964
332	0.30244655464956494
334	0.22120476767435684
336	0.2913002896215741
337	0.2331064164720048
338	0.5042792574495402
339	0.25503463299943485
341	0.12857063729288581
343	0.2468270720353366
344	0.04584598880182188
345	0.48591824345025547
346	0.026393930320411665
347	0.5086680250381787
348	0.2597754746140729
349	0.0065908240666480225
350	0.04294411182204633
351	0.017052102233578864
352	0.738187539834601
353	0.010840016577868088
354	0.2582488746006066
356	0.05483533888524808
357	0.028803386516670894
358	0.22163257154432253
359	0.24784190857506613
360	0.5592250982959279
361	0.4655085636088644
362	0.48872489602102454
363	0.2966537505714493
364	0.26981164983236217
367	0.29350896827780754
369	0.2778947536080512
370	0.007070308929327744
372	0.007759519911671238
374	0.23862409359580827
375	0.010958015210630487
376	0.24683080247423586
378	0.5270289663855678
379	0.2597956832046644
380	0.034548309400076804
381	0.04890513394320079
382	0.25793723135980784
384	0.2693326853943613
385	0.3251845615157977
386	0.5410988192336503
387	0.5138639348346916
389	0.5097786980714366
390	0.2692818593509455
392	0.026819991946815898
393	0.5068707818413543
394	0.290711091838254
395	0.7965750099528892
396	0.21704870032790455
397	0.5177320860973289
398	0.01831934401525337
399	0.2741944604590691
400	0.03628713525561122
401	0.2758622282769467
402	0.03960360394985121
403	0.027776713261016994
404	0.04975383161050052
406	0.03030006832998597
407	0.03476696459164588
408	0.2746212669753937
410	0.03432983831270175
411	0.026955867511534254
412	0.02947398197953606
413	0.2442475679528464
414	0.47545764522073747
416	0.5023879845516641
417	0.5363592088103458
418	0.12310534001659476
420	0.5055229612041656
421	0.27912076879761616
423	0.26570851785070654
424	0.25629831712680556
425	0.2956556710808028
426	0.5078782354613933
428	0.048022893405719955
429	0.7687099012040264
430	0.2888659528795846
431	0.2483435532399599
432	0.018784291468659314
433	0.3235517785360576
435	0.5115837102360985
436	0.24052616130021331
438	0.03910977819208303
440	0.4519058102151917
441	0.03002952093562146
442	0.5020358467466467
443	0.2355957105209623
444	0.010227686148625438
446	0.310411065722529
447	0.49421451516676973
448	0.07015550129055328
449	0.2927097260817205
450	0.2386758404546652
451	0.056481288968772164
452	0.19179395647146766
453	0.008613861938817607
454	0.0008391552473443198
455	0.2699125808969395
456	0.4808859634683869
457	0.5064149812772771
458	0.04016269904131214
459	0.0033911567393742834
460	0.47892910138346007
461	0.2877860566387862
462	0.011351288451696223
463	0.5258995566236715
464	0.01893022022764964
465	0.2545051674122677
466	0.5238908075881463
467	0.010134321190895378
468	0.21238509013457885
469	0.2576619697046356
470	0.02207873548989467
471	0.008885612647078885
472	0.01430705284879187
474	0.4962142710104204
476	0.23386381008402965
479	0.2700525820711096
481	0.5300949079636411
483	0.24818476637613546
484	0.7375140402412272
485	0.11072762192289613
486	0.2123726908446844
487	0.2708763382440553
488	0.7686765797696188
490	0.5291595433891406
491	0.053545334231790295
492	0.2409458225388509
493	0.055020008211960264
495	0.28794635944106417
496	0.28744273901503586
497	0.00953997906737871
498	0.30004359063873176
499	0.2895167049396922
500	0.3184593528073748
501	0.276467759820501
502	0.25774110900494096
504	0.4905346258576913
505	0.2736046388441537
506	0.5543744960433634
507	0.03690546826422548
509	0.3486674800076997
510	0.01584771821152814
511	0.26294534353620264
512	0.04473540176604904
513	0.28895858214593834
514	0.2648117074826926
517	0.28003163959574934
519	0.25135821008626913
520	0.06937522127857212
521	0.2341120911052294
522	0.2801909565712739
524	0.29922710298671185
526	0.03153167360379425
528	0.29064290523634045
530	0.014007673036986044
531	0.5033138675278557
532	0.536941917325769
533	0.24059639782727196
535	0.023128157046078367
536	0.2762013990987072
537	0.2789639880659963
538	0.30196467752061473
540	0.013551702762329407
541	0.027155188082815807
542	0.2737445092822579
543	0.2778415055768864
544	0.3187975992728647
545	0.251994921819026
546	0.012961268309121553
547	0.5131638245274636
548	0.5581842969997599
549	0.2240509826970433
550	0.4933313965633086
551	0.2775872000622802
552	0.2556841746713688
553	0.5218902570412726
554	0.2749832891564457
556	0.012574451882661944
557	0.2610825376608751
559	0.2483594855934264
560	0.2907901303607283
561	0.748565928174254
562	0.025049262381343515
563	0.2826132529887621
564	0.011141269305153176
565	0.48715447327771216
566	0.29554013162901205
567	0.2893922847291178
568	0.26674185487685226
569	0.027144271939297637
570	0.27283378444144957
571	0.4995063865471602
573	0.7509985483877709
574	0.00724523723802873
575	0.2397315385643597
576	0.2857888762323446
577	0.03980171650699929
579	0.08213630380626476
580	0.01688941161999702
581	0.018228030129445266
582	0.23861617436521554
583	0.00945890058631764
586	0.0016628794518353182
587	0.312881871894247
590	0.2723509894190838
591	0.29497794570077185
592	0.25501425723180166
593	0.030238835708437946
595	0.22143602748808555
596	0.024977986015069467
597	0.01763738892868704
598	0.010911391635343722
600	0.5485873215673837
601	0.20419302264170103
603	0.269010025805638
606	0.3049842937659326
608	0.0065962234180550056
609	0.11924588701945263
611	0.22561592353092808
613	0.7749802507295879
615	0.7676662428138533
616	0.5001085192944921
617	0.5063342159851354
619	0.30594875441858144
620	0.020941700501466737
621	0.7589667414917206
622	0.283144432592438
623	0.5128935952425584
624	0.25808504724413284
625	0.4937599267449486
626	0.5357789547735659
627	0.7719582169447126
628	0.2692818593509455
632	0.25382566819530816
633	0.0017127008022746401
634	0.4963678671561577
635	0.231002835813521
637	0.004039561653155423
638	0.0015424520795855948
639	0.28912303534789874
640	0.22507614036628693
641	0.015234579394704621
642	0.24510592979085769
643	0.2895976806579217
644	0.035679143135627034
645	0.5028656434609129
646	0.006831643035385249
647	0.046731415445788294
648	0.5280899909810715
650	0.5043823402394795
651	0.2902838634455458
652	0.0050778511290716505
653	0.011285816211480316
654	0.3010827431672932
656	0.4909225428575438
657	0.2783438633355255
658	0.23354559030109825
659	0.06856809878744552
660	0.5102868949840804
661	0.025263660910973276
663	0.24967308909885072
664	0.03716214931471816
666	0.5112331670425778
667	0.25461543581375007
669	0.2637987917399511
670	0.04283059116123191
672	0.023357772762671994
673	0.2697831786462852
674	0.20008521690275113
675	0.15178464445944487
679	0.2586180919017339
681	0.04303704365431938
682	0.531132764118304
683	0.017207084378061982
684	0.2608528762816773
686	0.26303520125915636
688	0.03040594796201973
689	0.2600143047474547
690	0.2668302894830463
691	0.0073076093081356
693	0.31111927723772603
694	0.27173276263624624
695	0.011682107652028477
696	0.4971896559125027
697	0.7363456770671392
698	0.014016985228456881
699	0.2521253624348729
700	0.016410812893203335
701	0.26631949267705324
703	0.008334996747313118
704	0.23846634270045974
707	0.533460590475045
708	0.2458652551100335
709	0.28504336206538194
710	0.52172010172916
711	0.30077692923756866
713	0.3045899009496794
714	0.24813933353538642
715	0.01613017512696506
716	0.209538354048093
717	0.0636839791296804
718	0.2790238906606967
719	0.4738791875347636
720	0.5049822987781066
721	0.23935111539989634
722	0.45711061071819
723	0.017295215108393006
724	0.3205441918216061
725	0.2327554301763795
727	0.12118563518770789
728	0.18325645980000396
730	0.02416893735521386
733	0.5105116197534202
734	0.0005081881049803852
735	0.24722086570410934
736	0.011626871659541363
737	0.26437357607784007
738	0.5392646835774969
740	0.28439020628890466
741	0.7523329786663299
742	0.009617296429433299
743	0.2836325133909539
744	0.08183685333364898
745	0.507005148231179
746	0.03694278421151699
747	0.31819671596250476
748	0.28966129448575934
749	0.27544935819818156
750	0.0016056725880799066
752	0.05522514511247511
754	0.01201100970406184
755	0.21216849892291256
756	0.014908435181464064
757	0.5075553467166087
758	0.49871878601895725
761	0.073329707563308
762	0.4747416791569873
764	0.01669104394478068
765	0.009548925779844404
766	0.7494867293587795
767	0.03632482295651815
769	0.0007647307444702059
772	0.7432036926354664
773	0.2747397607804664
774	0.06359104482491988
776	0.3133430522541242
780	0.00896274759035251
781	0.27529864776250157
783	0.07550766241995484
784	0.03330594161660429
785	0.004315713547392755
787	0.48664793530190154
788	0.5087310006463878
789	0.24940323489931893
790	0.3206041317847722
791	0.5021141753894223
792	0.2502463965462886
794	0.0056919829396776325
795	0.053215243504502754
796	0.2852351328567222
797	0.08881003785488006
799	0.024876994156788394
800	0.014256772793519473
801	0.006953149412333819
802	0.5305036284767825
803	0.032493204220203555
804	0.5019594819973511
805	0.31049220950073575
806	0.03449197024914515
807	0.2665571257862205
808	0.28589534662626254
809	0.22233218380685438
810	0.22855351870011445
811	0.045651574648241974
813	0.22113229110514637
814	0.04676286129941878
815	0.5431094764866474
818	0.28461282212140576
819	0.2653459748554389
820	0.2742732182988097
821	0.2522394054748126
823	0.5144229021260104
824	0.05473959970822719
825	0.2529694205662423
826	0.5150808119584256
828	0.7303708104944773
829	0.0029111189180037467
830	0.7576854358559453
831	0.24137384723108932
832	0.037802264207351735
833	0.0725864228209144
834	0.029701793647484313
835	0.5355017257488888
837	0.22625381152975305
838	0.001751688450808822
840	0.015301303145292405
841	0.2589715240926961
842	0.5206671721613646
843	0.07669514076016293
845	0.04373717337574246
846	0.2662273096385073
847	0.25879190870181973
848	0.2865462145462244
849	0.016428932167977153
851	0.5028142443094319
853	0.06604358057764664
854	0.028327776903898413
855	0.2684875266930308
856	0.23228121131771948
857	0.12418945100885867
858	0.20342485414917927
860	0.5245885856110998
862	0.5078304378978212
863	0.2574979642756261
864	0.25366171871559773
865	0.31680996696235475
867	0.7216529320076098
868	0.5097307602687304
870	0.03236332779899229
871	0.33332877012103884
872	0.26549063633145553
873	0.03241632882384639
874	0.519250027748059
876	0.013951893183281938
877	0.5133656091107457
878	0.5189515352867402
879	0.23238163832476122
880	0.5076338046988681
881	0.7499392509247208
882	0.7623565083941726
883	0.3164056455624158
884	0.07724543481460854
886	0.28497926761667713
887	0.2719350436332567
888	0.2673272016376062
889	0.00026634260117285036
890	0.5063611388886489
891	0.0016077335366981374
892	0.524657208007974
894	0.030115194765742342
895	0.27488804550191914
896	0.03143378416917617
898	0.024445357284984724
899	0.02035139979405467
900	0.7420515136470159
901	0.0584045449511465
902	0.010310891226768752
903	0.22355600425524758
904	0.045928924857758735
905	0.5331916989471628
906	0.005405183190071265
908	0.2540873393739687
911	0.05486703722663934
913	0.5449797084519902
915	0.30010960064554565
916	0.2379150307900813
918	0.2661273195873008
919	0.032055385456480484
920	0.26992125405795997
921	0.21809966315629445
922	0.06258524102964354
923	0.23649267613025704
925	0.00515898866623371
926	0.28813958341139156
927	0.24127699020302668
929	0.2383357571411659
930	0.2586260816587018
931	0.2698913693003599
932	0.515558105317861
933	0.510411523097503
934	0.5325620107288631
935	0.23474532960388408
936	0.23548527609505532
938	0.04980614768120307
939	0.2512061669996506
940	0.22965650654876077
941	0.2387461198609173
942	0.5210263715943597
0	0.0
0	0.0
0	0.0
0	0.0
0	0.0
0	0.0
0	0.0
0	0.0
0	0.0
0	0.0
0	0.0
0	0.0
0	0.0
0	0.0
0	0.0
0	0.0
0	0.0
0	0.0
0	0.0
0	0.0
0	0.0
0	0.0
0	0.0
0	0.0
0	0.0
0	0.0
0	0.0
0	0.0
0	0.0
0	0.0
0	0.0
0	0.0
0	0.0
0	0.0
0	0.0
0	0.0
0	0.0
0	0.0
0	0.0
0	0.0
0	0.0
0	0.0
0	0.0
0	0.0
0	0.0
0	0.0
0	0.0
0	0.0
0	0.0
0	0.0
0	0.0
0	0.0
0	0.0
0	0.0
0	0.0
0	0.0
0	0.0
0	0.0
0	0.0
0	0.0
0	0.0
0	0.0
0	0.0
0	0.0
0	0.0
0	0.0
0	0.0
0	0.0
0	0.0
0	0.0
0	0.0
0	0.0
0	0.0
0	0.0
0	0.0
0	0.0
0	0.0
0	0.0
0	0.0
0	0.0
0	0.0
0	0.0
0	0.0
0	0.0
0	0.0
0	0.0
0	0.0
0	0.0
0	0.0
0	0.0
0	0.0
0	0.0
0	0.0
0	0.0
0	0.0
0	0.0
0	0.0
0	0.0
0	0.0
0	0.0
0	0.0
0	0.0
0	0.0
0	0.0
0	0.0
0	0.0
0	0.0
0	0.0
0	0.0
0	0.0
0	0.0
0	0.0
0	0.0
0	0.0
0	0.0
0	0.0
0	0.0
0	0.0
0	0.0
0	0.0
0	0.0
0	0.0
0	0.0
0	0.0
0	0.0
0	0.0
0	0.0
0	0.0
0	0.0
0	0.0
0	0.0
0	0.0
0	0.0
0	0.0
0	0.0
0	0.0
0	0.0
0	0.0
0	0.0
0	0.0
0	0.0
0	0.0
0	0.0
0	0.0
0	0.0
0	0.0
0	0.0
0	0.0
0	0.0
0	0.0
0	0.0
0	0.0
0	0.0
0	0.0
0	0.0
0	0.0
0	0.0
0	0.0
0	0.0
0	0.0
0	0.0
0	0.0
0	0.0
0	0.0
0	0.0
0	0.0
0	0.0
0	0.0
0	0.0
0	0.0
0	0.0
0	0.0
0	0.0
0	0.0
0	0.0
0	0.0
0	0.0
0	0.0
0	0.0
0	0.0
0	0.0
0	0.0
0	0.0
0	0.0
0	0.0
0	0.0
0	0.0
0	0.0
0	0.0
0	0.0
0	0.0
0	0.0
0	0.0
0	0.0
0	0.0
0	0.0
0	0.0
0	0.0
0	0.0
0	0.0
0	0.0
0	0.0
0	0.0
0	0.0
0	0.0
0	0.0
0	0.0
0	0.0
0	0.0
0	0.0
0	0.0
0	0.0
0	0.0
0	0.0
0	0.0
0	0.0
0	0.0
0	0.0
0	0.0
0	0.0
0	0.0
0	0.0
0	0.0
0	0.0
0	0.0
0	0.0
