4	0.28785750379490416
5	0.08699809218332145
6	0.24449803456413094
7	0.2507432447602989
10	0.005725363044552033
11	0.02200715704205598
15	0.2156634635468652
16	0.29150964508294874
18	0.2745975478208463
19	0.5450747574320962
20	0.22799653410933843
21	0.18638943871046212
22	0.489573804951682
23	0.0027292239866758272
24	0.03774262598976975
26	0.429228366258281
27	0.20706383070786052
28	0.22738192666808504
29	0.0067326765839398894
30	0.2538820265653499
32	0.004219556670227706
33	0.030279066772621703
34	0.1465237580847361
35	0.022098402992023643
38	0.025758186935999218
41	0.034314086307651454
42	0.5430506843636401
43	0.01733560217366338
44	0.013451369337983698
46	0.023498065810529496
47	0.3117719159767761
49	0.5040787407689847
50	0.46028457234053005
52	0.2441711577564411
53	0.3083792273945907
54	0.24639765754346077
55	0.005761980577999495
56	0.491319975806377
57	0.22996028569722127
59	0.25936619106153375
61	0.25834238722393676
62	0.26752351837516586
64	0.5097685377794129
66	0.023543811289591803
67	0.018342467161624663
68	0.22134060818125179
70	0.24754658168662996
72	0.27313977342746915
73	0.4750687709196795
74	0.039943363598582526
75	0.05365134067186326
76	0.019673749064108993
77	0.2111301993247799
79	0.010395654808476564
80	0.3711973405080358
81	0.5027366213977413
82	0.024231003089578956
84	0.29174736651339633
85	0.0539555178836259
86	0.23845711166947464
88	0.5407828847657234
89	0.30390875562633063
91	0.00016161916920120686
92	0.264885520459622
94	0.24481590613624218
95	0.28356474189480757
96	0.018080525334553357
97	0.032752621899308776
98	0.31806008298722743
99	0.24642657405055152
100	0.014293610827723343
101	0.06152624915234051
102	0.261122817921837
103	0.3203575367068729
104	0.015760592250148198
105	0.03173859234543126
107	0.26069157749750493
108	0.5560300192838777
110	0.2934826325495957
112	0.039070905348778044
115	0.2568948975997844
116	0.20445859028563856
117	0.2772382444048302
119	0.49165738509482676
120	0.27858620284437
121	0.02454513393694529
123	0.26231781802376486
128	0.01143783225366542
129	0.06183253682870374
130	0.2738142535373406
132	0.038176063664826274
134	0.26309764067551333
135	0.026894955560181358
136	0.26372978702447925
138	0.03049662563887641
139	0.5137381808163554
140	0.2890031154313639
142	0.5075274240567335
143	0.03269819819915197
144	0.01606505413919513
145	0.24268161619180006
146	0.26081441107947173
147	0.2641302100219365
149	0.258246224874387
150	0.2720192185454182
151	0.2710400544643907
153	0.14069532578116153
154	0.2623382664501505
155	0.13012403085959257
156	0.2564372037110409
157	0.27629782703130407
158	0.48134385982459427
160	0.25331924924077664
162	0.2834421237213134
164	0.27892130737811316
165	0.2636397539624035
167	0.01739334739904376
168	0.31065353330381096
171	0.053766829531841205
172	0.005995585791591897
173	0.016912149381040065
174	0.28626607992826064
175	0.5431167082384735
176	0.32591411526767217
177	0.24885293082612403
180	0.0482688453248364
182	0.2896420012496349
183	0.0031294987006491165
184	0.014762701875813956
187	0.03973750099798278
189	0.008331732128647493
190	0.28460892272154364
192	0.3418064448147138
193	0.27425504397872064
194	0.27906493090778856
195	0.5539218585598622
198	0.6662322001867704
200	0.23684546504281184
201	0.04119003700238107
203	0.295096256022685
204	0.310392256597329
207	0.23446105631493921
208	0.06244650630876887
209	0.05094153971583974
210	0.23523304913772225
211	0.45705056239350694
212	0.2611218809783239
213	0.5278238057519284
214	0.539627933326492
215	0.7814542001601229
216	0.268121081154881
217	0.27917142250298066
219	0.23303225720658935
220	0.21056364431401753
221	0.03783423251736552
223	0.04125151574581429
225	0.2831722133189947
227	0.34845283788433007
228	0.36024271743835545
229	0.28519117075594586
230	0.27594319331452427
231	0.28268149047348284
233	0.01468548359244961
234	0.23557854089234226
235	0.5204362273062781
236	0.25630321161888264
237	0.0013278502452676103
238	0.044427978225368536
239	0.003915266346589175
240	0.2541711705398512
241	0.07708452128637355
243	0.21488324948007229
244	0.2552282105388677
246	0.28719798735721425
249	0.2375698659797241
250	0.2874636274189579
251	0.5152178940452142
252	0.25444777732077933
253	0.30843124917544223
254	0.023948559429497713
255	0.16795277076344303
256	0.23377494107805777
258	0.04871743960933925
259	0.3080852813032635
260	0.28517377112959735
262	0.2891681241632618
263	0.2457965502263395
265	0.3094441629581051
266	0.2791996766663014
268	0.0037222347971283196
273	0.026326766058378193
274	0.2582330261602263
276	0.2365943902188194
277	0.04334744095168
278	0.2271418485932873
280	0.29020628430771256
282	0.2604028791535135
283	0.04653102539997439
284	0.26538513174320044
286	0.5046104781516927
287	0.06223876060802675
288	0.017882055340281082
289	0.10533577056762804
291	0.019352658220244543
292	0.23898868068815998
293	0.4033827981247609
294	0.290870771640794
295	0.25110864323196086
296	0.03799384285366254
297	0.004462421264440894
298	0.2847975270555798
299	0.0009866621640200815
300	0.09378530519841782
301	0.2509777780097411
302	0.2769131614521052
303	0.001143352058719356
307	0.06652056963730815
314	0.2798157207376617
315	0.32761853204208685
316	0.19393623218587996
317	0.01951526484286348
318	0.2701295394988972
319	0.26844228313768437
320	0.027790620813570734
321	0.0437852981891706
323	0.2968861404776219
324	0.04321408696494643
325	0.2472122546507111
327	0.28128612740462844
328	0.0356526868617675
332	0.027137725093542765
333	0.25916215090472106
335	0.12157331436537742
336	0.010841767370438682
337	0.3054600840211896
339	0.0026373218708255416
340	0.0547060936920189
341	0.030277659077117176
342	0.23578163844154323
343	0.23008576652960983
344	0.21609441820591785
345	0.47588976670946054
346	0.047965815190168196
347	0.25692335868408095
348	0.27152813232965683
349	0.26201091387455505
350	0.06533523260733928
351	0.3057673371810925
352	0.04690451180179118
353	0.2797409309674389
354	0.031250293653824854
355	0.26623742808386464
357	0.5339342011839076
358	0.015213520394037446
360	0.2174461315420308
362	0.28033099432374237
363	0.03425421785326807
364	0.025324052890941223
365	0.2580012097472883
366	0.2424313573933576
367	0.03277325951693222
369	0.029305295665569744
370	0.5553538279796564
371	0.5049816415765009
373	0.22918868566476608
375	0.012730999717865055
376	0.2497852525271138
377	0.05750477684630821
378	0.23463053137580125
379	0.2792802341051286
382	0.28454236057999494
383	0.5189320468137724
384	0.018111726300397934
386	0.25483828011389426
389	0.03184876959405053
390	0.05181514965535822
391	0.06424968102115303
392	0.548863977391085
394	0.24763239806659817
397	0.0010339471444397383
398	0.2694394263981935
399	0.27230878384086254
400	0.010832634629004738
401	0.02087426945502044
402	0.2900085954631302
403	0.2790054110027653
404	0.06662972860246268
405	0.3735066898777477
406	0.28505907990309026
407	0.03716851580512687
408	0.25680511049814425
410	0.024937531032382214
411	0.5157213904307374
412	0.49526665576369533
413	0.23656828406583252
414	0.2568051104981443
415	0.018413503073329895
417	0.5093063265638137
418	0.06660554428877785
419	0.2693723187563838
420	0.2535665241075991
421	0.04254491078733309
423	0.5272085455390921
424	0.27708056590966973
425	0.025879678585864797
427	0.287321829738234
429	0.23693963436529575
430	0.26309252227455915
431	0.0032668534817142485
432	0.4840281755782899
435	0.03335984420536064
436	0.03077156982628864
438	0.2775291767680928
440	0.2517217546105347
441	0.01812332352814001
442	0.49774710359586927
443	0.5213429055324933
444	0.02917509291608225
445	0.0825491372499606
449	0.27832082172406125
450	0.25517515460685786
453	0.24794683398127904
458	0.023050531714347424
459	0.26945816265070965
460	0.5071734038571868
461	0.2924586169118188
462	0.25835882356980105
464	0.5161714035866176
465	0.2743819570330638
466	0.2605601454699763
468	0.5079873995971972
469	0.026865145701908053
470	0.25168467002333145
472	0.26435780194140596
474	0.2518660226859625
475	0.0345271601000853
476	0.27454532766707024
477	0.05371745993848631
478	0.5338839974200599
479	0.45248454975586966
480	0.0814754262349358
482	0.0031545319344302054
484	0.012950526941482354
485	0.23120164033752147
486	0.006893137920337109
487	0.24800613820982562
492	0.05692183785039806
493	0.2552967854604706
494	0.0571991931024828
496	0.46362092505796704
497	0.26404041654770927
501	0.04875461989772562
502	0.02896595687009744
503	0.469652900066648
506	0.0032843484796992936
507	0.028641431344199008
508	0.20676977564564702
510	0.009900519359027124
511	0.25288313393300466
512	0.26172615225319207
515	0.02102461683579624
517	0.2827718546580709
519	0.24354439051385554
520	0.5367573351069267
521	0.4711136228177097
522	0.2501902656564547
524	0.24683996882606063
525	0.5441164357637842
527	0.0032986722660674622
528	0.013468588300820483
529	0.03129996672279004
530	0.006455370697991507
531	0.23947552273578837
532	0.23516369813912436
534	0.2684280085557796
535	0.018061924055258916
537	0.23911135821452856
538	0.2588111846254943
539	0.07925981708573862
540	0.2645748978781834
541	0.2559711639625515
544	0.1817324781510612
546	0.03320601095824573
549	0.4543046336901973
550	0.25553036037432075
551	0.01752930498175237
552	0.27515874668450124
553	0.014096375098640819
554	0.01629459575008157
555	0.014901875045852546
556	0.5172415307094087
557	0.5021244930141096
558	0.033523066025922074
561	0.23108851644003564
562	0.30821378616827416
563	0.007618163659382109
564	0.03904375639518154
566	0.025639700757739303
567	0.03818326558025545
568	0.015545915187947384
569	0.5385693622170319
570	0.043760448660793316
573	0.24475172791622876
574	0.5141543495839925
577	0.013960064814843506
578	0.019137351960386132
579	0.0376304435153893
580	0.3070801240619489
581	0.008131666078480093
582	0.3141681077936156
583	0.007208023803072516
584	0.02936759727284981
586	0.03519064054978814
587	0.240593619793682
588	0.2442138630344078
589	0.2573258289193621
590	0.25061721533808745
591	0.03220446879111165
592	0.21259484327372605
594	0.2670527345169833
595	0.4398675008159902
597	0.08916738754210374
598	0.2961959556639311
599	0.2590754520530945
600	0.23459052002388905
602	0.319722084935233
605	0.7333745974989799
607	0.05185599036450882
608	0.05734172586100825
610	0.24446879846308847
611	0.25196025355217416
614	0.30504095359288724
618	0.2609478265749163
622	0.5081633743921178
624	0.021371391748748032
626	0.24167033346286307
627	0.033903198621914
628	0.02619650688895433
629	0.2686781371530976
630	0.0626182212967101
631	0.5490430369498093
632	0.04056873457800714
634	0.03112612216161906
635	0.28282700957931806
636	0.05872343602942302
637	0.059672877091219795
638	0.29910648520967903
639	0.2535302492386293
640	0.46830555602221735
641	0.042434405138621754
642	0.03792888048728964
643	0.029528444822495323
647	0.2720192185454182
649	0.05920333273493816
650	0.022751414499614223
652	0.29068669210265624
653	0.026005810462399123
655	0.4684831556831714
657	0.23123822193381954
658	0.26179188182421476
659	0.30428321999048197
660	0.009858041975888715
661	0.29306694499024877
662	0.09847424100262529
663	0.27627735962068867
664	0.05457971088900586
665	0.055651373763435395
666	0.24351943393803896
667	0.5197726708112215
668	0.00453912037762795
669	0.059846658248009214
670	0.06917837656674841
672	0.30298924192800103
673	0.0446679395676094
674	0.2751973015791025
676	0.04296036372929664
677	0.007151785318112884
678	0.29920688751422336
679	0.001871662188443278
680	0.027042125725302634
681	0.30576510500440696
682	0.021752024276009772
683	0.517087266998252
684	0.016838341805620747
686	0.2536641278232383
687	0.2898388092407113
688	0.02436660383421121
690	0.2556820077679457
691	0.25009001788937474
692	0.01951526484286348
696	0.4561582199440583
698	0.007137158610254525
699	0.5170784931460519
700	0.013981715896135428
701	0.0014074537045075247
703	0.24845636211969635
705	0.044416771997294546
707	0.011385125517509968
709	0.2472990508349971
710	0.023204752961119547
711	0.005819277618219189
712	0.022895776709338463
713	0.4581917168562224
715	0.26688000897399955
716	0.2297171840043666
717	0.2744979925729047
719	0.23942670610431516
720	0.25056842499931176
722	0.2760589854303821
725	0.2883716214037228
726	0.04772955681259106
727	0.22701205610156783
728	0.29334098614883886
729	0.006276820523794906
730	0.029991049075308928
731	0.013180683920264773
732	0.524777657686854
733	0.2240764772399053
734	0.2609863428630297
735	0.026196506888954346
736	0.5174260747276648
737	0.28628126444882707
739	0.03915302417821464
740	0.2346543456291053
742	0.30121957000285454
743	0.021024907571771986
746	0.25926181411160115
749	0.026334096448291572
750	0.29086816659208653
751	0.5282322621872946
752	0.2928414165241692
753	0.09131844837350549
754	0.041664547556904144
755	0.25618055681134116
756	0.27914399779411786
757	0.24388058484664393
760	0.31719746136594945
763	0.2861494873283603
764	0.5181606154741798
765	0.25105238704895594
766	0.2175366964723448
767	0.273922995848208
768	0.028513409183012175
769	0.26255255620758894
770	0.5236269495221496
771	0.026786904894935962
773	0.23297914544415066
774	0.06071933329028036
776	0.26828454303407245
777	0.22048233339725226
778	0.0843488812697351
779	0.061072557904866785
780	0.27646479725024725
783	0.026360123141487425
784	0.2617671169464157
786	0.703276991474587
787	0.5215791170777958
788	0.014537213114032825
789	0.011861092801572829
791	0.22263284251349125
792	0.5321241663344323
793	0.026596242865151862
794	0.033334813412168485
795	0.510088863284781
798	0.27870869319042335
799	0.0003597033985408213
800	0.0518151496553582
803	0.7124301692709495
804	0.010226730592156827
805	0.18722961350688977
806	0.3123528454197488
807	0.25797300664040246
808	0.019299409467219125
809	0.2742243000725107
810	0.5230252379612256
811	0.0044501233160665725
813	0.4608070852059637
814	0.2672729130109647
815	0.2567255866317141
816	0.26075274551113936
817	0.27498324652678163
818	0.24492482316844835
819	0.02121927082899125
820	0.2647683841537968
821	0.24362611266620837
824	0.21945853826331244
826	0.20734894152679037
828	0.22924107820491418
829	0.28238293455299307
831	0.24992185888603136
832	0.26868950479646164
833	0.021897707559114125
834	0.013536370716393353
835	0.47862705849331894
837	0.5007401648257372
838	0.2825432529851057
839	0.2834441662855596
840	0.015363904389473479
841	0.015341476416267322
844	0.2860669539050098
845	0.2991173255397365
849	0.28238293455299307
850	0.26045171379479737
851	0.2598977710825087
852	0.504073052920078
853	0.04160775157625059
854	0.7609321470668287
856	0.02501628701559576
858	0.22433638177315243
859	0.24633046646262097
860	0.2357590306924155
861	0.5698004773582749
862	0.0026252350357911514
863	0.2808172199451373
864	0.01403837638459423
865	0.04063216688235125
866	0.2315731219564582
868	0.2501599026330179
869	0.3138188669439431
870	0.2570825657255188
872	0.22631995817761105
873	0.21650420720840438
874	0.46167848888257274
876	0.004504152510439563
877	0.2561388634452605
878	0.24534258078977841
879	0.29567392205394627
880	0.4599349377913102
881	0.00977422865141471
882	0.2376312898504912
883	0.017560345394781622
886	0.0007345437555677028
889	0.46812768541526123
891	0.5450894984739969
892	0.23593754718177729
893	0.2851516474696049
894	0.01926954794376349
895	0.28662689271735975
896	0.028929507469607776
897	0.2625749991345172
898	0.531412890807762
900	0.202651675799429
902	0.254552555111368
903	0.5078135565848015
904	0.28943119748087215
905	0.008311280878123481
906	0.7519880726659446
907	0.04484882618797427
908	0.23693189484098073
909	0.2786660986426547
910	0.2687521280707268
912	0.2704495260606853
913	0.01014049088809562
914	0.01594589112972832
915	0.009857635908234859
916	0.20598317800964258
917	0.31803219344001704
919	0.2572664884126873
920	0.017496947572899987
921	0.04908000891890571
923	0.48875864317977397
924	0.3201321582166848
925	0.2446164424266643
926	0.027800938501409307
927	0.031999453509510306
928	0.2818869472325445
929	0.2895560382448156
930	0.024038411573939995
931	0.2824736101746305
933	0.26291265140184916
934	0.005898247155890518
936	0.007460590679750731
938	0.03700924631694982
939	0.2638028266963759
940	0.2603471031905188
941	0.22963756964759027
943	0.5204740914448565
0	0.0
0	0.0
0	0.0
0	0.0
0	0.0
0	0.0
0	0.0
0	0.0
0	0.0
0	0.0
0	0.0
0	0.0
0	0.0
0	0.0
0	0.0
0	0.0
0	0.0
0	0.0
0	0.0
0	0.0
0	0.0
0	0.0
0	0.0
0	0.0
0	0.0
0	0.0
0	0.0
0	0.0
0	0.0
0	0.0
0	0.0
0	0.0
0	0.0
0	0.0
0	0.0
0	0.0
0	0.0
0	0.0
0	0.0
0	0.0
0	0.0
0	0.0
0	0.0
0	0.0
0	0.0
0	0.0
0	0.0
0	0.0
0	0.0
0	0.0
0	0.0
0	0.0
0	0.0
0	0.0
0	0.0
0	0.0
0	0.0
0	0.0
0	0.0
0	0.0
0	0.0
0	0.0
0	0.0
0	0.0
0	0.0
0	0.0
0	0.0
0	0.0
0	0.0
0	0.0
0	0.0
0	0.0
0	0.0
0	0.0
0	0.0
0	0.0
0	0.0
0	0.0
0	0.0
0	0.0
0	0.0
0	0.0
0	0.0
0	0.0
0	0.0
0	0.0
0	0.0
0	0.0
0	0.0
0	0.0
0	0.0
0	0.0
0	0.0
0	0.0
0	0.0
0	0.0
0	0.0
0	0.0
0	0.0
0	0.0
0	0.0
0	0.0
0	0.0
0	0.0
0	0.0
0	0.0
0	0.0
0	0.0
0	0.0
0	0.0
0	0.0
0	0.0
0	0.0
0	0.0
0	0.0
0	0.0
0	0.0
0	0.0
0	0.0
0	0.0
0	0.0
0	0.0
0	0.0
0	0.0
0	0.0
0	0.0
0	0.0
0	0.0
0	0.0
0	0.0
0	0.0
0	0.0
0	0.0
0	0.0
0	0.0
0	0.0
0	0.0
0	0.0
0	0.0
0	0.0
0	0.0
0	0.0
0	0.0
0	0.0
0	0.0
0	0.0
0	0.0
0	0.0
0	0.0
0	0.0
0	0.0
0	0.0
0	0.0
0	0.0
0	0.0
0	0.0
0	0.0
0	0.0
0	0.0
0	0.0
0	0.0
0	0.0
0	0.0
0	0.0
0	0.0
0	0.0
0	0.0
0	0.0
0	0.0
0	0.0
0	0.0
0	0.0
0	0.0
0	0.0
0	0.0
0	0.0
0	0.0
0	0.0
0	0.0
0	0.0
0	0.0
0	0.0
0	0.0
0	0.0
0	0.0
0	0.0
0	0.0
0	0.0
0	0.0
0	0.0
0	0.0
0	0.0
0	0.0
0	0.0
0	0.0
0	0.0
0	0.0
0	0.0
0	0.0
0	0.0
0	0.0
0	0.0
0	0.0
0	0.0
0	0.0
0	0.0
0	0.0
0	0.0
0	0.0
0	0.0
0	0.0
0	0.0
0	0.0
0	0.0
0	0.0
0	0.0
0	0.0
0	0.0
0	0.0
0	0.0
0	0.0
0	0.0
0	0.0
0	0.0
0	0.0
0	0.0
0	0.0
0	0.0
0	0.0
0	0.0
0	0.0
0	0.0
0	0.0
0	0.0
0	0.0
0	0.0
0	0.0
0	0.0
0	0.0
0	0.0
0	0.0
0	0.0
0	0.0
0	0.0
0	0.0
0	0.0
0	0.0
0	0.0
0	0.0
0	0.0
0	0.0
0	0.0
0	0.0
0	0.0
0	0.0
0	0.0
0	0.0
0	0.0
0	0.0
0	0.0
0	0.0
0	0.0
0	0.0
0	0.0
0	0.0
