1	0.1005201681157647
2	0.05262452739680329
3	0.1826550702864435
4	0.24499249904479675
5	0.029264120835664906
6	0.03691288794245877
10	0.058085264237968934
11	0.024891842116104082
13	0.28152948266748123
14	0.26671359602434797
15	0.0008429709619199831
18	0.5230840218291525
19	0.26228819894199645
20	0.0069384325513948235
21	0.07963408752142706
22	0.2892578184929246
23	0.7534019655173121
24	0.0460886211191655
25	0.2963617448304578
26	0.5321796414739591
29	0.21340656475388137
30	0.33475737603425815
33	0.2543355060437273
34	0.4617591682873974
35	0.2684922590856804
36	0.049182064269007814
37	0.3209512945804184
38	0.02047318725610618
39	0.0549409084465003
40	0.5183165801430787
44	0.09029239830218294
46	0.0032667399425424376
47	0.25701235957522184
48	0.01662291423755511
52	0.017302083521483644
53	0.49440829698840577
57	0.026133295720469
58	0.24237758161608547
59	0.029803067489903218
60	0.5305639875539173
61	0.5082077416689638
62	0.2883910649333912
63	0.21220565186653623
64	0.005179317063284061
65	0.27816319533284756
66	0.22846967878074062
67	0.21924577570474835
70	0.24550706692139498
72	0.7514550040209501
73	0.28986209571211075
74	0.7556135680884228
75	0.02877194084169942
80	0.24827978263005354
81	0.014489010218356291
82	0.3149544876992703
83	0.0645819783884011
85	0.04060460288538656
86	0.21014062080422388
88	0.2489043031439217
89	0.03780868713787599
90	0.06288103531188505
91	0.0426641541735602
92	0.25078331074398014
94	0.2341269018912432
95	0.008222017152835347
96	0.27409229437475613
97	0.04904908641558594
98	0.027080960936513312
99	0.009476570150741524
100	0.28918266974406
103	0.08215560964619896
104	0.08432112876537229
105	0.7741450864756356
106	0.3205674937157767
107	0.2875063805276475
108	0.21413165250883728
110	0.2753368649210271
111	0.29303895456962004
112	0.49396712813492594
113	0.04724137247038952
115	0.4596555256492762
117	0.008987017044847518
120	0.0023460154855551967
121	0.0917563734092488
122	0.04183586442831851
123	0.007168383981693491
124	0.020692048398819315
129	0.2920543962158729
130	0.007983593601075513
131	0.061256921958674396
132	0.7618941867104871
134	0.012994520275686337
135	0.0066256234882453025
136	0.5401484567648365
137	0.016858748000938235
138	0.03639487683632441
139	0.22988482980795083
140	0.7737906750374064
141	0.3242860826344992
143	0.24976443590079095
144	0.018675231246707773
146	0.4589951440647319
147	0.019940872382278294
148	0.02834737272369859
149	0.27412643515624635
150	0.008039704797052197
151	0.040407555591063155
153	0.645264385162958
156	0.007384488604717403
159	0.31125754801856065
160	0.0029291676761244827
161	0.23037303503021017
162	0.47285432835950975
164	0.479740638301262
166	0.23466305021703587
167	0.17665087783672942
168	0.2925524924875723
169	0.025222403906827395
170	0.3005988065470651
171	0.23784895670307743
172	0.7222094795456199
173	0.7473409649723719
174	0.4988680653013489
176	0.508968119611717
177	0.24881384352994168
179	0.5164823290311977
180	0.01325951392904056
182	0.010515776787781528
183	0.15970408359268284
184	0.5520720447824564
186	0.2713201653678792
187	0.0427963392433722
188	0.31144691812638814
189	0.02642815527994615
191	0.035929467999090595
192	0.2523695414030285
193	0.024699679600647062
194	0.00941828964521254
195	0.26442186998786765
199	0.0063189763243451935
200	0.04619066989394185
201	0.048800970087918207
202	0.03019307498441247
204	0.006758896084820724
205	0.20616555451663124
206	0.40261843172270634
207	0.2838361148318491
208	0.032423648132466586
209	0.0171305698313095
210	0.7559764272483587
212	0.005070414534633871
213	0.2234939423693742
214	0.5037753744837246
215	0.2637394297855676
216	0.48544041244442143
217	0.5241549867661178
218	0.2622546747818647
219	0.06461235997889792
220	0.14549103692515258
221	0.22721110253925136
222	0.1901591198642656
224	0.06197487221583617
225	0.0012977034391031816
227	0.47955981588207
228	0.07789963935434865
229	0.00276289535888527
230	0.0034776592102840793
232	0.5529591455709014
234	0.2980765975828018
235	0.24435596319667752
236	0.006069257019716612
237	0.21366783827036023
239	0.5254957666401763
240	0.5483187901790486
242	0.24635850324276326
243	0.32367753895632934
244	0.007105510003233867
248	0.24765604584846174
249	0.24513414990959465
250	0.010259857788763656
251	0.03232891184454798
252	0.29762151904651435
253	0.04583294348217767
254	0.040288982298074684
255	0.23657719556962092
256	0.26537265498323637
257	0.06730214058789952
259	0.47805703391977755
260	0.2495957825040767
262	0.01587335140416697
264	0.04514740989596491
265	0.28151708019995475
266	0.24118769348449942
267	0.282875885428597
268	0.28945435400337494
269	0.44337382460789193
270	0.26309252227455915
271	0.2954311206453995
272	0.530114832611732
273	0.03166172928141302
276	0.2630982427396735
277	0.2700476236302959
280	0.26527651165520627
284	0.5171891285704993
285	0.5553911521379548
286	0.478195969867992
287	0.2884240679754872
289	0.11083766031602883
291	0.274531215622354
292	0.2941409597822991
293	0.03595353194822263
294	0.04563622838812798
295	0.2766896209351125
296	0.037333194564395475
297	0.5180793819551841
298	0.28549928111265427
299	0.28764987096764627
300	0.038425231894550216
302	0.015330556398780778
303	0.5430621652567802
304	0.2160694395775918
308	0.28800099830871173
309	0.2376449196445437
312	0.28473134999749933
313	0.30720512288262736
315	0.24146188650629827
316	0.34377772611467616
317	0.007094557880633005
318	0.216504906683824
319	0.48383560942289944
320	0.22195485809428855
321	0.22592646275794248
322	0.2757688127486505
323	0.00783519470526628
324	0.006122491640760466
325	0.04530171058443793
327	0.03661062743034614
329	0.31726011749177513
331	0.3143629242062863
332	0.03738490492268163
333	0.25178901630443135
334	0.24374337380612904
335	0.28022413419586956
337	0.08405769983182494
338	0.5496990557363353
339	0.5056387961571263
340	0.016438613505863307
341	0.3114466320486911
342	0.20564901573896993
344	0.47519900951940747
345	0.2912051503794251
346	0.2422149178838696
347	0.25432945218638425
349	0.02278310207862511
350	0.30310027100149517
351	0.5097285539476581
352	0.2731633224946712
353	0.2517450615492878
354	0.7498738611458793
357	0.4783152569718405
358	0.2658087558681823
360	0.26392484616309214
361	0.2769051136885279
362	0.5361746256923308
363	0.07327955122629086
364	0.7728646031335815
365	0.22672703885407053
366	0.011289718672480097
367	0.022678050097541418
370	0.4918986717248536
371	0.2243905748112337
372	0.2821843646835034
376	0.21347090146573633
378	0.035919706430029986
379	0.5228604569109417
380	0.2956271783799979
382	0.5301392553138542
384	0.30287418820285567
385	0.2965588154024247
386	0.27370149353190115
387	0.09170924738679417
388	0.030588189783756138
389	0.30676496376619317
390	0.30861965865800545
392	0.48657627215254
393	0.03973885988138644
394	0.05395406246960971
395	0.03647446685862089
397	0.2675158445069611
399	0.2873183771911035
400	0.013437025955927745
401	0.234694290729356
403	0.27703225276710003
404	0.571456014273241
406	0.2765714123643318
407	0.28491934226381077
408	0.2536098251066229
409	0.2888659528795846
411	0.05122240789858269
412	0.00133011277882817
414	0.5512657821162554
415	0.25200850515129636
416	0.04483746277099663
417	0.24884042326506806
419	0.2337860337214288
420	0.5320175328006677
421	0.2165244390782747
423	0.5151827285982586
424	0.3304506578193704
425	0.3407666829786804
426	0.5277826785828791
428	0.550386334285976
429	0.5024729878665298
431	0.27829640692936086
433	0.247741138298424
434	0.0026635691630703673
435	0.03705067910749992
436	0.5129724123960941
437	0.07748379197623725
438	0.25063640518853136
439	0.027170311734060135
440	0.2655601561647868
442	0.25828755446237955
443	0.25560637201836617
444	0.4885493624778179
445	0.3653887083465858
446	0.24806166304089727
447	0.0047739910019736626
449	0.0021148254122049966
450	0.26647920563464106
451	0.2957344376090596
456	0.28807264920603703
457	0.009051589735451497
458	0.5192840890831827
460	0.5210295054498826
461	0.4833222560272602
462	0.2533919033644524
463	0.5595943332657385
464	0.24973779933502818
465	0.27871621500479976
466	0.4545434291156874
467	0.2764247784836858
468	0.009256327849760021
469	0.5160421445135049
474	0.5197127529203778
475	0.4752674128278489
476	0.05621843523101609
478	0.028838230763996178
479	0.24947120404545056
480	0.5301352171992415
484	0.2859462053989421
485	0.5883155271358331
486	0.2372133710604881
487	0.0006699165905976398
488	0.0161110115773204
490	0.297680839580701
491	0.5049349404935348
492	0.049703909725786824
496	0.23901728161801794
497	0.21748398473139466
498	0.036796209905056304
499	0.5461827592242203
500	0.3062337593224331
501	0.28187968959025106
502	0.032175046330701645
504	0.2772543388618708
505	0.03858680799446144
507	0.015968484479795327
508	0.2945249382145898
510	0.44350489696743334
511	0.019822370242965168
516	0.24994552003944626
519	0.011769383741464856
522	0.26675610440427383
524	0.03797142431925171
525	0.031169022184979103
526	0.02752043463397888
530	0.27469148283076655
531	0.5155018727196222
532	0.04409679878755764
534	0.0024724443491512572
535	0.019305001220351177
537	0.2618626268626268
538	0.24451855218087679
542	0.28012640981231324
543	0.5320478086834682
544	0.2952030157986276
545	0.03848956244968901
547	0.5298087065156003
548	0.26862351466187195
549	0.22847533539559184
550	0.03249998429567617
551	0.26017411256803646
552	0.014721885371267764
553	0.5197960512695424
556	0.015059774768104172
557	0.25172732441672313
558	0.2559073731732923
559	0.2990435171124623
560	0.3023826875889787
561	0.5484603413514034
562	0.07329756026705234
565	0.27229222934735786
566	0.7638429309063445
567	0.2668423825364465
568	0.21694013105949883
569	0.2629106250269131
570	0.5686674042236349
571	0.28917900863683177
572	0.0872549805646248
573	0.5262476463615412
574	0.005098405519382551
575	0.09510114722581904
579	0.2534122317536546
581	0.2229929272787869
582	0.06151689186719171
583	0.0413374862310517
586	0.27321084685344466
587	0.4681770736818019
590	0.27407617652722255
591	0.5100116448678058
594	0.24039047192221824
596	0.03531120562361234
597	0.03555629028529697
598	0.03987734733527129
599	0.24283594914522896
600	0.2578745106758594
603	0.24481075771406957
605	0.23472196360731232
607	0.27224208559630814
608	0.4664747740011539
609	0.08046175854010128
611	0.4952399426343324
612	0.00911607458997557
613	0.07525513969500817
614	0.06370603643600624
615	0.2874108470195303
616	0.030878474653354655
617	0.25854413798344344
619	0.01360564293359754
621	0.25313581413081
622	0.27075043452127995
624	0.5133441643945333
626	0.5586650060871505
627	0.26189034032248626
628	0.5090361907327949
630	0.009498108964270793
631	0.2323641872728341
633	0.27231731252780383
634	0.27749168808058977
635	0.7640288190345146
637	0.022829052447290363
639	0.5286407976863956
640	0.037607377458058644
641	0.2949471173323747
643	0.034261547683229795
645	0.5148997675508546
648	0.30887201950396403
649	0.31444784993186453
650	0.07776664857276334
651	0.29652016122152214
652	0.2819111532668655
653	0.018645214277312864
654	0.09992491404638652
656	0.19505697000226807
658	0.7373349042894138
659	0.26490641298631046
660	0.05600026576918467
661	0.04808840658799465
662	0.2741384884724775
663	0.2385549220027191
664	0.3061725480527995
665	0.04227191464587017
666	0.5346364846412913
667	0.4889831485313299
668	0.09703445413423573
669	0.32148706957424394
670	0.5224031621956333
672	0.03871078452244037
673	0.26223947650166196
674	0.2846799896782084
675	0.0018119219529830095
676	0.2790436894056765
677	0.24910642192729177
678	0.2708587172816165
679	0.013261647117739469
682	0.0068135061923621995
683	0.24284363077401544
686	0.5305631168943804
688	0.27709618718828666
690	0.29813679121528613
691	0.21574016816671862
693	0.014482143922775498
695	0.022269450848602896
696	0.5250701743765871
697	0.3219135183419903
699	0.27857449402304424
704	0.48789560248164965
707	0.5097827320838545
710	0.7413288485281061
711	0.3411675743988196
713	0.7790643041952009
714	0.02642967387008288
715	0.23312968561231603
716	0.24159465054454915
717	0.27791359905077745
718	0.3195354874321414
719	0.25517803756319624
720	0.7216688630401451
722	0.29618092338445606
724	0.40261843172270634
725	0.30571762060261526
726	0.04905185054716526
727	0.0815303277049308
728	0.5062723351598236
729	0.22554006031013685
730	0.032440631483821133
731	0.03281910874791428
732	0.05317483348391211
733	0.510021618262028
735	0.05929765703386547
736	0.26766603553409296
737	0.26208891865222284
738	0.07096592312676865
739	0.04579519304269078
740	0.7408532502909637
741	0.30436020196698965
742	0.5375492279947653
743	0.5453776474931531
744	0.5736399628538531
745	0.7736446208944593
748	0.2962243977949683
752	0.5622438936694064
754	0.2830277745871068
755	0.4725333028935968
756	0.04693602985981149
757	0.5529896554546528
758	0.043768867735871124
759	0.06783207171449161
760	0.017360207084912017
762	0.08622926246600933
763	0.2158859569002086
764	0.03134794923642044
765	0.04316026143323903
766	0.31350021685820695
767	0.01090161933819974
768	0.23435093677233523
769	0.02090564964687099
770	0.2362736992843239
771	0.07773199224799351
772	0.3149737967657623
773	0.025857175722633585
776	0.003366305766015168
777	0.005910607431005646
778	0.272164064279379
780	0.01924904150978688
781	0.044541208985756184
782	0.01634110315786566
783	0.054908769913336444
784	0.5017364916953413
786	0.01444999352098757
787	0.5215780714538744
788	0.2836979580155571
789	0.46842814546909894
790	0.06645821125069555
791	0.24195976912222564
792	0.2459888726769769
794	0.010710325537506546
795	0.5036143090900683
796	0.29460854700268446
799	0.003613351789413445
800	0.25971418910865496
801	0.28135746270879197
804	0.2639960880529829
805	0.21654308150340007
806	0.2921121957911486
807	0.23882077185559672
808	0.5479138908752467
809	0.3089332898468013
810	0.2782562794292975
812	0.05069499013839085
813	0.22718049382717778
814	0.5045014465467241
815	0.023034011001294485
816	0.2228320833032446
817	0.030880265197364018
818	0.03565942484409225
819	0.5312196855288447
820	0.5810809926459816
821	0.28628908376997986
822	0.3111458298308366
823	0.0025725864529144646
824	0.5174044486386253
825	0.04632000612699849
826	0.0558097013201093
827	0.03436410250094678
828	0.5593018482068464
829	0.03436545687145151
830	0.32419296658862695
831	0.03127213210542563
832	0.008612080099833688
833	0.24916553575839856
835	0.2311424247040838
836	0.051030503545548556
837	0.2987465643570165
838	0.28605336990089725
839	0.017612154469395836
840	0.2969560472443462
841	0.29989343896651244
842	0.3220675176785709
843	0.02284995409484162
845	0.0031632047404749584
846	0.4978467405992757
847	0.2742157686216043
848	0.0892355049020716
851	0.24968482953533672
853	0.7763408763006011
854	0.248768995667327
855	0.27617077619178465
856	0.2478150969817947
858	0.25719973161832027
859	0.24845199506965812
860	0.2685619227887977
861	0.25375633917300466
862	0.01909376646164324
863	0.02110480740635347
864	0.005227180527112747
865	0.5603692273322204
867	0.31601735109770906
868	0.273399999562675
869	0.03409073152208445
870	0.2715058399483776
871	0.05189973226316157
873	0.2896611128611515
874	0.5317591191823096
877	0.02405879037047364
878	0.48577782596429164
879	0.046999776138748874
880	0.5386385801904626
881	0.518218188831716
882	0.30803080352626266
883	0.5172028759083519
887	0.08912646134143491
888	0.08839576240766944
890	0.48324532718187335
891	0.01181079486215968
892	0.7440966672280229
894	0.022354991050077898
895	0.027359006075384034
898	0.23623291855596118
899	0.05334804422669146
900	0.19774205746834714
901	0.009115349868311043
902	0.22385226729954683
903	0.25629729241714017
905	0.7558870308674854
906	0.2372450687356491
908	0.25788935365134985
909	0.052517778355969325
910	0.24344193915565973
911	0.03758199828116806
912	0.019617103015015125
913	0.7311350933083489
914	0.08972740956029823
915	0.04011665807826034
916	0.2222105211325286
917	0.04944831484452021
918	0.5190162348488253
919	0.4897073612840303
920	0.2711488387443568
922	0.09896678594311385
923	0.2792354655776366
925	0.5115684815067402
926	0.04500190861911725
927	0.27396364280917157
928	0.25319575967649444
930	0.30735991431204746
931	0.7846756360847847
932	0.3248144978195964
933	0.5467073694892953
934	0.5281192616727975
935	0.2594848037330546
936	0.03852342514365867
937	0.015416618949412937
938	0.010976722173841373
940	0.7497104439339279
941	0.27395073408569337
942	0.028319455290211563
943	0.5092233189486005
0	0.0
0	0.0
0	0.0
0	0.0
0	0.0
0	0.0
0	0.0
0	0.0
0	0.0
0	0.0
0	0.0
0	0.0
0	0.0
0	0.0
0	0.0
0	0.0
0	0.0
0	0.0
0	0.0
0	0.0
0	0.0
0	0.0
0	0.0
0	0.0
0	0.0
0	0.0
0	0.0
0	0.0
0	0.0
0	0.0
0	0.0
0	0.0
0	0.0
0	0.0
0	0.0
0	0.0
0	0.0
0	0.0
0	0.0
0	0.0
0	0.0
0	0.0
0	0.0
0	0.0
0	0.0
0	0.0
0	0.0
0	0.0
0	0.0
0	0.0
0	0.0
0	0.0
0	0.0
0	0.0
0	0.0
0	0.0
0	0.0
0	0.0
0	0.0
0	0.0
0	0.0
0	0.0
0	0.0
0	0.0
0	0.0
0	0.0
0	0.0
0	0.0
0	0.0
0	0.0
0	0.0
0	0.0
0	0.0
0	0.0
0	0.0
0	0.0
0	0.0
0	0.0
0	0.0
0	0.0
0	0.0
0	0.0
0	0.0
0	0.0
0	0.0
0	0.0
0	0.0
0	0.0
0	0.0
0	0.0
0	0.0
0	0.0
0	0.0
0	0.0
0	0.0
0	0.0
0	0.0
0	0.0
0	0.0
0	0.0
0	0.0
0	0.0
0	0.0
0	0.0
0	0.0
0	0.0
0	0.0
0	0.0
0	0.0
0	0.0
0	0.0
0	0.0
0	0.0
0	0.0
0	0.0
0	0.0
0	0.0
0	0.0
0	0.0
0	0.0
0	0.0
0	0.0
0	0.0
0	0.0
0	0.0
0	0.0
0	0.0
0	0.0
0	0.0
0	0.0
0	0.0
0	0.0
0	0.0
0	0.0
0	0.0
0	0.0
0	0.0
0	0.0
0	0.0
0	0.0
0	0.0
0	0.0
0	0.0
0	0.0
0	0.0
0	0.0
0	0.0
0	0.0
0	0.0
0	0.0
0	0.0
0	0.0
0	0.0
0	0.0
0	0.0
0	0.0
0	0.0
0	0.0
0	0.0
0	0.0
0	0.0
0	0.0
0	0.0
0	0.0
0	0.0
0	0.0
0	0.0
0	0.0
0	0.0
0	0.0
0	0.0
0	0.0
0	0.0
0	0.0
0	0.0
0	0.0
0	0.0
0	0.0
0	0.0
0	0.0
0	0.0
0	0.0
0	0.0
0	0.0
0	0.0
0	0.0
0	0.0
0	0.0
0	0.0
0	0.0
0	0.0
0	0.0
0	0.0
0	0.0
0	0.0
0	0.0
0	0.0
0	0.0
0	0.0
0	0.0
0	0.0
0	0.0
0	0.0
0	0.0
0	0.0
0	0.0
0	0.0
0	0.0
0	0.0
0	0.0
0	0.0
0	0.0
0	0.0
0	0.0
0	0.0
0	0.0
0	0.0
0	0.0
0	0.0
0	0.0
0	0.0
0	0.0
0	0.0
0	0.0
0	0.0
0	0.0
0	0.0
0	0.0
0	0.0
0	0.0
0	0.0
0	0.0
0	0.0
0	0.0
0	0.0
0	0.0
0	0.0
0	0.0
0	0.0
0	0.0
0	0.0
0	0.0
0	0.0
0	0.0
0	0.0
0	0.0
0	0.0
0	0.0
0	0.0
0	0.0
0	0.0
0	0.0
0	0.0
