2	0.11431623266163105
5	0.14634631981761093
7	0.14352737008902272
11	0.1423560848581196
13	0.12740350565072692
14	0.10505451749087948
15	0.07687553050253416
16	0.501444450646359
19	0.2212737089362817
21	0.18136797271274302
23	0.13164145121832774
24	0.1445843273550868
25	0.13507553695779367
26	0.10525320984748149
30	0.11817170891580694
35	0.10578986196221411
36	0.14839346754465907
38	0.47751081981870835
41	0.46873725719664605
42	0.5075148335853729
43	0.14703528840800162
49	0.4405691722771672
52	0.1222962368010138
53	0.12088839632862466
54	0.12653356647896905
61	0.32404229599038037
62	0.12104117028484553
72	0.4946472848334805
75	0.15037096847131343
77	0.5419983396728008
79	0.10274493972140468
81	0.12452112771715852
85	0.5079331174031647
86	0.09064734838797953
88	0.10105821360413672
89	0.5032741693779405
92	0.14508589270717479
93	0.620525079886928
95	0.11584970033599164
96	0.1417006077790347
97	0.47696029431639414
99	0.5034139349895481
108	0.449434685194249
110	0.11653898544700979
111	0.12046852858909161
116	0.19930169639517029
120	0.4869558776218666
121	0.45877347941214924
123	0.5489262342531852
124	0.0947343324913575
125	0.19601854954198647
130	0.5145380381411132
134	0.5729071140673304
140	0.13078499235812943
144	0.5040389254653528
146	0.17677982270657297
147	0.1616307350248603
150	0.13078499235812943
151	0.12232106320928846
158	0.17818422008399684
162	0.5619608092695657
165	0.17163088439658292
166	0.07698642046413794
168	0.1403378902253958
169	0.10897040695326815
175	0.16421533157293866
176	0.15852183413217436
178	0.14567290825960716
179	0.5281141665425191
182	0.46120303385867456
184	0.49677521643971273
185	0.18468398066540853
187	0.15657021565063356
189	0.134646635896622
193	0.5081873898065694
199	0.08193622414533307
200	0.1265044045160322
201	0.4778916712529114
202	0.41999804108575495
203	0.11438782954569442
209	0.6079747454162022
211	0.1252764475109814
212	0.10162356999566471
214	0.5005710407466739
215	0.16417163638368057
221	0.14381528270402422
223	0.5346176264472664
224	0.15447632503187128
226	0.12275445090622776
228	0.2528028261341547
230	0.12990099148085657
232	0.1280497770761928
233	0.11435026753842828
234	0.13376334960117178
235	0.4864829283086271
236	0.5408747636245639
237	0.1973620055654326
238	0.1282042032217218
242	0.41796047315691964
243	0.4833236959657757
244	0.14547868811509335
245	0.1645076845669891
246	0.08832965400044393
250	0.5466772425829848
251	0.5020362185302387
252	0.5222735963414962
253	0.5240625443546849
256	0.532231586876245
262	0.10862990293365682
265	0.5455138338575013
267	0.14954642690838305
269	0.4592372707294578
270	0.15550327095772123
271	0.13314905292944657
273	0.09641740531582672
276	0.13221351884291854
278	0.09491693201343424
279	0.1343795088821775
280	0.4920692791920709
286	0.10550296669140528
290	0.15744570392871518
291	0.13415566079731203
292	0.1350942466000094
293	0.07840481095923675
294	0.564727006416929
295	0.12086958780704134
296	0.15206835081878808
298	0.13043657080151524
303	0.10368781308538179
304	0.09111208867277086
305	0.20277301152931806
307	0.5375543679747838
308	0.12005326516147208
311	0.11759132335081564
314	0.524580807471436
316	0.06782611000424499
321	0.5559420327835477
323	0.48093436908734405
324	0.49198073545958654
325	0.13691806432940112
327	0.5255533315973692
328	0.144659314506131
329	0.15556400529632525
337	0.19883321277423693
339	0.12139227923613685
340	0.5084858751921827
342	0.5043549040590837
343	0.12527502331521928
344	0.46494739459637413
347	0.10300686535998146
348	0.09922629284618428
350	0.14556291735231633
357	0.12479283377888317
358	0.5738261081524249
359	0.1535545574612887
363	0.4855483239830398
365	0.4994171647354522
370	0.10074721263023656
371	0.12917413093224117
373	0.49751096265947853
374	0.1002229286166807
378	0.14380222302812629
380	0.14538293424907434
382	0.1463869122351706
383	0.1454200571656278
385	0.14378000011558578
388	0.13583067982811384
390	0.5048781642974014
392	0.13594689633976506
394	0.10553771536913963
398	0.14660708426226848
400	0.13984647503298314
402	0.5112575360014215
403	0.1085675273791579
404	0.16619221094685116
406	0.5098631742251905
407	0.13052377878155674
410	0.09689825770218916
411	0.11177826893986262
422	0.10741452482494193
423	0.1645739784808841
427	0.13838213410515998
428	0.47850748688286343
430	0.14532555718776535
434	0.14032077875448112
437	0.12688123971795626
438	0.48509815653792243
441	0.49374801596009926
445	0.8518871017149964
450	0.1380201793968446
454	0.09763044599314517
455	0.09672680605059183
457	0.12069567319080962
458	0.49207009026838755
459	0.12536731061066692
461	0.09027022782217273
465	0.12718084275796557
467	0.11051493562155042
468	0.5243296779454397
475	0.11432745020513166
478	0.14419755379944416
480	0.5882293622165677
485	0.377896107737665
486	0.10614582717287446
487	0.13690447713338008
491	0.16667452154193457
493	0.12248140623812745
495	0.12195785850070404
497	0.14726369842306591
500	0.13672847650867248
501	0.1370256168795468
503	0.5271306826895574
506	0.11277696460282569
508	0.5374940990557793
514	0.15368134501193279
515	0.0954652121554576
516	0.16211958226792508
517	0.09909415372209199
523	0.14149595568143747
525	0.5736256995862844
526	0.19809295264333504
532	0.12748966903224146
534	0.13744881855799718
535	0.10900117166348511
536	0.13125360810160852
538	0.11652618934831231
539	0.17980019970203243
543	0.13923673835297637
549	0.19986171380331258
551	0.14439257131968306
555	0.1873475677822632
557	0.1263488633513991
562	0.11356623003746101
569	0.5048781642974014
571	0.1405167398183904
576	0.13551357644499598
577	0.11085043488052668
579	0.4725458121562978
581	0.1617923001984731
582	0.1166170815468986
584	0.5091001445500846
586	0.12799746505602122
588	0.10931813606318602
589	0.5902787391066047
592	0.11181502348669577
597	0.11841333652734332
598	0.10777198702045228
599	0.5130158194933472
602	0.10767963158827686
603	0.18700371437494032
605	0.5175728102995918
606	0.12971336216829824
612	0.1647882902140743
614	0.6573881022522874
618	0.143023574234933
625	0.14684087763868314
629	0.1427118741261714
630	0.12036496651731553
633	0.14054310776442178
635	0.5137836448288444
637	0.5613097418192834
640	0.1627456411249662
641	0.49071161344560377
643	0.511237355025542
647	0.13078499235812943
649	0.5661656506772883
652	0.15084010978391865
653	0.17024980260993863
654	0.11384269091570932
657	0.11016482680035436
658	0.5640443802855296
659	0.1632603413935198
661	0.1287952480356364
664	0.1359460755267446
665	0.5216352507727697
666	0.11972246633881639
668	0.49629455623632995
669	0.5572430522381266
674	0.11529011819302086
676	0.5152845148141526
677	0.16302324645731445
678	0.6075453938438193
680	0.5436993016145097
682	0.14724943894285716
683	0.49525733954100837
684	0.12312748381137115
688	0.13592873654160803
690	0.14669341732123925
691	0.17122936181811454
692	0.4944310686709771
693	0.13243040040140214
700	0.11822917864266624
701	0.10974012929556938
702	0.5502467236098267
704	0.2107456397666551
705	0.14078588713016887
706	0.49845696610238865
709	0.13985535953022935
713	0.11338554216384555
715	0.533380965049138
721	0.11002486282398996
722	0.1968102882780367
726	0.5695601416484901
727	0.09506265246093934
730	0.5522172457448282
732	0.16590494716410253
734	0.13400393734389024
735	0.5048781642974014
736	0.5880301201045444
738	0.11909604470214188
742	0.4955601754313298
743	0.11508280482503241
744	0.44037445677282916
746	0.12489273390546135
747	0.12156672188379591
748	0.12562817145299116
749	0.1276375192973625
750	0.1613713593070571
751	0.4737649160420402
752	0.11726818516526143
753	0.5582820504494334
755	0.5604454118818881
756	0.13147780308543644
757	0.4851523754545258
759	0.5572237339028183
760	0.5417898946592149
763	0.4715920994612689
764	0.5117904250168801
765	0.12963398644146412
767	0.50851890114857
768	0.5759849963492927
769	0.547680331508083
770	0.13053789020782236
771	0.49094913739695906
773	0.12437014609581724
777	0.4656301900631542
779	0.4955837927291697
780	0.12146747486554554
782	0.14778844319684323
784	0.14217654627680737
785	0.11533867054842899
786	0.13684613641610394
787	0.15529751366446856
792	0.4963865856337026
793	0.5198983408757041
795	0.4741210937163456
799	0.11742022882738348
800	0.13592873654160806
803	0.16236404130878526
806	0.5319634359602118
817	0.5131183345330083
820	0.044308445533616736
822	0.09694288116629834
829	0.1359287365416081
831	0.5401312877290881
833	0.5196415096614184
837	0.13591161225536366
838	0.12589507918010817
839	0.5286705961150695
840	0.4946948307888555
845	0.1522948235593664
849	0.5048781642974014
850	0.1378251855820487
852	0.48658023369727754
853	0.13844205996685935
854	0.14653158404715955
857	0.07233600686789105
861	0.18529921711088762
862	0.13030143297268892
868	0.1349424483867445
869	0.48749188180112113
870	0.49495120246364827
877	0.5035105466001818
883	0.4828753368504724
885	0.14674633438994458
886	0.14059144699783072
887	0.12481086647496034
893	0.5030555111981692
894	0.5090528032889783
895	0.48107388752100333
896	0.12431285214698264
897	0.12574022889592953
899	0.11641298274685945
901	0.13992324472798606
902	0.13257931933762648
903	0.11014705486202296
906	0.1369626310955233
908	0.11913328807233987
909	0.17916658349097003
910	0.5947173938101527
912	0.48943150192176893
919	0.11353786741608285
922	0.5097588572409015
924	0.5529856206715115
928	0.5092480370994269
931	0.12903975100970067
932	0.12036049660977323
933	0.10066781591007236
936	0.1428469931895744
937	0.20850322255804318
938	0.12238688657569333
940	0.5378342032793713
941	0.48087772396879863
942	0.13888729437248942
945	0.0
0	0.0
0	0.0
0	0.0
0	0.0
0	0.0
0	0.0
0	0.0
0	0.0
0	0.0
0	0.0
0	0.0
0	0.0
0	0.0
0	0.0
0	0.0
0	0.0
0	0.0
0	0.0
0	0.0
0	0.0
0	0.0
0	0.0
0	0.0
0	0.0
0	0.0
0	0.0
0	0.0
0	0.0
0	0.0
0	0.0
0	0.0
0	0.0
0	0.0
0	0.0
0	0.0
0	0.0
0	0.0
0	0.0
0	0.0
0	0.0
0	0.0
0	0.0
0	0.0
0	0.0
0	0.0
0	0.0
0	0.0
0	0.0
0	0.0
0	0.0
0	0.0
0	0.0
0	0.0
0	0.0
0	0.0
0	0.0
0	0.0
0	0.0
0	0.0
0	0.0
0	0.0
0	0.0
0	0.0
0	0.0
0	0.0
0	0.0
0	0.0
0	0.0
0	0.0
0	0.0
0	0.0
0	0.0
0	0.0
0	0.0
0	0.0
0	0.0
0	0.0
0	0.0
0	0.0
0	0.0
0	0.0
0	0.0
0	0.0
0	0.0
0	0.0
0	0.0
0	0.0
0	0.0
0	0.0
0	0.0
0	0.0
0	0.0
0	0.0
0	0.0
0	0.0
0	0.0
0	0.0
0	0.0
0	0.0
0	0.0
0	0.0
0	0.0
0	0.0
0	0.0
0	0.0
0	0.0
0	0.0
0	0.0
0	0.0
0	0.0
0	0.0
0	0.0
0	0.0
0	0.0
0	0.0
0	0.0
0	0.0
0	0.0
0	0.0
0	0.0
0	0.0
0	0.0
0	0.0
0	0.0
0	0.0
0	0.0
0	0.0
0	0.0
0	0.0
0	0.0
0	0.0
0	0.0
0	0.0
0	0.0
0	0.0
0	0.0
0	0.0
0	0.0
0	0.0
0	0.0
0	0.0
0	0.0
0	0.0
0	0.0
0	0.0
0	0.0
0	0.0
0	0.0
0	0.0
0	0.0
0	0.0
0	0.0
0	0.0
0	0.0
0	0.0
0	0.0
0	0.0
0	0.0
0	0.0
0	0.0
0	0.0
0	0.0
0	0.0
0	0.0
0	0.0
0	0.0
0	0.0
0	0.0
0	0.0
0	0.0
0	0.0
0	0.0
0	0.0
0	0.0
0	0.0
0	0.0
0	0.0
0	0.0
0	0.0
0	0.0
0	0.0
0	0.0
0	0.0
0	0.0
0	0.0
0	0.0
0	0.0
0	0.0
0	0.0
0	0.0
0	0.0
0	0.0
0	0.0
0	0.0
0	0.0
0	0.0
0	0.0
0	0.0
0	0.0
0	0.0
0	0.0
0	0.0
0	0.0
0	0.0
0	0.0
0	0.0
0	0.0
0	0.0
0	0.0
0	0.0
0	0.0
0	0.0
0	0.0
0	0.0
0	0.0
0	0.0
0	0.0
0	0.0
0	0.0
0	0.0
0	0.0
0	0.0
0	0.0
0	0.0
0	0.0
0	0.0
0	0.0
0	0.0
0	0.0
0	0.0
0	0.0
0	0.0
0	0.0
0	0.0
0	0.0
0	0.0
0	0.0
0	0.0
0	0.0
0	0.0
0	0.0
0	0.0
0	0.0
0	0.0
0	0.0
0	0.0
0	0.0
0	0.0
0	0.0
0	0.0
0	0.0
0	0.0
0	0.0
0	0.0
0	0.0
0	0.0
0	0.0
0	0.0
0	0.0
0	0.0
0	0.0
0	0.0
0	0.0
0	0.0
0	0.0
0	0.0
0	0.0
0	0.0
0	0.0
0	0.0
0	0.0
0	0.0
0	0.0
0	0.0
0	0.0
0	0.0
0	0.0
0	0.0
0	0.0
0	0.0
0	0.0
0	0.0
0	0.0
0	0.0
0	0.0
0	0.0
0	0.0
0	0.0
0	0.0
0	0.0
0	0.0
0	0.0
0	0.0
0	0.0
0	0.0
0	0.0
0	0.0
0	0.0
0	0.0
0	0.0
0	0.0
0	0.0
0	0.0
0	0.0
0	0.0
0	0.0
0	0.0
0	0.0
0	0.0
0	0.0
0	0.0
0	0.0
0	0.0
0	0.0
0	0.0
0	0.0
0	0.0
0	0.0
0	0.0
0	0.0
0	0.0
0	0.0
0	0.0
0	0.0
0	0.0
0	0.0
0	0.0
0	0.0
0	0.0
0	0.0
0	0.0
0	0.0
0	0.0
0	0.0
0	0.0
0	0.0
0	0.0
0	0.0
0	0.0
0	0.0
0	0.0
0	0.0
0	0.0
0	0.0
0	0.0
0	0.0
0	0.0
0	0.0
0	0.0
0	0.0
0	0.0
0	0.0
0	0.0
0	0.0
0	0.0
0	0.0
0	0.0
0	0.0
0	0.0
0	0.0
0	0.0
0	0.0
0	0.0
0	0.0
0	0.0
0	0.0
0	0.0
0	0.0
0	0.0
0	0.0
0	0.0
0	0.0
0	0.0
0	0.0
0	0.0
0	0.0
0	0.0
0	0.0
0	0.0
0	0.0
0	0.0
0	0.0
0	0.0
0	0.0
0	0.0
0	0.0
0	0.0
0	0.0
0	0.0
0	0.0
0	0.0
0	0.0
0	0.0
0	0.0
0	0.0
0	0.0
0	0.0
0	0.0
0	0.0
0	0.0
0	0.0
0	0.0
0	0.0
0	0.0
0	0.0
0	0.0
0	0.0
0	0.0
0	0.0
0	0.0
0	0.0
0	0.0
0	0.0
0	0.0
0	0.0
0	0.0
0	0.0
0	0.0
0	0.0
0	0.0
0	0.0
0	0.0
0	0.0
0	0.0
0	0.0
0	0.0
0	0.0
0	0.0
0	0.0
0	0.0
0	0.0
0	0.0
0	0.0
0	0.0
0	0.0
0	0.0
0	0.0
0	0.0
0	0.0
0	0.0
0	0.0
0	0.0
0	0.0
0	0.0
0	0.0
0	0.0
0	0.0
0	0.0
0	0.0
0	0.0
0	0.0
0	0.0
0	0.0
0	0.0
0	0.0
0	0.0
0	0.0
0	0.0
0	0.0
0	0.0
0	0.0
0	0.0
0	0.0
0	0.0
0	0.0
0	0.0
0	0.0
0	0.0
0	0.0
0	0.0
0	0.0
0	0.0
0	0.0
0	0.0
0	0.0
0	0.0
0	0.0
0	0.0
0	0.0
0	0.0
0	0.0
0	0.0
0	0.0
0	0.0
0	0.0
0	0.0
0	0.0
0	0.0
0	0.0
0	0.0
0	0.0
0	0.0
0	0.0
0	0.0
0	0.0
0	0.0
0	0.0
0	0.0
0	0.0
0	0.0
0	0.0
0	0.0
0	0.0
0	0.0
0	0.0
0	0.0
0	0.0
0	0.0
0	0.0
0	0.0
0	0.0
0	0.0
0	0.0
0	0.0
0	0.0
0	0.0
0	0.0
0	0.0
0	0.0
0	0.0
0	0.0
0	0.0
0	0.0
0	0.0
0	0.0
0	0.0
0	0.0
0	0.0
0	0.0
0	0.0
0	0.0
0	0.0
0	0.0
0	0.0
0	0.0
0	0.0
0	0.0
0	0.0
0	0.0
