1	0.357947871037644
2	0.04557096764621475
3	0.5406453063781826
4	0.5041908198814212
5	0.25599973816006766
7	0.004845254823001646
10	0.029421761233380653
13	0.4760108184620566
14	0.5336626790863137
18	0.49649556769283343
21	0.33563286524002656
22	0.2823231864702123
23	0.7384500594157973
24	0.2694442810379065
25	0.27668465360485583
26	0.29906146932420247
29	0.20875078733046318
30	0.06610591722253252
31	0.29068990699131153
33	0.02306827734429808
34	0.4351459682857721
37	0.28511748546724397
38	0.02781916360032302
40	0.27191252734826654
43	0.007686928831098491
44	0.061584268434957096
46	0.003917899567853891
47	0.2389921128386087
49	0.28622346456806924
53	0.04094177636296276
54	0.010473187715635376
58	0.5008914451402234
59	0.01511677024510398
60	0.27453493050454614
62	0.31507264925436235
63	0.5526904264224574
64	0.006625519235259801
65	0.03374772875535682
66	0.0021816019961414593
69	0.030699993297677804
72	0.48555498724417223
73	0.508602211617384
74	0.5191630319506021
75	0.27289037009911055
77	0.006390356766362647
79	0.28811336272030474
80	0.0713509573815281
82	0.29264593558212526
85	0.28847571775589875
87	0.022278484389166995
88	0.026414452356628166
89	0.00392812968930422
90	0.29013529636263624
92	0.48469374554713984
93	0.1062787325858611
94	0.5325295564158112
96	0.008302155452734668
97	0.0035186472873852542
98	0.028194046960228057
100	0.048686831496815734
103	0.08509050467313795
104	0.07026649634883515
105	0.5631121401988977
106	0.0746175041667211
107	0.26914471287570874
108	0.23039390565351747
112	0.2567023238574847
113	0.0462855684398136
115	0.24179351537869426
116	0.44086422713571527
117	0.010654192915872489
119	0.037704288443611025
121	0.30314953228212127
122	0.01425135383107217
129	0.2699129816244541
130	0.014989528558200751
131	0.030934867445797723
132	0.5212349732007415
135	0.007258293994535862
136	0.511914528250613
138	0.02193730817660322
139	0.007084429052263738
140	0.5002818110404237
141	0.060260802826636095
143	0.018079670908563786
144	0.2700075646672086
149	0.26921779878092733
151	0.07817988066634068
153	0.36017788338159185
156	0.008888759613286036
158	0.017794227610726427
159	0.05418753996731697
160	0.2924664117481913
162	0.24008111726089024
164	0.24465005179275007
165	0.0074583036197772325
168	0.025166128763630526
170	0.05146503133151675
171	0.030383851192050414
172	0.5117391718593346
173	0.5070100848266376
174	0.4742464202238687
176	0.03280827839944738
177	0.022621928652098895
178	0.001565988789546606
179	0.24504476958310112
184	0.7682633058724369
186	0.03416929225193077
188	0.27546062636192997
189	0.06315854650838097
192	0.3282920804658834
193	0.023816721794648214
195	0.2468678135130929
196	0.08927517262035885
198	0.31459610510989494
200	0.26021425579598356
201	0.26586559245730995
204	0.00763939552307771
206	0.3565512823008094
207	0.2506773144427755
208	0.03577350646051707
209	0.31074594895400415
210	0.5041154119202732
213	0.01057187131301665
214	0.4827576273378107
216	0.2654441539483289
217	0.2705878579085752
218	0.013709339324846762
219	0.03508543210750874
221	0.529242955503257
222	0.3316830961591744
225	0.0025520857509094066
226	0.31692004503680304
227	0.26560604408291605
232	0.3393323554520203
234	0.4947339716042386
235	0.4926545246052425
236	0.049690062438246474
237	0.47996246514264196
238	0.01131092905289239
239	0.769586954558044
240	0.519967056053239
243	0.2877452334074071
244	0.2481676149844173
247	0.03164284900386065
248	0.039678889289073364
249	0.23972686340674487
250	0.021978966020729813
252	0.2532105925809676
253	0.0211838717748021
254	0.012071958588900873
255	0.21501954598135556
256	0.05658690067502639
257	0.03746885903666526
259	0.45164816724746054
260	0.2294198796966491
262	0.23263235256717857
264	0.016078063809477086
266	0.24601394208673558
267	0.4914466146404183
268	0.2559417028674715
269	0.7984308391862865
270	0.0026373218708255416
271	0.7602042015103384
272	0.2891432412463399
276	0.48759528773133637
277	0.019598958890310804
280	0.2506800433378155
284	0.4898294213942682
285	0.3186636366398603
286	0.5384388376949731
287	0.27022165464028564
288	0.03204613199033473
291	0.4855696874454532
292	0.7626820965313217
293	0.1572883717809597
295	0.024828061712637635
296	0.26666143949144294
297	0.5557961154008118
298	0.025069998251358014
299	0.25343860507492194
303	0.726249335432279
305	0.3530551189521907
308	0.7816955914746934
311	0.3171364726505484
312	0.3082019135296184
313	0.05949630858380621
315	0.48531490244472225
316	0.10834190396226623
317	0.00715132722752148
319	0.25242907853777835
320	0.00549292454062876
321	0.014513844794037244
322	0.035031675890950145
325	0.26619187936124566
326	0.0676213477915628
327	0.24596884614498732
328	0.28232897473694585
329	0.5268884885061138
331	0.07660271941070097
332	0.03692488128036903
333	0.231384384809697
334	0.5100242120570784
335	0.05454582192756817
338	0.2734218941563521
341	0.30230938428863224
342	0.5422898749665129
343	0.22284961405343734
344	0.7621636379266764
345	0.2672773770623726
346	0.008829255754558084
347	0.4477366360701718
349	0.2521752020153236
350	0.031729237900464134
351	0.2807697993903789
352	0.24006119912049265
353	0.052035274507174614
354	0.5092718872899706
356	0.017071410093098226
357	0.03270093664490982
358	0.25057907662489837
359	0.012258271589307902
360	0.4987390229326556
361	0.5114125518680543
362	0.5122403621712253
363	0.033903606646304596
364	0.511496852043005
366	0.012356693510943158
367	0.022010908558067647
370	0.24652320956587728
372	0.023099733593499955
373	0.10842023727705791
374	0.3053481260194776
378	0.2613685148232352
379	0.2796637650934248
380	0.7897097297271508
381	0.06144985489075412
382	0.2535848067357097
384	0.2687853313304473
385	0.5476349520486907
386	0.2530197424793592
387	0.31274716064837266
388	0.04290575764216502
389	0.5416658281203788
390	0.2638046685214098
391	0.02828911492008101
392	0.23170644070313287
393	0.011958338020905436
394	0.2543169455526142
395	0.023464671038824256
397	0.24576974505786153
399	0.26494532402399734
402	0.0038468553545760245
403	0.030240508493307783
404	0.2791993061845658
406	0.513636497847977
407	0.49245992434154323
408	0.034107864982635655
409	0.25503463299943485
411	0.25298655431716854
412	0.002072409616052824
414	0.5259971979048792
415	0.23214488800311478
416	0.3381892750175374
417	0.2428114080246025
419	0.023330029809626913
420	0.5045720139470505
423	0.24079421965098327
424	0.3060422157165297
425	0.31889680391802233
426	0.27557957905943575
427	0.007785991794460628
428	0.2774292208301381
429	0.4743964892253738
430	0.5056387961571263
431	0.029931204266105575
433	0.23989833374309638
435	0.021640991677984327
436	0.4866431165632312
437	0.07820437362774255
438	0.23598341604912243
439	0.0011144376085276964
440	0.2461995504634827
442	0.25229359693018055
443	0.2366047338729239
444	0.2620902858533557
445	0.2697170505265641
446	0.0077563398819883375
447	0.32777386797846253
448	0.09134695375061139
449	0.00234996016038937
450	0.4806943784353928
451	0.03570055013103499
452	0.08354584341472288
453	0.26391906797112075
456	0.5417224224626719
457	0.5183287696127536
458	0.7809011056472581
460	0.49392353519666066
461	0.2604280863683236
462	0.027339306403489895
463	0.7926260296162118
464	0.24468183637100877
465	0.4848962253317085
466	0.23216576024389013
467	0.32900621629284965
468	0.012035109902431552
469	0.26737288163396605
473	0.02019736978244672
474	0.4915606402924173
475	0.0026244525781866992
476	0.04117292331347236
478	0.021851157286027087
479	0.5126034091591721
480	0.463880902009373
484	0.2520532588839305
485	0.5537329698788389
486	0.7740000505824067
487	0.23586361453783083
488	0.003619886276548537
490	0.5359184543308851
491	0.531039664945089
492	0.03625938024250555
493	0.009739536940402693
496	0.23355369414452537
497	0.24275058528327886
498	0.2933948333203668
499	0.292281908041187
500	0.5167454409041148
501	0.01632811450069474
504	0.30157257454657965
506	0.006525922347662146
507	0.01603425360848025
508	0.2595667466452115
510	0.22245808912089077
514	0.28988298476681496
516	0.24381661819926234
518	0.063447194955463
521	0.3006116192904935
522	0.24642874464875242
523	0.03965607983714079
524	0.03773606143935885
526	0.5955181269060479
527	0.06317117244020742
530	0.028441592715739455
531	0.4882240625909151
532	0.25896641629476325
533	0.05439653031196415
534	0.02101953081081916
535	0.031023689876765324
536	0.01444154184184723
537	0.5327564575518484
542	0.5820337769302724
543	0.5170529912927827
544	0.28707038313483607
547	0.5011485190338599
548	0.030879528215206967
549	0.48206946024198716
550	0.00493360191981651
551	0.47843154313151187
552	0.016122751639398938
553	0.2685126157156842
555	0.022263005233766432
556	0.2822390367776271
558	0.24751086333422634
559	0.036580707053962144
560	0.5490347107339281
561	0.5209889496394229
565	0.013084264274204605
566	0.5172539125147199
567	0.526041632851243
569	0.24731108528266996
570	0.5424072397693627
571	0.4908248332738706
572	0.13225315483886557
573	0.4984043726674261
574	0.004906579215720547
577	0.07184385185752498
579	0.204162539034013
581	0.464005020659287
582	0.283956923533939
586	0.268339742331424
587	0.2536992374203075
588	0.08042486958546871
590	0.5356972776192935
591	0.5156234298844296
592	0.2891875354427256
594	0.024087231556306158
595	0.29455686602264425
598	0.2571593926697789
599	0.007358943067310775
600	0.04806073333281245
601	0.3317264807242212
602	0.023218635755548785
603	0.5023083081783022
605	0.21954383003016434
606	0.3112725659131962
607	0.3013220775829045
608	0.22798723531172327
611	0.2478705164437118
612	0.029172374371522904
613	0.04525697418490916
614	0.051366987451367294
615	0.25245827719284025
616	0.017992840858321105
617	0.38418621411788695
621	0.015987216401471438
622	0.2648202217263631
624	0.4866408115082748
625	0.010043005787755792
626	0.531061087745549
627	0.2395896968774623
628	0.2616901065677253
630	0.008152871563304666
631	0.023522880373470223
634	0.25610628870410007
635	0.7224454042774704
636	0.04737232565858757
637	0.2788056954876677
639	0.29594724659479943
640	0.26017514634689337
641	0.25044798075905167
643	0.2730905858156468
645	0.5554667742444772
646	0.0952976556351123
648	0.06889928179362788
649	0.2799526791002469
650	0.31788841980757415
651	0.06989271752137763
652	0.5032705029073676
653	0.2584736700675002
654	0.28891615484379857
655	0.03197003845045665
656	0.1808865828578679
658	0.717936744556703
660	0.02709371227406481
661	0.277665756630765
662	0.07230672873394214
663	0.019596144538356692
664	0.5178724716896398
665	0.03804345139804055
666	0.7296005827083253
667	0.24797227913902026
668	0.07296699640855325
669	0.2683655339455557
670	0.2978080852752438
672	0.04058775844765682
673	0.021687239941497523
674	0.4863364706939438
676	0.28219553100094014
677	0.2556072387308133
678	0.05555407170443028
679	0.0008488432946913392
682	0.24740193132755295
683	0.2518010882451717
684	0.27666362569220576
686	0.5023358664951177
688	0.014985082806105547
690	0.013600059471656621
691	0.25862461539643866
693	0.49945838705397294
695	0.022682134117978946
696	0.4969464706171436
697	0.28694996182501215
699	0.25814936234314045
704	0.5187918401156423
705	0.010940399959174854
707	0.25492989560488455
709	0.21999449933178486
710	0.48967430287406183
711	0.5589335079407654
713	0.5183464165208977
715	0.01392544956133689
716	0.5363085264185883
717	0.27122360493225606
718	0.07343111545411904
719	0.010470297119271547
720	0.47822897350933813
721	0.07057380508007548
724	0.3565512823008094
725	0.2858880595632804
727	0.28287068739277316
728	0.2817484326066939
730	0.00998257263125623
731	0.0049233502871463344
733	0.7540617732122765
734	0.018661013438981605
735	0.29076533343088845
736	0.25046677742434553
737	0.5147562894259243
738	0.27893994544703893
739	0.028293791185391326
740	0.5115528804478029
741	0.5377131691837875
742	0.5017115772874092
743	0.7378999448191137
744	0.2994865144347054
745	0.5124164758827034
746	0.0017310022562333043
747	0.28949317550378995
748	0.7622233078229259
749	0.020910708270225183
752	0.3063194775431728
754	0.2624639629845725
755	0.23898916152313274
756	0.2609126715461392
757	0.5032835131576074
758	0.32283359226229424
759	0.02940302070513339
762	0.05570853941573496
763	0.32412450198687925
764	0.01136763905000764
765	0.05650689251275874
766	0.2784178042372391
767	0.0060224177474867
768	0.2971191442182026
770	0.2861804265393949
771	0.04404621775588381
772	0.27996684727612614
773	0.5234914835987792
774	0.23703718574625612
776	0.004613046876947274
778	0.030499850824664332
781	0.04374708268421649
782	0.016281887009277997
783	0.05422580537054507
784	0.017698671777035546
787	0.2539269798625948
788	0.25019900180182725
789	0.23071843219689236
790	0.052674539725252476
791	0.22108279225495192
792	0.22528109496307994
793	0.09010862184565954
794	0.31055375137005065
795	0.48843233463755725
796	0.04674741399570857
800	0.2527032182645657
801	0.022574613395474435
803	0.23072151507753044
804	0.013561342099333816
805	0.5065340586634809
806	0.2558935116986919
807	0.4947952540532607
808	0.5200441064325082
809	0.28785856337342774
810	0.25763458707969356
814	0.26714505030256597
815	0.01038864079001145
816	0.015978964300123424
817	0.022229859204069113
818	0.033561689993768754
819	0.28075856493910856
820	0.7280088437197306
821	0.534838817800553
822	0.2760346822266472
823	0.27898778720294887
824	0.2954777301403981
826	0.04228417450816813
828	0.530473334161451
829	0.2527032182645656
830	0.28720255852300536
831	0.008967648279670355
832	0.00880281023331593
833	0.506698574534338
835	0.22518352839045475
836	0.2996698499861578
837	0.020472457819941763
838	0.015733717379520645
839	0.2862584856259617
840	0.24905351940681078
841	0.5693821654308281
842	0.28735224956706035
843	0.05777943523453369
846	0.5729607449496048
847	0.024440804611821455
848	0.05860414847785625
851	0.5150518646129668
852	0.010163865049724496
853	0.28648280801153025
855	0.009941967881682293
856	0.007131854415071789
858	0.2369096369495308
859	0.017958856554298103
860	0.2619891994016593
862	0.23657836062567864
863	0.007067818903859869
864	0.3015274394491727
865	0.8752299911684203
867	0.5657487062718629
868	0.49963005666683247
870	0.25220142862667694
871	0.05019092345478912
873	0.2652656136571059
874	0.5028371540777057
876	0.06465772144581054
877	0.0023906468248432594
878	0.2500412018318788
879	0.04952431348628128
880	0.5093710422974121
881	0.27125905803032097
882	0.27334890890194186
883	0.4984022040984038
886	0.3253995165243874
887	0.5690796716559854
888	0.057024261850550886
889	0.29220456404349915
890	0.23854256468521565
891	0.012964595672398598
892	0.5027938312498762
893	0.0010915286293516312
894	0.2717769298695715
896	0.29388821978740004
898	0.2305670026712878
899	0.518239387449426
900	0.18025856349860553
901	0.007858338563368317
903	0.2794460717122698
905	0.5369714802078646
907	0.04705208019503691
908	0.2880359324806602
910	0.22623578614710527
913	0.49178035766747574
915	0.02703971760579854
916	0.5565958495354987
917	0.04988831115356901
918	0.55704258788407
919	0.5325545599314726
920	0.24962418808095677
922	0.08205429505702286
923	0.2582978682136792
924	0.017851046203607418
925	0.2592223294186898
926	0.045096835624144536
927	0.02922407293938814
928	0.5097655064128215
930	0.04570767563005501
931	0.511472711049965
932	0.7672270856875181
933	0.728953273492248
934	0.49941654652032663
935	0.00671561942267147
936	0.5239603708183836
937	0.3149554349891491
938	0.2355954534200152
940	0.7234212109815188
941	0.2385786545199367
942	0.2508777803200805
943	0.264115392146646
0	0.0
0	0.0
0	0.0
0	0.0
0	0.0
0	0.0
0	0.0
0	0.0
0	0.0
0	0.0
0	0.0
0	0.0
0	0.0
0	0.0
0	0.0
0	0.0
0	0.0
0	0.0
0	0.0
0	0.0
0	0.0
0	0.0
0	0.0
0	0.0
0	0.0
0	0.0
0	0.0
0	0.0
0	0.0
0	0.0
0	0.0
0	0.0
0	0.0
0	0.0
0	0.0
0	0.0
0	0.0
0	0.0
0	0.0
0	0.0
0	0.0
0	0.0
0	0.0
0	0.0
0	0.0
0	0.0
0	0.0
0	0.0
0	0.0
0	0.0
0	0.0
0	0.0
0	0.0
0	0.0
0	0.0
0	0.0
0	0.0
0	0.0
0	0.0
0	0.0
0	0.0
0	0.0
0	0.0
0	0.0
0	0.0
0	0.0
0	0.0
0	0.0
0	0.0
0	0.0
0	0.0
0	0.0
0	0.0
0	0.0
0	0.0
0	0.0
0	0.0
0	0.0
0	0.0
0	0.0
0	0.0
0	0.0
0	0.0
0	0.0
0	0.0
0	0.0
0	0.0
0	0.0
0	0.0
0	0.0
0	0.0
0	0.0
0	0.0
0	0.0
0	0.0
0	0.0
0	0.0
0	0.0
0	0.0
0	0.0
0	0.0
0	0.0
0	0.0
0	0.0
0	0.0
0	0.0
0	0.0
0	0.0
0	0.0
0	0.0
0	0.0
0	0.0
0	0.0
0	0.0
0	0.0
0	0.0
0	0.0
0	0.0
0	0.0
0	0.0
0	0.0
0	0.0
0	0.0
0	0.0
0	0.0
0	0.0
0	0.0
0	0.0
0	0.0
0	0.0
0	0.0
0	0.0
0	0.0
0	0.0
0	0.0
0	0.0
0	0.0
0	0.0
0	0.0
0	0.0
0	0.0
0	0.0
0	0.0
0	0.0
0	0.0
0	0.0
0	0.0
0	0.0
0	0.0
0	0.0
0	0.0
0	0.0
0	0.0
0	0.0
0	0.0
0	0.0
0	0.0
0	0.0
0	0.0
0	0.0
0	0.0
0	0.0
0	0.0
0	0.0
0	0.0
0	0.0
0	0.0
0	0.0
0	0.0
0	0.0
0	0.0
0	0.0
0	0.0
0	0.0
0	0.0
0	0.0
0	0.0
0	0.0
0	0.0
0	0.0
0	0.0
0	0.0
0	0.0
0	0.0
0	0.0
0	0.0
0	0.0
0	0.0
0	0.0
0	0.0
0	0.0
0	0.0
0	0.0
0	0.0
0	0.0
0	0.0
0	0.0
0	0.0
0	0.0
0	0.0
0	0.0
0	0.0
0	0.0
0	0.0
0	0.0
0	0.0
0	0.0
0	0.0
0	0.0
0	0.0
0	0.0
0	0.0
0	0.0
0	0.0
0	0.0
0	0.0
0	0.0
0	0.0
0	0.0
0	0.0
0	0.0
0	0.0
0	0.0
0	0.0
0	0.0
0	0.0
0	0.0
0	0.0
0	0.0
0	0.0
0	0.0
0	0.0
0	0.0
0	0.0
0	0.0
0	0.0
0	0.0
0	0.0
0	0.0
0	0.0
0	0.0
0	0.0
0	0.0
0	0.0
0	0.0
0	0.0
0	0.0
0	0.0
0	0.0
0	0.0
0	0.0
0	0.0
0	0.0
0	0.0
0	0.0
0	0.0
0	0.0
0	0.0
0	0.0
0	0.0
0	0.0
0	0.0
0	0.0
0	0.0
0	0.0
0	0.0
0	0.0
0	0.0
0	0.0
0	0.0
0	0.0
0	0.0
0	0.0
0	0.0
0	0.0
0	0.0
0	0.0
0	0.0
0	0.0
0	0.0
0	0.0
0	0.0
0	0.0
0	0.0
0	0.0
0	0.0
0	0.0
0	0.0
0	0.0
0	0.0
0	0.0
0	0.0
0	0.0
