2	0.24667942558227732
4	0.03726478032626419
6	0.2533612242950407
8	0.05142661621497423
9	0.2906903633941858
11	0.010808759048318399
12	0.2554685166697322
15	0.0865262658092999
17	0.22770340232463077
18	0.2836634575852467
20	0.2552169944588056
22	0.2743785365157201
23	0.23055798789903728
24	0.034168232705647825
26	0.23916729353231764
27	0.2444988953000368
28	0.49540455568485164
29	0.3028156208688234
32	0.29046374021494203
33	0.258593020359119
34	0.4892975297440868
35	0.26234766920703784
37	0.27217791078811693
39	0.2504627282318293
42	0.006935764064075818
45	0.02668428339148737
46	0.3248988290575311
47	0.059835964172747697
48	0.4709033802687552
50	0.40446468393403784
51	0.03008995666224939
53	0.5188352508821876
54	0.2706217795447674
55	0.4920797649551639
56	0.24811985173986462
57	0.23614504003716807
58	0.005222722718292647
59	0.04190123988142889
61	0.3848573198466141
63	0.030872034394089636
64	0.27185197401335415
65	0.19698529233395104
66	0.4960795666273704
67	0.7343394455883244
68	0.2865444582569256
69	0.05401889330892796
70	0.4793556592188869
71	0.2681749415827735
72	0.2633868963849086
73	0.233686619490103
74	0.5181646839955445
75	0.2890919314064824
76	0.03820841197247458
77	0.24313816757569567
78	0.28988921478908075
79	0.24470065989012404
80	0.5305054732251571
82	0.06225893277909782
83	0.24976046529592516
84	0.2302875089915526
88	0.31465981203085275
89	0.042698435662061426
91	0.24275235909470264
92	0.2943850832141162
93	0.20204836072166799
94	0.018213654023558963
95	0.03144353410274821
98	0.28551945894529035
100	0.28422710775636545
101	0.26375237263183915
102	0.026719395231905703
103	0.36683464241532576
105	0.22807557510557927
106	0.1951681286437505
107	0.2791832689970431
108	0.03456293210991142
111	0.009689326729033311
112	0.772933446161373
113	0.05275486864130899
115	0.4716424875688299
117	0.3082278116162243
118	0.03835155692248482
119	0.2679668697025551
122	0.2791134709708439
123	0.0022690662112360496
124	0.23472416063761697
126	0.22513759018579294
127	0.24635951668597106
128	0.4903989850785069
129	0.019211786092027436
130	0.02616741822057273
131	0.26159962950009746
132	0.26498656980039503
133	0.2420827398110291
134	0.19810317439281774
135	0.3144811092256437
136	0.03860537758012201
137	0.2403755083668737
138	0.03776431446763035
139	0.4982223149517428
140	0.050770969848433906
141	0.45143290326528684
142	0.31320898838074474
143	0.49846087154241214
145	0.4400500418579288
146	0.21453655671719524
148	0.025288569388162853
149	0.5088108130321545
150	0.2755344239584716
152	0.25754970899369
153	0.6187757655194484
154	0.5279177062458933
155	0.49536791311220757
156	0.27765944615154886
157	0.25757545093934503
158	0.22322837922272426
159	0.2302671227174971
160	0.28473966374777987
161	0.49622330013576754
162	0.4589608336981349
163	0.4416198644077257
164	0.5118346240755736
166	0.5595240898830222
167	0.2676399985701421
168	0.019976431538672564
169	0.26568343718215287
170	0.19797797980130286
171	0.27820544581596585
172	0.20184468699015035
173	0.5086352663202354
174	0.33997060281755304
176	0.5312542647378243
177	0.2631395988422959
179	0.039928205680026065
180	0.2408424065699688
182	0.033625781578353636
183	0.4385919986140699
185	0.0027138105199692106
186	0.4221528048381151
187	0.27723264607167064
190	0.5262154550172476
191	0.24068413055030793
192	0.29841506355985986
193	0.039206147072579654
194	0.25285192493750697
195	0.5043748137121781
196	0.008921745288870395
197	0.0018589650666019225
198	0.2136851653610365
199	0.49840405414204525
202	0.08632818024553218
203	0.32026107008840204
204	0.4730944299725525
205	0.1375744754513737
207	0.01773215052230399
208	0.32475726215491196
210	0.47603647855741693
212	0.07378962488102796
213	0.7550319040475958
214	0.04441896271766385
215	0.28291854441968795
216	0.2591385999846022
217	0.5339242869910594
218	0.0012601308572801617
219	0.499995358458486
220	0.4694109258394946
221	0.5182217151309764
222	0.00011469170652513017
223	0.01054200089292344
225	0.29163641314982686
227	0.5184665671133653
229	0.7348108913133946
233	0.049686115644272014
235	0.035785271341340644
237	0.014572808359263313
239	0.01728897258290167
240	0.03823674069043313
241	0.4597251066719017
242	0.2903518243114817
244	0.5370353524221726
246	0.27146871740914325
247	0.060405079009332764
248	0.2085878597363039
249	0.293365517043102
251	0.04043583427874321
252	0.014351458741497135
254	0.2337673774323674
255	0.4748666462627117
257	0.25170069726691024
258	0.440596255656647
259	0.014587433277184557
260	0.2627561148967759
261	0.5159854394523647
262	0.32097484397575693
263	0.5190562970233864
265	0.4681393066670315
266	0.5828853963822231
270	0.26075274551113936
272	0.2542402492490214
273	0.3005118303534421
274	0.4647355103512475
275	0.04156406464829904
276	0.27060523604819126
277	0.5540671259720074
278	0.5419963825679273
280	0.018610419158202364
281	0.2578581767392312
282	0.2785337782544794
283	0.5247012500713685
284	0.2834587220302309
285	0.21907063658231585
286	0.023356147111478986
287	0.5455038082423345
288	0.5354637449388036
289	0.3296241314911695
290	0.029439547865957316
291	0.30379520367301593
292	0.031580455591818254
295	0.019319444581257186
296	0.07251890276483844
297	0.23183614833301544
300	0.5652820040521966
301	0.2630424282621886
303	0.014430064174074615
304	0.5112493609170822
306	0.23519026199717327
308	0.00853343814447085
309	0.2595069480266156
310	0.0726222763933776
312	0.003033526461870273
315	0.045546281395040564
316	0.01254510010841127
317	0.5445835050530924
318	0.5147025053837712
319	0.7756520518589082
320	0.28110379451358297
325	0.026660703881571848
330	0.03434165120026812
331	0.02200726654132932
332	0.03461888818449841
333	0.26319896225388273
335	0.5429056081784076
336	0.1989545082854963
338	0.24888319456232413
339	0.015978964300123424
341	0.4981526885609175
342	0.020170521495610827
343	0.031130544575365522
345	0.01602866580051388
346	0.27299697659871386
347	0.043536729063277185
348	0.24039892118858505
349	0.3699618343147983
350	0.06129402423840672
351	0.485541081473455
352	0.040946357097272484
353	0.5780596333012202
354	0.25838885303519055
355	0.2547649186016277
356	0.4135207286601178
357	0.5335473206165894
359	0.012832499244964084
360	0.01866721557200051
362	0.2444106928000487
364	0.5068278235234764
365	0.23782378484267708
366	0.528772601243666
367	0.062116172755946664
368	0.03493372783645027
369	0.26633735781880813
370	0.04758144774131815
372	0.718511609835991
375	0.5610444982984911
376	0.25025472737411125
377	0.5372118036389147
379	0.0362244888625764
382	0.03546821379369817
383	0.03164458688360855
384	0.017142448470918698
386	0.2638188244931316
388	0.21684584840940774
391	0.01601071791865353
392	0.2721660003159245
394	0.017761912078265277
401	0.47873793307678125
403	0.031516308783284666
404	0.04013817810117652
408	0.17962529277125922
410	0.2516980467721459
411	0.026498631452069234
412	0.5076736182135266
413	0.04200932932033433
414	0.06039126222481993
415	0.30767873427248743
417	0.024073403112657564
418	0.2651480871486569
419	0.5501458220807304
420	0.25457387306365015
421	0.25317091301858896
423	0.03464799195560851
424	0.29072258988252137
425	0.03824855036851587
426	0.2443489621871922
427	0.2684015877264772
429	0.00449291962565522
430	0.2228320833032446
431	0.23019419428614848
432	0.5454671319072963
433	0.24260014377027822
434	0.020860980642447326
435	0.06265202953094659
436	0.26202528698360544
438	0.2762991146508956
439	0.28014111360620836
440	0.04514342185286001
441	0.03244733507759939
442	0.020633094647331172
443	0.5559957631755311
444	0.45293065650708403
449	0.26932354578053347
450	0.301851290694835
451	0.44938089616404675
453	0.2653015602825802
456	0.02828873988464786
460	0.03361140631875488
461	0.0842264548493157
462	0.45396105580470036
464	0.27216136098668964
465	0.03148861376892843
466	0.2433338855387977
467	0.0292373504080142
469	0.0344672213408596
470	0.4848566884476551
471	0.03268354603796503
472	0.5404664513804688
473	0.5438014441175851
474	0.029283282128125202
475	0.027040737619646003
476	0.2869058666456549
477	0.4551624395164926
478	0.23897464367002133
479	0.24316090195866882
482	0.5176521852158229
483	0.02632160075556017
484	0.04721987862587683
485	0.03364521681147003
487	0.300047790725392
489	0.21134600903270467
491	0.2156028852872346
492	0.0630213009507831
494	0.2857015030195393
496	0.47815875591942975
497	0.5100040980919591
499	0.4660865119178551
500	0.004460850326023266
502	0.2508711140376218
504	0.004785047836678463
505	0.023173435392575097
507	0.27350294119828517
510	0.7729838498900009
511	0.26039725525317714
512	0.25388859921043094
513	0.03128290242396148
515	0.21312058007480245
516	0.2949761546629283
518	0.2399563191932714
520	0.4604046197284741
521	0.024057425467742134
522	0.26815194600517755
523	0.013843977793073059
524	0.039513219653220084
525	0.022487644742921645
527	0.2296812809540491
528	0.027442220537315973
529	0.051901285346619884
530	0.49600145498775183
531	0.27341509160683725
534	0.5053490831180163
537	0.2773122032949353
540	0.3072793427752899
541	0.0007908682950043822
543	0.2072380635362437
544	0.4325000770281312
545	0.012892797458693355
546	0.04823629432787696
547	0.239929849826817
549	0.2284997160861003
550	0.21664580472988282
551	0.03129869640176238
552	0.5343338670644778
553	0.024591921246194325
554	0.2434048434625148
555	0.025287661383391932
556	0.05290357671912946
557	0.04092152192548851
558	0.5448779569563689
559	0.21767605517838384
560	0.06384594283256254
561	0.03612504028668032
563	0.26801332719044274
565	0.2163678763933911
566	0.5038992246094586
568	0.015488362898864915
570	0.2890186983846168
573	0.03530650186120861
574	0.2912845420692415
575	0.02658979874900179
578	0.5333363227340976
579	0.035025757993109086
580	0.022157116119904993
581	0.26197724311366977
582	0.10475038303698497
583	0.0036639670350064255
585	0.23470139973797782
586	0.3011918031136982
587	0.46636144529306023
590	0.2527951290843508
591	0.2644026532782082
593	0.02214664867804342
594	0.518502960865515
596	0.2545878620676506
598	0.3396195646879067
599	0.22418487047059577
600	0.20097086592316807
601	0.022852007653591907
602	0.09878221808209074
603	0.2567270327934211
605	0.27919666335568427
607	0.05613957167720368
608	0.2872973153782683
609	0.3461809181598799
610	0.5155273940398054
611	0.5044901278838049
612	0.4564815555132604
616	0.02844650482486877
618	0.008179741825131343
620	0.037563986885443365
622	0.28987393109191273
624	0.2955309195224677
626	0.2631961865247181
628	0.2639489505841597
630	0.5294078115827893
631	0.7074152767209857
635	0.03782897216821415
636	0.03556782695518864
638	0.23961873595000477
639	0.007149072228504569
642	0.04435449343545596
646	0.23364411217489897
651	0.22948703054304245
652	0.24421578531781013
653	0.017523267024548976
657	0.034549915639390305
658	0.01144893864588073
660	0.03974302236221367
662	0.7588561000827435
663	0.5012292928787354
666	0.02859888807855531
667	0.25982054732433746
668	0.21496088228222823
670	0.0311170424299973
672	0.3178589235489636
673	0.22917936814617865
674	0.3448644330472567
675	0.07984193300395459
676	0.046097788725473654
677	0.48412688610565136
678	0.23110211430609948
679	0.26606092264453357
681	0.25908534064468736
686	0.2717441114854202
687	0.5035162565234853
688	0.009023895746467059
689	0.018234456044825525
690	0.2295980066763324
691	0.5067902889470278
693	0.004433223918154136
695	0.0514866077978822
696	0.2447445955207897
697	0.0286057915568202
698	0.2647564430808968
699	0.28452637646537016
701	0.045800686334366146
702	0.018584492723676842
703	0.2564941974297539
705	0.5092599394174706
706	0.04813363562125769
708	0.047001666334871975
709	0.2410490094988475
710	0.26209747646815795
711	0.022181679187838962
712	0.5218694170252298
713	0.23625322769368987
714	0.0016902756570520185
715	0.22971496045961087
716	0.2767712575529254
717	0.2922348727137804
718	0.4568837588920205
719	0.2495786456101669
720	0.22879927646921305
723	0.24341473004710595
725	0.5382436672071191
727	0.015626910111586047
728	0.314258260690674
729	0.4454792823877547
731	0.039572263560503015
732	0.23145440027014247
736	0.022385752891486047
737	0.06231883351656167
738	0.017318843020670563
739	0.025313741833755038
740	0.45475659095942256
742	0.3105242151033037
743	0.28302597190534307
745	0.22652391769858976
746	0.04281841099355045
750	0.03285142134082089
752	0.0639391641707575
754	0.5483664598252508
756	0.053768134465379355
761	0.2462467147389662
763	0.024265811890091082
765	0.0531547455128982
767	0.015108205415240591
768	0.2665116233009796
769	0.006116200914043846
770	0.2737148725437163
775	0.2797074948479637
776	0.24850656093401735
778	0.5477596777037238
781	0.028970744803677798
783	0.2586925152160569
784	0.4614312848971493
787	0.04580537555721589
788	0.018861747104314378
789	0.48459633081843484
790	0.4663823536999773
791	0.2442307936555864
792	0.03278568261492477
794	0.2959941076484969
795	0.02180659292825841
796	0.2485411631256937
798	0.258926678939989
800	0.029327661176017754
801	0.49845452129981405
802	5.8914206422344684e-05
803	0.25989274933400297
804	0.2239865031300271
805	0.20361614130119848
807	0.30564457360108516
808	0.286175448185665
809	0.3329844233648802
810	0.2680685583093223
811	0.19133097988751477
812	0.5041810895109046
813	0.5046675890225051
814	0.7693376672001109
815	0.02680308887932604
817	0.2949856936470196
818	0.27699646083315926
819	0.25809381816495275
820	0.2831986603774196
821	0.012516644207379891
822	0.3117568329994319
824	0.4317042704892108
825	0.002005525652133522
826	0.25106818429400424
827	0.4569227554647144
828	0.03161075108923374
830	0.005383972361411436
832	0.5360518284187369
834	0.25429321220718787
835	0.013212904516737602
836	0.03240622947338777
838	0.04091110277718908
839	0.01691654110803516
841	0.04526507147254279
842	0.007310639066736506
844	0.10839003474449427
847	0.25599959139397993
850	0.03683839127358983
851	0.03544709558977398
852	0.2918707556761841
853	0.22193751413276844
854	0.2638722360277973
855	0.4639503146829281
856	0.5146609496763502
857	0.05456367607650811
858	0.26903818040530797
859	0.7787130262103834
860	0.27834431945110194
861	0.2530729984415569
862	0.036746398876271666
863	0.2622610734113951
864	0.00794261844406554
865	0.05327486499667175
866	0.13364036504510726
868	0.02994731225552232
869	0.029344783962265853
871	0.01799443071276139
872	0.43517862771800436
873	0.7301410903473069
874	0.0016239284263026392
876	0.22971429828066847
878	0.2386077201609507
879	0.34307231261304266
880	0.25426933641654137
884	0.01875059685542947
888	0.24301448726173708
889	0.2550468208255116
891	0.2923754387660715
892	0.22812515322452154
893	0.04545717933207911
897	0.018050117606066104
898	0.2259164258232772
900	0.00023378134766530168
901	0.2344270478255174
904	0.2676273991012029
905	0.21289599288424876
906	0.3000655483713356
907	0.056444583138914976
909	0.2621793036791918
910	0.2326323231325754
913	0.23628633726690934
914	0.5177247498546583
915	0.2281088295391782
916	0.2361255910412046
917	0.3505949299579731
918	0.20815837206591223
919	0.03062482822444522
920	0.5148990966670032
921	0.03414053307843458
923	0.5398497207353297
925	0.7254624843084838
926	0.055740681174317755
927	0.2696176882299054
928	0.03817455882009174
929	0.3081054856083183
930	0.2913783580341474
931	0.2950254782575019
933	0.04801163504412359
934	0.019362509895576287
935	0.49529497471173234
936	0.0369469597513514
938	0.049245764791581256
939	0.3023284407170592
940	0.015626008783604213
941	0.02727541083916779
943	0.5136805174237683
0	0.0
0	0.0
0	0.0
0	0.0
0	0.0
0	0.0
0	0.0
0	0.0
0	0.0
0	0.0
0	0.0
0	0.0
0	0.0
0	0.0
0	0.0
0	0.0
0	0.0
0	0.0
0	0.0
0	0.0
0	0.0
0	0.0
0	0.0
0	0.0
0	0.0
0	0.0
0	0.0
0	0.0
0	0.0
0	0.0
0	0.0
0	0.0
0	0.0
0	0.0
0	0.0
0	0.0
0	0.0
0	0.0
0	0.0
0	0.0
0	0.0
0	0.0
0	0.0
0	0.0
0	0.0
0	0.0
0	0.0
0	0.0
0	0.0
0	0.0
0	0.0
0	0.0
0	0.0
0	0.0
0	0.0
0	0.0
0	0.0
0	0.0
0	0.0
0	0.0
0	0.0
0	0.0
0	0.0
0	0.0
0	0.0
0	0.0
0	0.0
0	0.0
0	0.0
0	0.0
0	0.0
0	0.0
0	0.0
0	0.0
0	0.0
0	0.0
0	0.0
0	0.0
0	0.0
0	0.0
0	0.0
0	0.0
0	0.0
0	0.0
0	0.0
0	0.0
0	0.0
0	0.0
0	0.0
0	0.0
0	0.0
0	0.0
0	0.0
0	0.0
0	0.0
0	0.0
0	0.0
0	0.0
0	0.0
0	0.0
0	0.0
0	0.0
0	0.0
0	0.0
0	0.0
0	0.0
0	0.0
0	0.0
0	0.0
0	0.0
0	0.0
0	0.0
0	0.0
0	0.0
0	0.0
0	0.0
0	0.0
0	0.0
0	0.0
0	0.0
0	0.0
0	0.0
0	0.0
0	0.0
0	0.0
0	0.0
0	0.0
0	0.0
0	0.0
0	0.0
0	0.0
0	0.0
0	0.0
0	0.0
0	0.0
0	0.0
0	0.0
0	0.0
0	0.0
0	0.0
0	0.0
0	0.0
0	0.0
0	0.0
0	0.0
0	0.0
0	0.0
0	0.0
0	0.0
0	0.0
0	0.0
0	0.0
0	0.0
0	0.0
0	0.0
0	0.0
0	0.0
0	0.0
0	0.0
0	0.0
0	0.0
0	0.0
0	0.0
0	0.0
0	0.0
0	0.0
0	0.0
0	0.0
0	0.0
0	0.0
0	0.0
0	0.0
0	0.0
0	0.0
0	0.0
0	0.0
0	0.0
0	0.0
0	0.0
0	0.0
0	0.0
0	0.0
0	0.0
0	0.0
0	0.0
0	0.0
0	0.0
0	0.0
0	0.0
0	0.0
0	0.0
0	0.0
0	0.0
0	0.0
0	0.0
0	0.0
0	0.0
0	0.0
0	0.0
0	0.0
0	0.0
0	0.0
0	0.0
0	0.0
0	0.0
0	0.0
0	0.0
0	0.0
0	0.0
0	0.0
0	0.0
0	0.0
0	0.0
0	0.0
0	0.0
0	0.0
0	0.0
0	0.0
0	0.0
0	0.0
0	0.0
0	0.0
0	0.0
0	0.0
0	0.0
0	0.0
0	0.0
0	0.0
0	0.0
0	0.0
0	0.0
0	0.0
0	0.0
0	0.0
0	0.0
0	0.0
0	0.0
0	0.0
0	0.0
0	0.0
0	0.0
0	0.0
0	0.0
0	0.0
0	0.0
0	0.0
0	0.0
0	0.0
0	0.0
0	0.0
0	0.0
0	0.0
0	0.0
0	0.0
0	0.0
0	0.0
0	0.0
0	0.0
0	0.0
0	0.0
0	0.0
0	0.0
0	0.0
0	0.0
0	0.0
0	0.0
0	0.0
0	0.0
0	0.0
0	0.0
0	0.0
0	0.0
0	0.0
0	0.0
0	0.0
0	0.0
0	0.0
0	0.0
0	0.0
0	0.0
0	0.0
0	0.0
0	0.0
0	0.0
0	0.0
0	0.0
0	0.0
0	0.0
0	0.0
0	0.0
0	0.0
0	0.0
0	0.0
