1	0.27335834175913376
2	0.0477259344279389
4	0.00933697174353907
5	0.2717577851167406
6	0.5033982172953937
9	0.048947112977698076
10	0.5229058980247892
13	0.2304790348591435
14	0.24570280664741942
18	0.4974116841357236
21	0.2789990566060148
22	0.48599175915279147
23	0.3158071371931813
24	0.2565393158812017
26	0.511526739908745
27	0.19632110054229673
28	0.24470386598274288
29	0.2694067330064629
31	0.03575546839005001
33	0.33119664828790113
34	0.4783027325408617
35	0.22546960070457905
37	0.46440208554389045
39	0.05895667443277615
40	0.039626135363371
42	0.0027619887926935427
44	0.2607074059537232
45	0.22166110469329917
46	0.03181882451910355
47	0.023397428211611632
48	0.2803569663842435
49	0.03820023018529227
50	0.23040430090468067
54	0.23479168500620656
56	0.2970352919502995
57	0.4647613723588086
58	0.024487491308148104
59	0.5189026963882576
60	0.2508862031691519
62	0.2478302371835599
63	0.3590893370574001
64	0.09179922797074817
67	0.014448186615892953
68	0.19310037412312053
69	0.29092086766224756
70	0.4756172978278652
72	0.04576642257504548
73	0.5513252440420532
74	0.5186860423494986
77	0.05405063411679379
78	0.05517465001738567
80	0.2973673343474167
82	0.68943027662639
83	0.008611915325478565
85	0.0075555991003223785
87	0.21284541980877386
88	0.2674438227215901
89	0.013198378515366187
90	0.03786555976951722
91	0.26604843148132473
92	0.46289769701856937
94	0.04913864375239743
97	0.07117860050966003
100	0.4709264521634481
101	0.27156316220534454
103	0.2602257062264959
105	0.39288266686613843
106	0.03775142257791119
107	0.3431897407160505
110	0.20270929879601918
111	0.05282503563243182
112	0.2703179489030913
113	0.2970554056326515
114	0.22765191670851465
115	0.3520844094899017
117	0.24387184607652937
119	0.24178706515465254
120	0.004571316600068931
121	0.030357198466372238
126	0.03430241903852893
127	0.019004276851636085
129	0.6990792624103297
131	0.2305367347924763
132	0.3176799321621892
135	0.022160348799036937
136	0.5302875195093477
137	0.014091484430888403
138	0.2392852533326527
139	0.3060988110391476
140	0.28601854648043623
141	0.048229193860962014
142	0.2566292494927497
143	0.34299426829203067
145	0.26439722005103894
148	0.03313758857826772
149	0.5362806610431295
150	0.04993020681928896
153	0.13467101585751476
154	0.5087228453538276
155	0.25355610577308346
156	0.011616456657666308
158	0.19794641342287356
160	0.7376805675383379
164	0.35860008714211367
167	0.4455308810177695
168	0.2651538515580064
170	0.021246734446295185
172	0.36069007628889177
173	0.5251990803492825
174	0.6995089410813001
175	0.045245776201291596
176	0.02483058244536774
177	0.5408890793360929
179	0.22738014746929464
183	0.01721607437482621
184	0.049273017489277676
186	0.006303665074329612
188	0.2602010564574269
190	0.3249986782505967
195	0.5246830885559439
198	0.24193333864662686
200	0.11373864826074978
203	0.13083690491120983
204	0.26002920754215053
206	0.33426873745809454
207	0.5406750237554826
208	0.07219846910849924
210	0.5891573390098648
212	0.010639232233232043
213	0.3138062766045991
214	0.06409048950883667
215	0.20908589617572992
216	0.28072966525182436
217	0.33141530204726277
218	0.44662526603316005
219	0.4890255329018423
221	0.02930687308853686
222	0.2075978583276906
225	0.016225452948275508
227	0.2415342678305241
228	0.01101646641869385
229	0.28660270011116457
232	0.07056425879965333
234	0.25636666448071965
235	0.012930768169392239
237	0.026371366933286334
239	0.30939100336289416
240	0.5204130947530022
241	0.06206657329932544
243	0.03738779729505509
244	0.30554972534633695
246	0.2944977743767038
248	0.35525992942789036
249	0.4543809830910705
251	0.060125661948488104
252	0.19221367724530117
253	0.16505249195880872
254	0.22559244071112386
255	0.7799179000963976
256	0.2719109988974927
257	0.19617043148971988
259	0.267653825771755
260	0.23751324151933312
262	0.022716767671212106
263	0.2944160497516746
264	0.018320527123318664
265	0.06798512746497133
266	0.29481507823863534
267	0.21817312190846164
268	0.2505773367658293
269	0.010731640662931086
270	0.2742243000725107
271	0.24647234081217484
272	0.3251440985712878
274	0.2840428975621282
276	0.4846029539233672
277	0.0382499192483071
278	0.28379635506164247
280	0.0006598753034558966
281	0.22333314263201254
282	0.05688236772334665
283	0.3102497068744116
284	0.5757327586276085
285	0.3521585163337321
286	0.03838547087962414
287	0.2776927863508999
288	0.29785559584926896
291	0.26838099235275653
292	0.2633838006194912
293	0.26975889647216056
295	0.022428241104700933
296	0.4545146947803974
297	0.5773985737097586
298	0.244885249514809
299	0.26167162638440533
301	0.00519862168774992
302	0.010335198762796816
303	0.32827750553299545
308	0.5622646020111539
309	0.004446753845940978
312	0.32441490515480514
313	0.5379044706588284
315	0.03846376345604885
316	0.24352913920670538
317	0.5591403511864691
318	0.014417952335256778
319	0.5519139027017588
320	0.45931979892798347
322	0.23178670812217145
323	0.023544281207809124
325	0.21779413440195158
326	0.26068602903788285
328	0.202073012751811
329	0.24667721730243558
331	0.30241894952484627
332	0.2801993140063157
333	0.02870766410054084
334	0.4279306877159893
335	0.4174313854611845
338	0.254953666901088
339	0.28785856337342774
341	0.27215554633658035
342	0.30869950130857476
344	0.06894774965774633
345	0.2650900195835239
346	0.4606737469351637
347	0.23366843965802545
348	0.0829346804760542
349	0.2566006624409518
350	0.25925823762129185
351	0.07320030694849057
352	0.4410382372671136
353	0.24211107605171966
354	0.32510308852232994
355	0.04082922946930767
357	0.22747147475659024
360	0.2614274988178048
361	0.2111684287991127
362	0.5632123127128694
363	0.03201031117325391
364	0.5136090413074323
366	0.28479236719792833
367	0.495459184932432
368	0.19578876985653565
370	0.568316250131074
372	0.29135142424368915
375	0.547053574909882
376	0.012768572060308375
377	0.31754207828177095
378	0.012527779756936322
379	0.507803236092388
380	0.31181117192872065
381	0.02413809356794129
382	0.0686898381793015
383	0.22212558549745542
384	0.2544779770795798
385	0.0687696580430798
386	0.18889765851733073
387	0.26099011804263256
388	0.1103322466875887
389	0.5197726721955047
390	0.03351956589445117
392	0.2504172854862918
394	0.23773678952558439
395	0.013266304886819777
397	0.4743176666048301
398	0.019274623664547207
399	0.4980945361956222
401	0.2740333451740287
403	0.2635148548360615
404	0.5104806081124306
406	0.2602640330093978
407	0.29621295728297425
408	0.09513029743111034
409	0.22233218380685438
411	0.5287253235713654
412	0.07337420481530624
414	0.5352860802657553
415	0.24803089197114267
416	0.019178344357037747
417	0.27388790459827184
419	0.25603662137365346
420	0.5161690611981117
421	0.26025888638454203
423	0.245086175984536
424	0.31752850193342197
425	0.6084511596330693
426	0.46114550075032995
427	0.09164262573526241
428	0.05647015372008249
429	0.5022317029855818
430	0.3089332898468013
432	0.5053893413304548
433	0.2950632944953034
435	0.4568183886823115
436	0.2993555711420055
437	0.0003543518033541637
439	0.002010898488884874
440	0.23936794504306222
442	0.26140159913643
443	0.7167007735074886
444	0.057821831708389275
446	0.011109285037730461
447	0.2343744001258811
449	0.20042717092915913
450	0.4514722185260176
451	0.3088075745095576
453	0.2097788255748935
456	0.4342570980718996
458	0.2997974610107695
459	0.034863081909387174
460	0.5017266721444033
461	0.035048532111409944
462	0.2970448828198499
463	0.362860846257175
464	0.36538190740993826
465	0.05491889732810061
466	0.25899901198288094
467	0.4988888516896518
469	0.49759177479143757
470	0.254840874251996
472	0.5079096579905132
473	0.006098191181129607
474	0.5043450869806781
475	0.026707066372662996
476	0.5499125261992914
478	0.00872481539276903
479	0.5606333719803394
480	0.2507446770087173
481	0.1754342372511467
482	0.20836968970451428
484	0.4297535764182201
485	0.6357614920369205
486	0.4367820955756444
487	0.21100394529616195
490	0.49869803667088647
491	0.31233048347766224
492	0.26082948788729327
493	0.007459724286878938
494	0.1265371391773357
496	0.7694778916605839
497	0.2276474974806122
498	0.2808334292201778
499	0.5395199804047796
500	0.5714830992395427
501	0.03969267414697452
502	0.5100639715520391
505	0.20340214414266228
506	0.2805123113699119
507	0.3456219740882591
508	0.043866960942215275
509	0.5112361043485976
510	0.27729736882004474
511	0.48068275850992753
512	0.2904766144603753
516	0.23350366029166958
519	0.001707620918305612
520	0.20035868295459516
522	0.31500339084343115
524	0.5476777754146952
525	0.18678106645415296
527	0.06356641269105132
528	0.48677631050874376
529	0.28268648267076085
530	0.28236217671318076
531	0.7251233294262593
532	0.014276384085279335
534	0.2984623323899778
535	0.08940227430876067
536	0.2064460094830522
537	0.46595563608356827
538	0.21691178302523337
540	0.5038747962045081
541	0.018129004335551084
542	0.2854777155683825
543	0.33043141927366015
544	0.5304799666200836
545	0.19246598667575252
546	0.012107918689566243
547	0.32647044731076585
548	0.035577360826140825
549	0.4847553097580667
550	0.2933434182728182
551	0.03146708341717939
552	0.23270290553051048
553	0.4967266158982418
556	0.023557185014242518
557	0.22758673804140164
558	0.03701071496962863
560	0.5170514201644312
561	0.5129871354020445
562	0.11672460107713845
566	0.5055149506579645
567	0.2803875653789206
568	0.2338456399101212
569	0.25708221629962563
570	0.5682026869229264
571	0.03970309892335658
572	0.04378679316060949
573	0.4990152154611674
574	0.7239530601822126
578	0.20753822798366875
579	0.21209122501677796
580	0.2221499617005352
582	0.05510412954772842
583	0.28589634061490976
586	0.46947964493349814
587	0.33330202571970213
588	0.1961128897779474
590	0.4297787291146374
591	0.05266144086226518
592	0.013467748826500148
593	0.21953838585656577
594	0.023213993148682402
596	0.2184328452177375
598	0.25431390341171056
600	0.3273830148284815
601	0.3867936919137388
602	0.26510477869759347
603	0.2753043965320856
605	0.28907352860507385
606	0.012819848164715417
607	0.2596953459955145
608	0.5976875244723777
610	0.4864194268748716
611	0.24307750695147506
613	0.23138115454301925
615	0.03128780405407113
616	0.21254817464016976
617	0.20748132012567633
618	0.0297574617288881
619	0.01559702790377998
622	0.4827254175817597
624	0.5003911627539578
626	0.6945987260108373
627	0.4871454442575672
628	0.5783361088986577
630	0.1295071160033038
631	0.23875345861666716
634	0.49652535242049545
635	0.31844770258253685
637	0.15838891466116192
638	0.45923955663611254
639	0.517554584582105
640	0.24695063360858
641	0.023952926484137674
642	0.2039319509844543
645	0.24934512509921686
648	0.25890385631594875
649	0.04826801645224207
650	0.24843722624230155
651	0.4558406295807279
652	0.06351468534432896
653	0.2332516154477948
654	0.2734323907309687
655	0.018026695425891276
658	0.26769002213477966
659	0.04261993862537891
660	0.21513238593632672
661	0.2903275040393027
662	0.06573258833346222
663	0.026618253733055198
664	0.3215115880590493
665	0.007102664739717726
666	0.5080051464643034
667	0.24057217244479162
668	0.3179643401225958
669	0.028797551619963155
670	0.33651912475643636
672	0.047343019689975785
674	0.48344129643233574
675	0.1385910341355421
676	0.28096819114076066
677	0.29827209309222014
679	0.21489876152868878
681	0.01948836088202733
682	0.252319488739392
683	0.23293618126127896
686	0.5778265467420559
687	0.05575540320921161
689	0.17694192255402
690	0.06206437433670076
691	0.20502961429028313
693	0.003105355072261562
695	0.25949835943572175
696	0.8001354806668584
697	0.472219109949649
698	0.23745902633734942
699	0.3214492802586602
703	0.2765020051288513
704	0.02973324511207008
705	0.22839164450357385
707	0.03164060542567324
708	0.19405254024821744
709	0.005960138610928568
710	0.29486500059804877
711	0.2783596830801315
712	0.21538791372245983
713	0.5920726965882082
716	0.42424885297848813
717	0.2792916986312818
718	0.03195655185774863
719	0.2844728199057063
720	0.5207844123989299
722	0.16331178195072477
724	0.33426873745809454
725	0.4794162923025174
727	0.5087666162162824
728	0.2627260666240517
729	0.015537454737251464
731	0.011915243055813762
732	0.27061428264667303
733	0.5052902366250699
734	0.2552271743383997
737	0.2730013817723292
738	0.25337336364136376
739	0.049624525565543906
740	0.6174976921139651
741	0.2468118290711656
742	0.25940743356672546
743	0.5354291648020307
744	0.34727618887668993
745	0.3560397931105799
746	0.4975828952083685
747	0.2816311091053674
748	0.30752483178556467
749	0.19414607733002076
750	0.23845337704989622
751	0.038950727421806525
752	0.6289755728591649
754	0.25176878122294527
756	0.4546281760231696
757	0.2473362424799592
758	0.20173810192679587
761	0.029727389946861055
762	0.24505092121101876
764	0.25633119217072337
766	0.529592735507725
768	0.21563894534778785
772	0.2526462198828476
773	0.020021121908527853
774	0.02068077383248204
775	0.28549763540793244
776	0.019653238493172367
778	0.35723195453501055
780	0.010270398677930032
781	0.2641337116279544
782	0.056014586419260604
783	0.37503696625106275
784	0.08770616322905611
785	0.007908205076934453
786	0.009385434994978206
787	0.25854462823975355
788	0.45880197527655625
789	0.03772169454757348
790	0.32696955575126196
791	0.20938675108932311
792	0.03222229027545959
794	0.017748267752091835
795	0.0862106141991872
796	0.2650627105362853
798	0.001676953314372582
800	0.042912954566937514
801	0.03411150961388809
803	0.2550327303571473
805	0.2895611360463949
806	0.06878822849527323
807	0.47333548148265064
808	0.539916701584263
810	0.24814531111436242
811	0.02173477292428193
812	0.29879415773458334
813	0.28772050116466585
814	0.5165540159155926
815	0.2004155311008748
816	0.3329844233648802
817	0.2888047026682786
818	0.7673659043550044
819	0.5064166463480503
820	0.6589922724444938
821	0.3275117215536352
822	0.29915386419080986
824	0.3722194744258456
826	0.5154324778180974
827	0.33829035710180244
828	0.5303602053100847
829	0.24017411668915026
830	0.48839494383919807
832	0.20914162388791527
833	0.03606036088472888
834	0.23922321682605907
835	0.2309870143709989
836	0.09922679855448822
840	0.29341107869678484
841	0.6919486937328098
842	0.26828569283489323
844	0.24853675478795567
846	0.48164776693626965
848	0.27809792076073747
850	0.23666903616410037
851	0.2686080242883682
852	0.5055490861690379
853	0.3224797991707176
854	0.09362872335611913
856	0.2981361756591233
858	0.21776034769858402
859	0.29734751854578195
860	0.4821859521462379
862	0.214281832217151
863	0.5319033667009482
864	0.21290221274618248
865	0.3785040450960356
867	0.2499714536256247
868	0.28823377815238455
869	0.023408140416802378
870	0.25419203876610413
871	0.09650494747166671
872	0.03711224099795561
873	0.5237246460251018
874	0.5379702239651035
878	0.24529224331444183
879	0.25488096465103627
880	0.7794840086003529
881	0.2702945501707352
882	0.24895204515359204
883	0.2971038969299281
886	0.025660741617911185
887	0.4422060411706009
888	0.21397360869167653
889	0.27502418913126553
890	0.01979640529247137
891	0.20030445871146463
892	0.5086256133243306
893	0.21477723121045011
896	0.20455257877757682
897	0.03778394322166102
898	0.3038339907795068
899	0.028690110818506465
900	0.18756684055252695
904	0.031107440255227013
905	0.3643695873820022
906	0.21682445307400633
907	0.011303344285585291
911	0.07152020146892515
913	0.30027481436220316
915	0.26422857288741775
916	0.4193077550079063
917	0.03330154169993998
918	0.04169734555778451
919	0.07517489755476395
920	0.24737735821112222
921	0.17928835223384948
922	0.03364133318449436
923	0.7376383953665282
925	0.32877891914737656
926	0.46700832217098476
927	0.2510054503640146
929	0.14688191607846202
930	0.1694696095910287
931	0.5172189532279811
932	0.26809252816471907
933	0.5124431940498269
934	0.3128508580604106
935	0.20220910204183
936	0.17749638960638753
938	0.3594208978335278
939	0.2345092011267374
940	0.30464720799534634
941	0.22795799314750653
942	0.009201251384384199
943	0.33051826984660754
0	0.0
0	0.0
0	0.0
0	0.0
0	0.0
0	0.0
0	0.0
0	0.0
0	0.0
0	0.0
0	0.0
0	0.0
0	0.0
0	0.0
0	0.0
0	0.0
0	0.0
0	0.0
0	0.0
0	0.0
0	0.0
0	0.0
0	0.0
0	0.0
0	0.0
0	0.0
0	0.0
0	0.0
0	0.0
0	0.0
0	0.0
0	0.0
0	0.0
0	0.0
0	0.0
0	0.0
0	0.0
0	0.0
0	0.0
0	0.0
0	0.0
0	0.0
0	0.0
0	0.0
0	0.0
0	0.0
0	0.0
0	0.0
0	0.0
0	0.0
0	0.0
0	0.0
0	0.0
0	0.0
0	0.0
0	0.0
0	0.0
0	0.0
0	0.0
0	0.0
0	0.0
0	0.0
0	0.0
0	0.0
0	0.0
0	0.0
0	0.0
0	0.0
0	0.0
0	0.0
0	0.0
0	0.0
0	0.0
0	0.0
0	0.0
0	0.0
0	0.0
0	0.0
0	0.0
0	0.0
0	0.0
0	0.0
0	0.0
0	0.0
0	0.0
0	0.0
0	0.0
0	0.0
0	0.0
0	0.0
0	0.0
0	0.0
0	0.0
0	0.0
0	0.0
0	0.0
0	0.0
0	0.0
0	0.0
0	0.0
0	0.0
0	0.0
0	0.0
0	0.0
0	0.0
0	0.0
0	0.0
0	0.0
0	0.0
0	0.0
0	0.0
0	0.0
0	0.0
0	0.0
0	0.0
0	0.0
0	0.0
0	0.0
0	0.0
0	0.0
0	0.0
0	0.0
0	0.0
0	0.0
0	0.0
0	0.0
0	0.0
0	0.0
0	0.0
0	0.0
0	0.0
0	0.0
0	0.0
0	0.0
0	0.0
0	0.0
0	0.0
0	0.0
0	0.0
0	0.0
0	0.0
0	0.0
0	0.0
0	0.0
0	0.0
0	0.0
0	0.0
0	0.0
0	0.0
0	0.0
0	0.0
0	0.0
0	0.0
0	0.0
0	0.0
0	0.0
0	0.0
0	0.0
0	0.0
0	0.0
0	0.0
0	0.0
0	0.0
0	0.0
0	0.0
0	0.0
0	0.0
0	0.0
0	0.0
0	0.0
0	0.0
0	0.0
0	0.0
0	0.0
0	0.0
0	0.0
0	0.0
0	0.0
0	0.0
0	0.0
0	0.0
0	0.0
0	0.0
0	0.0
0	0.0
0	0.0
0	0.0
0	0.0
0	0.0
0	0.0
0	0.0
0	0.0
0	0.0
0	0.0
0	0.0
0	0.0
0	0.0
0	0.0
0	0.0
0	0.0
0	0.0
0	0.0
0	0.0
0	0.0
0	0.0
0	0.0
0	0.0
0	0.0
0	0.0
0	0.0
0	0.0
0	0.0
0	0.0
0	0.0
0	0.0
0	0.0
0	0.0
0	0.0
0	0.0
0	0.0
0	0.0
0	0.0
0	0.0
0	0.0
0	0.0
0	0.0
0	0.0
0	0.0
0	0.0
0	0.0
0	0.0
0	0.0
0	0.0
0	0.0
0	0.0
0	0.0
0	0.0
0	0.0
0	0.0
0	0.0
0	0.0
0	0.0
0	0.0
0	0.0
0	0.0
0	0.0
0	0.0
0	0.0
0	0.0
0	0.0
0	0.0
0	0.0
0	0.0
0	0.0
0	0.0
0	0.0
0	0.0
0	0.0
0	0.0
0	0.0
0	0.0
0	0.0
0	0.0
0	0.0
0	0.0
0	0.0
0	0.0
0	0.0
0	0.0
0	0.0
0	0.0
