1	0.038656014665955175
3	0.0750485728607474
4	0.24315313548158943
7	0.294646347726827
11	0.13029441332227426
14	0.2417271430302403
15	0.046380286737968734
16	0.5300700941209288
19	0.0680542028566867
21	0.022928914071264014
23	0.050327405337002196
24	0.026901348822826524
25	0.0520550012325215
30	0.5413117111727795
35	0.001780159462626555
36	0.007033836191470237
38	0.2318374862397023
42	0.25590750906647924
44	0.2610095798846812
47	0.0015100221329061372
49	0.5166127472786616
58	0.02167282026621041
62	0.2580905594739127
63	0.08489558337228381
64	0.06707019278630964
65	0.1092940940759266
72	0.25017900833588824
73	0.019925408241215657
77	0.03480729356571245
79	0.01527142854565846
81	0.0010887266123833714
85	0.48383083670824084
89	0.008074682374905984
90	0.5131098314169451
93	0.09241957143094318
94	0.02656925633259008
95	0.28609368176229144
96	0.05812530756537981
97	0.5170919848994086
99	0.008088286049367174
108	0.2732164992778239
109	0.08980195983833382
110	0.284490875804962
115	0.0861877120606879
116	0.28553990169162663
118	0.04548852730118795
121	0.47859999777455464
123	0.03764463610928707
125	0.06985475693032901
130	0.5358688881885739
134	0.05461528083360841
140	0.009082199686747776
144	0.54229419832864
146	0.10735386831093585
150	0.009082199686747804
151	0.4969939235442167
158	0.07094488859254018
162	0.04575022364161544
165	0.062492939721052215
168	0.02168849490044159
175	0.02656136381933719
178	0.05025364180473675
179	0.2624275008665778
182	0.23363690826139968
184	0.46973429911580117
185	0.11847695836009803
189	0.32109483385287085
192	0.019466973411795874
193	0.011989505452538088
195	0.051001368017821444
196	0.1267872692240464
198	0.06639115074379374
200	0.0020562885116827898
206	0.34275453192244604
207	0.025619425127467777
209	0.3402426970866312
211	0.3069689755774385
212	0.0036678074043363443
214	0.2459376304812735
215	0.04310165219237852
217	0.019542125225956372
221	0.014250863281819875
223	0.5498830664450384
224	0.30810097082004007
227	0.029991523424807744
230	0.3082771805511878
232	0.24814663644815915
234	0.2605334428626696
235	0.22141690862334304
236	0.2912668581071193
238	0.24195772899795004
239	0.0074315723937999345
243	0.2976994680552515
245	0.020433185200100706
250	0.5490863742267224
251	0.008759269699777167
252	0.26701253507850004
253	0.503950477497762
256	0.02716957923565116
259	0.06282528550744342
264	0.03303875392220944
265	0.03611066604238502
267	0.005108642065445347
269	0.5280468597322286
270	0.04119003700238107
271	0.23418592287782025
279	0.08259444396133803
280	0.26527195867352454
286	0.499063333470843
290	0.3079130261733683
291	0.02064324283017746
292	0.26214150638070255
293	0.24153397895567263
294	0.04876226137558501
295	0.2934432508243472
296	0.01976611097487716
297	0.035396832467756725
298	0.009922476279719358
303	0.0066725842913868474
305	0.0905321221182127
307	0.2778769348877066
308	0.25111128893748397
311	0.5477098422974176
312	0.013342816290503448
314	0.26020484589363646
315	0.03368339216752525
316	0.06020905141440306
318	0.07114225760689752
321	0.2668616173326789
324	0.29642321102134916
325	0.0073703567249429995
327	0.47099114528494285
328	0.24676916087252337
329	0.04128928411842368
330	0.06938195353138511
333	0.008809063447049896
334	0.3275176815395757
339	0.26586559245730995
340	0.26220316296184204
342	0.26488092864927426
343	0.07216794757495912
344	0.2482241873016035
345	0.05677101032880502
350	0.02819527129335244
351	0.03771963450439473
354	0.06683635845943617
355	0.024140915845386808
358	0.5297178550871118
365	0.006136096383952662
370	0.2521200926996884
371	0.3339277505200733
373	0.5072540670821212
374	0.049631659748879994
378	0.012220136114257533
379	0.021545926196738244
380	0.2430111832266485
381	0.00341513601556364
382	0.02950063344858555
383	0.028006429579780563
384	0.010995125286332938
385	0.23545460357571835
387	0.27244159432039355
390	0.49142127100379096
391	0.01838700564709271
392	0.0427535531483995
396	0.09558229724152333
397	0.06618984990199928
398	0.03731260505538608
399	0.2879607747499607
402	0.27482195247750124
403	0.008466956202931742
404	0.038873522513602696
405	0.34275453192244604
406	0.23647865891104433
407	0.5350654164941063
411	0.25696654478907965
422	0.0473846771864419
424	0.0674918962969189
427	0.0187967310649991
428	0.23469673779530248
430	0.048800970087918207
434	0.08756259070459813
436	0.07821137785513012
437	0.5569047060250653
441	0.00200933077400638
445	0.6055692018906191
446	0.0005547986172022082
448	0.04990024729345399
450	0.013039743006244584
452	0.35277287101614935
453	0.06642918734635737
454	0.30034019689531344
455	0.08629347864085885
456	0.027871583809169893
457	0.019134606721182293
458	0.4708845850971966
459	0.01275851134098284
460	0.02799233251084254
462	0.06766619488815062
463	0.05224104620697005
465	0.2635169608581638
467	0.2689208003817655
468	0.2887282116709797
478	0.27738648249445025
480	0.2893333950595463
485	0.15686210816161214
486	0.2768861176283488
490	0.010103636129663623
491	0.04279594479933881
493	0.22955359623811333
495	0.046679091712435734
498	0.024262540205406774
500	0.017176000726391694
501	0.29367529158103534
503	0.5492127240072562
504	0.016999519101246183
508	0.5812599522302099
514	0.28881043065081585
516	0.02396309334944364
519	0.06567866835204486
521	0.03168243369257827
523	0.002047150302896289
525	0.2754197258686241
526	0.08625259144357864
529	0.01994880263851771
532	0.0032144240453207407
533	0.00813896995855741
535	0.28960028947301775
538	0.25183330335480114
539	0.04082210573110513
541	0.01537293857834316
542	0.3312181170877586
543	0.04345045607161566
545	0.08075779711483962
549	0.042534046632873426
551	0.015395855130121781
555	0.05512016679059187
557	0.003502003567155059
562	0.5270783847098307
564	0.07060212194862187
567	0.2431145982150784
569	0.25006592003073264
571	0.0216167568101339
572	0.2976945361116271
577	0.2509520256049735
579	0.21627920319959168
584	0.2890895748772334
586	0.01675369801315424
588	0.2789743932726327
589	0.5552748179637589
590	0.03922410794750097
591	0.0011000468609044523
592	0.021184795590616243
595	0.07427081256293983
597	0.2801750699491386
598	0.011743644343238678
599	0.014020660344216139
601	0.07103934691884525
604	0.12954313267611312
605	0.017901555321895992
606	0.22854385629384266
608	0.03723613849231307
614	0.11174438380707014
617	0.06775150500123708
618	0.01645761036684556
624	0.05394821009771518
625	0.2888234630475071
629	0.31650512570630557
632	0.28777498214666297
633	0.3150809247706191
634	0.057591875410500995
635	0.24915035212556028
636	0.017372360672468126
637	0.4701320147945515
639	0.010938526519585393
640	0.27891255811009247
641	0.7826095725914565
642	0.008739549780228284
643	0.23638574594037498
645	0.048981731104800336
647	0.2809519846204667
649	0.3104517264533373
650	0.26673538828368454
652	0.28596758053265803
653	0.03332756018927991
655	0.3020862784248703
658	0.2809906232265764
659	0.28067142416866797
664	0.24494678262550873
665	0.5286312761800134
666	0.003480211147022391
667	0.011766281103407942
668	0.006243615210211918
669	0.48001317521527387
670	0.012757011545840427
671	0.09466165702840865
676	0.01615557172037984
677	0.028018020607926054
678	0.07762546222563915
680	0.03381606358591992
683	0.2752095856653417
684	0.0029910393803787468
690	0.022659715126514865
692	0.2741552399971238
693	0.0002739674138511894
699	0.010967578647753044
702	0.03897717378417622
704	0.048232002304635264
706	0.005462046570892103
707	0.021045740140964032
711	0.25051625982800796
715	0.027434523042454837
716	0.03895772685321626
717	0.04141341417349244
721	0.31313752923104526
722	0.03903192927917834
724	0.34275453192244604
726	0.40833448115026294
729	0.07247431402548721
730	0.03991989913917321
731	0.030714382360742584
733	0.0020303248913789568
734	0.5351021593062215
735	0.479928159052693
736	0.0639590780559072
739	0.04275903104878368
741	0.03188638363873109
742	0.24137864736511583
744	0.23061883719995727
746	0.0015855241596503464
748	0.2375027338805029
749	0.25411978649720385
751	0.24128994044452903
753	0.31697232245147033
755	0.2652651278790764
756	0.27156761103623805
757	0.22675973881750563
758	0.030017809835392664
759	0.2750944799685056
760	0.3192407247816208
763	0.4829008327245089
764	0.26776562694052014
767	0.2622201929535234
768	0.2752533233915896
769	0.03678717269814753
770	0.2691180609719073
771	0.7898175937293459
773	0.23299696647593543
774	0.16844960861845945
779	0.26308082082596884
780	0.05975430294465251
782	0.29567180345389626
786	0.3234092417523825
788	0.033418832160569664
792	0.004141185976633873
793	0.296224772905575
795	0.2348096045001753
800	0.2569617872013914
803	0.018692096192822145
806	0.2633635066520603
810	0.03443547951522697
817	0.014614912240423043
821	0.2360195741960597
822	0.01572459931488692
823	0.052495210152034164
829	0.2569617872013914
831	0.03152023157865172
833	0.2532415938324223
837	0.3007336962919648
838	0.25688737855293414
839	0.26135613924301326
840	0.5453015359482414
841	0.024496359921413198
843	0.025953680353661565
845	0.07543155529867127
846	0.05201673930648382
848	0.05791428936869836
849	0.2500659200307326
850	0.01805838875860094
853	0.004865435589352714
854	0.018120052507071875
861	0.08040211130745387
864	0.033578166959658484
865	0.09737476212214699
867	0.04098848505930264
869	0.2855563202948865
870	0.2910995536043155
874	0.013003303474849102
875	0.09212520943240474
877	0.007865668836493568
882	0.008065105300431169
883	0.22771639788543235
885	0.0027560932632469254
886	0.23158478554429754
887	0.2651861503403377
890	0.09110105816632431
893	0.008031202510002798
894	0.5199397039255468
896	0.25143351578239775
897	0.2856793148382595
899	0.7600873263725416
901	0.0027760411152276676
902	0.06672181069416855
903	0.49234869871324716
906	0.017066044654116652
907	0.291827050466375
908	0.2901070941109515
909	0.018070300590824345
910	0.06804567416045638
912	0.5601789072013242
918	0.017054470024152404
919	0.27575658274355863
921	0.053663432545392756
922	0.01519069193604567
924	0.505517702171906
928	0.24272463073838993
931	0.026611698001436156
932	0.2415909220630733
933	0.006725306254255423
936	0.24115297309855
937	0.2719267626426302
940	0.2816470793414008
941	0.24888291216031455
943	0.009147657495586596
0	0.0
0	0.0
0	0.0
0	0.0
0	0.0
0	0.0
0	0.0
0	0.0
0	0.0
0	0.0
0	0.0
0	0.0
0	0.0
0	0.0
0	0.0
0	0.0
0	0.0
0	0.0
0	0.0
0	0.0
0	0.0
0	0.0
0	0.0
0	0.0
0	0.0
0	0.0
0	0.0
0	0.0
0	0.0
0	0.0
0	0.0
0	0.0
0	0.0
0	0.0
0	0.0
0	0.0
0	0.0
0	0.0
0	0.0
0	0.0
0	0.0
0	0.0
0	0.0
0	0.0
0	0.0
0	0.0
0	0.0
0	0.0
0	0.0
0	0.0
0	0.0
0	0.0
0	0.0
0	0.0
0	0.0
0	0.0
0	0.0
0	0.0
0	0.0
0	0.0
0	0.0
0	0.0
0	0.0
0	0.0
0	0.0
0	0.0
0	0.0
0	0.0
0	0.0
0	0.0
0	0.0
0	0.0
0	0.0
0	0.0
0	0.0
0	0.0
0	0.0
0	0.0
0	0.0
0	0.0
0	0.0
0	0.0
0	0.0
0	0.0
0	0.0
0	0.0
0	0.0
0	0.0
0	0.0
0	0.0
0	0.0
0	0.0
0	0.0
0	0.0
0	0.0
0	0.0
0	0.0
0	0.0
0	0.0
0	0.0
0	0.0
0	0.0
0	0.0
0	0.0
0	0.0
0	0.0
0	0.0
0	0.0
0	0.0
0	0.0
0	0.0
0	0.0
0	0.0
0	0.0
0	0.0
0	0.0
0	0.0
0	0.0
0	0.0
0	0.0
0	0.0
0	0.0
0	0.0
0	0.0
0	0.0
0	0.0
0	0.0
0	0.0
0	0.0
0	0.0
0	0.0
0	0.0
0	0.0
0	0.0
0	0.0
0	0.0
0	0.0
0	0.0
0	0.0
0	0.0
0	0.0
0	0.0
0	0.0
0	0.0
0	0.0
0	0.0
0	0.0
0	0.0
0	0.0
0	0.0
0	0.0
0	0.0
0	0.0
0	0.0
0	0.0
0	0.0
0	0.0
0	0.0
0	0.0
0	0.0
0	0.0
0	0.0
0	0.0
0	0.0
0	0.0
0	0.0
0	0.0
0	0.0
0	0.0
0	0.0
0	0.0
0	0.0
0	0.0
0	0.0
0	0.0
0	0.0
0	0.0
0	0.0
0	0.0
0	0.0
0	0.0
0	0.0
0	0.0
0	0.0
0	0.0
0	0.0
0	0.0
0	0.0
0	0.0
0	0.0
0	0.0
0	0.0
0	0.0
0	0.0
0	0.0
0	0.0
0	0.0
0	0.0
0	0.0
0	0.0
0	0.0
0	0.0
0	0.0
0	0.0
0	0.0
0	0.0
0	0.0
0	0.0
0	0.0
0	0.0
0	0.0
0	0.0
0	0.0
0	0.0
0	0.0
0	0.0
0	0.0
0	0.0
0	0.0
0	0.0
0	0.0
0	0.0
0	0.0
0	0.0
0	0.0
0	0.0
0	0.0
0	0.0
0	0.0
0	0.0
0	0.0
0	0.0
0	0.0
0	0.0
0	0.0
0	0.0
0	0.0
0	0.0
0	0.0
0	0.0
0	0.0
0	0.0
0	0.0
0	0.0
0	0.0
0	0.0
0	0.0
0	0.0
0	0.0
0	0.0
0	0.0
0	0.0
0	0.0
0	0.0
0	0.0
0	0.0
0	0.0
0	0.0
0	0.0
0	0.0
0	0.0
0	0.0
0	0.0
0	0.0
0	0.0
0	0.0
0	0.0
0	0.0
0	0.0
0	0.0
0	0.0
0	0.0
0	0.0
0	0.0
0	0.0
0	0.0
0	0.0
0	0.0
0	0.0
0	0.0
0	0.0
0	0.0
0	0.0
0	0.0
0	0.0
0	0.0
0	0.0
0	0.0
0	0.0
0	0.0
0	0.0
0	0.0
0	0.0
0	0.0
0	0.0
0	0.0
0	0.0
0	0.0
0	0.0
0	0.0
0	0.0
0	0.0
0	0.0
0	0.0
0	0.0
0	0.0
0	0.0
0	0.0
0	0.0
0	0.0
0	0.0
0	0.0
0	0.0
0	0.0
0	0.0
0	0.0
0	0.0
0	0.0
0	0.0
0	0.0
0	0.0
0	0.0
0	0.0
0	0.0
0	0.0
0	0.0
0	0.0
0	0.0
0	0.0
0	0.0
0	0.0
0	0.0
0	0.0
0	0.0
0	0.0
0	0.0
0	0.0
0	0.0
0	0.0
0	0.0
0	0.0
0	0.0
0	0.0
0	0.0
0	0.0
0	0.0
0	0.0
0	0.0
0	0.0
0	0.0
0	0.0
0	0.0
0	0.0
0	0.0
0	0.0
0	0.0
0	0.0
0	0.0
0	0.0
0	0.0
0	0.0
0	0.0
0	0.0
0	0.0
0	0.0
0	0.0
0	0.0
0	0.0
0	0.0
0	0.0
0	0.0
0	0.0
0	0.0
0	0.0
0	0.0
0	0.0
0	0.0
0	0.0
0	0.0
0	0.0
0	0.0
0	0.0
0	0.0
0	0.0
0	0.0
0	0.0
0	0.0
0	0.0
0	0.0
0	0.0
0	0.0
0	0.0
0	0.0
0	0.0
0	0.0
0	0.0
0	0.0
0	0.0
0	0.0
0	0.0
0	0.0
0	0.0
0	0.0
0	0.0
0	0.0
0	0.0
0	0.0
0	0.0
0	0.0
0	0.0
0	0.0
0	0.0
0	0.0
0	0.0
0	0.0
0	0.0
0	0.0
0	0.0
0	0.0
0	0.0
0	0.0
0	0.0
0	0.0
0	0.0
0	0.0
0	0.0
0	0.0
0	0.0
0	0.0
0	0.0
0	0.0
0	0.0
0	0.0
0	0.0
0	0.0
0	0.0
0	0.0
0	0.0
0	0.0
0	0.0
0	0.0
0	0.0
0	0.0
0	0.0
0	0.0
0	0.0
0	0.0
0	0.0
0	0.0
0	0.0
0	0.0
0	0.0
0	0.0
0	0.0
0	0.0
0	0.0
0	0.0
0	0.0
0	0.0
0	0.0
0	0.0
0	0.0
0	0.0
0	0.0
0	0.0
0	0.0
0	0.0
0	0.0
0	0.0
0	0.0
0	0.0
0	0.0
0	0.0
0	0.0
0	0.0
0	0.0
0	0.0
0	0.0
0	0.0
0	0.0
0	0.0
0	0.0
0	0.0
0	0.0
0	0.0
0	0.0
0	0.0
0	0.0
0	0.0
0	0.0
0	0.0
0	0.0
0	0.0
0	0.0
0	0.0
0	0.0
0	0.0
0	0.0
0	0.0
0	0.0
0	0.0
0	0.0
0	0.0
0	0.0
0	0.0
0	0.0
0	0.0
0	0.0
0	0.0
0	0.0
0	0.0
0	0.0
0	0.0
0	0.0
0	0.0
0	0.0
0	0.0
0	0.0
